0.0014073253532068692
0.0014858820150910016
0.00156797776035617
0.0016537320253250244
0.0017432667878328335
0.001836706618117317
0.0019341786739779036
0.002035812730068416
0.0021417411889438874
0.0022520991185452643
0.002367024234946516
0.0024866569424458872
0.002611140341013195
0.002740620233364753
0.00287524517721854
0.0030151664411069328
0.0031605380707817295
0.0033115168868558397
0.0034682624740047093
0.0036309372450130375
0.0037997064260043107
0.003974738050234727
0.004156203020402209
0.0043442750971031
0.004539130878972716
0.004740949894411167
0.004949914538653732
0.005166210128880827
0.005390024913154751
0.0056215500602417225
0.005860979721796772
0.006108510982715121
0.006364343919965799
0.006628681596013192
0.0069017300881097365
0.007183698468684708
0.0074747988656672934
0.007775246435800457
0.008085259379783771
0.008405058990060206
0.008734869629839593
0.00907491875506813
0.009425436922496295
0.009786657836969132
0.010158818300412318
0.010542158288042778
0.010936920936080653
0.011343352527847692
0.01176170256935726
0.012192223731349592
0.012635171945610098
0.013090806320318475
0.01355938924095952
0.014041186327004709
0.014536466490001084
0.015045501916690721
0.015568568067769505
0.01610594374987764
0.016657911082831548
0.017224755534626147
0.017806765907036757
0.01840423440028642
0.01901745657543707
0.019646731406272336
0.020292361293943885
0.020954652046615493
0.021633912929484026
0.022330456668130712
0.023044599456340804
0.02377666099445714
0.02452696449546209
0.02529583666499399
0.026083607775571824
0.026890611644377477
0.02771718567458819
0.028563670835765366
0.029430411718095684
0.030317756521716647
0.03122605709444952
0.03215566892397969
0.033106951186884656
0.034080266728402225
0.035075982113940966
0.03609446761008959
0.037136097246429474
0.03820124877221628
0.03929030373767953
0.040403647472797816
0.04154166910964072
0.04270476159738748
0.04389332174167353
0.04510775017169828
0.04634845143232335
0.04761583392213584
0.04891030996320471
0.05023229580343903
0.05158221161149903
0.052960481532526686
0.05436753368690445
0.055803800169510594
0.057269717091920455
0.05876572459432215
0.06029226684055172
0.06184979205806024
0.06343875255057423
0.0650596047060394
0.06671280900803993
0.06839883007440012
0.07011813664303466
0.07187120159813824
0.07365850200965617
0.07548051910088863
0.07733773830521434
0.07923064926373215
0.08115974581582776
0.08312552606371708
0.08512849235022829
0.08716915127332421
0.08924801371241599
0.09136559482501182
0.09352241407973327
0.09571899524725451
0.09795586642810537
0.10023356004249348
0.10255261286058993
0.10491356602412635
0.1073169650130063
0.10976335968316227
0.11225330429398657
0.11478735746948128
0.11736608225249938
0.119990046076445
0.12265982079146316
0.1253759826748658
0.1281391124252983
0.13094979516038094
0.13380862044625
0.1367161822873797
0.13967307912012794
0.14267991383991885
0.14573729377468084
0.1488458307198488
0.1520061409172636
0.1552188450386637
0.15848456823967821
0.16180394010819218
0.16517759467824833
0.1686061704420868
0.17209031032060426
0.1756306616839579
0.1792278763351817
0.18288261051217208
0.18659552485876776
0.190367284452553
0.19419855877742648
0.19809002171913334
0.20204235154974962
0.20605623093128195
0.21013234687160445
0.21427139077696197
0.21847405837948333
0.22274104973606398
0.2270730692319658
0.23147082557610021
0.23593503172419714
0.24046640494918184
0.24506566674262242
0.2497335428474979
0.25447076322493367
0.25927806201857867
0.26415617756180415
0.2691058523259455
0.2741278329292385
0.2792228700788548
0.28439171856742657
0.28963513724933915
0.29495388899207536
0.3003487406736092
0.3058204631455416
0.3113698311912713
0.3169976235057633
0.3227046226805302
0.3284916151299035
0.3343593911005917
0.34030874461781085
0.3463404734348918
0.3524553790242189
0.35865426654371735
0.3649379447471134
0.3713072260204258
0.37776292628875097
0.384305864982998
0.39093686500861036
0.39765675271751405
0.4044663578093174
0.41136651336383023
0.4183580557269968
0.4254418245069236
0.4326186625025093
0.4398894156854476
0.44725493309348224
0.45471606685138394
0.4622736720720251
0.46992860682199855
0.477681732049875
0.4855339115682057
0.4934860119708572
0.501538902578398
0.5096934553854708
0.5179505450231846
0.5263110486605608
0.5347758459840541
0.5433458191183628
0.5520218525642434
0.5608048331427811
0.569695649935686
0.5786951942146691
0.5878043593749125
0.597024040879463
0.6063551362001507
0.6157985447197807
0.6253551676915454
0.6350259081674069
0.6448116709143142
0.6547133623653003
0.6647318905327199
0.6748681649304265
0.6851230965269778
0.6954975976455939
0.7059925818994904
0.7166089641274588
0.7273476602860046
0.7382095874199317
0.7491956635389644
0.7603068075680992
0.7715439392507901
0.7829079790759653
0.7943998482030572
0.8060204683700288
0.8177707618048751
0.8296516511635619
0.8416640594169514
0.853808909794203
0.8660871256693257
0.8784996304867052
0.8910473476837768
0.9037312005661585
0.9165521122645813
0.9295110055914041
0.9426088029938203
0.9558464264497201
0.9692247973498984
0.9827448364124116
0.9964074636128211
1.0102135980516311
1.0241641578687697
1.0382600601497525
1.0525022208212957
1.0668915545469315
1.0814289746260959
1.0961153928837855
1.110951719575355
1.1259388632841196
1.1410777307858107
1.1563692269913586
1.171814254766543
1.1874137148937638
1.2031685059058415
1.219079524001243
1.2351476629151197
1.2513738138258426
1.2677588651888052
1.2843037026909936
1.301009209056489
1.317876263972615
1.3349057439597338
1.35209852223099
1.369455468588295
1.3869774492836846
1.4046653268996658
1.4225199602023804
1.4405422040471485
1.4587329091983687
1.4770929222513214
1.4956230854497092
1.5143242365900855
1.5331972088614867
1.5522428307051768
1.571461925706413
1.5908553124145934
1.6104238042420977
1.6301682092862975
1.6500893302211976
1.67018796412317
1.6904649023513003
1.7109209303886364
1.7315568277087572
1.7523733675971636
1.7733713170538403
1.794551436614151
1.8159144801913267
1.8374611949550752
1.8591923211669958
1.8811085920426809
1.9032107335812962
1.9254994644458043
1.9479754957847253
1.9706395311144704
1.99349226613862
2.01653438862219
2.039766578241816
2.0631895064322143
2.0868038362579666
2.1106102222298175
2.1346093102218884
2.158801737263646
2.183188131471267
2.207769111836629
2.232545288142908
2.25751726080918
2.2826856207764754
2.308050949335375
2.3336138180659347
2.3593747886405825
2.3853344127740947
2.4114932320387807
2.43785177780118
2.4644105710813102
2.491170122476577
2.5181309320109713
2.545293489083306
2.572658272348434
2.600225749631853
2.6279963778448057
2.655970602892925
2.684148859633662
2.712531571772397
2.7411191517933005
2.769912000932775
2.798910509115779
2.828115054887931
2.8575260053776557
2.887143716290223
2.916968531847303
2.9470007847611472
2.977240796249485
3.0076888759967955
3.0383453221581562
3.0692104213680564
3.100284448728109
3.131567667852229
3.163060330882524
3.1947626784951235
3.2266749399690724
3.258797333206433
3.2911300647903774
3.3236733300445165
3.356427313090119
3.389392186915994
3.4225681134621477
3.4559552436894143
3.489553717683969
3.5233636647341573
3.557385203455238
3.5916184418703097
3.6260634775426257
3.6607203976860605
3.6955892792912186
3.7306701892503
3.765963184497482
3.8014683121514103
3.8371856096457755
3.8731151048927814
3.9092568164306005
3.945610753571202
3.9821769165867855
4.018955296844201
4.055945876988527
4.093148631117708
4.130563524953968
4.168190516015097
4.20602955380324
4.244080580399067
4.2823435289824925
4.320818326498185
4.359504892200245
4.39840313825394
4.437512969920775
4.476834285753611
4.5163669777735365
4.556110931681991
4.596066027038633
4.636232137462664
4.676609130819507
4.717196869393834
4.757995210123779
4.799004004749144
4.840223100020417
4.881652337888305
4.923291555681603
4.96514058628692
5.007199258353851
5.049467396451993
5.091944821276241
5.134631349799579
5.177526795453063
5.220630968328132
5.263943675307064
5.307464720258092
5.351193904190063
5.3951310254269496
5.439275879746496
5.483628260576081
5.528187959099213
5.572954764453011
5.61792846385406
5.663108842732958
5.708495684921002
5.754088772733339
5.7998878871731545
5.845892807983925
5.892103313861291
5.938519182528277
5.9851401908792745
6.031966115099937
6.078996730787213
6.126231813056582
6.173671136669404
6.221314476120552
6.269161605765137
6.317212299915696
6.365466332935905
6.413923479340248
6.462583513892815
6.511446211697295
6.5605113482767825
6.609778699672581
6.6592480425197875
6.708919154121527
6.758791812541412
6.808865796663005
6.859140886261431
6.909616862092626
6.9602935059404984
7.011170600677629
7.062247930352275
7.113525280217791
7.165002436807723
7.2166791879921535
7.268555323014697
7.320630632560764
7.372904908789582
7.425377945391545
7.478049537633138
7.530919482386734
7.583987578182224
7.637253625241523
7.690717425507493
7.744378782699544
7.798237502324317
7.852293391708814
7.906546260048817
7.960995918418682
8.015642179799896
8.070484859109369
8.125523773230476
8.180758741019496
8.236189583331935
8.29181612305257
8.347638185088105
8.403655596424663
8.459868186093637
8.516275785231272
8.572878227053224
8.629675346901474
8.686666982223597
8.743852972610632
8.801233159794583
8.85880738764222
8.916575502184998
8.97453735161743
9.032692786296236
9.091041658750504
9.149583823689271
9.208319137994074
9.267247460731111
9.326368653148762
9.385682578678086
9.445189102936292
9.504888093716438
9.564779421005932
9.62486295696381
9.685138575932902
9.745606154431638
9.806265571155667
9.867116706958491
9.928159444878522
9.989393670094774
10.050819269957143
10.112436133966929
10.17424415376044
10.236243223128492
10.298433237978045
10.360814096361501
10.42338569843264
10.486147946469707
10.549100744849467
10.612244000045349
10.675577620624214
10.739101517231838
10.802815602577759
10.866719791441248
10.930814000652683
10.995098149086724
11.059572157653246
11.124235949285811
11.189089448935697
11.254132583551291
11.319365282088036
11.38478747547726
11.45039909662494
11.516200080408478
11.582190363648271
11.64836988511765
11.7147385855101
11.781296407451185
11.848043295466894
11.914979195990096
11.982104057332359
12.049417829692773
12.11692046512443