0.0023060370774795297
0.0024279111166086074
0.00255493694567411
0.002687275245965276
0.0028250897726412416
0.002968547397056484
0.003117818099437652
0.0032730750041340836
0.003434494392029957
0.003602255699178957
0.0037765415714177495
0.0039575378101248705
0.004145433495349291
0.004340420868515565
0.00454269548261089
0.00475245609928835
0.0049699047925084025
0.005195246894297767
0.005428691079400309
0.0056704493223309945
0.005920736929150999
0.006179772573214713
0.006447778292066701
0.006724979461500304
0.007011604914093704
0.007307886859151536
0.007614060935084173
0.007930366211641917
0.008257045236336457
0.008594344005892903
0.008942512003486263
0.00930180223399195
0.009672471181039734
0.010054778889058076
0.010448988937829216
0.010855368487917651
0.011274188233379834
0.011705722505778022
0.01215024923446138
0.012608049972755631
0.013079409897466567
0.013564617892041478
0.01406396646775198
0.014577751861005296
0.015106273999334957
0.015649836534541252
0.016208746895939374
0.016783316237235384
0.01737385951112328
0.01798069546556133
0.018604146652336475
0.019244539487635617
0.019902204203265886
0.020577474924602934
0.021270689661902455
0.02198219033884811
0.022712322808811483
0.023461436857210357
0.024229886248178435
0.02501802873275735
0.02582622606304652
0.02665484404421009
0.027504252472540257
0.028374825260323557
0.029266940388426435
0.030180979944772913
0.03111733015822978
0.032076381392524625
0.03305852818124813
0.034064169253423086
0.03509370755510155
0.03614755025681214
0.037226108785459275
0.03832979884951982
0.03945904045629602
0.04061425791725269
0.04179587990188599
0.043004339414760916
0.04424007387383202
0.04550352508797738
0.04679513928616718
0.04811536714725288
0.04946466383546598
0.05084348898055854
0.0522523067416017
0.05369158579395288
0.05516179938684821
0.05666342531746107
0.058196946010091705
0.05976284849022576
0.06136162440141486
0.06299377008868624
0.06465978652915884
0.06636017943282997
0.06809545919851216
0.06986614098681668
0.07167274469371557
0.07351579501185772
0.0753958214179085
0.07731335818719605
0.07926894445328966
0.08126312418441667
0.08329644621387218
0.08536946426099573
0.08748273695127882
0.08963682781363443
0.09183230531775737
0.094069742878717
0.0963497188748306
0.09867281666702635
0.10103962459238905
0.10345073602138011
0.10590674929776275
0.10840826783343083
0.11095590006260801
0.11355025948305615
0.11619196463559515
0.11888163915536526
0.1216199117481198
0.12440741620822278
0.12724479142919928
0.13013268141130682
0.13307173527295454
0.13606260724064936
0.1391059566492443
0.14220244798066425
0.14535275084590848
0.14855753995712323
0.15181749519512383
0.15513330154683747
0.15850564914278786
0.16193523324704148
0.1654227542406993
0.16896891764672112
0.17257443409206857
0.1762400193340188
0.17996639423136832
0.1837542847604446
0.18760442197265667
0.19151754202403592
0.19549438611975373
0.19953570057891307
0.2036422367239561
0.2078147509360223
0.21205400463198626
0.21636076423330286
0.22073580113894894
0.22517989173709071
0.22969381736772318
0.23427836430703078
0.23893432374988624
0.24366249177770322
0.24846366934887873
0.2533386622548544
0.25828828110646285
0.26331334132685286
0.2684146630538058
0.27359307120812637
0.27884939538627784
0.2841844698508243
0.2895991335176463
0.29509422988966016
0.30067060703385506
0.30632911755944797
0.31207061854390716
0.31789597153704807
0.3238060424835817
0.32980170169704887
0.3358838238227079
0.3420532877748535
0.348310976693498
0.35465777792413966
0.361094582935222
0.36762228727878715
0.37424179054852263
0.38095399633557436
0.3877598121285046
0.39466014930994037
0.40165592308495596
0.40874805241019885
0.4159374599425038
0.4232250719865136
0.43061181842517066
0.4380986326592701
0.4456864515487503
0.45337621534665995
0.4611688676081773
0.4690653551650409
0.47706662801222666
0.48517363930558965
0.49338734520348504
0.5017087048472807
0.5101386802909809
0.5186782364041622
0.5273283408078042
0.5360899637824379
0.544964078218995
0.5539516595027532
0.5630536854633157
0.572271136282265
0.5816049943833149
0.5910562443996666
0.6006258730521218
0.6103148690413444
0.6201242230363179
0.6300549274879145
0.6401079766226895
0.6502843662928174
0.6605850939002547
0.6710111583228868
0.6815635597891659
0.6922432998090987
0.7030513810293972
0.7139888071937595
0.7250565830072049
0.7362557140263508
0.7475872065836981
0.7590520676564353
0.7706513047709882
0.7823859259223418
0.7942569394041175
0.8062653537516011
0.818412177619856
0.8306984196460718
0.843125088359949
0.8556931920564744
0.8684037386943892
0.8812577357492298
0.8942561901232151
0.907400107996797
0.9206904947284951
0.9341283547151348
0.9477146912739326
0.9614505064966532
0.9753368011498152
0.9893745745212777
1.0035648242950013
1.0179085464145141
1.0324067349401724
1.0470603819236737
1.0618704772645717
1.0768380085600906
1.0919639609697067
1.1072493170765059
1.1226950567078275
1.1383021568430427
1.1540715914022983
1.170004331133071
1.186101343436645
1.2023635922284748
1.2187920377567203
1.2353876364706773
1.252151340825659
1.2690840991376495
1.2861868554220692
1.3034605492205027
1.3209061154186108
1.3385244840824155
1.3563165802866388
1.3742833239514842
1.392425629635104
1.4107444063687673
1.4292405574874327
1.447914980434755
1.4667685665751635
1.4858022010084257
1.5050167623963728
1.5244131227540039
1.543992147269509
1.563754694109399
1.5837016142397693
1.603833751182279
1.6241519408904
1.6446570114996846
1.6653497831500241
1.686231067783455
1.707301668948791
1.7285623816012905
1.750013991908532
1.7716572770296004
1.7934930049584463
1.8155219342789946
1.8377448139937311
1.8601623833268481
1.8827753715234137
1.9055844976398553
1.928590470371307
1.9517939878550008
1.975195737464969
1.998796395652549
2.022596627729294
2.046597087708346
2.07079841811242
2.0952012498040054
2.119806201795211
2.144613881108626
2.169624882587911
2.194839788749471
2.2202591696120377
2.2458835825686996
2.27171357223051
2.2977496702764224
2.3239923953273087
2.350442252827918
2.377099734916674
2.4039653203078855
2.4310394741990233
2.458322648145982
2.485815279995556
2.513517793791108
2.541430599709514
2.569554093960254
2.5978886587557453
2.6264346622612
2.655192458532064
2.6841623875001184
2.7133447749426978
2.7427399324756117
2.7723481575365163
2.8021697334077498
2.8322049292073976
2.8624539999381953
2.8929171865183116
2.923594715820197
2.954486800701243
2.985593640121821
3.0169154191761898
3.0484523091955142
3.080204467817624
3.1121720391267718
3.1443551537402734
3.1767539289181044
3.2093684687334436
3.2421988641689925
3.275245193293475
3.3085075213987922
3.3419859011699447
3.3756803728688562
3.4095909644879128
3.443717691960844
3.4780605593357508
3.512619558990825
3.547394671830093
3.5823858675067064
3.617593104617693
3.65301633095294
3.688655483711543
3.724510489721247
3.7605812656919086
3.796867718460383
3.833369745208856
3.8700872337219
3.907020062649362
3.9441681017358654
3.981531212088416
4.019109246422162
4.05690204931559
4.094909457481104
4.133131299987459
4.171567398555912
4.210217567796422
4.249081615460366
4.288159342712114
4.327450544357166
4.366955009109385
4.406672519860093
4.446602853886967
4.486745783140386
4.527101074450968
4.567668489802008
4.608447786552159
4.649438718118097
4.690641032432313
4.732054474833902
4.773678786503018
4.815513705160921
4.857558965264226
4.899814298221868
4.942279432607101
4.984954094367885
5.027838007014928
5.070930891830957
5.114232468061495
5.157742453099421
5.201460562666448
5.2453865110026445
5.28952001103674
5.333860774544495
5.37840851233278
5.4231629343955925
5.468123750057294
5.513290668141664
5.558663397111413
5.604241645213651
5.650025120611461
5.696013531533208
5.7422065863866205
5.788603993894192
5.835205463206887
5.88201070402739
5.929019426723678
5.9762313424362565
6.023646163173246
6.071263601924688
6.119083372763586
6.167105190913179
6.215328772869944
6.263753836459821
6.312380100942483
6.361207287082821
6.410235117220705
6.45946331534732
6.508891607166602
6.558519720185475
6.608347383749605
6.658374329105572
6.7086002894844174
6.759025000112805
6.809648198301154
6.860469623477766
6.911489017223584
6.962706123340583
7.014120687871751
7.065732459139816
7.117541187803598
7.169546626871786
7.221748531731115
7.274146660201223
7.326740772544959
7.379530631484267
7.432516002245863
7.485696652571168
7.5390723527402566
7.59264287558316
7.646407996514491
7.700367493520536
7.7545211472026985
7.8088687407715405
7.863410060061306
7.918144893546427
7.973073032341526
8.028194270217302
8.083508403586006
8.139015231537815
8.194714555825065
8.250606180865597
8.306689913744753
8.3629655642181
8.41943294471888
8.476091870342986
8.532942158856294
8.589983630691306
8.647216108938212
8.70463941934254
8.762253390307748
8.820057852885311
8.878052640761055
8.936237590254294
8.994612540315842
9.05317733251374
9.111931811025439
9.170875822630467
9.230009216695798
9.28933184517385
9.3488435625953
9.408544226038416
9.468433695149912
9.528511832092946
9.588778501573053
9.649233570813454
9.709876909530843
9.770708389937878
9.831727886723687
9.892935277044066
9.954330440502117
10.015913259144645
10.07768361744081
10.139641402267983
10.201786502902674
10.264118811004407
10.326638220602307
10.389344628072267
10.452237932138807
10.515318033849756
10.57858483655614
10.642038245911685
10.705678169848872
10.769504518568123
10.83351720451001
10.89771614236369
10.96210124903662
11.026672443634077
11.091429647460892
11.156372783989315
11.221501778858999
11.286816559852557
11.352317056879302
11.418003201962087
11.483874929231972
11.549932174901404
11.616174877249215
11.682602976603974
11.749216415347222
11.81601513787884
11.882999090598677
11.950168221919466
12.017522482218904
12.085061823842018
12.152786201097184
12.220695570210463
12.288789889341848
12.357069118550887
12.425533219791228
12.494182156895098
12.563015895555548
12.632034403316288
12.701237649557651
12.770625605477978
12.840198244080337
12.909955540168431
12.979897470313448
13.05002401286003
13.120335147899203
13.190830857262183
13.261511124505969
13.332375934890134
13.403425275383656
13.474659134625316
13.546077502933388
13.61768037228155
13.689467736291075