9.412649007743386
9.768815334231801
10.142570697767145
10.533647103144775
10.941798094033535
11.36679648834439
11.808434474656243
12.266522253964109
12.740889764210985
13.231381373695276
13.737857204414416
14.26019309478434
14.798286133303739
15.352016424773627
15.921322200533947
16.506122199708454
17.106355566733583
17.72197083728008
18.352927842402025
18.999196432023123
19.66075562312798
20.337594333782963
21.02971016565523
21.737110311799814
22.45981043905176
23.19783374186157
23.95121340681484
24.719989305119597
25.504210040397552
26.303932222984077
27.11931077508282
27.950142645962103
28.796781998261476
29.65922107659329
30.53755237144995
31.431876793244584
32.342298077016714
33.26892855111034
34.21188644325573
35.17129425205731
36.14728190336147
37.139984209530496
38.149540408251504
39.176067720985166
40.21979853097062
41.280802128515475
42.359265185647054
43.45534975237807
44.56922452803737
45.701052368907945
46.85101247010845
48.019275422433765
49.20602312239337
50.41143543430469
51.63569625638253
52.87899163399783
54.14150871651584
55.42343996943078
56.72497303566541
58.046303321839574
59.387624083221176
60.749130025832
62.13101715627395
63.53348166431059
64.95671544054812
66.4009302279544
67.86630833003096
69.35305176916883
70.86135721390275
72.39142093038544
73.94343858450452
75.51760508768234
77.11411444795947
78.73315962650811
80.37493239978338
82.03962322747914
83.72742112645061
85.43851355080986
87.17308627832611
88.93132330330525
90.71340673611328
92.51951670946188
94.3498312916175
96.20452640664122
98.08377576179373
99.98775078217284
101.9166205527138
103.87055176760498
105.84970868718065
107.85425310236336
109.88434430666682
111.94013907577147
114.02179165475624
116.12945375288069
118.26327454596384
120.42340068631991
122.60997632020073
124.82314311269191
127.06304028001558
129.32980462914608
131.62357060467443
133.94447034281978
136.29263373250058
138.66818848336365