6.622976001410786
6.963223094198554
7.320126286055183
7.69345282198848
8.082991990600108
8.488554318404246
8.909969140790793
9.347084444910971
9.799767476458866
10.267895621078639
10.75136477700015
11.250082748039297
11.763969220834365
12.292957430161133
12.83698798009045
13.39601377564999
13.96999638693203
14.558906071989524
15.16272251865966
15.781433429376984
16.41503339842198
17.063526846889527
17.726924030182342
18.40524356012663
19.09851091105072
19.80676021286303
20.530030583361036
21.268512497506443
22.021830948726574
22.79047672360331
23.574374235940994
24.373598098904218
25.18822879800494
26.01835439787007
26.86406847106833
27.725470850257448
28.602667387948944
29.495770141592306
30.40489468714416
31.33016450944356
32.271708587999406
33.229672934888036
34.20417548079254
35.19536892686539
36.203400628693075
37.22842170893636
38.27058875328904
39.33006814743724
40.40701665490107
41.50160980173956
42.61400360367592
43.74438398780531
44.89293388035271
46.059823805795496
47.24523881107569
48.44936423906959
49.672387165049706
50.914497042015604
52.17587785109887
53.45674134849311
54.75726082351986
56.0776397353986
57.41807241736375
58.77875600021813
60.15988718887924
61.56166377429164
62.98428355653291
64.42794439499062
65.89284403948723
67.37917996560122
68.88714921441637
70.41694823686026
71.96877274286409
73.54281755553198
75.13927647052675
76.75834212085454
78.40020584726253
80.06505757442203
81.75308569309702
83.4644769484784
85.19941633483113
86.95808699666391
88.74067013653934
90.54734492968247
92.3782884455395
94.23367557638798
96.11367897312076
98.01846898831045
99.94821362663677
101.90307850273528
103.88322680654369
105.88881927621092
107.92001417855674
109.97696729712196
112.05983192783471
114.16875888225059
116.3038964983742
118.46539065901577
120.65338481764137
122.86802003167357
125.10943500316549
127.37776612677995
129.67314754500558
131.99571121049644