0.11204711187811359
0.15578806114560728
0.213079570601944
0.28784433251231867
0.38557155702161244
0.5141969784478142
0.6834556092248025
0.8960443584714706
1.1440410238567484
1.4200228115507838
1.7197175695352238
2.040662298541689
2.381315953676562
2.7406478502497755
3.117935980412916
3.512653668533138
3.924405412085333
4.352892621347327
4.797881879637116
5.259194422896762
5.736690241891361
6.230260955766572
6.739828688982417
7.265330674400622
7.806727254716157
8.363995775604444
8.937126981419059
9.52611883814349
10.13100030137747
10.751785157709001
11.388513644550068
12.041240169537492
12.71001729734417
13.394908811168904
14.095991094131174
14.81334671310536
15.547065862460407
16.297260848814076
17.064023128116062
17.84747357445433
18.64773478057391
19.464935972084454
20.299214130018633
21.150712515853826
22.019581107912657
22.905976270865068
23.810060550628144
24.732002466938184
25.671976303629343
26.630161896636555
27.606744419909436
28.601914169348355
29.615866345003028
30.648800831702957
31.700921978317588
32.772438375855046
33.863562634558974
34.97451116021942
36.1055039298188
37.25676426669198
38.428518615359934
39.620996316166924
40.83442937987464
42.06905226236806
43.32510163958963
44.60281618291177
45.902436335049465
47.22420408674627
48.568362754372814
49.9351567586612
51.324831404815235
52.7376326641644
54.173806957691525
55.63360094165393
57.117261295579866
58.62503451299487
60.15716669513205
61.71390334802484
63.29548918328343
64.90216792296188
66.5341821088927
68.1917729166629
69.87517997530747
71.58464119197012
73.32039258307958
75.0826681116887
76.8716995318536
78.68771623993804
80.53094513371965
82.40161047936135
84.2999337866954
86.22613369314988
88.18042585664763
90.16302285774854
92.17413411130467
94.21396578790694
96.2827207457259
98.38059846997355
100.50779502911794
102.66450303298468
104.85091160785973
107.06720637963514
109.31356946803756
111.59017949153659