0.05544831090430966
0.0783338347556674
0.10813373846587836
0.14636292028599632
0.19478660997022174
0.25544432577476694
0.330663613855217
0.42305478121000983
0.5354712500186279
0.6709048635593822
0.8322571909138702
1.0219121754784635
1.2411472687266853
1.4897396039542912
1.766204360008882
2.068499368389917
2.394623277201522
2.7428769985984394
3.111900939543408
3.5006280812280792
3.908222289807424
4.334024575408273
4.777511418311767
5.238263712612224
5.715943866396912
6.210278882278421
6.721047760482808
7.248072025222425
7.791208521279963
8.350343875344725
8.925390190070999
9.516281660650037
10.122971883356136
10.745431700664053
11.383647446227535
12.037619506999075
12.707361128968223
13.392897413925533
14.094264466388022
14.811508659093953
15.544685992579385
16.29386152965439
17.059108889797916
17.840509791654764
18.63815363432421
19.45213711011137
20.28256384286422
21.129544047343636
21.993194205901034
22.873636759598238
23.77099981145035
24.685416839932277
25.61702642132804
26.56597195977137
27.532401424017355
28.51646709029347
29.518325290624823
30.538136166202534
31.576063425448645
32.63227410654914
33.706938344221896
34.80022914060184
35.91232214016454
37.043395408604546
38.19362921565325
39.36320582187121
40.55230926934311
41.761125176514696
42.989840537003744
44.23864352264556
45.5077232907781
46.797269795919966
48.107473605942666
49.43852572287412
50.79061740846781
52.163940014716694
53.558684819425636
54.9750428678042
56.41320481487224
57.87336078493904
59.35570022151557
60.86041175464333
62.387683069738074
63.93770078346844
65.5106503260836
67.10671583035705
68.72608002729153
70.36892414877039
72.0354278372731
73.72576906281526
75.44012404723095
77.1786671959448
78.9415710372996
80.72900616959646
82.54114121588776
84.37814278664457
86.2401754503168
88.1274017118902
90.03998199943938
91.9780746587456
93.94183595594876
95.9314200882987
97.94697920295052
99.98866342380987