0.06009897293908112
0.08470625220875837
0.11672324513034714
0.15778593551717096
0.2098069700294278
0.27500199947283743
0.35590315791686045
0.4553474665285158
0.5764162607902015
0.7222748507273934
0.8958206862243994
1.0990715576346677
1.3325115748891179
1.5949984434745208
1.8844389708623808
2.1986005540739404
2.5355431800131916
2.8937160588472803
3.2719137045563893
3.6692022715495183
4.084853701344076
4.518294964115816
4.969070755353071
5.4368164087007385
5.9212381750514
6.422098736392079
6.939206443035492
7.472407219366324
8.02157840218964
8.586623994433484
9.167470967067043
9.76406634626616
10.37637488937667
11.004377219899906
11.648068302559937
12.307456189839002
12.982560976597977
13.673413917843583
14.380056674688412
15.102540661440738
15.840926472778028
16.595283374557322
17.365688845426327
18.152228159093116
18.954993999284746
19.774086101139517
20.60961091403988
21.461681282001454
22.330416138486974
23.21594021324188
24.118383749195925
25.03788222791106
25.974576102419366
26.928610536459736
27.900135149426323
28.88930376645917
29.896274173207953
30.921207874977995
31.96426985998307
33.02562836654182
34.1054546540736
35.20392277782478
36.3212093672817
37.457493408267034
38.61295602868922
39.78778028804353
40.98215097063043
42.19625438272173
43.43027815355617
44.68441104041646
45.95884273784985
47.2537636911545
48.569364914275724
49.90583781224585
51.263374008339085
52.642165176064374
54.04240287620856
55.46427839983469
56.90798261199376
58.37370581263634
59.8616375877041
61.37196667778057
62.90488084815918
64.46056676593567
66.03920988354518
67.64099432886599
69.26610280211398
70.91471647962688
72.58701492472673
74.28317600577809
76.00337582159894
77.74778863430811
79.5165868097743
81.3099407657048
83.128018927522
84.97098769206315
86.83901139919291
88.73225231136915
90.65087060120747
92.59502434707275
94.56486953671555
96.56056007895901
98.58224782342268
100.63008258828046