5.832789176459729
6.167504952439252
6.518579733672657
6.885795685721557
7.268957221189163
7.6678895088411245
8.08243691969336
8.51246148901488
8.957841446709157
9.418469849128622
9.894253331393035
10.385110989209705
10.890973392024478
11.411781724381566
11.947487048792672
12.498049681215376
13.063438668702775
13.643631358056698
14.238613044032999
14.848376685844856
15.47292268054665
16.11225868418511
16.7663994697812
17.435366814584928
18.119189408565635
18.817902776745058
19.531549214155635
20.260177719488134
21.00384392844756
21.762610054063348
22.536544809862498
23.325723331546634
24.130227088952957
24.950143788632893
25.78556726653026
26.636597370688285
27.503339834107678
28.38590613805533
29.284413366363598
30.198984051246924
31.129746011359085
32.07683218276064
33.040380443544876
34.02053343285732
35.017438365016126
36.03124683944558
37.06211464706528
38.11020157378745
39.17567120169651
40.25869070846463
41.35943066549581
42.47806483530234
43.614769968500276
44.76972560086304
45.943113850761655
47.13511921735825
48.34592837985116
49.57572999805564
50.82471451461439
52.09307395906805
53.38100175404541
54.68869252380703
56.01634190535786
57.364146362347576
58.73230300199341
60.121009395201135
61.53046340014142
62.96086298943715
64.41240608120908
65.88529037416288
67.3797131870263
68.89587130221388
70.43396081450307
71.99417698433764
73.57671409632518
75.1817653230078
76.80952259413057
78.4601764715867
80.13391603025364
81.83092874489503
83.5514003832892
85.29551490579996
87.06345437149903
88.85539885103518
90.67152634637272
92.51201271752218
94.37703161641288
96.2667544279745
98.18135021855649
100.12098569174864
102.08582515165924
104.07603047373601
106.09176108313159
108.13317394067438
110.20042353642658
112.29366189084753
114.41303856355069
116.55870066960965
118.73079290340117
120.92945756991882
123.15483462350552
125.40706171394154
127.6862742398039
129.9926054090255