8.93162730771691
9.285357339922372
9.656526880810096
10.044873189376938
10.450154194819097
10.872148017903818
11.310652228051339
11.765482940677892
12.236473833805576
12.723475142214669
13.226352670709806
13.744986855048802
14.279271888669937
14.829114925549925
15.394435362585677
15.975164206978725
16.57124350821075
17.182625877370004
17.809274058198472
18.451160559909177
19.108267337165003
19.780585510866906
20.468115122067843
21.170864912149035
21.88885212310868
22.622102311352204
23.370649176832014
24.134534390360425
24.913807423398957
25.708525392041878
26.51875288284479
27.34456178366757
28.18603110876426
29.043246819007596
29.91630163692861
30.805294856452015
31.71033214743207
32.631525355263314
33.56899229591373
34.52285654682721
35.49324723419341
36.480298817104874
37.484150869118594
38.50494785777067
39.54283892251227
40.59797765161212
41.67052185840099
42.76063335737679
43.86847774047587
44.994224153963174
46.138045076189684
47.300116096584425
48.480615696126925
49.679725029564686
50.89762770961397
52.13450959335063
53.39055857100672
54.665964357339995
55.96091828579317
57.27561310557314
58.61024278186094
59.965002299288386
61.340087468862684
62.73569473849216
64.15202100730318
65.58926344386005
67.04761930861352
68.52728578039039
70.02845978766084
71.55133784421233
73.09611588972872
74.66298913546346
76.2521519148216
77.86379753969568
79.49811816330984
81.15530464150328
82.8355464184381
84.53903139370105
86.26594581419387
88.01647416502914
89.79079906826554
91.58910118834545
93.41155914442743
95.25834942970133
97.12964633783062
99.0256218966077
100.94644580893447
102.892285401189
104.86330557907354
106.85966879095955
108.88153499881062
110.92906165667841
113.00240369680105
115.10171352330447
117.2271410134782
119.37883352661973
121.55693592040035
123.76159057469195
125.99293742282427
128.25111399016984
130.53625544001093
132.8484946265634
135.18796215511367
137.55478644911196