 0.96427370430992E+00
-0.32623973699799E+00
 0.14948362582119E+00
 0.44852306789546E+00
 0.35070069910820E+00
 0.36803791632690E-01
-0.18706021661970E+00
-0.19301716317780E+00
-0.78097543646216E-01
 0.12478571362881E-01
 0.33516646419614E-01
 0.21023449492239E-01
 0.86716119163107E-02
 0.31030624827827E-02
 0.11772896422789E-02
 0.52589322929125E-03
 0.27642410376174E-03
 0.16305285625509E-03
 0.10348011232121E-03
 0.68901422034658E-04
 0.47486764853210E-04
 0.33627757291411E-04
 0.24378495677852E-04
 0.17996712863410E-04
 0.13532789893451E-04
 0.10297728355086E-04
 0.80100225546846E-05
 0.62876525463457E-05
 0.49939219449111E-05
 0.40083880017464E-05
 0.32479808550945E-05
 0.26543978582167E-05
 0.21890339956301E-05
 0.18237368277583E-05
 0.15861685600988E-05
 0.13031504472023E-05
 0.11136292867826E-05
 0.95087520441988E-06
 0.80834545445561E-06
 0.68062886404583E-06
 0.57557741899634E-06
 0.49799477775047E-06
 0.45046837602401E-06
 0.42179581344775E-06
 0.38971323087756E-06
 0.33439704289411E-06
 0.26393129668354E-06
 0.20996874412982E-06
 0.20857008874469E-06
 0.22307445249941E-06
 0.17612656013022E-06
 0.15820354481873E-06
 0.14286795415164E-06
 0.13064169366548E-06
 0.11801962654818E-06
 0.10556396134191E-06
 0.96313996831327E-07
 0.87578375055377E-07
 0.78957464249429E-07
 0.54814712696435E-04
 0.27306896394053E-04
 0.61298256243089E-07
 0.57346365239125E-07
 0.52020676702634E-07
 0.47203478276874E-07
 0.43776532628348E-07
 0.38822101735981E-07
 0.38245096129894E-07
 0.34182028424269E-07
 0.32506208751829E-07
 0.30186319637846E-07
 0.26843399793119E-07
 0.26917825711972E-07
 0.24285917258472E-07
 0.20723737528766E-07
 0.19376022581190E-07
 0.18966588792936E-07
 0.16853914429482E-07
 0.14853612118900E-07
 0.17156012564521E-07
 0.18080694828240E-07
 0.14002780300871E-07
 0.11128318650771E-07
 0.13780055952254E-07
 0.12466134117441E-07
 0.10667908267710E-07
 0.82286942137220E-08
 0.86516754404792E-08
 0.10349493060716E-07
 0.82017398990969E-09
 0.56729589175269E-08
 0.67863799809176E-08
 0.56293579066812E-08
 0.36494076473559E-08
 0.47380411205147E-08
 0.42794615089328E-08
 0.82640654190004E-08
 0.30026610273909E-08
 0.49748923454671E-08
 0.23335542083492E-08
-0.10251055649369E-08
 0.55386252269435E-08
 0.74920848566665E-09
 0.69923631782298E-09
