3.971889227456797e-12
3.971889227456797e-12
3.971889227456797e-12
3.971889227456797e-12
3.971889227456797e-12
3.971889227456797e-12
3.971889227456797e-12
3.971889227456797e-12
3.971889227456797e-12
3.971889227456797e-12
3.971889227456797e-12
3.971889227456797e-12
3.971889227456797e-12
3.971889227456797e-12
3.971889227456797e-12
3.971889227456797e-12
3.971889227456797e-12
3.971889227456797e-12
3.971889227456797e-12
3.971889227456797e-12
3.971889227456797e-12
5.9578338411851955e-12
3.971889227456797e-12
3.971889227456797e-12
3.971889227456797e-12
3.971889227456797e-12
6.206076917901245e-12
4.468375380888897e-12
7.447292301481495e-12
1.0426209222074092e-11
2.0107689214000035e-11
3.649173227725932e-11
7.844481224227174e-11
1.7004650755049413e-10
3.616901627752846e-10
7.462186886084457e-10
1.4892102172195827e-9
2.877137259139017e-9
5.3888607093520095e-9
9.805105044130535e-9
1.7348715659377857e-8
2.994283167041321e-8
5.046037020407144e-8
8.316341664449042e-8
1.3424836642957943e-7
2.1254820471504902e-7
3.304378488751942e-7
5.049994015049999e-7
7.594671733697046e-7
1.1250147853140798e-6
1.6429066910083278e-6
2.3671553708412495e-6
3.3676060003915197e-6
4.73366059306458e-6
6.578581293827511e-6
9.044540884604822e-6
0.000012308356951107515
0.00001658812915797524
0.000022150720550379284
0.00002932019335025555
0.000038487281912112015
0.00005011990730678615
0.00006477482637606286
0.00008311047086460225
0.00010590100517713104
0.0001340516558849158
0.00016861531298151847
0.00021081059155257198
0.00026204110015515193
0.0003239162860371714
0.0003982735687383444
0.0004872019750652762
0.0005930672471409724
0.0007185383480628687
0.0008666154721621493
0.0010406595176630296
0.0012444229917045924
0.0014820823698188104
0.0017582719314619014
0.0020781188824377955
0.0024472800787376896
0.0028719799863818783
0.003359050001137163
0.003915969181482094
0.004550906218815708
0.005272762683883924
0.006091217617938681
0.007016773189852854
0.008060801694244267
0.009235593620272096
0.010554406910262337
0.012031517278082967
0.013682269663479437
0.015523130695021769
0.017571742224965266
0.019846975861055414
0.0223689884826166
0.02515927874390351
0.028240744565460014
0.031637741506492706
0.035376142156282285
0.03948339641951822
0.04398859275935528
0.04892252036443071
0.05431773225970166
0.06020860940057336
0.06663142570588271
0.07362441410892663
0.08122783362330815
0.08948403741689773
0.09843754203913165
0.1081350977241962
0.1186257598626919
0.12996096174728108
0.14219458855533093
0.15538305272494474
0.16958537074796481
0.1848632414807333
0.2012811260699228
0.2189063295952158