1.9859446137283985e-12
1.9859446137283985e-12
1.9859446137283985e-12
1.9859446137283985e-12
1.9859446137283985e-12
1.9859446137283985e-12
1.9859446137283985e-12
1.9859446137283985e-12
1.9859446137283985e-12
1.9859446137283985e-12
1.9859446137283985e-12
1.9859446137283985e-12
6.206076917901245e-12
8.067899993271618e-12
1.464634152624694e-11
8.539561839032113e-11
3.742264381494451e-10
1.4542079434026199e-9
4.935196486653428e-9
1.495403881983648e-8
4.101074924579829e-8
1.0320892096777308e-7
2.4094684032675e-7
5.26621125243891e-7
1.0858529505036628e-6
2.126236830225245e-6
3.975968605936472e-6
7.134335481825567e-6
0.000012335247385906629
0.000020624973172399404
0.00003345476085838129
0.000052788696385825073
0.00008122671439631017
0.00012214222220680943
0.00017983367330868578
0.00025968880684907057
0.00036836029350925263
0.0005139513149539035
0.0007062093494516892
0.0009567265065206118
0.0012791448834066693
0.0016893651005633582
0.0022057567307293634
0.0028493690554388675
0.0036441410656316902
0.004617109515789466
0.005798614177269304
0.007222499590665343
0.00892631275418289
0.010951496282321147
0.013343576897213725
0.016152349047578164
0.019432053654777997
0.02324155203030871
0.027644495240753922
0.03270948882178342
0.03851025332079862
0.04512578065767518
0.05264048656686454
0.06114435911551711
0.07073310357354935
0.0815082832747093
0.09357745671762825
0.10705431037450158
0.12205878716494871
0.13871720997183848
0.157162399909628
0.17753378850156137
0.1999775234409018
0.22464656693106105
0.25170078597657136
0.2813070340463692
0.313639222913728
0.3488783844309273
0.3872127213058845
0.42883764624959175
0.4739558091897631
0.522777111957019
0.5755187102961519
0.6324050029955616
0.6936676081173605
0.7595453266331137
0.830284093511637
0.9061369168772253
0.9873638056918519
1.0742316867140114
1.1670143114321418
1.2659921539070143
1.3714523004585895
1.4836883321194478
1.6030002009432063
1.7296941010617282
1.8640823356361425
2.0064831803009344
2.157220744254691
2.31662482934318
2.4850307878479687
2.6627793791385796
2.8502166253332946
3.047693665576371
3.2555666085150015
3.4741963819392265
3.703948578220707
3.945193293869251
4.1983049607998835
4.463662166681694
4.741647461057132
5.032647143463819
5.337051029440368
5.655252189657421
5.987646657386142
6.334633099024672
6.696612442717424
7.073987460033968
7.467162296411673
7.876541946850683
8.302531674595787
8.74553637219808
9.205959866574485
9.68420417195671