0.006690389541651522
0.010371004078799748
0.015495521851709446
0.02243645695204442
0.03162092485009554
0.043534502752241584
0.05872521327340673
0.0778072880064076
0.10146425209522329
0.13045079150017966
0.16559283769699756
0.20778535191531725
0.25798742250202167
0.31721450642582893
0.38652792735380737
0.4670220444911536
0.5598097654743193
0.6660072219867852
0.7867184059705911
0.9230203580504945
1.0759491391218412
1.246486379388573
1.4355458040147513
1.643958925544221
1.872459233222722
2.121664841098757
2.3920607206899263
2.683983120958971
2.997609966424238
3.3329610710320123
3.6899103482089597
4.068209214557586
4.467517431846673
4.887436143493598
5.3275383192105705
5.787393576481344
6.266586332029816
6.764727704538985
7.2814623375319725
7.816471490169376
8.369473602204579
8.940223278033079
9.528509368369031
10.13415260677878
10.757003092564318
11.396937795755415
12.053858182831652
12.727688012464531
13.418371320125653
14.12587059249483
14.850165122585212
15.591249531600111
16.3491324414961
17.123835281977296
17.915391216514024
18.723844173138655
19.54924796717408
20.391665504587262
21.251168056069922
22.12783459308236
23.021751178466733
23.93301040509921
24.86171087696041
25.807956727883298
26.771857173747875
27.753526094638815
28.753081643819648
29.770645880933284
30.80634442713936
31.860306140201434
32.93266280785674
34.02354885806229
35.133101084733944
36.26145838805533
37.40876152830143
38.57515289245393
39.76077627290222
40.96577665760239
42.1903000312636
43.434493187075276
44.69850354860961
45.98247900161999
47.28656773544992
48.61091809381236
49.95567843478609
51.32099699984827
52.707021791803726
54.11390046153502
55.541780203432346
56.990807659479174
58.46112883188318
59.952889004232766
61.46623267113034
63.001303476235535
64.55824415873458
66.13719650815972
67.73830132756079
69.3616984050137
71.00752649338818
72.67592329842695
74.36702547504451
76.08096863187012
77.81788734395934
79.57791517370354