0.008310092090751602
0.012743720841646976
0.018862869691465094
0.02708955461035795
0.037906756281791486
0.0518629524413547
0.06957660682789207
0.09174011883176494
0.11912261793551511
0.15257092221017318
0.19300799741772973
0.24142837534555806
0.2988902260122067
0.366504112575141
0.4454188409294832
0.5368051662669703
0.6418383398710594
0.7616804860551845
0.8974635568064663
1.050273153516549
1.2211329382096852
1.410988849441624
1.6206921027138848
1.8509802293858006
2.1024563897253525
2.3755688864954765
2.67059476085358
2.987632553647348
3.3266085628505473
3.6872978378291767
4.0693569315834806
4.472362296603674
4.895847669129045
5.339335584705893
5.802360861382825
6.284486138129173
6.7853108178840555
7.304475149771899
7.841661048917013
8.396590908986479
8.969025299881586
9.558760140652458
10.165623714932728
10.789473742897933
11.430194624857052
12.08769490936874
12.761905002249788
13.452775111820257
14.16027341500651
14.884384423898908
15.625107531018347
16.382455712121676
17.156454366766646
17.94714027893491
18.754560681995425
19.578772414267778
20.419841153383423
21.27784071916478
22.152852436267565
23.044964549107384
23.954271682611576
24.880874343323626
25.824878456175618
26.786394932916533
27.76553926875685
28.7624311642978
29.777194170220206
30.809955352630684
31.860844977091322
32.9299962099049
34.01754483516348
35.12362898645908
36.24838889223355
37.39196663391016
38.5545059160659
39.73615184802887
40.93705073633749
42.15734988762943
43.3971974215496
44.65674209336731
45.93613312599805
47.235520051227006
48.55505255989594
49.894880360961515
51.25515304918275
52.63601998145128
54.03763016157503
55.460132133488536
56.90367388281822
58.36840274677783
59.85446533231394
61.36200744250678
62.891174011194586
64.44210904579218
66.01495557829482
67.60985562444463
69.2269501510655
70.866379051522
72.5282811293214
74.21279408980175
75.92005453994406
77.65019799623
79.40335890056909
81.17967064425055