0.015560082099873035
0.02316458770328424
0.033421351283224224
0.04694800107587504
0.0644503065195045
0.0867287854275287
0.1146837728844997
0.14931772313899208
0.19173347997592374
0.24312743464000663
0.30477694343109935
0.3780220798325127
0.464242620011545
0.5648318693391126
0.6811692426262378
0.8145932005595641
0.9663752072275453
1.1376940693080795
1.3296088716149401
1.543028476887787
1.7786770303304231
2.0370585650528397
2.3184287888697086
2.6227854241653237
2.949886080382167
3.2992936972921614
3.670439154257437
4.062685787529093
4.475383475986226
4.9079068217974315
5.3596779120431055
5.830177137649941
6.318946060786627
6.825585614517299
7.349751920081211
7.891151146841589
8.449534227844651
9.024691851879334
9.616449920034317
10.224665524389817
10.849223438398289
11.490033076697522
12.147025869908326
12.820152998432299
13.509383432858336
14.214702234100166
14.936109072778946
15.67361693321107
16.427250972898673
17.19704751312711
17.983053140227085
18.78532390072963
19.603924576116516
20.43892802558306
21.29041458697407
22.158471527785473
23.04319253939686
23.944677268868148
24.86303088352719
25.79836366434538
26.75079062470455
27.720431151768892
28.707408667995715
29.711850310819322
30.73388662874901
31.77365129244513
32.83128081952911
33.906914312084545
35.000693205971864
36.112761031172624
37.2432631825667
38.39234670058333
39.560160061255495
40.74685297535413
41.9525761962036
43.17748133599903
44.421720690351215
45.685447070902654
46.96881364589517
48.27197378850974
49.595080932992936
50.93828843840432
52.301749460014385
53.68561682827054
55.090042935340826
56.515179629223624
57.96117811540885
59.42818886610842
60.91636153708051
62.425844892014354
63.95678673456314
65.50933384797962
67.08363194241053
68.67982560983795
70.29805828672478
71.93847222432996
73.60120846673416
75.2864068365793
76.9942059285252
78.72474311041529
80.47815453216751
82.25457514866685
84.05413871254177
85.87697786918427