3.971889227456797e-12
3.971889227456797e-12
3.971889227456797e-12
3.971889227456797e-12
3.971889227456797e-12
3.971889227456797e-12
3.971889227456797e-12
3.971889227456797e-12
3.971889227456797e-12
3.971889227456797e-12
3.971889227456797e-12
5.9578338411851955e-12
5.9578338411851955e-12
5.9578338411851955e-12
4.716618457604946e-12
8.192021531629644e-12
2.9044439975777827e-11
1.1071641221535822e-10
4.1481418119251925e-10
1.4090277034402987e-9
4.3139681871715135e-9
1.2017695586900688e-8
3.079778082662329e-8
7.332752945884708e-8
1.6359591120202757e-7
3.4452564347883e-7
6.89164982286796e-7
1.316481194982095e-6
2.4127685467293636e-6
4.259705974247536e-6
7.270076782118518e-6
0.000012031910481959602
0.00001936192183130506
0.000030368613975464275
0.00004652554615039912
0.00006975466565641752
0.00010251988383067079
0.00014793036105462446
0.00020985316715780734
0.00029303462908803043
0.0004032295670018543
0.0005473376412779895
0.0007335456968351869
0.0009714752656930194
0.0012723340913187494
0.0016490707103359286
0.002116531029114364
0.002691616037561616
0.0033934396939539783
0.004243486148199657
0.005265765585118686
0.006486968055712707
0.007936614624182365
0.009647205464037276
0.011654364395145026
0.01399697970383656
0.016717340834729224
0.019861271025264943
0.02347825565582116
0.027621566435047665
0.032348381410996066
0.03771990105727802
0.04380146048588672
0.05066263819131783
0.05837736142280481
0.06702400873080314
0.07668550981854787
0.08744944333890316
0.09940813280108896
0.11265874124761158
0.12730336511050266
0.14344912765721224
0.16120827267009866
0.1806982588540153
0.20204185546351577
0.22536723986908544
0.2508080975377854
0.27850372515441946
0.30859913744524686
0.34124517852741404
0.3765986383433981
0.41482237501704033
0.45608544396899053
0.5005632344580947
0.5484376146040076
0.5998970856414687
0.6551369464908157
0.7143594695329489
0.7777740886835003
0.8455976009039015
0.9180543820633864
0.9953766184882168
1.0778045551588347
1.1655867616315687
1.2589804167729481
1.3582516130153532
1.463675680900829
1.5755375341699922
1.6941320353488667
1.8197643810926378
1.9527505058040724
2.0934175010039517
2.2421040464657476
2.399160847476686
2.564951070407779
2.7398507660407607
2.9242492670469553
3.11854954225671
3.323168486274664
3.5385371187561323
3.765100663193998
4.003318471556581
4.25366375850048
4.516623108640088
4.792695723112974
5.0823923786835055
5.386234084595381
5.7047504394723045
6.038477712213563
6.387956695310036