3.971889227456797e-12
3.971889227456797e-12
3.971889227456797e-12
3.971889227456797e-12
3.971889227456797e-12
3.971889227456797e-12
3.971889227456797e-12
3.971889227456797e-12
3.971889227456797e-12
3.971889227456797e-12
3.971889227456797e-12
3.971889227456797e-12
3.971889227456797e-12
5.9578338411851955e-12
3.971889227456797e-12
3.971889227456797e-12
4.2201323041728465e-12
7.447292301481495e-12
1.290863998923459e-11
3.376105843338277e-11
1.1543303067296317e-10
3.6466907969587715e-10
1.0808503560216808e-9
2.9528513975374124e-9
7.485521735295767e-9
1.774515985289339e-8
3.96111547792732e-8
8.37942023024259e-8
1.6887058009609019e-7
3.257713755190859e-7
6.040645249146903e-7
1.080541541634246e-6
1.8705649553169292e-6
3.1426875949206334e-6
5.1370359815251e-6
8.187950345171501e-6
0.00001275128292303659
0.000019436708285325767
0.000029045456034690825
0.00004261358627706465
0.00006146099975581111
0.00008724629336560234
0.00012202737316797446
0.00016832777203278594
0.00022920844203249026
0.0003083448892756621
0.0004101091708294246
0.000539656573506303
0.0007030164214299304
0.0009071867008345448
0.0011602319080525928
0.0014713838339696895
0.001851144625861562
0.0023113917686464654
0.002865484479881917
0.0035283710634761946
0.004316696879290908
0.005248912429169577
0.006345381235186743
0.007628487234567826
0.0091227413074959
0.010854886723075155
0.012854003301629386
0.015151610021012911
0.017781766076118845
0.020781170088231743
0.024189257535718586
0.028048296277716475
0.03240348022642342
0.037303021080858985
0.042798238320440926
0.04894364736454202
0.055797046136340345
0.06341960004858838
0.07187592565855093
0.08123417302041162
0.0915661070951005
0.1029471882431116
0.1154566520984506
0.12917758914121538
0.14419702403509038
0.1606059951470513
0.1784996344816358
0.19797724833288508
0.2191423989029437
0.24210298734582314
0.26697133844460463
0.2938642873959778
0.3229032689828771
0.3542144096319518
0.38792862269745043
0.42418170747818557
0.46311445240448473
0.5048727428913674
0.5496076744341185
0.5974756714117158
0.6486386123038642
0.703263961849653
0.7615249108736951
0.8236005244512489
0.889675899187088
0.9599423302922768
1.0345974894083818
1.1138456139032438
1.1978977085744358
1.2869717605992186
1.381292968638823
1.4810939869400843
1.586615185274247
1.698104925381196
1.815819854598073
1.9400252169612229
2.0709951820150714
2.209013190961279
2.354372319435462
2.507375655438414
2.6683366901724823
2.837579718340983
3.0154402432036944
3.202265380022995