0.5252809542138357
0.7647038470686447
1.0229501556711147
1.2987131070020679
1.591267554696352
1.900154071835973
2.225059008517403
2.5657569043741137
2.922079823596733
3.2939003647544913
3.6811235561429623
4.0836728329890555
4.501491928976999
4.934539586066976
5.382783682331345
5.846206780452024
6.3247952151158255
6.818548271284136
7.327469641280043
7.851568674403149
8.390866486466736
8.945380822733929
9.515155338968565
10.10021404087666
10.700604005460102
11.316374139392524
11.947579633876119
12.594282501834561
13.256548339162302
13.93445525723024
14.628080383543146
15.337513402238589
16.062846409167644
16.804181626385628
17.56162376763673
18.335299708371554
19.125293996790784
19.931767861259143
20.75484049886259
21.59465498883817
22.451354482458854
23.32508809307319
24.216019954809685
25.12430856628578
26.05011962484891
26.993637401904888
27.955033053679934
28.93449450714683
29.93221211466375
30.94838089232595
31.983200541608493
33.0368752373556
34.10961343017669
35.20162764518924
36.31313427764489
37.444353385798365
38.59550848146345
39.766826318519286
40.958536679746445
42.17087216221804
43.404067961534885
44.6583616551328
45.9339929849033
47.23120363934765
48.5502370354936
49.89133810078218
51.25475305519665
52.64072919382046
54.04951467010801
55.48135828011359
56.936509247961006
58.415217012839065
59.91773101782445
61.444300500868465
62.995174288256464
64.57060059092437
66.1708268039795
67.79609930981192
69.44666328517567
71.12276251266958
72.82463919700584
74.55253378646826
76.30668480002863
78.08732866047632
79.89469953402468
81.72902917679437
83.5905467885554
85.47947887415508
87.39604911355153
89.3404782368043
91.31298391647125
93.31378065750533
95.34307970523255
97.4010889594416
99.48801289896969
101.60405251636193
103.74940526280974
105.92426500350804
108.12882198355452
110.3632628044742
112.62777041152266
114.9225240977231
117.24769948005968
119.60346858452972