0.
0.
0.
0.
1.9859446137283985e-12
1.9859446137283985e-12
1.241215383580249e-13
5.0889830726790214e-12
1.0438621375909895e-10
1.1551991574981377e-9
8.555573517480299e-9
4.631607615983535e-8
1.965846854237467e-7
6.883035788105913e-7
2.064097492112452e-6
5.453755173251736e-6
0.000012975310384105144
0.000028272374466264783
0.000057184017056396436
0.00010852978454713103
0.0001949852740228175
0.00033401775098945637
0.0005488509343008106
0.0008694311808031041
0.0013333685902299239
0.001986836802325033
0.002885418365801765
0.004094887698248202
0.005691931278763374
0.007764806877306932
0.010413947806523454
0.013752519326575556
0.017906936599358592
0.02301735270919281
0.02923812565012785
0.03673827148002594
0.04570190977327594
0.05632870499077772
0.06883430585380385
0.08345078195255763
0.10042705481183556
0.12002931836142694
0.14254144664483362
0.16826534487159617
0.1975213395289308
0.23064841441223952
0.2680044759908773
0.30996649729753484
0.35693059736143057
0.40931201965261965
0.4675450065405052
0.5320825588753832
0.6033960652506889
0.6819748176915518
0.7683253769928233
0.8629707842890101
0.966449638024579
1.0793149975113285
1.2021331149692833
1.3354819797326003
1.4799496574748376
1.6361324039211533
1.8046325301491144
1.9860559952819965
2.181016827306375
2.3901117038108235
2.61392180737614
2.8530700579659207
3.1081207495849483
3.3796344073454576
3.668150449910004
3.9741831676125323
4.298217985828742
4.640708388172827
5.002072697000491
5.382693902733641
5.782917648753793
6.2030534279355605
6.643375938047771
7.104127473314611
7.585521021966791
8.087743847757244
8.610961327356593
9.155320833738392
9.720955491062934
10.307987670330144
10.916532139799568
11.546698824201492
12.198595159427915
12.872328053506383
13.568005480623649
14.285737744513751
15.02563845142504
15.78782523358056
16.572420261874587
17.379550583363454
18.20934831499978
19.061950721800724
19.93750020193878
20.83614418551195
21.758035000199826
22.70332969638625
23.67218978380768
24.664781011220708
25.68127309521721
26.721839444671946
27.78665687894283
28.875905343593274
29.98976762668672
31.128429078047304
32.29207733343137
33.48090204518588
34.69509462063081
35.934847970154685
37.20035625985009
38.49181468437416
39.809419240521706
41.153366516940096
42.52385349438994
43.921077357842556