0.
0.
0.
0.
1.9859446137283985e-12
1.9859446137283985e-12
1.241215383580249e-13
5.833712302827171e-12
1.161777599031113e-10
1.2729904973999035e-9
9.346351838359274e-9
5.0226649347343285e-8
2.1185784071870168e-7
7.378258384277528e-7
2.202381049754051e-6
5.795627842969701e-6
0.000013739375515741783
0.000029842279198609378
0.000060187994984434286
0.00011393930553478581
0.0002042312762039666
0.0003491223494835642
0.0005725728495786826
0.0009054198299912892
0.0013863269114824336
0.0020626878182322833
0.002991474443712302
0.004240020539432102
0.005886741569965061
0.008021793203650714
0.010747674435533676
0.014179783629017124
0.018446936358368124
0.02369185440227439
0.030071634544067985
0.03775820451432298
0.046938771929026436
0.05781626986790353
0.07060980066613717
0.08555507692973711
0.10290485657830474
0.12292936636497481
0.14591670966904124
0.17217404949883575
0.20202386092636354
0.23581241935852335
0.27390180498135264
0.31667416488438604
0.3645309501147275
0.41789287765452726
0.4771997844257527
0.5429103590946989
0.6155017465287929
0.6954690374418446
0.7833245764116299
0.8795971554538149
0.9848310336250238
1.0995847913970505
1.2244300044821443
1.359949722215901
1.506736731747212
1.6653915866704863
1.836520375663213
2.0207322067304236
2.218644927852947
2.430839270649238
2.657940813710264
2.9005307928511863
3.159184805503067
3.434460103320934
3.7268914017258354
4.036986852614582
4.365224361776975
4.712048669457307
5.0778682011524925
5.463055423638321
5.867944876080379
6.292834826005659
6.737988919179033
7.203638859534611
7.68998774360616
8.197213816455154
8.725474418235239
9.274909915907907
9.845647454850257
10.43780441122421
11.05149147116886
11.686815301812207
12.343880810016898
13.022793005444909
13.723658502826078
14.446586697358176
15.191690660593451
15.959087794995677
16.748900287028935
17.56125539364889
18.396285592857353
19.254128627473378
20.135508669436796
21.0388301205814
21.96598962147937
22.916563688407727
23.8907145239959
24.88860856879783
25.910416221246592
26.95631155523196
28.026472032936685
29.12107821640805
30.240313480674054
31.38436373067689
32.55341712379131
33.74766379935104
34.967295616358435
36.21250590130667
37.483489200652606
38.78044105414612
40.103557768645935
41.45303620846679
42.82907359634795
44.23186732634546