1.9859446137283985e-12
1.9859446137283985e-12
1.9859446137283985e-12
1.9859446137283985e-12
1.9859446137283985e-12
1.9859446137283985e-12
1.9859446137283985e-12
1.9859446137283985e-12
1.9859446137283985e-12
1.9859446137283985e-12
1.9859446137283985e-12
1.9859446137283985e-12
1.9859446137283985e-12
3.971889227456797e-12
1.9859446137283985e-12
1.9859446137283985e-12
1.9859446137283985e-12
1.9859446137283985e-12
1.9859446137283985e-12
3.971889227456797e-12
3.971889227456797e-12
1.9859446137283985e-12
1.9859446137283985e-12
1.9859446137283985e-12
0.
3.971889227456797e-12
5.9578338411851955e-12
2.1100661520864233e-12
2.482430767160498e-13
6.702563071333345e-12
7.943778454913594e-12
7.199049224765445e-12
1.7252893831765463e-11
3.773294766083957e-11
7.459704455317297e-11
1.6086151371200028e-10
3.358728827968154e-10
6.760900194361616e-10
1.3269833665856443e-9
2.506510345601955e-9
4.624892640758366e-9
8.278037757711755e-9
1.4458669760249605e-8
2.4665183859429994e-8
4.114827591029899e-8
6.724296752699834e-8
1.0776864980089348e-7
1.6959271920625717e-7
2.623308713196856e-7
3.9927118567317394e-7
5.985057418193261e-7
8.843237594778857e-7
1.2889798339711841e-6
1.8547889836700858e-6
2.6366248441965203e-6
3.7049714446870905e-6
5.149437833273219e-6
7.0829320361730515e-6
9.646413671395187e-6
0.000013014529190701667
0.000017401816218824342
0.00002306997062129266
0.000030335914900913086
0.000039580869868643076
0.00005126050145523031
0.00006591608904311262
0.0000841869808145491
0.00010682411282133504
0.00013470487018071105
0.00016884925229215412
0.00021043736950591093
0.0002608282762081341
0.0003215803112379811
0.0003944728036416341
0.0004815292753320732
0.0005850421608864127
0.0007075989435699903
0.0008521099215727403
0.0010218374737578728
0.0012204265209492095
0.0014519372277364089
0.0017208785070983016
0.0020322434193691436
0.002391545937286521
0.002804859251015181
0.0032788555387979887
0.003820847224334669
0.00443882958981599
0.005141524943456098
0.005938428077640598
0.006839853177186577
0.007856982145567078
0.009001914115255047
0.010287716552160204
0.011728477444391658
0.013339358967694493
0.015136652368270364
0.017137834195543978
0.019361623764973995
0.021828042004570863
0.024558471462571622
0.027575717750952668
0.030904072159408644
0.034569375723663365
0.03859908452097042
0.04302233636011923
0.047870018860609403
0.053174838948796516
0.05897139376343803
0.06529624312839769
0.07218798345026521
0.0796873232844177
0.08783716048077583
0.09668266107197832
0.10627133984774725
0.11665314282521022
0.12788053154989074
0.14000856970982783
0.15309501034014172
0.1672003879517492