0.0008352250126034464
0.0014453348981445257
0.0023795717081935026
0.0037542478722884186
0.005709424095929261
0.008410260957369728
0.012048235463650657
0.01684229475508596
0.02304000696190399
0.03091875189844134
0.0407869727331595
0.05298548730874216
0.06788883422528408
0.08590660681083147
0.10748470827586254
0.13310644509296815
0.16329336450991072
0.19860573685551255
0.23964258490010923
0.28704117123396866
0.3414758695725501
0.4036563664773267
0.474325163311149
0.5542543722811557
0.6442418211311703
0.745106495488056
0.8576833523367382
0.9828175308981935
1.1213579676308365
1.2741503935965552
1.4420296610738284
1.6258113252620083
1.8262824129069877
2.044191365279453
2.280237269437136
2.5350587002093965
2.809222773009817
3.1032153013947745
3.417433168507896
3.752180042156929
4.107666305440479
4.484013539254251
4.881263221420813
5.299388662373236
5.7383088207083475
6.197902566141521
6.678022176608621
7.178505233829716
7.699184488170327
8.239895602894764
8.800482920383237
9.380803519298547
9.980729876974953
10.600151443300266
11.238975396886467
11.897126807685808
12.574548383446883
13.271199935790676
13.987057666812715
14.722113349531275
15.476373454262015
16.24985825709431
17.0426009548065
17.854646802171413
18.686052281531044
19.536884310223783
20.407219488561825
21.297143389100174
22.206749886577086
23.13614052715409
24.08542393507285
25.05471525457641
26.044135624919164
27.053811686202017
28.083875113955965
29.134462180431782
30.205713340741337
31.297772842138002
32.410788354876836
33.54491062325036
34.70029313553996
35.877091811749416
37.07546470815383
38.29557173772738
39.53757440573964
40.80163555978671
42.08791915368885
43.39659002474045
44.72781368384722
46.0817561181738
47.45858360597232
48.85846254328475
50.28155928229508
51.72803998110206
53.19807046474401
54.69181609729659
56.20944166494826
57.751111269889066
59.316988234941356
60.907235018836154
62.52201314203612
64.16148312305504
65.82580442515736
67.51513541343495