0.0009643231422294102
0.001655670379134394
0.0027068710992875604
0.0042440310786171455
0.006418221281151457
0.009406819571267811
0.013414738552497923
0.018675614610905264
0.025453017469298404
0.0340417186366178
0.04476903275961167
0.05799622077685999
0.0741199185692243
0.09357353155122324
0.11682851506562801
0.14439544513169048
0.17682477376913952
0.214707160675756
0.25867327764273434
0.3093929945377069
0.3675738749216615
0.4339589333147382
0.5093236324555451
0.5944721236467285
0.6902327529904071
0.7974528663109735
0.9169929435090498
1.0497200767989385
1.1965007788642807
1.3581930720404476
1.535637780049437
1.7296489378949316
1.9410032778024584
2.170428865766444
2.4185931734669035
2.6860911687100266
2.973434346081972
3.281041898234234
3.6092353117366254
3.9582374452750146
4.328176589860603
4.719095255028707
5.130962671973307
5.563689526684905
6.017143313076088
6.491162920889981
6.9855714970807155
7.500187084356372
8.034830931458798
8.589333635957656
9.163539423612034
9.757308917311713
10.370520737251653
11.003072231496235
11.654879582505453
12.325877481951132
13.016018519553755
13.725272392982859
14.453625015860563
15.20107757772673
15.967645592877124
16.753357962513107
17.558256065786956
18.382392889033653
19.22583219821239
20.088647756546287
20.97092258752431
21.872748282067157
22.79422434796181
23.73545759924292
24.69656158300785
25.677656041066804
26.678866403994277
27.700323315135247
28.742162182384277
29.804522755691476
30.887548728399228
31.991387360747943
33.11618912401428
34.26210736394612
35.42929798224965
36.617919135603714
37.82813094782914
39.06009524453195
40.31397529264803
41.58993556108973
42.88814149186884
44.208759284543454
45.55195569317081
46.9178978353289
48.30675301299623
49.71868854494534
51.153871610508254
52.61246910446902
54.0946475029584
55.60057274020048
57.13041009598628
58.684324093804776
60.26247840949845
61.86503579039939
63.49215798485692
65.14400568209896
66.82073846234898
68.52251475715858