0.0010480431352429688
0.0017912498552269801
0.0029167181830005297
0.004556568042895599
0.0068686119956290915
0.010037694059016408
0.014276928573361942
0.019828915611230107
0.0269669909862193
0.03599654598688592
0.04725642602825956
0.06112039053015478
0.07799859047125876
0.09833899578471239
0.12262868438312444
0.1513948893531242
0.18520569194601794
0.22467024686880702
0.27043843331040107
0.3231998400182928
0.38368201446496236
0.45264793221922717
0.5308926703787942
0.6192392937286902
0.7185339804000764
0.8296404205794974
0.9534335144203542
1.0907923734231537
1.242592595414066
1.40969774668313
1.5929499597320453
1.7931595659792394
2.0110937565796343
2.2474644303854925
2.5029156572028555
2.7780115350050307
3.0732255739308614
3.388932965117282
3.7254070405372
4.082820812860976
4.4612537477404315
4.860703082190403
5.281098299418012
5.722317055467558
6.184200925881977
6.666569722969626
7.169233636100421
7.692002916415721
8.23469517540006
8.79714057449179
9.379185272376969
9.98069350582042
10.601548643347504
11.241653495522879
11.900930106878008
12.579319200998011
13.27677940562271
13.99328634911519
14.728831692427113
15.483422140645562
16.25707846327356
17.049834542041125
17.861736457545994
18.692841620896257
19.543217953071846
20.41294311243704
21.302103769276247
22.210794925451204
23.139119276613254
24.08718661433002
25.055113265283907
26.043021564862638
27.05103936251963
28.079299556488664
29.12793965560554
30.19710136619848
31.286930202176688
32.397575116715686
33.52918815397715
34.68192411959784
35.85594026876734
37.05139601134586
38.26845262969408
39.50727301871841
40.76802143028568
42.05086323855926
43.35596471544469
44.68349281914516
46.033614994910685
47.40649898771254
48.80231266650202
50.221223859848855
51.66340020275499
53.12900899444468
54.61821706701475
56.13119066481686
57.66809533442666
59.22909582517112
60.814356000071875
62.42403875717669
64.05830596118419
65.71731838532129
67.40123566340021
69.11021625201131