 0.55951858970545E-08
 0.57205568445501E-08
 0.10310650703048E-07
 0.15242592565779E-07
 0.16387915478723E-07
 0.24853354803594E-07
 0.36756535863122E-07
 0.53460691539530E-07
 0.59527860929419E-07
 0.79921219078090E-07
 0.11269588546514E-06
 0.13512399058810E-06
 0.18219852099113E-06
 0.22810115863214E-06
 0.27999688598554E-06
 0.34994954566717E-06
 0.45125379723769E-06
 0.54393654634472E-06
 0.66584432752698E-06
 0.80644135974785E-06
 0.97295270049883E-06
 0.11550101007261E-05
 0.13383795236876E-05
 0.15198720335016E-05
 0.17395877167143E-05
 0.19270631551703E-05
 0.21375611226524E-05
 0.22928507768701E-05
 0.23968272592075E-05
 0.24113130240269E-05
 0.22856101711974E-05
 0.19388392364676E-05
 0.12973993568399E-05
 0.22727498476861E-06
-0.13974480052671E-05
-0.35975383742235E-05
-0.64364730852755E-05
-0.96647572145920E-05
-0.13015636152384E-04
-0.15869878839698E-04
-0.17497742654132E-04
-0.16846095042293E-04
-0.14615332311350E-04
-0.97703699661569E-05
-0.34594693694806E-05
 0.31562390328784E-05
 0.89001951574590E-05
 0.12859252803028E-04
 0.14723736860383E-04
 0.14673340448919E-04
 0.13201916145889E-04
 0.10933021897012E-04
 0.83982216326397E-05
 0.59607115707515E-05
 0.38783368605681E-05
 0.22243079597502E-05
 0.95273258259953E-06
 0.93186782939581E-07
-0.51378260980649E-06
-0.88026946012491E-06
-0.10974006626761E-05
-0.11794564946410E-05
-0.11772847072815E-05
-0.10992967895495E-05
-0.10582994917348E-05
-0.96005224032531E-06
-0.90242479582710E-06
-0.77787445565849E-06
-0.72458003709057E-06
-0.64538062759440E-06
-0.55722695433704E-06
-0.49083554940117E-06
-0.42424014314293E-06
-0.36461292244289E-06
-0.33477370571769E-06
-0.29195501712431E-06
-0.26839164838662E-06
-0.21852021459589E-06
-0.20197186241603E-06
-0.17449309205081E-06
-0.18219199026707E-06
-0.14845157110861E-06
 0.37503098774245E-05
 0.24321144475588E-05
-0.11100905343963E-06
-0.84349184342040E-07
-0.72642255435866E-07
-0.88818880099207E-07
-0.57902522656418E-07
-0.63080791599333E-07
-0.45239622373180E-07
-0.53656958904265E-07
-0.20798827534632E-07
-0.37604132568603E-07
-0.42909959208718E-07
-0.29512487800430E-07
-0.34996841829558E-07
-0.14019992751948E-07
-0.29626158969162E-07
-0.13786935351325E-07
-0.38567412393137E-07
-0.36503159496570E-07
 0.42400920398731E-09
 0.30812587414148E-08
