 0.42283067458087E-08
 0.44036767596675E-08
 0.45745829664105E-08
 0.47582299405745E-08
 0.49397379436911E-08
 0.51299736475356E-08
 0.53166059986213E-08
 0.55229757688447E-08
 0.57243159735822E-08
 0.59262115502404E-08
 0.61504931173306E-08
 0.63648815648033E-08
 0.65934644643438E-08
 0.68259936399483E-08
 0.70496279982713E-08
 0.73017390260582E-08
 0.75412220959944E-08
 0.77905936537282E-08
 0.80576899560285E-08
 0.83154987896332E-08
 0.85808106176073E-08
 0.88545504971678E-08
 0.91364378283853E-08
 0.94190406114945E-08
 0.97102008774154E-08
 0.10005302697824E-07
 0.10314876384458E-07
 0.10619405222874E-07
 0.10939456135497E-07
 0.11261418729405E-07
 0.11589388994323E-07
 0.11921846133531E-07
 0.12261770373349E-07
 0.12618650775573E-07
 0.12968415945246E-07
 0.13331505258142E-07
 0.13695829990761E-07
 0.14073070209144E-07
 0.14454143408387E-07
 0.14838781521768E-07
 0.15241293098844E-07
 0.15643163000376E-07
 0.16055109756920E-07
 0.16472843554027E-07
 0.16891602644330E-07
 0.17322146519496E-07
 0.17760178757346E-07
 0.18208389954266E-07
 0.18660136342272E-07
 0.19127247720554E-07
 0.19596393044170E-07
 0.20074292197614E-07
 0.20558550605222E-07
 0.21052305661698E-07
 0.21555923653606E-07
 0.22068413943808E-07
 0.22591222400215E-07
 0.23107258143514E-07
 0.23648888017178E-07
 0.24191224811764E-07
 0.24743140705330E-07
 0.25306626370801E-07
 0.25881305291774E-07
 0.26456276824003E-07
 0.27049234328732E-07
 0.27651147241203E-07
 0.28253647390346E-07
 0.28873888440869E-07
 0.29501322872591E-07
 0.30142628405429E-07
 0.30784073617389E-07
 0.31447134130530E-07
 0.32111759207010E-07
 0.32799177767060E-07
 0.33486442561283E-07
 0.34184784753539E-07
 0.34889790686588E-07
 0.35613155969796E-07
 0.36350979316331E-07
 0.37097370991965E-07
 0.37850343970717E-07
 0.38615823291289E-07
 0.39394080833529E-07
 0.40188250104381E-07
 0.40995150631195E-07
 0.41806732793813E-07
 0.42633352791197E-07
 0.43471126671046E-07
 0.44324313374398E-07
 0.45191122530513E-07
 0.46073265972171E-07
 0.46962649892526E-07
 0.47866754929928E-07
 0.48786132063751E-07
 0.49719677625927E-07
 0.50664845642186E-07
 0.51634051132834E-07
 0.52602690004518E-07
 0.53597273536032E-07
 0.54599273614116E-07
 0.55614984461927E-07
 0.56656806253495E-07
 0.57697648981048E-07
 0.58768857540156E-07
 0.59846291724231E-07
 0.60953284869922E-07
 0.62070243661586E-07
 0.63193134110687E-07
 0.64342082622420E-07
 0.65505685799351E-07
 0.66687827652620E-07
 0.67885826282663E-07
 0.69099000957967E-07
 0.70337863771598E-07
 0.71576920590464E-07
 0.72854318334919E-07
 0.74137478391449E-07
 0.75444226924119E-07
 0.76769368745883E-07
 0.78114292851580E-07
 0.79474846124599E-07
 0.80856955869433E-07
 0.82262373990068E-07
 0.83682576340602E-07
 0.85131382634785E-07
 0.86590116596410E-07
 0.88070505720827E-07
 0.89578546677026E-07
 0.91097690575468E-07
 0.92645888007249E-07
 0.94213144786094E-07
 0.95803986899632E-07
 0.97414103001049E-07
 0.99048172411549E-07
 0.10070529857407E-06
 0.10237757130327E-06
 0.10409071825107E-06
 0.10581219398234E-06
 0.10756691404985E-06
 0.10932482863080E-06
 0.11112621765709E-06
 0.11294668633551E-06
 0.11478834556520E-06
 0.11665099354798E-06
 0.11854527528852E-06
 0.12046152063922E-06
 0.12240363659387E-06
 0.12437523988846E-06
 0.12636978446473E-06
 0.12838997377243E-06
 0.13043687132860E-06
 0.13250355064942E-06
 0.13459982759359E-06
 0.13672374745342E-06
 0.13887165315415E-06
 0.14105388161007E-06
 0.14325944384331E-06
 0.14548540774769E-06
 0.14774142881116E-06
 0.15003397054998E-06
 0.15234626217591E-06
 0.15469393559647E-06
 0.15706115096664E-06
 0.15946771775458E-06
 0.16188383750164E-06
 0.16434283712733E-06
 0.16683222849531E-06
 0.16934362707128E-06
 0.17188641669778E-06
 0.17446093966249E-06
 0.17706306598930E-06
 0.17969149950897E-06
 0.18235411776305E-06
 0.18503858183070E-06
 0.18776377712009E-06
 0.19051400570588E-06
 0.19328773019468E-06
 0.19610417724297E-06
 0.19894161284923E-06
 0.20181518230691E-06
 0.20471573843190E-06
 0.20764602704080E-06
 0.21060246599149E-06
 0.21360402640114E-06
 0.21661757907672E-06
 0.21967251361898E-06
 0.22276654642113E-06
 0.22587615853858E-06
 0.22902002385533E-06
 0.23220416876581E-06
 0.23540718889896E-06
 0.27026621618101E-06
 0.24191715202793E-06
 0.24521004771689E-06
 0.24853631246003E-06
 0.25190368176733E-06
 0.25529730709208E-06
 0.25871903065144E-06
 0.26217044985288E-06
 0.26565009622999E-06
 0.26916567544988E-06
 0.27271231532896E-06
 0.27628778418315E-06
 0.27988898082896E-06
 0.28352007200037E-06
 0.28718239348980E-06
 0.29088139355637E-06
 0.29461357360009E-06
 0.29835928725051E-06
 0.30213990353185E-06
 0.30594852265362E-06
 0.30979432593702E-06
 0.31366348458771E-06
 0.31756248937619E-06
 0.32149651321755E-06
 0.32545032118873E-06
 0.32943167584025E-06
 0.33344064213672E-06
 0.33747500686771E-06
 0.34153928475544E-06
 0.34563379078503E-06
 0.34976376850539E-06
 0.35391152078738E-06
 0.35807785581206E-06
 0.36227163389188E-06
 0.36650204407595E-06
 0.37074671157146E-06
 0.37502724357241E-06
 0.37932771079669E-06
 0.38365337037718E-06
 0.38799617139040E-06
 0.39236918804353E-06
 0.39675694746054E-06
 0.40117731940619E-06
 0.40562091701462E-06
 0.41007410913175E-06
 0.41455804369926E-06
 0.41906023950759E-06
 0.42358987724876E-06
 0.42813642522197E-06
 0.43269606470881E-06
 0.43728356724794E-06
 0.44188647785452E-06
 0.44650511012105E-06
 0.45114594728781E-06
 0.45580561189730E-06
 0.46047065150397E-06
 0.46516139965829E-06
 0.46986099494750E-06
 0.47458111672939E-06
 0.47931618300155E-06
 0.48406013672966E-06
 0.48882182500443E-06
 0.49358749030485E-06
 0.49837457444562E-06
 0.50316783982590E-06
 0.50797442926303E-06
 0.51277897632921E-06
 0.51760721889082E-06
 0.52243095752128E-06
 0.52726886610133E-06
 0.53211558066259E-06
 0.53696678350206E-06
 0.54181401273434E-06
 0.54667436455454E-06
 0.55154127496548E-06
 0.55640763187049E-06
 0.56126661192502E-06
 0.56613685741283E-06
 0.57100132682211E-06
 0.57586245325292E-06
 0.58072451074253E-06
 0.58557799849889E-06
 0.59043735211184E-06
 0.59528040442124E-06
 0.60012368027164E-06
 0.60495888745949E-06
 0.60978382093168E-06
 0.61460014080486E-06
 0.61940087041430E-06
 0.62419346568706E-06
 0.62896675328635E-06
 0.63373407081170E-06
 0.63847991182470E-06
 0.64320187351668E-06
 0.64791535690210E-06
 0.65260702258684E-06
 0.65726476261517E-06
 0.66191114904395E-06
 0.66652606381323E-06
 0.67112696036518E-06
 0.67569033522425E-06
 0.68022822904906E-06
 0.68473046652637E-06
 0.68919963346135E-06
 0.69363751849200E-06
 0.69803234428509E-06
 0.70239512154018E-06
 0.70671600477477E-06
 0.71099182973844E-06
 0.71522536680381E-06
 0.71941425154816E-06
 0.72355512964947E-06
 0.72764022848451E-06
 0.73167574798804E-06
 0.73565926419352E-06
 0.73958090420872E-06
 0.74344981153391E-06
 0.74724830825572E-06
 0.75098304065950E-06
 0.75465444562709E-06
 0.75825054103135E-06
 0.76178540870442E-06
 0.76523962933629E-06
 0.76861491283515E-06
 0.77191021352518E-06
 0.77512149617446E-06
 0.77824237245862E-06
 0.78128258491314E-06
 0.78422460028975E-06
 0.78707030431080E-06
 0.78981682846649E-06
 0.79246660024805E-06
 0.79501281458303E-06
 0.79744251679099E-06
 0.79976125300004E-06
 0.80196828975823E-06
 0.80405373107612E-06
 0.80601576485821E-06
 0.80785270346396E-06
 0.80955072606862E-06
 0.81112583466026E-06
 0.81256027893180E-06
 0.81384379850823E-06
 0.81499018880200E-06
 0.81598213964045E-06
 0.81681692198518E-06
 0.81750113684554E-06
 0.81801663520278E-06
 0.81836380001152E-06
 0.81854720919182E-06
 0.81855073278780E-06
 0.81837086298468E-06
 0.81801244569670E-06
 0.81746067423212E-06
 0.81671240853918E-06
 0.81577138776215E-06
 0.81462672096133E-06
 0.81327711292639E-06
 0.81170872257299E-06
 0.80993168416075E-06
 0.80793676950530E-06
 0.80571138262736E-06
 0.80325805666645E-06
 0.80057167822802E-06
 0.79764478643882E-06
 0.79447860495426E-06
 0.79106427925249E-06
 0.78739815191061E-06
 0.78347588983270E-06
 0.77930108142941E-06
 0.77485284222285E-06
 0.77014651698480E-06
 0.76516432853412E-06
 0.75991148632241E-06
 0.75437213305475E-06
 0.74855672869740E-06
 0.74245999445708E-06
 0.73607310182778E-06
 0.72938372470853E-06
 0.72241691008588E-06
 0.71514355584975E-06
 0.70758048837454E-06
 0.69971825702062E-06
 0.69153980198155E-06
 0.68306479254537E-06
 0.67428894104614E-06
 0.66519690814200E-06
 0.65580123698558E-06
 0.64609719015658E-06
 0.63608175808169E-06
 0.62576123565682E-06
 0.61512894633723E-06
 0.60418927672633E-06
 0.59294098359064E-06
 0.58139172087801E-06
 0.56953808700449E-06
 0.55737586743686E-06
 0.54492291731701E-06
 0.53216504726287E-06
 0.51912020366674E-06
 0.50578331530021E-06
 0.49215759230199E-06
 0.47825988252429E-06
 0.46407423988860E-06
 0.44962737966497E-06
 0.43490549094987E-06
 0.41992012229632E-06
 0.40470031404216E-06
 0.38922074333515E-06
 0.37350169472075E-06
 0.35755773575758E-06
 0.34138508421886E-06
 0.32499851740200E-06
 0.30841049918024E-06
 0.29155057039070E-06
 0.27465986570931E-06
 0.25770307783011E-06
 0.24014306757987E-06
 0.22246954156175E-06
 0.20504369078559E-06
 0.18759633972994E-06
 0.16965967883979E-06
 0.15140532300507E-06
 0.13331117712256E-06
 0.11545972611777E-06
 0.97103162473415E-07
 0.78830337326700E-07
 0.60511117226361E-07
 0.42168155154482E-07
 0.23807243131939E-07
 0.54419498123176E-08
-0.12907060688671E-07
-0.31236354837117E-07
-0.49516193726081E-07
-0.67749522379131E-07
-0.85898607788484E-07
-0.10397976769300E-06
-0.12195654945190E-06
-0.13982566282733E-06
-0.15756790542367E-06
-0.17516826142909E-06
-0.19262055268321E-06
-0.20990221907084E-06
-0.22700328933303E-06
-0.24391558142252E-06
-0.26062154786665E-06
-0.27710931281858E-06
-0.29336886752222E-06
-0.30937619813725E-06
-0.32514091006662E-06
-0.34063596637310E-06
-0.35585376343787E-06
-0.37078565705443E-06
-0.38542172430712E-06
-0.39975339551275E-06
-0.41377138381297E-06
-0.42745616888751E-06
-0.44081768666675E-06
-0.45384556153976E-06
-0.46651626696525E-06
-0.47883937722339E-06
-0.49079838147242E-06
-0.50239490556408E-06
-0.51362433022359E-06
-0.52447874653501E-06
-0.53495126217907E-06
-0.54504730263224E-06
-0.55475903819129E-06
-0.56408034514984E-06
-0.57301572522464E-06
-0.58155352273009E-06
-0.58971180234864E-06
-0.59747248681145E-06
-0.60484255626040E-06
-0.61182308926822E-06
-0.61841470310506E-06
-0.62461404639049E-06
-0.63043455191637E-06
-0.63587092183487E-06
-0.64092003815069E-06
-0.64559943552972E-06
-0.64990436075220E-06
-0.65383603501993E-06
-0.65740596230527E-06
-0.66061683997726E-06
-0.66347238726108E-06
-0.66598514435372E-06
-0.66814422273353E-06
-0.66997280332470E-06
-0.67146253320548E-06
-0.67263221713982E-06
-0.67348723725736E-06
-0.67402540270535E-06
-0.67426040420962E-06
-0.67420067897505E-06
-0.67385140378535E-06
-0.67321497082959E-06
-0.67230797401913E-06
-0.67113585759149E-06
-0.66970170906502E-06
-0.66802063171051E-06
-0.66609397687353E-06
-0.66393287155174E-06
-0.66154124031293E-06
-0.65893495132629E-06
-0.65611843533946E-06
-0.65309169684248E-06
-0.64987698689804E-06
-0.64646774833678E-06
-0.64288245038310E-06
-0.63912548643096E-06
-0.63520876915350E-06
-0.63112762296976E-06
-0.62689867125390E-06
-0.62253193899652E-06
-0.61803290089989E-06
-0.61339717440777E-06
-0.60864905233645E-06
-0.60378647116272E-06
-0.59881471409801E-06
-0.59374405594831E-06
-0.58858214034549E-06
-0.58333295838683E-06
-0.57800279710369E-06
-0.57259798960908E-06
-0.56712563676488E-06
-0.56159051876035E-06
-0.55599702095073E-06
-0.55035108509523E-06
-0.54466074515418E-06
-0.53892787008302E-06
-0.53316053135121E-06
-0.52736000191981E-06
-0.52153081787162E-06
-0.51568845075225E-06
-0.50982049084605E-06
-0.50393905917901E-06
-0.49805188636072E-06
-0.49215662910641E-06
-0.48625895726428E-06
