0.00040791482081556693
0.0007343049567255876
0.0012522638684393458
0.0020390459787236674
0.003190370729568144
0.004821936019933667
0.007070773241827898
0.010096490195160951
0.014082449147111344
0.01923691938637763
0.025794232241366687
0.03401594822741465
0.044192028040037745
0.05664197800558423
0.07171592221043872
0.08979553613628292
0.1112947646458509
0.13666024014864003
0.16637131678001074
0.2009396439545831
0.24090821756009684
0.28684986841003385
0.3393651743396151
0.399079812225325
0.46664139601615284
0.5427158752361922
0.6279835904381479
0.7231350974433639
0.8288668769220993
0.9458770404859873
1.074861128838959
1.2165080721079735
1.37149635089764
1.5404903611605973
1.7241369503502793
1.9230620616373661
2.1378674003688176
2.3691270286700896
2.6173838037587256
2.8831456088915677
3.1668813847925543
3.4690170534243197
3.789931528482148
4.129953111191843
4.489356652911092
4.868361897643343
5.267133374460912
5.685782082430548
6.124369015863711
6.582910354960647
7.061383948208413
7.559736583964497
8.07789151137528
8.615755720453295
9.173226600976697
9.75019773528391
10.34656371075822
10.962223944097524
11.59708558379658
12.251065600563116
12.924092193705704
13.616105642179676
14.327058719049296
15.056916772699108
15.805657561083162
16.573270908836903
17.359758242115934
18.165132043679513
18.98941526015099
19.832640685337086
20.694850336841352
21.576094838344545
22.476432816112933
23.39593031540648
24.334660240486922
25.292701820290045
26.27014010079988
27.267065464405285
28.28357317587604
29.319762954465496
30.375738571148847
31.451607470147014
32.54748041361981
33.663471148503014
34.799696094490244
35.95627405213292
37.133325930132386
38.33097449095848
39.54934411395819
40.78856057524112
42.048750843611316
43.330042891946654
44.632565523447866
45.956448212233035
47.30182095782376
48.66881415304913
50.05755846504983
51.468184728972126
52.900823854051545
54.3556067418015
55.83266421603858
57.3321269644874
58.85412549175422
60.39879008345022