0.0031320327239116133
0.005048789826114283
0.007806819329444482
0.011649966830729407
0.016861261118951535
0.023765170253261813
0.0327300437604949
0.044170698053920925
0.058551025647089194
0.07638643614004131
0.09824587668733782
0.12475313817282126
0.15658713978418423
0.19448090410021887
0.23921899414749667
0.2916332783480349
0.35259701629630247
0.42301739936792343
0.5038268183434683
0.5959732379891962
0.7004101153624294
0.8180862866577031
0.9499361627255568
1.0968704265805307
1.2597672402395361
1.4394637780892412
1.6367477515980864
1.8523485242584217
2.0869274841785717
2.341067592136765
2.6152624672089773
2.909905965601029
3.225283795846569
3.5615690448958737
3.9188232987177396
4.297004221241541
4.6959791992730295
5.115543423502867
5.555440030535922
6.015379895445333
6.495059214560289
6.994173830516717
7.512430012762378
8.049551943978727
8.605286446085078
9.179405563212146
9.771707580848503
10.382016965654147
11.010183601957289
11.656081601620427
12.319607881980511
13.000680643859967
13.699237835788054
14.415235657878702
15.148647136682763
15.899460787208973
16.667679368741936
17.453318734832113
18.25640677423414
19.076982437446176
19.915094842547266
20.77080245358775
21.644172325049645
22.535279405981097
23.44420589803085
24.371040662076908
25.31587866858422
26.278820487448392
27.25997181344481
28.259443023983327
29.277348766055756
30.313807569909176
31.368941487012233
32.44287575032389
33.53573845516982
34.64766025907053
35.77877409926585
36.929214926690975
38.09911945542155
39.28862592666596
40.49787388655456
41.72700397699629
42.97615773909377
44.24547742852658
45.53510584251137
46.84518615794762
48.17586178038432
49.527276203567844
50.89957287928343
52.29289509729851
53.70738587521024
55.14318785803002
56.60044322736765
58.079293620114285
59.57988005645976
61.10234287721501
62.646821690288796
64.2134553262965
65.80238180318584
67.4137382998421
69.04766113859733
70.70428577658204
72.38374680587678
74.08617796238231