0.006879917592421184
0.010649874015274511
0.015892765886528222
0.022987092120302244
0.032366708973310634
0.04452477208310731
0.06001778623551094
0.07946940182032594
0.10357348060690204
0.13309587540235077
0.16887434513081614
0.2118160819471572
0.2628924697607599
0.32313092394021553
0.3936039559004522
0.475415916536048
0.569688130462738
0.6775432675109682
0.8000897552490636
0.9384068016526302
1.09353021007711
1.2664387149164655
1.4580401748460525
1.6691567853210207
1.9005086839846557
2.1526960638132415
2.4261811913212235
2.7212732614418753
3.0381201148246784
3.3767106036705385
3.736889362659064
4.118382530272665
4.520830097826273
4.943819419513052
5.386915243785983
5.849683583818699
6.331708734831285
6.832604106715984
7.352018163076567
7.889636844546076
8.44518366269608
9.018418370064946
9.609134844279952
10.217158608666498
10.842344254259897
11.484572919592004
12.143749913553254
12.819802521551418
13.512678007872255
14.222341811464231
14.948775923576662
15.69197743196898
16.45195721469228
17.22873876692604
18.022357145135423
18.832858014311967
19.66029678552887
20.50473783262013
21.366253778116402
22.244924839919396
23.14083823140184
24.054087608460694
24.984772558184204
25.93299812430111
26.898874365421797
27.8825159425864
28.884041733097373
29.903574468083843
30.94124039154597
31.99716893901693
33.07149243414757
34.164345801840184
35.275866296666855
36.406193245582536
37.55546780396116
38.72383272424167
39.91143213647517
41.11841134021769
42.34491660728775
43.59109499495738
44.85709416922118
46.14306223786461
47.449147593036955
48.77549876315334
50.12226427391818
51.48959251832851
52.87763163552662
54.28652939840108
55.71643310985261
57.16748950762929
58.63984467771537
60.13364397616463
61.64903195940603
63.18615232292218
64.74514784830482
66.32616035867608
67.9293306823829
69.55479862504063
71.20270294981147
72.8731813659526
74.56637052557873
76.28240602864389
78.02142243608196
79.78355329109995