4.216073540680767
4.247466917403567
4.279019111543034
4.3107299160938615
4.342599126523983
4.374626540752241
4.406811959130259
4.439155184424814
4.471656021791654
4.504314278759358
4.537129765206619
4.570102293347483
4.603231677700925
4.636517735075225
4.669960284549585
4.703559147452171
4.737314147331925
4.771225109950011
4.805291863249278
4.839514237339858
4.873892064466901
4.908425179014045
4.943113417452279
4.97795661834305
5.012954622305862
5.048107272001025
5.083414412108681
5.118875889310553
5.154491552267982
5.1902612516003215
5.226184839866081
5.2622621715472775
5.2984931030235
5.33487749255242
5.371415200258125
5.408106088104058
5.444950019874156
5.481946861155342
5.519096479323876
5.5563987435137046
5.59385352461385
5.631460695236394
5.669220129701947
5.707131704028111
5.74519529590515
5.783410784677372
5.821778051329225
5.86029697846358
5.898967450287952
5.937789352596744
5.976762572752767
6.015886999673076
6.055162523811725
6.094589037132086
6.134166433116406
6.173894606718641
6.213773454375132
6.253802873973074
6.293982764837859
6.334313027718803
6.3747935647763585
6.4154242795688345
6.4562050770219885
6.49713586343858
6.53821654646362
6.579447035079158
6.620827239590378
6.662357071356751
6.7040364437805415
6.745865271067081
6.787843468144584
6.8299709519735075
6.872247640501943
6.9146734529010745
6.95724830955873
6.999972132062986
7.042844843192001
7.085866366904454
7.129036628316577
7.172355553705267
7.215823070489584
7.259439107212016
7.303203593538842
7.347116460243511
7.39117763919273
7.435387063346222
7.479744666730908
7.524250384441029
7.568904152624865
7.613705908475924
7.658655590216312
7.703753137100202
7.748998489390009
7.794391588351667
7.839932376249548
7.8856207963316844
7.931456792821332
7.977440310915108
8.023571296760773
8.069849697456984
8.116275461052048
8.16284853651836
8.209568873756002
8.256436423583175
8.303451137722314
8.350612968799327
8.39792187033666
8.445377796735904
8.492980703280415
8.54073054612277
8.588627282282037
8.636670869627768
8.684861266886944
8.73319843362052
8.781682330233727
8.830312917956206
8.879090158844006
8.928014015767408
8.977084452411056
9.026301433261049
9.07566492360295
9.12517488951608
9.174831297869796
9.224634116307968
9.274583313256436
9.324678857914938
9.374920720241343
9.425308870960473
9.475843281545844
9.526523924230723
9.577350771987522
9.628323798533133
9.679442978321108
9.73070828653372
9.78211969908605
9.833677192612344
9.885380744471842
9.937230332730158
9.9892259361707
10.041367534285111
10.093655107265834
10.146088636001997
10.19866810208563
10.251393487799874
10.304264776110662
10.357281950676152
10.410444995836796
10.463753896608024
10.51720863868607
10.570809208436678
10.624555592898334
10.678447779777418
10.732485757442626
10.786669514921986
10.840999041910184
10.895474328750067
10.950095366445803
11.004862146647984
11.05977466165946
11.114832904428516
11.170036868548742
11.225386548253079
11.280881938419402
11.336523034562457
11.39230983283572
11.448242330019596
11.504320523536334
11.560544411433376
11.616913992391682
11.67342926571009
11.730085599140272
11.78689688979412
11.843849242291608
11.900947290620007
11.958191037196338
12.015580485060834
12.073115637871853
12.130796499896073
12.188623076022392
12.246595371749395
12.304713393189944
12.362977147066957
12.421386640717632
12.479941882083883
12.538642879717687
12.59748964277673
12.656482181031485
12.715620504851566
12.774904625215024
12.834334553701654
12.89391030249957
12.953631884396021
13.013499312853604
13.07351260172217
13.133671765664817
13.193976819873402
13.254427780143136
13.31502466286774
13.375767485039455
13.436656264247546
13.497691018682147
13.558871767129796
13.62019852897381
13.681671324198007
13.743290173379375
13.805055097690198
13.866966118903255
13.92902325938897
13.991226542104737
14.053575990611433
14.116071629062862
14.178713482205504
14.241501575386344
14.304435934543061
14.36751658621073
14.43074355751698
14.494116876183364
14.557636570530818
14.621302669468491
14.685115202505903
14.749074199741663
14.813179691875368
14.8774317101921
14.941830286579924
15.006375453515615
15.071067244075326
15.135905691924046
15.200890831324534
15.266022697136446
15.331301324806786
15.396726750385163
15.462299010510518
15.528018142418818
15.593884183942428
15.659897173505035
15.726057150128092
15.792364153425982
15.858818223610978
15.925419401487042
15.992167728457648
16.05906324651919
16.126105998261746
16.19329602687886
16.260633376149812
16.328118090455504
16.395750214771372
16.46352979467038
16.531456876318906
16.599531506480247
16.667753732516815
16.736123602381603
16.804641164630837
16.87330646773658
16.94211956277497
17.011080499435707
17.080189328657273
17.14944610197668
17.21885087152521
17.288403690034908
17.35810461083187
17.427953687839697
17.4979509755794
17.56809652917087
17.638390404323328
17.708832657356055
17.7794233451717
17.850162525280737
17.921050255784213
17.9920865953823
18.063271603370843
18.134605339646175
18.20608786469781
18.277719240892477
18.34949952739594
18.42142878772888
18.49350708477226
18.56573448199626
18.6381110434729
18.71063683386914
18.783311918448327
18.8561363630696
18.929110234185767
19.002233598849518
19.075506524706224
19.148929079998776
19.222501333560015
19.296223354826253
19.3700952138193
19.444116981162942
19.518288728070917
19.592610526353866
19.667082448413
19.74170456724519
19.816476956440606
19.891399690181352
19.96647284324172
20.04169649099129
20.117070709388216
20.19259557498272
20.2682711649161
20.344097556923185
20.42007482932789
20.49620306104173
20.572482331569514
20.648912721000787
20.72549431002014
20.80222717989676
20.879111412485212
20.956147090233348
21.033334296168917
21.110673113914096
21.188163627669827
21.265805922228378
21.343600082959174
21.421546195825197
21.4996443473646
21.57789462470661
21.656297115553517
21.734851908197072
21.81355909150854
21.892418754939463
21.971430988520773
22.050595882859955
22.12991352914948
22.209384019153635
22.28900744521897
22.36878390026697
22.448713477789568
22.52879627186184
22.6090323771298
22.6894218888092
22.769964902696042
22.850661515150723
22.931511823112036
23.01251592408105
23.09367391613389
23.174985897915153
23.256451968634813
23.338072228070455
23.41984677656776
23.501775715032448
23.583859144940458
23.66609716832553
23.748489887789628
23.831037406488175
23.913739828145946
23.996597257043398
24.079609798011102
24.162777556452824
24.246100638316964
24.329579150111847
24.413213198897015
24.497002892292045
24.580948338461543
24.66504964612306
24.749306924547735
24.833720283549624
24.91828983349772
25.003015685302067
25.08789795042219
25.172936740859157
25.25813216915943
25.343484348412133
25.428993392244198
25.51465941482585
25.60048253086338
25.68646285560091
25.77260050482199
25.858895594842654
25.94534824250781
26.031958565205773
26.118726680847296
26.20565270787498
26.292736765261303
26.37997897250602
26.467379449634905
26.554938317197397
26.64265569627059
26.7305317084458
26.81856647583913
26.90676012108962
26.995112767351394
27.083624538292955
27.172295558100632
27.26112595147536
27.350115843627226
27.4392653602834
27.52857462767338
27.618043772539654
27.70767292213063
27.7974622041989
27.88741174700446
27.97752167930305
28.06779213035844
28.158223229929646
28.248815108274524
28.339567896150278
28.430481724804263
28.521556725979323
28.61279303191182
28.70419077532715
28.795750089440112
28.88747110795394
28.979353965052322
29.071398795409497
29.163605734179786
29.25597491700048
29.34850647998276
29.441200559723747
29.534057293292094
29.627076818229604
29.720259272555467
29.813604794756046
29.907113523793598
30.000785599090992
30.094621160543255
30.188620348509136
30.282783303808735
30.377110167727245
30.471601082005133
30.56625618884559
30.661075630906087
30.756059551300257
30.851208093593144
30.946521401801608
31.041999620394062
31.137642894288103
31.233451368842722
31.329425189865592
31.425564503607518
31.52186945675855
31.618340196448145
31.71497687024738
31.811779626156916
31.908748612617046
32.00588397849878
32.10318587310207
32.20065444616095
32.29828984782908
32.39609222869382
32.49406173975944
32.59219853245497
32.69050275863082
32.78897457055272
32.88761412090442
32.9864215627844
33.0853970497043
33.18454073558538
33.28385277476012
33.383333321965374
33.482982532347854
33.582800561453816
33.68278756523589
33.78294370004142
33.883269122622124
33.98376399011997
34.084428460075095
34.18526269041988
34.286266839477676
34.38744106595909
34.48878552896658
34.59030038798107
34.691985802871955
34.79384193388884
34.89586894165853
34.99806698719171
35.10043623186912
35.20297683744606
35.30568896605381
35.40857278019017
35.51162844272371
35.61485611688778
35.71825596628089
35.82182815486487
35.92557284696087
36.02949020725211
36.133580400774676
36.23784359292003
36.34227994943696
36.44688963642107
36.55167282032083
36.65662966793027
36.761760346386225
36.867065023174476
36.972543866119985
37.078197043384975
37.18402472347561
37.29002707522647
37.39620426781235
37.50255647073674
37.60908385383265
37.7157865872629
37.822664841519206
37.9297187874113
38.03694859607549
38.14435443896644
38.25193648785941
38.359694914846315
38.46762989233024
38.575741593031005
38.684030189976035
38.79249585650266
38.901138766255194
39.00995909318251
39.11895701153735
39.228132695872816
39.33748632103956
39.447018062186096
39.55672809475896
39.666616594492034
39.77668373741622
39.88692969984915
39.99735465839355
40.10795878994185
40.21874227166612
40.32970528102294
40.44084799574404
40.55217059384453
40.6636732536111
40.775356153604136
40.88721947265682
40.99926338987007
41.11148808461716
41.22389373653135
41.33648052551429
41.44924863172664
41.56219823558875
41.67532951778247
41.788642659241646
41.902137841156396
42.015815244966234