2.511379650645262
2.5407387718902728
2.5702493090269845
2.5999111315718864
2.6297241108551295
2.6596881200174267
2.6898030339597834
2.7200687293484593
2.750485084571779
2.7810519797210125
2.811769296581566
2.8426369185971083
2.873654730840652
2.904822620026222
2.936140474443192
2.9676081839752766
2.999225640054112
3.0309927356513087
3.06290936525214
3.094975424844495
3.12719081189008
3.1595554253099016
3.192069165466014
3.224731934140424
3.257543634520193
3.290504171177207
3.323613450052785
3.3568713783169253
3.390277864827678
3.4238328194100016
3.4575361534325526
3.4913877791656076
3.525387610523308
3.5595355625453298
3.593831551512068
3.6282754949215485
3.6628673114772683
3.697606921071061
3.7324942447747866
3.7675292048167424
3.80271172457869
3.838041728566061
3.873519142415905
3.9091438928560494
3.9449159077216125
3.9808351159159012
4.016901447414631
4.053114833245328
4.089475205476891
4.12598249720682
4.1626366425501615
4.199437576623125
4.236385235541721
4.273479556397926
4.310720477257575
4.348107937141618
4.385641876022149
4.423322234810487
4.46114895533993
4.499121980362646
4.537241253534406
4.57550671941409
4.613918323436134
4.6524760119215705
4.691179732049735
4.730029431861241
4.769025060244826
4.808166566926301
4.8474539024634655
4.886887018235058
4.926465866430454
4.966190400039864
5.006060572861152
5.046076339463232
5.08623765520939
5.126544476222416
5.166996759394525
5.2075944623785535
5.248337543561637
5.289225962086689
5.33025967782174
5.371438651364038
5.412762844032343
5.454232217853039
5.495846735567073
5.537606360603522
5.579511057099953
5.621560789861577
5.663755524391792
5.706095226856805
5.7485798640964285
5.791209403611922
5.833983813559282
5.8769030627488785
5.919967120635144
5.963175957312732
6.0065295435077015
6.050027850582731
6.093670850518998
6.137458515921512
6.181390820002737
6.225467736592141
6.26968924012466
6.31405530563002
6.3585659087369555
6.403221025669118
6.448020633229929
6.492964708813505
6.538053230386537
6.583286176498339
6.628663526263104
6.674185259364991
6.7198513560513
6.765661797129364
6.811616563962086
6.857715638466695
6.903959003113259
6.950346640906065
6.996878535408316
7.043554670715824
7.090375031458121
7.137339602802809
7.184448370448853
7.2317013206222365
7.27909844007857
7.326639716086585
7.3743251364458775
7.422154689471027
7.470128363986625
7.518246149339692
7.566508035384039
7.61491401247542
7.663464071489911
7.7121582037967205
7.760996401273583
7.8099786562964555
7.859104961741509
7.908375310982265
7.957789697886252
8.00734811681227
8.05705056262032
8.106897030652622
8.1568875167403
8.207022017208615
8.257300528862926
8.307723049001606
8.35828957539729
8.409000106312526
8.459854640485867
8.510853177141929
8.5619957159848
8.613282257192973
8.664712801423047
8.716287349815575
8.768005903980415
8.819868466003056
8.871875038444498
8.924025624345719
8.976320227213028
9.028758851031348
9.081341500254034
9.134068179809828
9.186938895098267
9.239953651986948
9.29311245681848
9.346415316406889
9.399862238035626
9.453453229453972
9.507188298887707
9.561067455029438
9.615090707040574
9.66925806455667
9.723569537679854
9.778025136984661
9.832624873510957
9.887368758773869
9.942256804757829
9.997289023914336
10.052465429169034
10.107786033918115
10.16325085202521
10.2188598978338
10.274613186147617
10.330510732255329
10.38655255190461
10.442738661325713
10.499069077219692
10.555543816761118
10.61216289759734
10.66892633785048
10.725834156120397
10.782886371485315
10.840083003490406
10.897424072167892
10.95490959802017
11.012539602031723
11.070314105666887
11.128233130866256
11.18629670005214
11.244504836127811
11.302857562479884
11.361354902973947
11.419996881960538
11.478783524273894
11.53771485523456
11.596790900645418
11.656011686889993
11.715377240565788
11.774887589025472
11.834542760025842
11.89434278181076
11.954287683110882
12.014377493156958
12.074612241666289
12.134991958844472
12.19551667540141
12.256186422538155
12.317001231943308
12.377961135814864
12.439066166842839
12.500316358210005
12.561711743607049
12.623252357223617
12.68493823374473
12.746769408363186
12.808745916771874
12.870867795171584
12.933135080261456
12.995547809252878
13.058106019860926
13.120809750307709
13.183659039327214
13.246653926161214
13.30979445055913
13.37308065278686
13.43651257361436
13.50009025433798
13.563813736759869
13.627683063194299
13.69169827647996
13.755859419963071
13.820166537516995
13.884619673526728
13.949218872900433
14.013964181066719
14.078855643972274
14.143893308089446
14.209077220413006
14.27440742846003
14.339883980273996
14.405506924422292
14.471276310000949
14.537192186631646
14.603254603936932
14.669463613634035
14.73581926641667
14.802321614028129
14.868970708738102
14.935766603349007
15.002709351191527
15.069799006139375
15.137035622591666
15.20441925548646
15.271949960297018
15.339627793033438
15.407452810237546
15.47542506899718
15.54354462693366
15.611811542206114
15.680225873515838
15.74878768010381
15.817497021751553
15.886353958783005
15.955358552060293
16.024510862992177
16.093810953528337
16.16325888616347
16.232854723936917
16.302598531603387
16.372490370976642
16.44253030787188
16.512718407507776
16.583054735649625
16.653539358612218
16.724172343253613
16.794953756981748
16.865883667756258
16.93696214407647
17.008189254999266
17.07956507012754
17.15108965961068
17.222763094152917
17.294585445006586
17.366556783974136
17.43867718340688
17.510946716210587
17.583365455841125
17.65593347630447
17.728650852156957
17.801517658508875
17.874533971025702
17.947699865915457
18.02101541994818
18.094480710440923
18.168095815262937
18.241860812837935
18.31577578214098
18.389840802698973
18.464055954593768
18.53842131845943
18.612936975478274
18.687603007392152
18.76241949648694
18.837386525608554
18.912504178152393
18.9877725380652
19.063191689848306
19.138761718549784
19.214482709775393
19.290354749682482
19.366377924975904
19.442552322914345
19.518878031307956
19.595355138516872
19.671983733452585
19.74876390557656
19.82569574489863
19.902779341983337
19.98001478794085
20.05740217443207
20.134941593665523
20.212633138400342
20.29047690194191
20.36847297814461
20.44662146140932
20.52492244668442
20.60337602946506
20.681982305791642
20.76074137225195
20.839653325974805
20.918718264639764
20.997936286466313
21.07730749021734
21.156831975198884
21.23650984126474
21.316341188801676
21.39632611874359
21.47646473256493
21.556757132278456
21.63720342043785
21.71780370013077
21.798558074991124
21.87946664918432
21.960529527413197
22.0417468149193
22.123118617478006
22.20464504139606
22.286326193517905
22.368162181220093
22.450153112412643
22.532299095531858
22.61460023955049
22.697056653966946
22.77966844881336
22.862435734645278
22.945358622544155
23.02843722412579
23.111671651522073
23.195062017395767
23.278608434928096
23.36231101782915
23.446169880326497
23.530185137166903
23.614356903620294
23.6986852954742
23.78317042903608
23.867812421121563
23.952611389075766
24.03756745074688
24.12268072449956
24.207951329212946
24.2933793842793
24.378965009595685
24.464708325573145
24.550609453128654
24.636668513687955
24.722885629179476
24.809260922036955
24.895794515202653
24.982486532116557
25.06933709671886
25.156346333453076
25.243514367260936
25.330841323579417
25.418327328344095
25.50597250798629
25.593776989427344
25.68174090008559
25.769864367867406
25.858147521173787
25.9465904888887
26.035193400384017
26.123956385525872
26.21287957465578
26.30196309860182
26.391207088675014
26.480611676669728
26.570176994852353
26.659903175975465
26.749790353262068
26.839838660415875
26.930048231609796
27.020419201492853
27.110951705183137
27.201645878267666
27.292501856804495
27.383519777315776
27.474699776790725
27.566041992680415
27.65754656290163
27.749213625828034
27.84104332029578
27.93303578559951
28.025191161489165
28.117509588162996
28.20999120628744
28.30263615696797
28.39544458176718
28.488416622691155
28.5815524221989
28.674852123192668
28.768315869016813
28.861943803461926
28.95573607075748
29.049692815574698
29.143814183020595
29.238100318637233
29.332551368403827
29.42716747873117
29.521948796464844
29.616895468875178
29.712007643663576
29.807285468959535
29.90272909331333
29.998338665702576
30.094114335523315
30.190056252592473
30.28616456714875
30.38243942984031
30.478880991740578
30.57548940432412
30.672264819487154
30.769207389530532
30.866317267166195
30.963594605508113
31.061039558080235
31.15865227880816
31.256432922017407
31.35438164243441
31.45249859518218
31.550783935780903
31.649237820146592
31.747860404585506
31.846651845796988
31.945612300867765
32.04474192727145
32.14404088287179
32.24350932591256
32.34314741502072
32.442955309203654
32.5429331678457
32.643081150711026
32.743399417939116
32.843888130040355
32.94454744789661
33.0453775327615
33.146378546253914
33.24755065036178
33.34889400743582
33.450408780189925
33.55209513169711
33.653953225391156
33.75598322506236
33.85818529485413
33.96055959926897
34.063106303150704
34.16582557170534
34.26871757047776
34.37178246536545
34.475020422601034
34.5784316087699
34.682016190792915
34.78577433592908
34.88970621177435
34.99381198626246
35.098091827656894
35.20254590455381
35.30717438588125
35.411977440890226
35.51695523916291
35.622107950598355
35.72743574542428
35.83293879418604
35.938617267745
36.044471337282644
36.15050117429322
36.25670695058266
36.36308883826894
36.46964700977773
36.57638163784562
36.683292895508096
36.79038095610882
36.89764599328973
37.005088180996495
37.11270769346509
37.22050470523299
37.32847939113146
37.4366319262811
37.544962486092835
37.65347124626615
37.76215838278814
37.87102407192776
37.98006849023961
38.08929181455565
38.19869422198715
38.308275889921276
38.4180369960245
38.52797771823173
38.6380982347444
38.74839872404964
38.85887936488558