1.7247316890850812
2.024198954310486
2.3396852789465714
2.671176783295693
3.018663558404287
3.3821612055310193
3.761668065905225
4.157207229234836
4.568802070200658
4.99648329647302
5.440285200307591
5.900247774569126
6.376414815048431
6.868839445363258
7.37756994716976
7.902666768904786
8.444191479697565
9.002210307553696
9.576795330483524
10.168021833449659
10.775974147697767
11.400736345431362
12.042404505738071
12.701073788260574
13.376849962056893
14.069844123999315
14.780175643937945
15.507967019503482
16.253353906841152
17.016474172652615
17.797472973140096
18.596508829281035
19.413733709500125
20.249330173374275
21.103502121579744
21.976342385394798
22.868133677489226
23.77905018016876
24.709292507977523
25.65908419970934
26.628647063505866
27.61821115535046
28.62801723899028
29.65830902807178
30.709346560741626
31.781369626489212
32.87466369309225
33.98949967207831
35.12614729563887
36.28491017884194
37.466063713022315
38.66991269289737
39.8967621454608
41.14692007807719
42.42069916068259
43.71843002226263
45.04042704254468
46.38702432785273
47.758556728720194
49.155363495905675
50.57778806029647
52.026177807739906
53.50088384858864
55.00226078181263
56.530666453500814
58.086461709593394
59.67001014271263
61.28167783295681
62.921833082583085
64.59084614449922
66.28908894456534
68.01693479771045
69.77475811792506
71.56293412227151
73.38183852903973
75.23184725031032
77.11333607919444
79.02668037207164
80.97225472626043
82.95043265356576
84.96158625022808
87.00608586386687
89.08429975805952
91.19659377525153
93.34333099875803
95.5248714146521
97.74157157439632
99.99378425909197
102.28185814627456
104.60613748020057
106.96696174656635
109.36466535267051
111.79957731394377
114.27202094785423
116.78231357609795
119.33076623600563
121.91768340204668
124.54336271824451
127.20809474229925
129.91216270206777
132.6558422651245
135.4394013218381
138.2630997824894
141.1271893887573