7.494356482473884
7.868521299449942
8.261316522610429
8.672537978742456
9.102004411333755
9.549559534080137
10.015068778972669
10.498416429781749
10.999506207765046
11.518257536583553
12.054611458651028
12.608515747135279
13.179936683956443
13.768852786625112
14.37525412197161
14.999149682066676
15.640546388686166
16.299470533948178
16.975962245108814
17.670055415530143
18.38183540151332
19.11134188159225
19.858660022434456
20.623888048452677
21.40710583967178
22.20843269947404
23.027981104095648
23.865884648685377
24.722276453197175
25.59730170204534
26.49111962129983
27.403893980304385
28.335797309592785
29.287022034317015
30.25775369176469
31.248198052507515
32.258564334251574
33.28906687815508
34.33994866174581
35.41142998215945
36.50376034721609
37.61719407996881
38.75198617439209
39.908405855915966
41.08672393236298
42.287227234317164
43.510194641127136
44.75592342175155
46.024729326731446
47.316894239898915
48.63275031211137
49.97260409555657
51.33678398845149
52.72561853275106
54.13944048318931
55.578592927989966
57.043414877249404
58.53426199829685
60.05147859317479
61.595424219279266
63.166454901336785
64.76493613353888
66.39123610690768
68.04571510182112
69.72876060580666
71.44071461036746
73.18200842679906
74.95297688836405
76.75400249610543
78.58547074428283
80.4477623114823
82.3412583288501
84.26634005226776
86.22338852813589
88.21278425305097
90.23490682775639
92.2901346058052
94.37884433744073
96.50141080930284
98.6582064805902
100.84960111644148
103.07596141929146
105.33765065909851
107.63502830331626
109.96844964760759
112.33826544828409
114.74482155751984
117.18845856241508
119.66951142897719
122.18830915212952
124.74517441281813
127.34042324328881
129.9743647015818
132.6473005562336
135.35952498214084
138.1113242684555
140.90297653935392
143.73475148835078
146.6069101268352
149.51970454732995
152.47337770187968
155.4681631959431
158.50428509788128
161.5819577642018