 0.44184724072329E-03
 0.48434059031172E-03
 0.53110139297290E-03
 0.58255635740648E-03
 0.63919558074771E-03
 0.70155821805808E-03
 0.77022493773697E-03
 0.84584796342843E-03
 0.92914767156221E-03
 0.10209149235578E-02
 0.11220278635493E-02
 0.12334291910971E-02
 0.13561933491457E-02
 0.14914731859891E-02
 0.16405602861578E-02
 0.18048877334581E-02
 0.19860491402783E-02
 0.21858226162450E-02
 0.24062338913786E-02
 0.26495747475670E-02
 0.29185587465843E-02
 0.32163368610039E-02
 0.35467386111607E-02
 0.39144858442769E-02
 0.43254933012800E-02
 0.47873430596048E-02
 0.53098405393595E-02
 0.59058399017922E-02
 0.65920915084641E-02
 0.73904241332656E-02
 0.83287113314745E-02
 0.94417121530686E-02
 0.10770913386697E-01
 0.12362739259595E-01
 0.14263815876105E-01
 0.16511604274777E-01
 0.19119337452192E-01
 0.22054376244897E-01
 0.25211155863651E-01
 0.28383210764847E-01
 0.31240868726371E-01
 0.33325105672794E-01
 0.34066187795111E-01
 0.32833125460585E-01
 0.29012188408774E-01
 0.22104401120659E-01
 0.11825937634396E-01
-0.18086237645294E-02
-0.18436816392673E-01
-0.37343946774882E-01
-0.57506151150878E-01
-0.77675317028520E-01
-0.96493604182738E-01
-0.11262159597256E+00
-0.12486365071763E+00
-0.13227596413061E+00
-0.13424586110914E+00
-0.13053648611561E+00
-0.12129484533298E+00
-0.10702531143833E+00
-0.88535175123438E-01
-0.66858539928197E-01
-0.43169274204868E-01
-0.18689986693496E-01
 0.53935175077050E-02
 0.28006715974882E-01
 0.48245202901149E-01
 0.65413882891328E-01
 0.79047807119758E-01
 0.88914671596534E-01
 0.95000023188043E-01
 0.97481069117551E-01
 0.96690664186153E-01
 0.93076722246574E-01
 0.87159355686695E-01
 0.79491429657584E-01
 0.70621968778549E-01
 0.61067018310656E-01
 0.51286953370768E-01
 0.41672004601196E-01
 0.32533991081529E-01
 0.24105068824553E-01
 0.16541738146428E-01
 0.99316891783863E-02
 0.43057570890610E-02
-0.35464944017994E-03
-0.41022567301192E-02
-0.70148865212062E-02
-0.91854810840528E-02
-0.10713913497676E-01
-0.11700642521621E-01
-0.12241522374601E-01
-0.12425330054513E-01
-0.12330954661191E-01
-0.12026958707052E-01
-0.11571242012497E-01
-0.11011741692055E-01
-0.10387093673423E-01
-0.97276740170273E-02
-0.90571095561433E-02
-0.83926708394692E-02
-0.77470371901404E-02
-0.71287516158937E-02
-0.65439556002448E-02
-0.59953718848390E-02
-0.54846325182832E-02
-0.50118822728923E-02
-0.45760643844272E-02
-0.41764796623633E-02
-0.38105362434457E-02
-0.34763601326807E-02
-0.31717458034947E-02
-0.28944514208541E-02
-0.26420061169619E-02
-0.24130893262500E-02
-0.22048806302861E-02
-0.20157827915751E-02
-0.18440403021889E-02
-0.16880384577476E-02
-0.15460525765362E-02
-0.14174731655590E-02
-0.13003440450267E-02
-0.11937902897765E-02
-0.10967959141181E-02
-0.10084562645231E-02
-0.92795127649887E-03
-0.85438984948206E-03
-0.78752857784149E-03
-0.72633559290985E-03
-0.67041368619106E-03
-0.61927112781400E-03
-0.57245525266795E-03
-0.52956700110045E-03
-0.49026240117195E-03
-0.45426386322455E-03
-0.42109985454421E-03
-0.39068322400808E-03
-0.36271412668478E-03
-0.33699402214850E-03
-0.31330449134176E-03
-0.29147901423302E-03
-0.27134996147766E-03
-0.25277724064234E-03
-0.23595446430103E-03
-0.22011485307560E-03
-0.20513163277930E-03
-0.19157150824951E-03
-0.17901617314351E-03
-0.16738716792124E-03
-0.15661085042091E-03
-0.14661127304390E-03
-0.13731682252114E-03
-0.12869549805063E-03
-0.12067855639291E-03
-0.11321234953027E-03
-0.10692816262014E-03
-0.10048325724881E-03
-0.93799859656489E-04
-0.88193701742755E-04
-0.82956058250540E-04
-0.78078128192246E-04
-0.73511586526904E-04
-0.69254112361220E-04
-0.65271469733370E-04
-0.61546927896640E-04
-0.58063616789141E-04
-0.54799902091289E-04
-0.51741644900211E-04
-0.48884678459269E-04
-0.46192726590774E-04
-0.43667752376212E-04
-0.41311422624168E-04
-0.39094897321096E-04
-0.37006891016790E-04
-0.35043385263947E-04
-0.33201959364841E-04
-0.32562145134044E-04
-0.30947771815110E-04
-0.29429324334899E-04
-0.28006801758282E-04
-0.26664617084732E-04
-0.25405121668600E-04
-0.24208836271029E-04
-0.21857608592137E-04
-0.20776804289418E-04
-0.19760192797683E-04
-0.18794692704432E-04
-0.17884419136008E-04
-0.17024139341490E-04
-0.16216114753592E-04
-0.15446617114636E-04
-0.14719099240347E-04
-0.14028896161569E-04
-0.13372459497728E-04
-0.12764421336657E-04
-0.12172551633863E-04
-0.13169827137826E-04
-0.12671709605753E-04
-0.12212777428642E-04
-0.11764871082964E-04
-0.11340864028486E-04
-0.10946521600700E-04
-0.10579537558279E-04
-0.84519828330230E-05
-0.80978930362749E-05
-0.77432577328028E-05
-0.74115816855290E-05
-0.70920731694352E-05
-0.67920586192398E-05
-0.65073130536401E-05
-0.62364587259847E-05
-0.59774287645013E-05
-0.57343918653652E-05
-0.55026134462345E-05
-0.52794024036306E-05
-0.50588720403124E-05
-0.48530518499612E-05
-0.46689764968934E-05
-0.44832748934134E-05
-0.43031515250118E-05
-0.41314660503764E-05
-0.39732426666475E-05
-0.38218075714404E-05
-0.58506244040727E-05
-0.35273938446698E-05
-0.34010450775517E-05
-0.32689743455241E-05
-0.31395760933606E-05
-0.30200727558358E-05
-0.29163886543333E-05
-0.28053097666303E-05
-0.27023896150697E-05
-0.26085747768889E-05
-0.25153108404799E-05
-0.24162133014524E-05
-0.23275943405971E-05
-0.39804423378519E-05
-0.21718045401428E-05
-0.20982015119044E-05
-0.20198679184026E-05
-0.19556749323854E-05
-0.18836834109333E-05
-0.18161373994474E-05
-0.17590975656329E-05
-0.17014521920023E-05
-0.16451988462092E-05
-0.20480659208840E-05
-0.15375408221401E-05
-0.14866208400388E-05
-0.14298874032932E-05
-0.13867028969253E-05
-0.13389785070150E-05
-0.13090236820406E-05
-0.12565085860300E-05
-0.12170262158040E-05
 0.16585468769094E-06
-0.11396791711128E-05
-0.11020926814951E-05
-0.10782470294050E-05
-0.10307218560005E-05
-0.10026574340178E-05
-0.97416730964137E-06
-0.94547130783233E-06
-0.91961871573172E-06
-0.88738697438774E-06
-0.86074527031712E-06
-0.83920877074125E-06
-0.81368835949658E-06
-0.79542812651036E-06
 0.37996059778644E-05
-0.74158646497416E-06
-0.72358987981583E-06
-0.70178732073228E-06
-0.68298405043468E-06
-0.66475464824720E-06
-0.63996326509281E-06
-0.62728256554606E-06
-0.60690528761394E-06
-0.59511640471320E-06
-0.57438443256975E-06
-0.55782712842600E-06
 0.36166299099695E-05
-0.52672947989401E-06
-0.52254338827907E-06
-0.49693810507719E-06
-0.49312802500280E-06
 0.16676049913065E-05
-0.46907308167126E-06
-0.45329212746479E-06
-0.44114776555477E-06
-0.43269820707925E-06
-0.10379507875798E-05
-0.41046653545528E-06
-0.40162553783418E-06
 0.12955681233195E-05
-0.56591885816156E-05
-0.32937106329519E-06
 0.15524107410124E-05
-0.16305864097530E-05
-0.77665073854917E-05
 0.11169327452285E-05
-0.64271440927185E-06
 0.46099658612188E-06
-0.31483559512871E-06
-0.30336878368043E-06
-0.30167618809746E-06
-0.63408496048568E-05
-0.29026004793942E-06
-0.28462984008456E-06
-0.41462268277935E-05
-0.26370408862719E-06
-0.26563399931686E-06
-0.26108637290075E-06
-0.24710728812487E-06
-0.24581624633751E-06
-0.23315701135233E-06
-0.23257672680809E-06
-0.23279908115234E-06
-0.22135117420933E-06
-0.21626419293843E-06
-0.21454518470325E-06
-0.21103700893522E-06
-0.20078879788039E-06
-0.23608143094490E-05
-0.20358473371646E-06
-0.19147280093889E-06
-0.18813246625299E-06
-0.18662702172562E-06
-0.18664159102345E-06
-0.17552118382570E-06
-0.17425642123238E-06
-0.17917989847489E-06
-0.16549386195626E-06
-0.16409747900672E-06
-0.15776873262087E-06
-0.16286157815402E-06
-0.15690088635186E-06
-0.15111992039548E-06
-0.15208686593983E-06
-0.15128092089793E-06
-0.14643423323343E-06
-0.14561978364186E-06
-0.14441810739535E-06
-0.14294505570040E-06
-0.13280053799221E-06
-0.13577520077225E-06
-0.13046855594912E-06
-0.12657785368471E-06
-0.13191983246393E-06
-0.13070920691210E-06
-0.12579994176162E-06
-0.12072991451914E-06
-0.12512474049435E-06
-0.11086899958985E-06
-0.11476334668211E-06
-0.11693560774558E-06
-0.11003469486922E-06
-0.11162008438308E-06
-0.10968524060335E-06
-0.11008471390072E-06
-0.10879695834930E-06
-0.10270677072511E-06
-0.11065631520822E-06
-0.10553386956639E-06
-0.97414380668150E-07
-0.97571179004975E-07
-0.10352884919969E-06
-0.98113980239893E-07
-0.87782658188019E-07
-0.88498979776736E-07
-0.87897905851015E-07
-0.90643930838569E-07
-0.84172359864725E-07
-0.86532854411935E-07
-0.82898965091594E-07
-0.83210483990254E-07
-0.85017756709033E-07
-0.84101182732797E-07
-0.81168089786423E-07
-0.83308627186771E-07
-0.72948274574439E-07
-0.74799170954739E-07
-0.81422731684292E-07
-0.77530098545671E-07
-0.78302358915547E-07
-0.82824874275983E-07
-0.71682122693074E-07
-0.67837858068176E-07
-0.68443709719524E-07
-0.69488026918706E-07
-0.73339910814080E-07
-0.65235029799987E-07
-0.73470913815517E-07
-0.75599688446976E-07
-0.64564084474413E-07
-0.62079734516678E-07
-0.64509935960793E-07
-0.66603685652666E-07
-0.57912100001313E-07
-0.61192875456908E-07
-0.62027145796461E-07
-0.56167928662893E-07
-0.66643909177370E-07
-0.65027543381187E-07
-0.58370482394873E-07
-0.56871923107109E-07
-0.60338845833433E-07
-0.56181383649340E-07
-0.56024126969226E-07
-0.53733571166637E-07
-0.59521257564334E-07
-0.57231638941022E-07
-0.61861274931001E-07
-0.55940371650102E-07
-0.47493532676628E-07
-0.51267987877533E-07
-0.49274938129389E-07
-0.54326071885358E-07
-0.53402171090254E-07
-0.44748341941960E-07
-0.50361730810462E-07
-0.55918724011016E-07
-0.50798443955010E-07
-0.52471961566376E-07
-0.49125740073825E-07
-0.42534995121589E-07
-0.51157825210239E-07
-0.44667239873867E-07
-0.54603698747524E-07
-0.56082212152290E-07
-0.48859027903279E-07
-0.43177572930837E-07
-0.49524145807951E-07
-0.48782212070115E-07
-0.47840611189063E-07
-0.46094581421014E-07
-0.38517842636340E-07
-0.47209206915519E-07
-0.43995863772170E-07
-0.40113571917510E-07
-0.49219450562104E-07
-0.34780752360304E-07
-0.45539978896754E-07
-0.34463062111484E-07
-0.48027163717356E-07
-0.44172355998104E-07
-0.40694318352177E-07
-0.31044254500776E-07
-0.33323411715715E-07
-0.40483924068972E-07
-0.40613109409909E-07
-0.27939609410153E-07
-0.41015539661069E-07
-0.40280497574709E-07
-0.32668855662282E-07
-0.45220320363540E-07
-0.38158140795261E-07
-0.31401592767634E-07
-0.25690375275294E-07
-0.33028422081023E-07
-0.47498467897863E-07
-0.35538571032924E-07
-0.32227859674455E-07
-0.34337549713068E-07
-0.28839830926020E-07
-0.37781514822283E-07
-0.30245688482072E-07
-0.30987007915016E-07
-0.25604676227610E-07
-0.29805645826654E-07
-0.34414628424181E-07
-0.40054308459432E-07
-0.31283296655177E-07
-0.31346344683692E-07
-0.18006894628147E-07
-0.36758244232400E-07
-0.36200690663509E-07
-0.34857710224135E-07
-0.34561967831713E-07
-0.35092481555907E-07
-0.33881450322288E-07
-0.28582822013023E-07
-0.24485227599055E-07
-0.21028473119135E-07
-0.30127737755439E-07
-0.24706727856480E-07
-0.33721918739565E-07
-0.26692642556575E-07
-0.22033139043031E-07
-0.32595114100012E-07
-0.27978141427378E-07
-0.32995730118037E-07
-0.35387027750609E-07
-0.36569980997375E-07
-0.15393856256442E-07
-0.26819510955565E-07
-0.39513458386333E-07
-0.26283103474185E-07
-0.12967942519235E-07
-0.16968927601096E-07
-0.29860901511678E-07
-0.26047987871997E-07
-0.30855316829699E-07
-0.26989902324724E-07
-0.17245717807722E-07
-0.23326752683945E-07
-0.28894849706782E-07
-0.21781771444413E-07
-0.13475866553431E-07
-0.22520404936191E-07
-0.22182339898870E-07
-0.28315991220710E-07
-0.12138441286269E-07
-0.15542718493349E-07
-0.26718034961530E-07
-0.23189395829727E-07
-0.22207680436786E-07
-0.20920548431875E-07
-0.30689832671252E-07
-0.22038190798447E-07
-0.97254295782534E-08
-0.15225516624394E-07
-0.55172345346957E-08
-0.21197001484402E-07
-0.37471289544478E-07
-0.28693397695276E-07
-0.18135396695628E-07
-0.64112085677012E-08
-0.16109765597333E-07
-0.21908994055441E-07
-0.22350256124665E-07
