9.758881425096757
9.794027012019207
9.8525607467842
9.934418597242981
10.039507694458312
10.167703895986167
10.318846247129583
10.492761607348934
10.689119147830494
10.90772201281572
11.148226004290478
11.410292086133952
11.693566104199105
11.997690676579772
12.322306645392151
12.667063873511383
13.031624200121362
13.41566347667077
13.818877420207498
14.240976371965893
14.681692701436956
15.14077910924375
15.618004896666333
16.113160440532152
16.62605372049486
17.156511366796607
17.704376273958854
18.26950836387587
18.851784412379104
19.451094692131104
20.067342663587475
20.70045678429587
21.350362942403205
22.01701083521186
22.70035775198786
23.40038761440185
24.117072749376756
24.85041764426105
25.60042513070356
26.367124636563013
27.150538749344896
27.9507135897711
28.76770205907864
29.601564454200993
30.45237600022665
31.320219227921175
32.20518588646841
33.107378628148666
34.02702683514979
34.96388702806527
35.918451657700075
36.8907325431645
37.880873667974015
38.88902676226689
39.91534622614452
40.96000452626862
42.02316847140203
43.10501549202685
44.20573038424912
45.32550372661653
46.46452727882554
47.62301079495571
48.80115058409748
49.99916013260983
51.21725883430616
52.45565931894101
53.71458783756578
54.99427121951633
56.294920264208685
57.61682230334649
58.96015954400832
60.325191247978005
61.71215486649077
63.12129539828342
64.55285686385568
66.00708818741734
67.48423462910962
68.98454615520198
70.5082764137885
72.05567072153583
73.6269829508437
75.22246400570796
76.84236588385455
78.48693817224944
80.15643087861912
81.85109562349275
83.5711800010919
85.31693081296052
87.08859461438368
88.88641581521966
90.71063700451647
92.56149875289134
94.43923942095125
96.3440949741919
98.27629880480724
100.23608156085488
102.22367098321544
104.23929175074923
106.28316533408662
108.35550985842282
110.45653997570741
112.58646674656414
114.74549753226711
116.93383589707254
119.15168152114236
121.39923012430867
123.67667340083973
125.98419896537337
128.3219903101181
130.69022677337918
133.08908351945536
135.5187315298562
137.97933760586199
140.4710643822363
142.9940703520355
145.54850990231898
148.1345333605783
150.75228705164633
153.40191336483394
156.08355083102418