 0.39552301537839E-29
 0.98880753844598E-30
 0.43947001708710E-30
 0.24720188461149E-30
 0.15820920615136E-30
 0.10986750427178E-30
 0.80718982730284E-31
 0.61800471152874E-31
 0.48830001898567E-31
 0.39552301537839E-31
 0.32687852510611E-31
 0.27466876067944E-31
 0.23403728720615E-31
 0.20179745682571E-31
 0.17578800683484E-31
 0.15450117788218E-31
 0.13685917487142E-31
-0.39587594021008E-16
 0.20811842865647E-16
 0.70309161633495E-17
-0.50869430353785E-17
-0.20385671410931E-16
-0.28297563962220E-17
 0.39800601221374E-16
 0.85407713892509E-16
 0.23254254501406E-15
 0.58253073319510E-15
 0.11939957299888E-14
 0.24575459079219E-14
 0.48170561555911E-14
 0.90306032120719E-14
 0.16262968947510E-13
 0.28245817930754E-13
 0.47369955830680E-13
 0.77009117535285E-13
 0.12198761077559E-12
 0.18807460934134E-12
 0.28320948530391E-12
 0.41729085260334E-12
 0.60228860784865E-12
 0.85337386949289E-12
 0.11882770842907E-11
 0.16280443464961E-11
 0.21973877799345E-11
 0.29245553870092E-11
 0.38418384956114E-11
 0.49854743214457E-11
 0.63960080997076E-11
 0.81180560031464E-11
 0.10200443852301E-10
 0.12696250817586E-10
 0.15662623105654E-10
 0.19160524355129E-10
 0.23254863675205E-10
 0.28014030613596E-10
 0.33509686576350E-10
 0.39816630707209E-10
 0.47012308753891E-10
 0.55176722824613E-10
 0.64391969644142E-10
 0.74741891878731E-10
 0.86311821137155E-10
 0.99188271974753E-10
 0.11345848580709E-09
 0.12921020194731E-09
 0.14653141682514E-09
 0.16550999509215E-09
 0.18623334267355E-09
 0.20878830239319E-09
 0.23326086790752E-09
 0.25973595867865E-09
 0.28829718356085E-09
 0.31902677229811E-09
 0.35200536003470E-09
 0.38731192057307E-09
 0.42502362458388E-09
 0.46521583204875E-09
 0.50796192364773E-09
 0.55333335746058E-09
 0.60139961509556E-09
 0.65222823399776E-09
 0.70588471301555E-09
 0.76243268365460E-09
 0.82193376337311E-09
 0.88444772227463E-09
 0.95003249775548E-09
 0.10187441870339E-08
 0.10906371235234E-08
 0.11657639601338E-08
 0.12441756084377E-08
 0.13259213584730E-08
 0.14110488671737E-08
 0.14996041835761E-08
 0.15916317800713E-08
 0.16871745041518E-08
 0.17862736247135E-08
 0.18889687480373E-08
 0.19952978357806E-08
 0.21052970998077E-08
 0.22190010479517E-08
 0.23364422642674E-08
 0.24576514603022E-08
 0.25826573295148E-08
 0.27114864431315E-08
 0.28441632063574E-08
 0.29807051395473E-08
 0.31211454749297E-08
 0.32654877679395E-08
 0.34137510256001E-08
 0.35659470307145E-08
 0.37220847043912E-08
 0.38821700740073E-08
 0.40462061688541E-08
 0.42141929505244E-08
 0.43861272796502E-08
 0.45620028638157E-08
 0.47418102340083E-08
 0.49255367262708E-08
 0.51131665330419E-08
 0.53046806903503E-08
