0.012685779392389832
0.019063234122996
0.027725925078061812
0.03921723365652304
0.05415805834223401
0.07325279788739876
0.09729452047443388
0.127168387573726
0.16385230687319272
0.2084138346428342
0.2620025785264518
0.3258377838564008
0.40119137639094876
0.48936736401010594
0.5916789861181548
0.7094251495383582
0.8438673817255111
0.9962077885595132
1.167567522838626
1.358964406705214
1.5712880900049964
1.8052719994772222
2.0614637019344757
2.340198825897633
2.6415867109727853
2.9655158178489764
3.311682034374273
3.6796352690526257
4.068833854525346
4.478695660877329
4.9086386552316865
5.358108641877037
5.8265954933981625
6.313640711052472
6.8188392274970715
7.3418377855455
7.882331522422436
8.440059795236373
9.014801856379433
9.606372707866495
10.214619291905667
10.839417075143805
11.480667029252587
12.138292982929286
12.812239308247971
13.502468900935952
14.20896141532107
14.931711717923429
15.67072852787646
16.426033216488324
17.19765874233063
17.98564870167725
18.79005647748337
19.61094447246431
20.44838341437253
21.302451723375814
22.173234932998287
23.060825157593204
23.965320600274286
24.88682509628959
25.82544768755075
26.781302224717802
27.75450699376702
28.7451843644797
29.75346045861776
30.779464835944015
31.823330196454513
32.88519209751769
33.965188684737655
35.06346043554098
36.18014991469633
37.31540154099452
38.469361364559866
39.64217685419357
40.83399669440203
42.04497059167338
43.2752490897473
44.52498339360146
45.79432520196183
47.08342654812236
48.39243964899993
49.721516762258524
51.07081005144276
52.44047145903878
53.83065258742941
55.241504587685974
56.67317805618597
58.125822939042486
59.59958844432419
61.094622962083584
62.61107399217323
64.149088079874
65.70881075932951
67.2903865047979
68.89395868973712
70.51966955370874
72.16766017712114
73.8380704638186
75.5310391314932
77.24670370993658
78.98520054712965
80.74666482312814
82.53123057177511
84.33903071019218