 0.12081476500074E-29
 0.60407382500371E-30
 0.40271588333581E-30
 0.30203691250186E-30
 0.24162953000148E-30
 0.20135794166790E-30
 0.17259252142963E-30
 0.15101845625093E-30
 0.26645581948077E-16
 0.11212544884465E-15
 0.10983160454613E-30
-0.92805685795057E-16
-0.39653435365737E-16
 0.19116510590704E-15
-0.33447919484226E-16
-0.68176184362029E-15
-0.27490522331587E-14
-0.93514924479866E-14
-0.25917078534082E-13
-0.65102673971342E-13
-0.14930326076496E-12
-0.31617645644178E-12
-0.62951696282290E-12
-0.11753842091293E-11
-0.20838864053180E-11
-0.35268863145963E-11
-0.57284523621393E-11
-0.89729820150887E-11
-0.13603401316439E-10
-0.20026657736231E-10
-0.28714357811633E-10
-0.40197071499660E-10
-0.55066487245160E-10
-0.73965039829783E-10
-0.97579026475212E-10
-0.12663374505334E-09
-0.16188624240521E-09
-0.20411146028484E-09
-0.25409946892991E-09
-0.31264448002396E-09
-0.38054131027792E-09
-0.45857392070759E-09
-0.54751482448867E-09
-0.64811816708743E-09
-0.76111916192053E-09
-0.88722921064969E-09
-0.10271363869176E-08
-0.11815066833556E-08
-0.13509826640826E-08
-0.15361865993338E-08
-0.17377210999827E-08
-0.19561723922012E-08
-0.21921139512786E-08
-0.24461069097181E-08
-0.27187038029741E-08
-0.30104509025398E-08
-0.33218868236630E-08
-0.36535483051666E-08
-0.40059651031139E-08
-0.43796623966940E-08
-0.47751575202153E-08
-0.51929561138258E-08
-0.56335508637651E-08
-0.60974126410445E-08
-0.65849874930120E-08
-0.70966890435423E-08
-0.76328896777228E-08
-0.81939141480019E-08
-0.87800315764243E-08
-0.93914442765842E-08
-0.10028283446869E-07
-0.10690598992346E-07
-0.11378351804208E-07
-0.12091409166302E-07
-0.12829538709523E-07
-0.13592404354439E-07
-0.14379562570098E-07
-0.15190461460176E-07
-0.16024439895990E-07
-0.16880729704260E-07
-0.17758457245422E-07
-0.18656647620108E-07
-0.19574228815588E-07
-0.20510037657315E-07
-0.21462827118471E-07
-0.22431272517026E-07
-0.23413979647427E-07
-0.24409491778103E-07
-0.25416297163030E-07
-0.26432837476009E-07
-0.27457509902130E-07
-0.28488677165858E-07
-0.29524665894893E-07
-0.30563771303594E-07
-0.31604254122978E-07
-0.32644337682671E-07
-0.33682200517359E-07
-0.34715965458811E-07
-0.35743685673794E-07
-0.36763324138597E-07
-0.37772731839357E-07
-0.38769617358329E-07
-0.39751515862286E-07
-0.40715748975640E-07
-0.41659383520515E-07
-0.42579185927689E-07
-0.43471573711816E-07
-0.44332565896610E-07
-0.45157738243520E-07
-0.45942176926597E-07
-0.46680447524740E-07
-0.47366571724594E-07
-0.47994026371482E-07
-0.48555763840709E-07
-0.49044265854145E-07
-0.49451634450075E-07
-0.49769726051972E-07
-0.49990333091844E-07
-0.50105417260598E-07
-0.50107388267849E-07
