0.00026374798839614536
0.0004863020337132344
0.000847214153161597
0.0014060789969574132
0.0022379765097119424
0.0034349360375640963
0.005107220703105338
0.007384457679442817
0.010416649058349636
0.014375101236100587
0.01945330829837631
0.025867819316906022
0.03385911024158607
0.043692470930585446
0.05565890581495401
0.07007603497605899
0.0872889708112938
0.1076711350858255
0.13162497280583116
0.15958251299365034
0.19200572347492845
0.22938660722845747
0.27224699093098537
0.32113796370332703
0.37663893346631494
0.4393562798255397
0.509921595130756
0.5889895178081989
0.6772351726155035
0.7753512406688858
0.8840446860684766
1.0040331649652776
1.1360411373538069
1.2807956907903195
1.439022072043121
1.6114389078586413
1.7987530854507927
2.0016542616535657
2.2208089836353917
2.456854441023431
2.7103919336661546
2.981980232238706
3.272129122355994
3.581293534289097
3.909868753108147
4.258187213103963
4.626517320185951
5.015064568766308
5.423974976445022
5.8533405905836045
6.303206592197655
6.773579383799084
7.264435019969194
7.7757274103901635
8.307395860118275
8.859371670402089
9.4315836717154
10.02396267858389
10.63644493705415
11.268974681975322
11.921505940946036
12.594003722179252
13.286444713098506
13.998817600226896
14.731123103011837
15.483373796890907
16.25559378537492
17.047818267686676
17.860093037504193
18.692473939720834
19.54502630503384
20.417824376974355
21.3109507417822
22.224495768446456
23.15855706390933
24.113238946696022
25.08865194096491
26.08491229207149
27.102141504041636
28.1404658990156
29.200016198228834
30.28092712408841
31.383337022666765
32.50738750633461
33.653223112765
34.82099098874109
36.01084058279009
37.22292336123826
38.45739253794096
39.71440282012395
40.994110169403754
42.2966715774932
43.622244856167704
44.97098844109299
46.3430612091814
47.73862230914699
49.15783100498406
50.600846532127036
52.067827966049705
53.55893410310878
55.07432335345223
56.61415364581951
58.17858234406356
59.76776617529551