0.00026698809737294316
0.0004919442097259674
0.0008565278892109574
0.0014207690827615451
0.0022602579703334697
0.003467608598761722
0.005153742310755203
0.007449017213535194
0.01050423880693457
0.014491589830841534
0.019605515152719123
0.026063591266784633
0.03410740126459057
0.044003425320177286
0.05604394485044025
0.07054794668766119
0.08786200194191993
0.1083610838614936
0.1324492804450183
0.1605603516508779
0.1931580778196432
0.23073634655840417
0.2738189287215007
0.3229589014362685
0.37873768577298833
0.4417636783016988
0.5126704687033059
0.5921146477196654
0.680773220814966
0.7793406505305106
0.8885255546287486
1.0090470857260512
1.141631012300484
1.2870055097742559
1.4458966566277875
1.6190236159466052
1.8070934723950545
2.0107956935653464
2.2307961999214956
2.467731066244657
2.7221999442720715
2.99475939148275
3.2859164061431185
3.596122580510692
3.9257693744566837
4.275185015688219
4.644633465326762
5.034315702840461
5.4443733351369294
5.87489426399128
6.325919920061384
6.7974534395916875
7.289468139671529
7.801915725905168
8.334733805725952
8.887852440847036
9.461199620225623
10.054705651110856
10.668306544512035
11.301946515984728
11.955579740100124
12.629171496582337
13.322698834535874
14.036150864679747
14.76952877131043
15.522845618363565
16.296126008494557
17.089405640910098
17.902730802897974
18.73615782129202
19.589752493411737
20.46358951155429
21.357751891285595
22.272330410570607
23.207423064562004
24.163134539222597
25.139575705604766
26.13686313586212
27.155118641312942
28.194468832519696
29.255044701015073
30.336981222118297
31.44041697818255
32.565493802003246
33.71235643654452
34.881152219505076
36.0720307766233
37.28514373844531
38.520644470685475
39.77868782070597
41.05942987912632
42.36302775611326
43.68963937187402
45.03942326102242
46.4125383904208
47.809143990211915
49.229399397748125
50.67346391418348
52.14149667348615
53.63365652367225
55.15010192009814
56.69099083060753
58.25648065242007
59.846728140582215