-0.10392637740002E-06
-0.14257931732244E-06
-0.19662964865669E-06
-0.26648516158753E-06
-0.36548905882605E-06
-0.49595438906267E-06
-0.67179271698622E-06
-0.90754498281665E-06
-0.12222171950976E-05
-0.16400733484661E-05
-0.21916010448846E-05
-0.29141795427018E-05
-0.38515686040749E-05
-0.50503074044675E-05
-0.65489954028038E-05
-0.83532986143057E-05
-0.10386583382559E-04
-0.12407362744512E-04
-0.13886589349496E-04
-0.13812126500477E-04
-0.10433486626910E-04
-0.15741409799007E-05
 0.13211165511563E-04
 0.29736072855049E-04
 0.40228318255677E-04
 0.39295215047343E-04
 0.28360626116312E-04
 0.13726803654617E-04
 0.13561551824426E-05
-0.61858518475666E-05
-0.93129686350738E-05
-0.96151282634169E-05
-0.85600985419899E-05
-0.70768470900062E-05
-0.56259108720876E-05
-0.43833440927275E-05
-0.33846846340547E-05
-0.26078224243929E-05
-0.20133649687012E-05
-0.15617429983232E-05
-0.12191761163873E-05
-0.95883118308069E-06
-0.76015339541863E-06
-0.60769740639151E-06
-0.48995488504030E-06
-0.39839555005195E-06
-0.32668013088057E-06
-0.27009971868660E-06
-0.22512945435395E-06
-0.18912971945981E-06
-0.16010421514198E-06
-0.13653536366879E-06
-0.11726842510450E-06
-0.10141582280533E-06
-0.88281654962866E-07
-0.77467608636187E-07
-0.68159031026128E-07
-0.60415958294832E-07
-0.53848449257328E-07
-0.48245141584510E-07
-0.43441588120806E-07
-0.39297739266277E-07
-0.35710555803284E-07
-0.32584913868644E-07
-0.29852467445987E-07
-0.27451982403670E-07
-0.25333108102993E-07
-0.23458616991079E-07
-0.21787887526015E-07
-0.20296307103584E-07
-0.18960357225087E-07
-0.17757586960157E-07
-0.16671729772132E-07
-0.15685731984160E-07
-0.14793537311443E-07
-0.13976285876476E-07
-0.13234791252917E-07
-0.12548340279595E-07
-0.11919951194540E-07
-0.11340147013964E-07
-0.10804576501090E-07
-0.10307472779702E-07
-0.98464622660400E-08
-0.94146786601993E-08
-0.90139886747564E-08
-0.86389285483270E-08
-0.82854216047275E-08
-0.79547188845512E-08
-0.76426789240953E-08
-0.73488467767690E-08
-0.70703413955082E-08
-0.68061501985757E-08
-0.65569503706472E-08
-0.63174172868118E-08
-0.60927394588966E-08
-0.58766481751011E-08
-0.56708760512081E-08
-0.54729254449137E-08
-0.52839597339485E-08
-0.51034436612176E-08
-0.49296265767410E-08
-0.47625227118694E-08
-0.46009046505140E-08
-0.44464536953471E-08
