-0.28492361222641E+00
-0.29231820484938E+00
-0.29372898308242E+00
-0.28788897643522E+00
-0.27380899733221E+00
                  NaN
                  NaN
-0.19532577297107E+00
-0.15835906336677E+00
-0.11755933637996E+00
-0.73773662616110E-01
-0.27775422023230E-01
 0.19542965594963E-01
 0.67242860854201E-01
 0.11512271390300E+00
 0.16010695358633E+00
 0.20363600764647E+00
 0.24430077327960E+00
 0.28138283557192E+00
 0.31427800214868E+00
 0.34252088600503E+00
 0.36567541890065E+00
 0.38349195245208E+00
 0.39581274868887E+00
 0.40236785274096E+00
 0.40321455786880E+00
 0.39842710827136E+00
 0.38814083424559E+00
 0.37259007316924E+00
 0.35210002168646E+00
 0.32700694630001E+00
 0.29777482424296E+00
 0.26484286346742E+00
 0.22879857574637E+00
 0.19020879536981E+00
 0.14947166734644E+00
 0.10735499913169E+00
 0.64390900438041E-01
 0.21171667306732E-01
-0.21725619016165E-01
-0.63721211217015E-01
-0.10439401241013E+00
-0.14313855496014E+00
-0.17951471876689E+00
-0.21315655427632E+00
-0.24367631978470E+00
-0.27078766171072E+00
-0.29421111203521E+00
-0.31379467727076E+00
-0.32933440874510E+00
-0.34080542212122E+00
-0.34816573947825E+00
-0.35132584743058E+00
-0.35072374578272E+00
-0.34618321377301E+00
-0.33794468107058E+00
-0.32629471196468E+00
-0.31134085263272E+00
-0.29357299376502E+00
-0.27319754775589E+00
-0.25059965968114E+00
-0.22608736863974E+00
-0.20010757531654E+00
-0.17298677309884E+00
-0.14508485858143E+00
-0.11679756721253E+00
-0.88535306820986E-01
-0.60615059731297E-01
-0.33241160934626E-01
-0.68847145366314E-02
 0.18238688104315E-01
 0.41544778466576E-01
 0.63781322419015E-01
 0.83999982252320E-01
 0.10211270929254E+00
 0.11801228145915E+00
 0.13168002930905E+00
 0.14313607154629E+00
 0.15233470592431E+00
 0.15922173348865E+00
 0.16394476049552E+00
 0.16652428911260E+00
 0.16708178024787E+00
 0.16566439103995E+00
 0.16264383441457E+00
 0.15796923372987E+00
 0.15189496127876E+00
 0.14457137331590E+00
 0.13622698306600E+00
 0.12698353728616E+00
 0.11708548928339E+00
 0.10679243157724E+00
 0.96266145552322E-01
 0.85238509445868E-01
 0.74374800540407E-01
 0.63864611908029E-01
 0.53601201656332E-01
 0.43680751658163E-01
 0.34870807740704E-01
 0.25744075344557E-01
 0.17427346781944E-01
 0.10052971223509E-01
 0.37101404185000E-02
-0.27763749712831E-02
-0.79085603550880E-02
-0.12381612342398E-01
-0.15149636992729E-01
-0.18568304601343E-01
-0.21621296663415E-01
-0.23356281977545E-01
-0.24084517849071E-01
-0.25677762739233E-01
-0.25912342939985E-01
-0.25326454930039E-01
-0.25583776595935E-01
-0.25042156609073E-01
-0.23867568961111E-01
-0.23300229129979E-01
-0.21484491513025E-01
-0.20715394655366E-01
-0.19490655950975E-01
-0.17951741969917E-01
-0.17042121799859E-01
-0.15820043152860E-01
-0.14400092879770E-01
-0.13193283520686E-01
-0.12432958212862E-01
-0.11114035222736E-01
-0.98423317909153E-02
-0.90651771085718E-02
-0.84922770446325E-02
-0.73243400386975E-02
-0.79312780907515E-02
-0.70587027676896E-02
-0.63629094824485E-02
-0.57220802967081E-02
-0.46596611739942E-02
-0.42828154368939E-02
-0.14064734938623E-02
-0.32356209305035E-02
-0.21861088790938E-02
-0.13762634963015E-02
-0.22218389835219E-02
-0.20486597851860E-02
-0.18470233642182E-02
-0.16458281712639E-02
-0.12778096968901E-02
-0.13759266411784E-02
-0.12299647703269E-02
 0.14494549570858E-02
-0.70207853915006E-03
-0.76425971021840E-03
-0.86696022898643E-03
-0.79439412490291E-03
-0.11288251583528E-02
-0.61419289062395E-03
-0.72197190487982E-03
-0.53842260195407E-03
-0.65265147483517E-03
-0.72068616148546E-03
-0.41806449215221E-03
-0.34044867040444E-03
-0.40782424760809E-03
-0.45663765346487E-03
-0.36642358953325E-03
-0.30432036354621E-03
-0.29166809141361E-03
-0.39573805308971E-03
-0.28334356067036E-03
-0.30282254499313E-03
 0.67436859774960E-03
-0.14551025971766E-03
-0.22158228953195E-03
-0.57675529687155E-04
-0.43893289954675E-03
-0.26223847064024E-03
 0.51186344533799E-04
-0.84197528185657E-03
-0.23021223630226E-03
 0.79987732959477E-04
-0.96990091725540E-04
-0.21278399474922E-03
-0.24649866693385E-03
-0.22041794495395E-03
-0.67639629051780E-03
-0.79501080969363E-03
-0.25657304776492E-03
-0.53460043371166E-03
-0.41211490881661E-05
-0.45274816160538E-03
 0.18305267992766E-01
-0.41451391686451E-03
-0.26729323387051E-03
-0.53657376489268E-03
 0.56681864939260E-04
-0.14101932463510E-03
 0.22897185800478E-03
-0.55066628341447E-04
 0.63409821947901E-03
-0.31855843576403E-03
 0.21257861661404E-03
-0.17031007649705E-03
-0.21767745860055E-02
 0.16219272036304E-02
 0.11173323417637E-03
-0.14404888045390E-03
 0.68925601764809E-04
-0.43705855000506E-03
 0.34334106518799E-03
-0.81196386979204E-04
 0.27441874617360E-02
-0.22707731195439E-04
 0.36714394044303E-03
-0.26341165419729E-03
-0.21395933845400E-03
-0.31576598282052E-03
 0.97124089757765E-03
-0.23863027687120E-04
 0.25635018744021E-03
-0.22873883259666E-03
 0.22876422838407E-04
-0.18538161320220E-02
 0.87954872497507E-04
 0.17764861121322E-03
 0.15274562919385E-03
 0.21372210116625E-02
 0.40346650244918E-04
 0.47205551272924E-04
-0.35599665806767E-04
 0.30534914453852E-03
 0.25910474411521E-03
 0.33673192525935E-04
-0.29148043049121E-03
 0.60275220276239E-04
-0.99149085336773E-04
-0.13995870272828E-02
 0.41607354789898E-03
-0.38968727304965E-04
-0.70501469905877E-04
-0.21199523877361E-02
 0.34714768101110E-03
-0.53217204753245E-03
 0.11614678692645E-02
-0.68253751884007E-03
-0.22912366656960E-03
 0.18859372546894E-03
 0.44918707645233E-03
-0.18504050437225E-03
-0.95874258073532E-04
 0.21888874403743E-03
-0.10140024682730E-03
 0.16105927394274E-03
-0.63593745842358E-03
-0.38579575919897E-04
-0.53203699376940E-03
-0.20118972731384E-03
 0.66308680329152E-03
 0.13089512196241E-03
-0.92392849745964E-03
-0.23796598718895E-03
 0.20263754130704E-02
 0.66699615383054E-03
 0.35554286805555E-04
-0.50967746689696E-03
 0.13862456846084E-02
-0.24835637866838E-04
 0.79186359526359E-04
-0.67103069160490E-03
-0.52051009184664E-03
-0.15470447520279E-02
-0.31903304085344E-03
-0.45249529824938E-03
-0.41436710989065E-03
-0.60988818628817E-04
-0.20108233431619E-03
 0.98175475153719E-04
 0.40739762250697E-04
 0.36451912818512E-03
 0.30832292642788E-03
 0.86972964493708E-03
-0.23876115829560E-03
-0.30482067038395E-03
 0.44120243240837E-03
-0.48680202779274E-03
-0.11430027477314E-02
 0.23018828577048E-04
 0.15753717266887E-03
 0.23957926269485E-02
-0.15269392971571E-02
 0.22751653352201E-04
 0.27631095500027E-03
 0.26196306317591E-03
-0.44332265726209E-03
 0.20352991323026E-03
 0.32274564249037E-03
 0.22113177808507E-03
-0.22243129343604E-03
-0.29897237947544E-03
 0.13985184068550E-02
-0.44632768103262E-03
-0.98901330411170E-04
 0.61354834348522E-03
-0.38536920767048E-03
 0.78776021910084E-03
 0.64291358883863E-03
 0.33495924921048E-03
-0.59750117487865E-03
 0.10246583609356E-02
 0.20541214950605E-02
-0.55557081940288E-03
-0.31273226938436E-02
 0.19742045544160E-03
 0.24482807489013E-03
 0.41232989988900E-03
 0.27052784118456E-03
-0.43760367209864E-03
-0.13829391391585E-02
 0.46866940974869E-03
-0.20906038407009E-03
 0.19544752072139E-03
 0.40949921019652E-03
-0.15018763031614E-02
-0.11526576050098E-02
-0.17243961302517E-03
 0.51234139415196E-03
-0.11273590174128E-02
 0.15606588934068E-03
 0.86964947724189E-03
 0.35962290318689E-03
-0.54553347446933E-04
 0.55787459619824E-03
