-0.48419840571813E+00
-0.58326830226077E+00
-0.67609267751148E+00
-0.75873614900211E+00
-0.82801025905081E+00
                  NaN
                  NaN
-0.95920786738330E+00
-0.97286945601435E+00
-0.97195866003073E+00
-0.95637865447025E+00
-0.92555119999079E+00
-0.88031337299039E+00
-0.82169647617419E+00
-0.74814398484376E+00
-0.66786872898461E+00
-0.57469517824077E+00
-0.47258319354170E+00
-0.36300353766561E+00
-0.24739445735628E+00
-0.12736183507458E+00
-0.45281229161858E-02
 0.11958160383251E+00
 0.24357971135957E+00
 0.36550943765585E+00
 0.48402773389810E+00
 0.59772449558642E+00
 0.70520005892602E+00
 0.80522078835840E+00
 0.89668138983617E+00
 0.97851114581769E+00
 0.10498858416170E+01
 0.11098284393506E+01
 0.11583296112136E+01
 0.11950018661945E+01
 0.12180249096203E+01
 0.12289057833636E+01
 0.12271329349622E+01
 0.12128594373203E+01
 0.11863758540957E+01
 0.11482515894162E+01
 0.10986973631534E+01
 0.10387278778738E+01
 0.96911289731602E+00
 0.89058387373392E+00
 0.80419303462873E+00
 0.71093939225042E+00
 0.61202553606303E+00
 0.50843121240810E+00
 0.40152838073280E+00
 0.29229205786974E+00
 0.18202506267869E+00
 0.70997702571120E-01
-0.37089854147274E-01
-0.14347775591947E+00
-0.24651685446341E+00
-0.34511419382964E+00
-0.43838413455323E+00
-0.52554775942434E+00
-0.60560655638727E+00
-0.67819593859428E+00
-0.74248821811691E+00
-0.79824876711549E+00
-0.84505535010874E+00
-0.88263443494955E+00
-0.91085363693605E+00
-0.92981126233403E+00
-0.93965708071839E+00
-0.93997714273406E+00
-0.93166056184585E+00
-0.91517330545423E+00
-0.89214347675795E+00
-0.85874912041799E+00
-0.82090148957846E+00
-0.77628013516877E+00
-0.72621515704514E+00
-0.67163289722695E+00
-0.61307688066312E+00
-0.55155453221379E+00
-0.48772263048451E+00
-0.42234787785243E+00
-0.35633755154112E+00
-0.29038939403109E+00
-0.22529042445047E+00
-0.16156259453355E+00
-0.99902412129134E-01
-0.41011658124884E-01
 0.15521648655161E-01
 0.67557310705648E-01
 0.11533932216646E+00
 0.15930120579790E+00
 0.19947644853876E+00
 0.23541299900705E+00
 0.26315665001429E+00
 0.28779195187109E+00
 0.30856555483947E+00
 0.32429265492595E+00
 0.33550676750148E+00
 0.34473446935782E+00
 0.34631750357554E+00
 0.34464095378643E+00
 0.34067799221098E+00
 0.33497602207536E+00
 0.32294646335531E+00
 0.31038607035551E+00
 0.29609176175676E+00
 0.28269333189615E+00
 0.26425440580008E+00
 0.24472310269418E+00
 0.22625397677208E+00
 0.20872896177844E+00
 0.18766345635021E+00
 0.16954766190158E+00
 0.15159626253236E+00
 0.13311535586854E+00
 0.11579900825463E+00
 0.99608755013885E-01
 0.84697879674345E-01
 0.70301868671687E-01
 0.57573105710529E-01
 0.46374084377360E-01
 0.34997051387393E-01
 0.25666860350731E-01
 0.13444261064330E-01
 0.96529040151128E-02
 0.25713728659338E-02
-0.87539436520828E-02
-0.80417916406202E-02
-0.11107948461843E-01
-0.15186914926929E-01
-0.18383456544031E-01
-0.20152416777980E-01
-0.25745470057256E-01
-0.25953104212991E-01
-0.25550048579057E-01
-0.26233175882503E-01
-0.23975174500595E-01
-0.23400800925934E-01
-0.14841530170424E-01
-0.21675857695375E-01
-0.19410249758920E-01
-0.15891987459509E-01
-0.20866880601860E-01
-0.19710649353037E-01
-0.19153736490876E-01
-0.18138172772979E-01
-0.17223980267105E-01
-0.16714132275554E-01
-0.15765807886690E-01
-0.28660284030395E-02
-0.76376065850975E-02
-0.13553095983569E-01
-0.12647143960180E-01
-0.12035699974856E-01
-0.88303668041546E-02
-0.10454768300575E-01
-0.92181034767801E-02
-0.91015131483040E-02
-0.87317264795377E-02
-0.87750606982539E-02
-0.77005081054276E-02
-0.74168423679852E-02
-0.75808020544208E-02
-0.75048374161389E-02
-0.62624114445058E-02
-0.46521814049241E-02
-0.52252105535193E-02
-0.64400660914097E-02
-0.57902496253439E-02
-0.51386442799957E-02
-0.19085152481787E-02
-0.40696345765216E-02
-0.43315621512751E-02
-0.21772604482843E-02
-0.48504483991204E-02
-0.29000535485831E-02
-0.23639151537991E-02
-0.67240925351176E-03
-0.27905058353434E-02
-0.23750806521276E-02
-0.23096198372827E-02
 0.17130887207795E-03
-0.25014680561478E-02
-0.21135661557876E-02
-0.10160051639011E-01
-0.49156104775452E-02
-0.17329114908500E-02
-0.36521180965296E-02
-0.16970270538754E-02
-0.29265720653288E-02
 0.58312629672194E-01
-0.17998817328008E-02
-0.15224433606611E-02
-0.12419644815818E-02
-0.11540161727625E-03
-0.35713060878395E-02
 0.21163803482795E-02
-0.15292416085612E-02
 0.11655765705153E-02
-0.40391507452522E-03
-0.16467413317944E-02
-0.15334609269002E-02
-0.13288604508630E-01
-0.11846269602914E-01
-0.69507458643681E-03
-0.67201943026946E-03
-0.86654218081570E-04
-0.38448452755372E-03
 0.96786414842872E-03
-0.11558900848276E-02
 0.18955783160008E-02
-0.28829682307089E-03
 0.13775467023088E-02
-0.15212071806370E-03
-0.15140664784150E-02
-0.37941018245676E-03
 0.16301237776275E-02
-0.87435140205423E-03
-0.22233305435417E-02
-0.58299606552785E-03
 0.75250192857406E-03
 0.11699662979121E-01
 0.50782729590725E-03
-0.67580842944732E-03
 0.13201355741513E-02
-0.36848206552416E-02
-0.42367916428821E-03
 0.50020136392605E-03
 0.61688196092247E-05
 0.10536100335907E-02
 0.11268349430701E-02
-0.20556157203713E-03
-0.73286444482640E-03
-0.80387692435222E-04
 0.27885947047643E-03
-0.21712572821110E-01
 0.30033596721751E-02
 0.17819692919697E-03
-0.14273868479055E-02
-0.14864353415266E-02
-0.17614411090551E-02
-0.55622682233119E-03
 0.59180390247256E-02
-0.13090362090123E-02
-0.17566100282473E-02
-0.15437545005517E-02
 0.22660992031385E-02
 0.42826709161725E-03
 0.21986464854104E-03
 0.94962994332960E-03
-0.52585270607314E-03
-0.16555617413548E-02
-0.20867391079582E-02
 0.58194557528268E-03
-0.29590595683278E-02
-0.64447647014556E-03
 0.31342956613002E-02
 0.50897161972997E-03
-0.12850810273366E-01
 0.14335631956268E-02
-0.64678312245985E-02
 0.17067472379164E-02
 0.42594793976112E-03
 0.21437638046422E-01
 0.79726341615430E-02
 0.61539942104744E-03
-0.70053860167900E-03
 0.88505770930690E-03
-0.75403949582566E-02
 0.37194463704588E-02
-0.74096053874520E-02
-0.25476913131986E-02
-0.24144852302000E-02
-0.54818426859256E-03
 0.32341645804641E-02
 0.33314125972405E-02
 0.75497523035238E-03
 0.49619027642541E-03
-0.29430219354437E-02
-0.70497096996765E-02
 0.70876998419831E-03
-0.17098173087373E-02
 0.26658096030629E-02
 0.44368459481613E-03
 0.78842053127336E-03
-0.11018141302412E-03
-0.19129142455720E-03
 0.57055127243315E-02
-0.61180968182277E-02
 0.15478261928390E-02
-0.97640705482452E-04
-0.97003235021991E-03
-0.56363495262549E-02
 0.93985908681476E-03
 0.42890351647424E-03
 0.19464996282187E-02
-0.14236994279572E-03
-0.14318891824708E-02
-0.11360017832042E-02
-0.12931790501314E-02
-0.16018329017042E-02
 0.23508192779371E-02
-0.28241371875423E-03
-0.37330341895260E-02
 0.70270969595344E-03
-0.11470025265936E-01
-0.24911361781568E-02
-0.23150019596864E-03
 0.11021329200410E-01
 0.46525848871833E-02
-0.12679384088947E-01
-0.15623049824573E-02
 0.13933844476151E-02
 0.15186445677881E-02
 0.17093104592673E-02
-0.52487621962452E-01
-0.27128079221132E-01
-0.56929050934915E-04
-0.70879044337567E-03
-0.10753549720311E-02
 0.73071956491111E-03
-0.14063742972516E-01
 0.59416064804456E-03
 0.29401607149266E-03
 0.27882583769026E-02
-0.69836138445491E-02
-0.13275895745747E-02
 0.13225312949514E-02
 0.38281832907776E-02
-0.65083515582727E-03
 0.41393660875135E-02
