5.9578338411851955e-12
5.9578338411851955e-12
5.9578338411851955e-12
6.206076917901245e-12
7.42246799380989e-11
3.283387054184833e-9
5.5315135933868875e-8
4.818595472304516e-7
2.688044922135176e-6
0.000010937627072449124
0.00003529093148717614
0.00009550794161890315
0.00022546196819314395
0.00047755628415359884
0.0009267477784048192
0.0016739596418864798
0.002848836278381807
0.004611918448957564
0.007156388545163147
0.01070956194791575
0.015534294925449573
0.021930454186156755
0.030236558298302373
0.04083166227835525
0.054137517193673684
0.07062099859630737
0.09079676172275394
0.11523004744379224
0.1445395344272467
0.1794001040975514
0.22054536148349863
0.26876973598470905
0.32492996119317125
0.3899457085593887
0.4647991122131773
0.5505327377463418
0.6482459827367182
0.7590885077896513
0.8842507260523019
1.0249497024346892
1.1824093945886762
1.3578337776896032
1.552372210922596
1.767077747152009
2.0028618646672545
2.2604523762229216
2.5403635348999862
2.8428864286511293
3.168102854155114
3.5159190174096584
3.886110329984167
4.278367606392631
4.692337521594074
5.127653961401201
5.583959974888363
6.060921731826024
6.558236449855483
7.075636125989057
7.612888546701731
8.169796632396162
8.746196851483163
9.341957162209775
9.95697477572402
10.591173913755641
11.244503656196942
11.916935928733698
12.6084636493947
13.319099037651354
14.048872079762727
14.797829138939884
15.56603169730484
16.353555215843908
17.16048817042858
17.986930753381458
18.832994724129524
19.698801908041236
20.584483825661877
21.49018095009137
22.416042083987655
23.362223779240754
24.328889794160876
25.316210583881553
26.324362820111926
27.353528936960277
28.403896699969778
29.47565879591033
30.569012441178593
31.684159006976873
32.82130365969268
33.980655015121094
35.16242480536437
36.36682755743719
37.59408028272964
38.84440217666496
40.118014327949545
41.41513943696863
42.736001542961795
44.08082575969014
45.44983801938933
46.843264824883605
48.26133300977797
49.704269506692945
51.172301123590906
52.66565432822456
54.18455504085283
55.72922843528805
57.299898748487976
58.89678909883015
60.52012131325455
62.1701157634918
63.84699121155333
65.55096466471669
67.28225124018694
69.04106403966122
70.82761403395388
72.64210995791501
74.48475821575552
76.35576279699649
78.25532520312949
80.18364438513998