1.5517564139474151
1.579271178458849
1.6069363603091729
1.6347518514328385
1.6627175451648848
1.690833336200102
1.7190991205849642
1.7475147957053407
1.7760802602635342
1.8047954142597857
1.833660158986194
1.8626743969922084
1.8918380320914565
1.9211509693355537
1.9506131149870458
1.9802243765294611
2.0099846626413713
2.0398938831718136
2.0699519491425256
2.100158772718528
2.13051426721942
2.161018347080406
2.191670927841869
2.222471926163393
2.253421259774742
2.2845188474849136
2.3157646091770547
2.3471584657686164
2.3787003392262496
2.4103901525435862
2.4422278297282074
2.4742132957924583
2.5063464767529515
2.5386272995961843
2.5710556922822647
2.6036315837493778
2.636354903870964
2.669225583472849
2.702243554307302
2.735408749054151
2.7687211012974506
2.802180545533797
2.835787017151102
2.869540452416184
2.9034407884791076
2.937487963353454
2.971681915908247
3.0060225858652276
3.0405099137829636
3.075143841056105
3.1099243098998692
3.144851263353394
3.179924645248331
3.215144400230198
3.250510473731567
3.2860228119608945
3.3216813619217582
3.3574860713710315
3.3934368888365043
3.4295337635909453
3.465776645668485
3.502165485830605
3.538700235582276
3.5753808471523447
3.612207273485343
3.649179468246825
3.6862973858036314
3.7235609812266195
3.760970210280363
3.7985250294170676
3.8362253957719816
3.8740712671599176
3.912062602054401
3.950199359610509
3.9884814996229174
4.02690898255693
4.065481769519558
4.104199822252823
4.1430631031452885
4.182071575208987
4.221225202091573
4.260523948053988
4.29996777797567
4.339556657349964
4.379290552276793
4.419169429452489
4.459193256171148
4.49936200033035
4.539675630400368
4.580134115445896
4.620737425107052
4.661485529595165
4.702378399699595
4.743416006772099
4.784598322726827
4.82592532003896
4.867396971735149
4.909013251396124
4.950774133148876
4.9926795916616875
5.034729602147736
5.076924140347839
5.11926318254808
5.161746705552254
5.204374686700856
5.247147103849612
5.290063935376549
5.333125160177531
5.376330757664393
5.419680707753402
5.463174990874067
5.506813587963057
5.550596480452162
5.594523650278969
5.638595079875562
5.682810752171258
5.727170650581434
5.771674759019193
5.816323061880474
5.86111554404516
5.906052190881311
5.9511329882323665
5.996357922420134
6.041726980249997
6.087240148992052
6.132897416394633
6.178698770675876
6.224644200527811
6.270733695099486
6.3169672440124796
6.3633448373502235
6.409866465660119
6.456532119948071
6.5033417916806
6.550295472782854
6.597393155637123
6.6446348330741465
6.692020498387514
6.73955014531939
6.787223768067464
6.835041361273161
6.8830029200333085
6.931108439890703
6.979357916839817
7.027751347311535
7.076288728195993
7.124970056820358
7.173795330956648
7.222764548822602
7.271877709080934
7.321134810833129
7.370535853624033
7.420080837436765
7.469769762702647
7.519602630288669
7.569579441497239
7.619700198084302
7.6699649022290615
7.720373556562273
7.770926164146388
7.821622728488087
7.872463253530092
7.9234477436501685
7.974576203673418
8.025848638855393
8.077265054892779
8.128825457921769
8.180529854517703
8.232378251692827
8.284370656900391
8.336507078027823
8.388787523413733
8.44121200181961
8.493780522460362
8.546493094984328
8.599349729483583
8.652350436489838
8.705495226975811
8.758784112355967
8.812217104489623
8.865794215673745
8.919515458654748
8.973380846615333
9.027390393190373
9.08154411245302
9.135842018929214
9.190284127583919
9.244870453830545
9.299601013533813
9.354475823002671
9.409494898996757
9.464658258726386
9.519965919849959
9.575417900476811
9.631014219172666
9.686754894949967
9.742639947281395
9.798669396090197
9.854843261753654
9.911161565108294
9.967624327447295
10.024231570523451
10.080983316542229
10.137879588176663
10.19492040855792
10.252105801277406
10.30943579039273
10.366910400422737
10.424529656350115
10.482293583627227
10.54020220817164
10.598255556368121
10.656453655068999
10.714796531603104
10.773284213762366
10.83191672981224
10.890694108498405
10.949616379145816
11.00868357122477
11.067895715006902
11.12725284114179
11.186754980747445
11.246402165430801
11.306194427271315
11.3661317988355
11.426214313171213
11.486442003809268
11.546814904770756
11.607333050556003
11.667996476154872
11.728805217049242
11.78975930920879
11.850858789090246
11.912103693647074
11.973494060324262
12.035029927056577
12.096711332279618
12.158538314921252
12.220510914407942
12.282629170668965
12.344893124119162
12.407302815693072
12.469858286809806
12.532559579401962
12.595406735896889
12.658399799238031
12.721538812861228
12.784823820717664
12.848254867266684
12.91183199747119
12.975555256807203
13.039424691258652
13.103440347328661
13.167602271590242
13.231910512418148
13.296365117432725
13.360966135188828
13.425713614757413
13.490607605728261
13.555648158205761
13.620835322816854
13.686169150709173
13.751649693546446
13.817277003520909
13.883051133344996
13.948972136252323
14.015040066006506
14.08125497688875
14.147616923716342
14.21412596182179
14.28078214707642
14.347585535873119
14.414536185141218
14.48163415232752
14.548879495420984
14.616272272939954
14.683812543932271
14.751500367979128
14.819335805196063
14.88731891623345
14.95544976227787
15.02372840612167
15.092154907906195
15.16072933146778
15.229451740135836
15.298322197777228
15.367340768800481
15.436507518153682
15.505822511319506
15.575285814323287
15.644897493731655
15.714657616654149
15.78456625073477
15.854623464167878
15.924829325684906
15.995183904559948
16.065687270613353
16.13633949420739
16.20714064624673
16.278090798185918
16.349190022014692
16.420438390274153
16.49183597605128
16.56338285297609
16.635079095221876
16.706924777514267
16.778919975117468
16.85106476384851
16.923359220069816
16.995803420685732
17.068397443155543
17.141141365475857
17.214035266197982
17.28707922441924
17.360273319779854
17.43361763247401
17.50711224323966
17.580757233359787
17.654552684671312
17.72849867954986
17.802595300929585
17.876842632282482
17.95124075763423
18.025789761553806
18.10048972915817
18.175340746112287
18.250342898630727
18.325496273468985
18.400800957934152
18.47625703987846
18.551864607699528
18.627623750341613
18.703534557295598
18.779597118598
18.855811524830248
18.932177867119634
19.008696237136245
19.085366727097053
19.162189429763167
19.23916443843737
19.316291846968085
19.39357174974874
19.4710042417106
19.548589418329808
19.626327375625422
19.70421821015531
19.782262019022486
19.86045889986728
19.9388089508702
20.01731227075429
20.095968958775696
20.174779114736207
20.25374283897319
20.332860232356367
20.412131396299866
20.49155643275017
20.571135444187604
20.650868533633663
20.73075580463575
20.81079736128355
20.890993308193654
20.971343750518344
21.05184879393954
21.132508544668795
21.21332310945249
21.294292595562162
21.375417110800353
21.456696763496367
21.538131662507027
21.619721917213944
21.701467637528474
21.7833689338823
21.865425917233374
21.947638699058473
22.03000739136202
22.11253210666813
22.195212958015663
22.27805005897209
22.361043523617035
22.44419346654681
22.52750000287919
22.610963248244303
22.694583318785405
22.778360331164457
22.862294402549455
22.946385650627356
23.030634193587932
23.115040150133694
23.199603639479164
23.28432478133981
23.369203695943728
23.45424050401823
23.53943532679754
23.62478828602105
23.710299503924155
23.79596910324977
23.881797207235444
23.967783939618055
24.053929424633715
24.14023378701066
24.22669715197723
24.313319645250413
24.400101393043943
24.48704252205786
24.574143159485086
24.66140343300697
24.748823470793397
24.836403401497083
24.924143354257435
25.01204345869953
25.100103844926583
25.188324643526606
25.276705985564504
25.365248002582295
25.453950826605325
25.542814590126888
25.63183942612012
25.7210254680266
25.810372849761926
25.899881705713973
25.989552170734346
26.0793843801453
26.169378469732703
26.259534575750227
26.349852834909804
26.440333384391916
26.530976361828618
26.621781905317278
26.71275015340906
26.803881245113267
26.89517531989012
26.98663251765774
27.078252978779208
27.170036844072776
27.261984254802655
27.354095352677287
27.446370279856545
27.53880917893845
27.631412192963765
27.724179465419727
27.817111140221154
27.910207361732322
28.00346827474622
28.09689402449386
28.19048475663298
28.28424061726444
28.378161752901057
28.472248310498635
28.566500437434247
28.66091828150909
28.755501990946872
28.850251714394428
28.94516760091776
29.040249799999653
29.135498461542817
29.230913735861037
29.326495773682666
29.422244726148396
29.51816074480888
29.614243981621286
29.710494588950382
29.80691271956819
29.903498526645272
30.000252163753366
30.097173784871075
30.194263544367605
30.291521597010604
30.38894809796565
30.486543202785573
30.58430706741941
30.682239848202702
30.780341701859125
30.878612785500355
30.97705325661652
31.075663273087734
31.174442993171315
31.273392575502037
31.37251217909362
31.471801963335857
31.571262087989812
31.670892713191506
31.77069399944498
31.870666107623165
31.970809198965036
32.07112343507447
32.17160897791866
32.27226598982834
32.3730946334885
32.4740950719432
32.57526746859697
32.67661198720384
32.778128791868745
32.87981804705272
32.981679917557905
33.083714568542135
33.1859221654958
33.28830287426166
33.39085686102716
33.49358429230978
33.59648533496809
33.69956015619653
33.80280892352431
33.90623180481215
34.0098289682502
34.1136005823559
34.21754681597676
34.32166783828212
34.42596381876464
34.53043492723998
34.63508133383818
34.73990320901223
34.844900723525704
34.95007404846078
35.05542335520496
35.160948815460536
35.26665060123515
35.37252888484374
35.47858383890574
35.58481563634156
35.6912244503715
35.79781045451697
35.90457382259417
36.01151472871472
36.11863334728266
36.22592985299273
36.333404420831585
36.441057226069894
36.5488884442633
36.65689825125391
36.76508682316461
36.8734543363958