1.8404580602312914
1.868627019263173
1.8969458824862124
1.9254145480570741
1.95403291530264
1.9828008850258454
2.011718359031411
2.0407852404234847
2.0700014335870267
2.099366843846967
2.128881377972764
2.1585449437973487
2.188357450320891
2.2183188076911886
2.2484289271771054
2.27868772117006
2.3090951031757094
2.3396509877852796
2.3703552906907044
2.4012079286387027
2.432208819459576
2.46335788201917
2.494655036232282
2.526100203046029
2.557693304421848
2.5894342633350016
2.6213230037629094
2.6533594506657847
2.6855435299907326
2.71787516864742
2.750354294506089
2.782980836394706
2.815754724078726
2.8486758882469436
2.8817442605168324
2.914959773423991
2.948322360398936
2.9818319557706996
3.0154884947496994
3.049291913437672
3.083242148787702
3.117339138625573
3.151582821627923
3.1859731373075943
3.2205100260183546
3.2551934289423583
3.290023288081334
3.32499954624678
3.360122147058472
3.3953910349246086
3.430806155054094
3.466367453423774
3.5020748767992855
3.537928372700057
3.5739278894196618
3.6100733759873416
3.646364782194073
3.682802058566003
3.7193851563543974
3.756114027543088
3.792988624839038
3.8300089016476417
3.8671748121004064
3.9044863110077817
3.941943353895656
3.9795458969630273
4.017293897097521
4.055187311857018
4.093226099478841
4.131410218856667
4.169739629543134
4.208214291751704
4.246834166339408
4.285599214799774
4.324509399277594
4.363564682530448
4.40276502796433
4.442110399586597
4.481600762035771
4.521236080554343
4.561016320992258
4.600941449808278
4.641011434049872
4.681226241365258
4.721585839984906
4.762090198727749
4.802739286986905
4.84353307473576
4.884471532517418
4.925554631444206
4.966782343184884
5.008154639975079
5.049671494597421
5.091332880395194
5.133138771249007
5.175089141590443
5.2171839663900235
5.259423221154719
5.301806881918772
5.344334925252876
5.3870073282559865
5.429824068538936
5.472785124247895
5.515890474033213
5.559140097063076
5.60253397301705
5.646072082083476
5.689754404953139
5.733580922820881
5.777551617379023
5.8216664708148835
5.865925465816859
5.910328585558661
5.954875813707633
5.999567134407994
6.044402532303426
6.089381992508281
6.13450550061987
6.179773042713989
6.225184605340332
6.2707401755229855
6.316439740761048
6.362283289016096
6.408270808724346
6.454402288783499
6.500677718555719
6.547097087869123
6.593660387009211
6.64036760672074
6.687218738212303
6.734213773136108
6.7813527036160215
6.828635522216047
6.876062221958194
6.923632796311562
6.97134723920251
7.019205544998404
7.067207708519526
7.115353725028036
7.163643590236275
7.212077300296852
7.26065485181169
7.309376241819621
7.358241467804702
7.407250527691
7.456403419845448
7.505700143074121
7.555140696619505
7.604725080167697
7.654453293840956
7.704325338195719
7.754341214235263
7.804500923387353
7.854804467528587
7.905251848965017
7.955843070439482
8.006578135132347
8.057457046657285
8.108479809068234
8.159646426847964
8.210956904921991
8.26241124864442
8.314009463809123
8.365751556647
8.41763753381891
8.469667402421253
8.521841169996522
8.574158844511459
8.626620434373807
8.679225948428096
8.731975395953281
8.784868786671055
8.837906130734188
8.891087438736081
8.944412721706051
8.997881991114664
9.051495258874114
9.105252537330026
9.159153839271507
9.213199177928429
9.267388566972155
9.321722020512698
9.376199553107407
9.430821179749293
9.485586915886644
9.540496777400815
9.595550780623842
9.650748942333603
9.706091279754073
9.761577810554574
9.817208552855734
9.87298352522216
9.92890274667908
9.984966236690365
10.041174015173178
10.097526102503434
10.154022519508104
10.210663287467085
10.26744842811207
10.324377963637232
10.381451916690782
10.438670310378562
10.49603316826393
10.553540514375449
10.611192373195474
10.668988769673055
10.726929729220833
10.78501527771207
10.843245441488955
10.90162024735516
10.960139722587016
11.018803894921962
11.077612792573692
11.136566444327979
11.195664879131701
11.25490812671321
11.314296217167508
11.373829181072184
11.433507049474258
11.49332985389973
11.55329762635669
11.613410399326753
11.673668205771508
11.734071079141959
11.794619053364247
11.855312162845234
11.916150442487153
11.977133927671591
12.038262654266571
12.099536658631262
12.160955977609781
12.222520648540986
12.28423070925526
12.34608619807091
12.4080871538031
12.47023361576323
12.532525623757076
12.594963218084173
12.657546439548605
12.720275329448341
12.783149929582676
12.84617028225508
12.90933643026763
12.972648416929552
13.036106286047437
13.099710081943968
13.163459849439558
13.227355633867486
13.291397481065466
13.355585437385942
13.41991954968442
13.484399865338963
13.54902643222908
13.61379929829473
13.67871851335023
13.743784126383373
13.808996187334213
13.874354746668578
13.939859855361945
14.005511564917304
14.071309927354614
14.137254995214272
14.203346821556748
14.269585459969406
14.335970964561787
14.40250338996599
14.469182791340382
14.536009224371222
14.602982745269435
14.670103410777054
14.737371278154576
14.804786405208375
14.872348850260188
14.940058672169439
15.00791593032754
15.075920684651928
15.144072995600096
15.212372924158045
15.280820531848104
15.349415880727566
15.418159034495234
15.487050054101609
15.556089004280045
15.62527594923936
15.694610953714518
15.764094082987121
15.833725402872615
15.903504979725877
15.97343288044668
16.043509172470873
16.113733923774237
16.18410720287919
16.25462907884211
16.3252996212685
16.396118900304025
16.467086986632427
16.538203951492775
16.60946986665561
16.680884804441092
16.75244883771403
16.824162039881386
16.896024484895023
16.968036247255668
17.04019740200472
17.11250802473269
17.184968191575358
17.25757797921241
17.330337464872507
17.40324672632897
17.47630584190298
17.549514890459132
17.622873951414732
17.696383104726266
17.770042430904056
17.843852011002564
17.917811926621404
17.99192225991215
18.06618309356917
18.14059451083556
18.215156595500186
18.289869431900286
18.36473310491885
18.439747699988615
18.514913303083357
18.59023000072894
18.6656978799975
18.741317028502326
18.817087534408564
18.893009486422155
18.96908297380076
19.045308086342462
19.121684914394088
19.198213548844873
19.274894081130444
19.351726603230567
19.428711207668787
19.50584798751367
19.583137036376804
19.660578448410966
19.738172318313932
19.815918741326765
19.89381781323257
19.97186963035127
20.050074289549926
20.128431888231294
20.206942524343905
20.285606296371867
20.364423303338977
20.443393644808822
20.52251742088369
20.601794732201324
20.681225679942496
20.76081036581178
20.840548892064714
20.92044136148237
21.000487877385137
21.080688543623268
21.16104346458571
21.24155274519041
21.322216490885566
21.403034807656205
21.484007802016478
21.565135581005197
21.64641825219602
21.72785592368975
21.809448704113702
21.891196702621105
21.97310002889432
22.055158793138368
22.13737310608307
22.21974307898229
22.30226882361194
22.384950452270477
22.467788077776323
22.550781813468568
22.63393177320341
22.717238071359837
22.800700822829462
22.884320143022727
22.96809614786306
23.05202895378901
23.136118677754464
23.22036543722407
23.30476935017275
23.389330535085186
23.47404911095868
23.558925197296833
23.643958914109774
23.72915038191282
23.814499721728073
23.900007055082177
23.985672504000142
24.071496191011274
24.15747823914968
24.24361877193801
24.329917913409556
24.41637578808292
24.502992520980513
24.589768237617264
24.67670306399838
24.763797126625057
24.85105055248703
24.93846346906532
25.026036004327484
25.11376828672964
25.20166044521098
25.289712609201096
25.377924908606957
25.466297473820102
25.554830435713786
25.64352392563652
25.732378075419653
25.821393017370784
25.91056888426596
25.999905809362673
26.08940392638861
26.179063369545332
26.268884273494542
26.358866773382122
26.449011004803285
26.539317103835202
26.629785207006847
26.720415451318118
26.811207974223063
26.902162913639952
26.993280407947047
27.084560595977393
27.176003617017198
27.267609610809696
27.359378717547674
27.45131107788132
27.543406832901077
27.635666124151914
27.72808909362354
27.82067588375001
27.913426637409987
28.006341497921643
28.099420609043786
28.192664114978463
28.286072160359414
28.379644890255047
28.473382450175283
28.56728498605378
28.661352644261243
28.755585571595088
28.849983915278237
28.94454782296418
29.039277442728295
29.134172923068355
29.229234412902404
29.32446206157099
29.419856018829854
29.5154164348524
29.61114346022475
29.707037245948815
29.80309794343413
29.899325704503184
29.995720681384963
30.09228302671246
30.18901289352804
30.285910435269873
30.382975805785986
30.480209159313898
30.577610650499487
30.67518043437329
30.772918666372206
30.870825502315444
30.968901098417774
31.06714561128123
31.165559197897096
31.26414201564031
31.362894222272573
31.461815975934158
31.560907435148135
31.660168758813274
31.759600106209913
31.85920163698863
31.958973511176968
32.05891588916987
32.15902893173638
32.259312800011315
32.359767655496306
32.460393660055374
32.561190975918734
32.66215976567381
32.76330019226946
32.86461241901128
32.966096609558235
33.06775292792564
33.169581538478965
33.27158260593431
33.373756295353715
33.47610277215222
33.57862220207849
33.68131475123359
33.78418058605656
33.887219873319445
33.9904327801431
34.09381947397256
34.197380122592214
34.301114894117255
34.40502395699225
34.50910747998988
34.61336563220735
34.71779858306969
34.82240650232031
34.92718956002471
35.0321479265644
35.13728177264881
35.242591269289015
35.34807658781455
35.453737899866276
35.55957537739509
35.665589192655624
35.771779518211446
35.878146526932575
35.98469039198172
36.09141128683251
36.19830938524864
36.30538486129382
36.41263788932454
36.52006864399359
36.627677300237245
36.73546403328632
36.84342901865711
36.95157243214866
37.05989444984847
37.16839524811501
37.27707500359866
37.38593389321892
37.49497209417046