12.308769586583965
12.345952287701085
12.383688114862581
12.420936217215953
12.458730387890999
12.496716131482048
12.534893061559899
12.573259531443078
12.611818770240413
12.6505678471507
12.68950658783233
12.728634939722683
12.767952783531655
12.807459645513148
12.847155250571511
12.887039685461119
12.927112096771674
12.967372564933065
13.007820514988882
13.048456495417183
13.08927901151041
13.130288579540306
13.171484635828893
13.212867132667945
13.254435631758245
13.296189937756322
13.338129944621052
13.380254500183455
13.422564949393738
13.465058959955321
13.50773860836879
13.550602697530312
13.593650250795646
13.636881695642224
13.68029638461139
13.723894239698842
13.767675189094433
13.811638785580937
13.855784387849676
13.900113559363595
13.944624115738895
13.989316260663738
14.034179389141013
14.07924548858971
14.124480934688028
14.169898358698456
14.215496434550783
14.261274818473531
14.307233473655604
14.353371790341626
14.399690153222474
14.446187824814144
14.492864904841712
14.539721172630982
14.586756385775445
14.63397039975146
14.681362667413781
14.728933537393127
14.776679372101647
14.824608777647084
14.872713201882542
14.921010850215875
14.969453963656925
15.018090991829188
15.06690428851084
15.115894604454477
15.165061113855549
15.214404285163885
15.26392270454617
15.31361869352424
15.36348985132714
15.413527228493065
15.463758834631685
15.51415626705854
15.564729007418197
15.615476581380321
15.666398440324235
15.717495188105195
15.768761977977462
15.820212996059384
15.871833307902243
15.923627485180083
15.975594924930824
16.027736579801797
16.080051610459574
16.13253989085824
16.185201350040117
16.238035089604075
16.291043069310298
16.34422343180632
16.397575312611192
16.451101420180514
16.50479904502463
16.55866889832905
16.612710746925508
16.666928618655856
16.721310178184332
16.775867512721042
16.830595954537632
16.885496093772687
16.940567606871152
16.99580929756366
17.05122337183687
17.10680762770394
17.162562413910397
17.218488541978008
17.274584656975822
17.33085132507009
17.387287219360104
17.443895348081668
17.500669344804493
17.557619361441496
17.614735540165768
17.672023172720735
17.729479115534183
17.78710452348268
17.844899903298238
17.902864534490583
17.960997976935907
18.0193000232404
18.07777262438153
18.13641334166226
18.195222609014213
18.254200699180323
18.31334676153694
18.372662813610173
18.432146592146907
18.491798391433104
18.55161712449636
18.611607564730438
18.671763841322363
18.732088956501684
18.792581690099436
18.853241936480874
18.914070106028415
18.975065848435204
19.036229293054507
19.097560559912843
19.159059220184446
19.220724506154518
19.282557543892622
19.34455792092626
19.406726422275877
19.469061217429548
19.531563254064398
19.594232108838973
19.657067119251337
19.72007067070931
19.783240092895863
19.846576419087192
19.910078735216416
19.973748258392277
20.037586513182507
20.101588169803527
20.1657567742971
20.230092699359123
20.294594935208742
20.359263403105867
20.424098331359406
20.489098855073845
20.55426593071052
20.619598590718834
20.685098774959798
20.75076362282505
20.81659563589036
20.882589692120074
20.948756886798467
21.015086110048177
21.081580887737736
21.14824265575252
21.21505891176749
21.28206277101723
21.349220862071125
21.416545041780246
21.484035459949858
21.551690804471445
21.61951231927989
21.687498691070644
21.75565211357026
21.82397034563701
21.89245398670904
21.961103211528993
22.029918471437785
22.09889869140351
22.168044772391266
22.237356325824933
22.306833336313435
22.37646225604014
22.44628303799488
22.51625683973674
22.58639580665258
22.656699573309222
22.72716994728057
22.79780499315523
22.868605147728818
22.939564339118416
23.01070200381398
23.081999704048407
23.153461817165105
23.225089665478365
23.296882526380386
23.36884057587849
23.440965483216722
23.51325450702394
23.585709978758167
23.658330327683302
23.731115784945676
23.804067778325265
23.877184672354613
23.950467613260127
24.023914352557053
24.097528802087968
24.17130805579418
24.245252666345582
24.319363101497665
24.393638925174102
24.468079955515616
24.542695935283735
24.61746002085262
24.692400075884372
24.76750400935798
24.842774443962554
24.918210024348728
24.993811188104132
25.069580254295353
25.14551379269522
25.221613454662723
25.29787824349434
25.37431049314156
25.450907835046326
25.527672010516266
25.60460193837546
25.68169731291454
25.758960223339923
25.836388496745077
25.913982969899074
25.991744228712054
26.06967150557273
26.14774623922363
26.226025436899715
26.30445217011543
26.383045532705093
26.461805320933635
26.540731881065014
26.61979267714434
26.699085120510194
26.778511957617845
26.85810558412016
26.93786631033601
27.01779395051093
27.097888308750477
27.178150520226055
27.2585787900959
27.33917453162325
27.419938389488042
27.50086893847614
27.58196667690684
27.66323206314349
27.744665771369842
27.82625140358947
27.90803415134124
27.989970980595164
28.07207494349968
28.15434396887306
28.23678566126203
28.319392021995007
28.402169959012145
28.48511424358727
28.56822612616842
28.65142992930653
28.734955105876306
28.81857271592289
28.90235941181095
28.986313755635898
29.070437236806928
29.154728492018982
29.239189629100924
29.323820487629142
29.408619566540924
29.493587697957
29.57872515003909
29.66403121219487
29.749506979313214
29.835153449494754
29.920967574507394
30.00695089136751
30.093108655689722
30.17943288664368
30.265927222769253
30.35259123350123
30.439426919811744
30.52642666699026
30.613605882870647
30.700952398437522
30.78843677677376
30.876155313698337
30.96401264099325
31.05204143886645
31.140240808454955
31.228610905387065
31.317152674591487
31.40586502220645
31.494749400130125
31.583805923954912
31.673032126974753
31.76243113589647
31.852002626060074
31.94169200223629
32.0316593857064
32.12174747149392
32.2120056563732
32.3024379109302
32.393041467045215
32.483818812903536
32.57476761684632
32.66596604545708
32.75718571352517
32.84870391330698
32.94052139227483
33.03210928399165
33.12409705858047
33.216258587766966
33.30859410904739
33.40110417166192
33.49378633410811
33.586643511093826
33.67967571302082
33.77288087293097
33.8662610610952
33.95981573104536
34.05354577735329