0.0016692052317717264
0.0017606594585284686
0.0018561452927360533
0.001955795164380373
0.002059744241692578
0.002168130430280226
0.002281094435808657
0.0023987797190690003
0.0025213325608937354
0.0026489020493721737
0.002781640133346845
0.002919701591755474
0.003063244075584061
0.003212428125616263
0.003367417150836245
0.003528377520030377
0.003695478495754572
0.003868892305952418
0.004048794098526692
0.004235362027355586
0.004428777225606579
0.004629223820879261
0.004836888940542564
0.005051962756170267
0.0052746384850304575
0.005505112374197976
0.005743583781605777
0.005990255104302682
0.006245331852057452
0.0065090226395391314
0.006781539228021881
0.007063096488024398
0.007353912446103738
0.007654208296150368
0.007964208411676207
0.008284140352268939
0.008614234890154029
0.00895472600808465
0.009305850911629719
0.009667850077333055
0.010040967226027245
0.01042544935125748
0.010821546728714784
0.011229512953844854
0.011649604923105695
0.012082082883864484
0.012527210397781714
0.012985254399520684
0.01345648521064911
0.013941176522634475
0.014439605435321705
0.014952052473193091
0.015478801595049769
0.01602014019748712
0.01657635914033969
0.0171477527859036
0.017734618958969398
0.018337259028742278
0.018955977853732132
0.019591083875341173
0.02024288906511228
0.020911708970529862
0.021597862742698946
0.022301673140813556
0.023023466539852253
0.023763572961608515
0.02452232607940736
0.02530006326005842
0.026097125534066772
0.026913857665761615
0.027750608140263505
0.028607729174158797
0.029485576757949227
0.030384510669332905
0.031304894465012306
0.03224709553481124
0.03321148509807535
0.03419843820218264
0.035208333795899306
0.036241554692515644
0.03729848763302391
0.03837952325297787
0.03948505616540597
0.040615484907439124
0.04177121203464302
0.04295264404604875
0.044160191515721654
0.04539426900612442
0.04665529516257366
0.047943692678361696
0.04925988834291573
0.050604313064636246
0.051977401861463705
0.05337959389625325
0.05481133249911652
0.056273065175737866
0.05776524363157797
0.05928832379260222
0.06084276579460619
0.06242903404167694
0.06404759722071518
0.06569892825526213
0.06738350441559525
0.06910180727069326
0.07085432271616343
0.07264154102773804
0.07446395680380603
0.07632206906160727
0.07821638121253227
0.08014740105889513
0.08211564086009027
0.08412161729498356
0.08616585151242988
0.08824886913437607
0.09037120026057764
0.09253337950087026
0.09473594596238534
0.09697944327995975
0.09926441963338871
0.10159142774928769
0.10396102489327262
0.10637377293400675
0.10883023830050274
0.11133099199701726
0.11387660966598066
0.11646767153648648
0.11910476243062165
0.12178847183856005
0.1245193938597289
0.12729812723272202
0.13012527533740992
0.13300144619816695
0.1359272525075785
0.13890331160434746
0.141930245496753
0.14500868085147986
0.14813924899473524
0.1513225859437758
0.15455933234683278
0.1578501335480276
0.1611956395455429
0.1645965050113578
0.1680533892723815
0.17156695632385835
0.1751378747905179
0.1787668179929798
0.18245446384957376
0.18620149494113095
0.1900085984870285
0.1938764663065878
0.1978057948483672
0.20179728515962791
0.20585164288707894
0.2099695782467155
0.21415180603635522
0.21839904559169923
0.22271202081264585
0.22709146009080358
0.23153809636534592
0.23605266703029243
0.24063591398353687
0.24528858355535313
0.2500114265086434
0.25480519803012575
0.25967065769607633
0.26460856943832023
0.2696197015351707
0.2747048265842461
0.2798647214703231
0.2851001673550339
0.29041194960661393
0.29580085781926463
0.30126768575816754
0.30681323133180527
0.31243829656453076
0.31814368754741496
0.3239302144200009
0.32979869132648926
0.3357499363989812
0.3417847716672428
0.3479040231011541
0.35410852047256186
0.36039909740964515
0.36677659130605805
0.37324184325762766
0.37979569807786956
0.38643900420353106
0.3931726136639333
0.3999973820452243
0.40691416841776756
0.4139238353146695
0.42102724867480734
0.42822527775755764
0.4355187951497473
0.4429086766715691
0.45039580131948614
0.4579810512404143
0.4656653116430998
0.47344947077577676
0.48133441982947706
0.4893210529151917
0.49741026696159474
0.5056029617103267
0.5139000395955966
0.5223024057265566
0.530810967792846
0.539426636011963
0.5481503230603777
0.5569829440210287
0.5659254162744681
0.5749786594937732
0.5841435955031715
0.5934211482676146
0.6028122437769731
0.6123178100033381
0.6219387768205914
0.6316760759018806
0.6415306406822581
0.6515034062644738
0.6615953093467354
0.6718072881272599
0.6821402822528861
0.6925952327071185
0.7031730817534021
0.7138747728498522
0.7247012505482188
0.7356534604249994
0.7467323489959189
0.7579388636199843
0.7692739524133438
0.7807385641838751
0.7923336482963891
0.8040601546362622
0.8159190334762546
0.8279112353867697
0.8400377111757795
0.8522994117624688
0.8646972880867512
0.8772322910300783
0.8899053712923124
0.9027174793062063
0.9156695651453047
0.9287625784010646
0.9419974681153325
0.9553751826234553
0.9688966695051282
0.9825628754518321
0.9963747461496639
1.010333226194561
1.0244392589692966
1.0386937865395904
1.053097749537062
1.0676520870354813
1.0823577364693455
1.0972156334712788
1.112226711800043
1.1273919031995348
1.1427121372689548
1.1581883413652483
1.1738214404630953
1.1896123570383617
1.2055620109439766
1.2216713192712891
1.2379411962448132
1.2543725530597525
1.2709662977675604
1.287723335176767
1.3046445666541358
1.3217308900225124
1.338983199438813
1.356402385220378
1.373989333735745
1.3917449272589302
1.4096700437879632
1.4277655569498093
1.4460323358459624
1.464471244871352
1.4830831435925795
1.5018688866153571
1.5208293233866572
1.5399652980863547
1.559277649430867
1.5787672105657888
1.5984348088749925
1.6182812658267178
1.638307396834929
1.658514011090136
1.6789019113754462
1.6994718939549807
1.7202247483637343
1.7411612572621074
1.762282196303094
1.7835883339138292
1.8050804311734527
1.8267592416330087
1.8486255111626528
1.8706799777627383
1.8929233714360953
1.9153564139840993
1.9379798188880106
1.9607942910951137
1.983800526899063
2.0069992137808836
2.0303910301926287
2.0539766454734703
2.077756719633235
2.1017319032411885
2.1259028372384887
2.1502701528001626
2.174834471187899
2.199596403602466
2.224556551029306
2.24971550410771
2.2750738429900634
2.3006321372089156
2.326390945522318
2.352350815823719
2.3785122849876754
2.4048758787696887
2.431442111663589
2.4582114868270635
2.4851844959346927
2.512361619125204
2.5397433248491694
2.567330069820107
2.595122298916544
2.6231204451029537
2.651324929348705
2.679736160575929
2.7083545355876555
2.737180439017789
2.7662142432903987
2.795456308554679
2.8249069826839546
2.854566601239191
2.884435487427041
2.914513952118958
2.94480229382811
2.975300798732468
3.006009740647869
3.0369293810864786
3.0680599692660997
3.0994017421325153
3.130954924427257
3.162719728705233
3.1946963554203687
3.2268849929678107
3.2592858177637356
3.2918989943297534
3.3247246753740813
3.3577630018728466
3.391014103191101
3.4244780971952786
3.4581550903277902
3.4920451777656525
3.526148443544732
3.5604649606738143
3.5949947912974505
3.6297379868132524
3.6646945880583237
3.6998646254474052
3.735248119121948
3.7708450791501953
3.8066555056678104
3.8426793890736213
3.878916710208599
3.9153674405259067
3.9520315422935903
3.9889089687889507
4.025999664482743
4.0633035652303215
4.100820598503002
4.138550683552278
4.176493731644034
4.214649646249072
4.253018323254992
4.291599651177937
4.330393511368516
4.369399778654005
4.408618319848146
4.448048996495844
4.487691663405559
4.527546169274996
4.567612356906834
4.607890063419729
4.648379120451753
4.689079354370897
4.729990586479009
4.771112633217963
4.812445306374944
4.853988413287013
4.895741757029264
4.937705136607722
4.979878347187465
5.02226118024195
5.064853423776058
5.107654862480501
5.150665277946801
5.193884448836465
5.23731215104731
5.280948157912928
5.324792240338595
5.368844167017743
5.413103704547516
5.457570617625001
5.50224466918911
5.547125620580561
5.592213231695049
5.6375072611233845
5.683007466301545
5.728713603655659
5.774625428729224
5.8207426963259765
5.8670651606223405
5.913592575327175
5.960324693768159
6.007261269038387
6.054402054093298
6.10174680188126
6.1492952654333015
6.197047197990469
6.245002353087104
6.293160484653251
6.341521347128225
6.390084695534088
6.4388502855653975
6.487817873697058
6.536987217230504
6.5863580744162
6.635930204497088
6.685703367802297
6.7356773258149145
6.78585184123541
6.836226678051894
6.886801601595715
6.937576378626988
6.988550777357182
7.039724567535753
7.091097520480806
7.142669409150714
7.194440008174771
7.246409093903964
7.29857644446198
7.350941839785926
7.403505061658595
7.4562658937532715
7.509224121670108
7.562379532963796
7.61573191717671
7.6692810658811075
7.723026772690673
7.776968833303218
7.831107045510481
7.885441209232514
7.939971126542754
7.994696601670257
8.049617441047111
8.104733453296273
8.160044449274643
8.21555024206176
8.271250647002011
8.32714548170215
8.383234566030417
8.439517722155655
8.495994774533639
8.552665549923345
8.609529877397126
8.666587588339846
8.723838516462775
8.781282497799626
8.838919370716846
8.89674897591214
8.95477115641346
9.012985757589457
9.071392627145853
9.12999161511851
9.188782573884842
9.247765358151776
9.306939824949918
9.366305833653039
9.425863245947793
9.485611925844887
9.54555173967138
9.605682556072054
9.66600424598521
9.7265166826557
9.787219741618538
9.84811330070127
9.909197240008321
9.970471441914924
10.031935791065871
10.093590174351068
10.155434480918188
10.217468602147727
10.27969243165549
10.342105865276817
10.404708801045619
10.467501139212985
10.530482782211815
10.593653634655947
10.657013603333956
10.720562597188044
10.784300527307474
10.848227306920862
10.912342851387496
10.97664707817177
11.041139906846896
11.105821259079523
11.170691058610991
11.235749231253488
11.30099570486819
11.366430409370498
11.432053276706183
11.497864240829925
11.563863237716856
11.630050205324576
11.696425083606563
11.762987814478157
11.829738341806259
11.896676611420753
11.963802571068834
12.031116170423187
12.098617361063132
12.166306096468661
12.234182331990278
12.302246024863148
12.370497134166758
12.438935620831371
12.50756144761916
12.576374579113535
12.64537498169953