8.630009731941499
8.664436056586077
8.699038318915054
8.733816230757322
8.768769506044134
8.80389786080378
8.83920101316866
8.874678683386204
8.91033059380857
8.946156468905926
8.98215603526285
9.018329021582305
9.05467515868675
9.091194179512314
9.12788581911437
9.164749814667426
9.20178590545816
9.23899383288692
9.27637334046362
9.313924173811348
9.351646080649475
9.38953881080769
9.42760211620564
9.465835750859013
9.504239470870225
9.542813034426565
9.581556201787778
9.620468735291032
9.659550399332051
9.698800960373054
9.738220186926506
9.777807849544683
9.81756372082687
9.857487575393677
9.897579189898448
9.937838343003932
9.978264815382902
10.018858389704876
10.059618850629535
10.100545984802505
10.141639580839342
10.182899429320083
10.224325322779665
10.265917055698766
10.307674424495348
10.349597227512376
10.391685265013344
10.433938339161678
10.476356254031531
10.518938815568433
10.561685831610522
10.604597111853415
10.64767246785393
10.690911713014945
10.734314662579068
10.77788113360977
10.821610944992749
10.865503917416198
10.909559873362486
10.953778637100463
10.998160034674784
11.042703893890153
11.087410044303738
11.132278317223573
11.177308545679503
11.222500564429266
11.267854209935663
11.313369320370521
11.359045735587141
11.404883297122536
11.450881848181039
11.497041233627733
11.543361299970698
11.58984189535964
11.636482869571259
11.683284073998061
11.73024536163844
11.777366587086373
11.824647606523476
11.872088277705718
11.919688459959211
11.967448014160095
12.01536680273255
12.063444689633169
12.111681540352057
12.160077221890258
12.208631602752792
12.257344552945062
12.306215943957461
12.355245648757926
12.404433541785355
12.45377949893025
12.503283397540176
12.552945116396797
12.602764535711783
12.65274153712395
12.702876003678039
12.753167819829066
12.803616871416741
12.854223045677019
12.904986231217643
12.955906318012943
13.006983197399968
13.058216762066218
13.109606906043425
13.161153524694154
13.212856514711302
13.264715774105195
13.316731202193283
13.368902699596664
13.421230168230894
13.47371351129992
13.52635263328204
13.579147439930402
13.632097838259854
13.685203736543214
13.738465044296625
13.791881672283525
13.845453532499763
13.899180538164146
13.953062603720692
14.007099644827205
14.06129157833876
14.115638322321491
14.170139796024651
14.224795919890932
14.279606615535219
14.334571805750567
14.389691414493543
14.444965366887207
14.500393589197532
14.555976008850159
14.611712554404578
14.667603155563933
14.723647743150826
14.779846248376229
14.83619860578862
14.89270474961811
14.949364613614947
15.00617813494037
15.063145251081188
15.120265900618463
15.1775400232192
15.23496755963224
15.292548451682567
15.35028264226099
15.408170075329366
15.466210695906447
15.524404450067134
15.582751284939622
15.641251148695721
15.699903990550238
15.758709760755506
15.817668410595063
15.876779892381538
15.936044159452184
15.995461166160187
16.055030867880255
16.114753220989627
16.174628182880355
16.234655711944914
16.29483576757483
16.355168310151633
16.415653301055272
16.476290702649244
16.537080478280707
16.598022592330004
16.659117009997185
16.72036369761068
16.78176262241208
16.843313752615604
16.905017057390946
16.96687250687248
17.028880072141877
17.091039725241497
17.153351439158282
17.21581518782298
17.278430946113268
17.34119868984121
17.404118395760705
17.467190041552836
17.530413605832457
17.593789068142353
17.65731640894641
17.72099560963435
17.784826652511025
17.848809520799055
17.912944198633596
17.97723067106185
18.041668924036365
18.106258944417135
18.171000719965033
18.235894239343793
18.300939492109578
18.366136468721784
18.431485160525913
18.496985559756304
18.562637659544446
18.62844145389501
18.69439693770674
18.760504106751668
18.82676295768535
18.893173488035405
18.959735696209354
19.026449581479223
19.09331514399421
19.16033238476392
19.227501305669158
19.2948219094519
19.362294199715024
19.429918180921565
19.497693858392115
19.565621238299236
19.633700327673306
19.701931134394297
19.770313667187583
19.838847935634476
19.907533950151507
19.976371722008658
20.04536126331027
20.114502587002956
20.183795706871535
20.253240637538017
20.322837394455416
20.392585993914302
20.462486453030298
20.532538789750753
20.60274302285315
20.67309917193367
20.743607257418873
20.814267300551787
20.885079323401094
20.956043348850468
21.027159400598922
21.098427503165436
21.16984768187762
21.241419962880194
21.313144373123166
21.385020940365454
21.457049693176106
21.529230660926007
21.601563873794067
21.674049362755685
21.746687159587836
21.819477296869564
21.892419807976417
21.965514727074947
22.038762088117366
22.1121619288504
22.18571428484256
22.259419193425764
22.33327669272493
22.407286821650423
22.48144961989284
22.555765127929572
22.6302333870185
22.704854439197106
22.779628327279255
22.854555094856675
22.929634786296116
23.00486744673785
23.08025312209257
23.155791860647657
23.231483706692526
23.30732871000438
23.383326919560712
23.459478385116263
23.535783157173725
23.61224128700709
23.688852826645245
23.765617828875474
23.84253634724182
23.919608436039507
23.996834150320538
24.07421354588847
24.151746679293442
24.229433607835176
24.307274389559847
24.38526908326197
24.463417748473713
24.541720445470226
24.620177235273136
24.69878817963167
24.777553341043127
24.8564727827344
24.935546568665323
25.014774763530514
25.09415743275395
25.173694642488307
25.25338645961474
25.33323295173717
25.413234187184614
25.49339023501185
25.573701164991196
25.654167047611892
25.734787954084446
25.81556395633295
25.896495126995813
25.977581539426872
26.058823267681134
26.140220386535624
26.22177297146418
26.30348109865322
26.38534484498536
26.467364288054075
26.549539506147646
26.631870578254915
26.71435758406117
26.797000603945772
26.879799718984174
26.96275501094491
27.045866562280676
27.129134456137017
27.212558776344878
27.296139607420347
27.379877034560945
27.463771143647858
27.54782202124307
27.632029754579328
27.716394431572283
27.800916140808102
27.885594971547917
27.97043101371903
28.055424357922586
28.140575095421802
28.225883318149286
28.311349118698583
28.396972590323326
28.482753826939454
28.56869292311852
28.65478997408768
28.741045075732195
28.8274583245825
28.91402981782638
29.000759653293077
29.087647929463603
29.174694745462286
29.26190020105566
29.349264396648742
29.43678743328974
29.524469412661755
29.612310437080897
29.700310609502882
29.78847003350552
29.876788813301378
29.965267053733314
30.05390486026181
30.14270233897802
30.231659596589346
30.320776740425178
30.410053878434386
30.49949111917839
30.58908857183139
30.678846346182233
30.768764552629214
30.85884330217782
30.949082706436403
31.03948287762349
31.130043928551665
31.2207659726412
31.311649123900953
31.40269349694339
31.493899206972287
31.585266369781127
31.676795101755324
31.768485519866392
31.86033774167121
31.952351885310886
32.044528069512516
32.1368664135718
32.22936703737375
32.322030061368515
32.414855606586514
32.507843794628
32.600994747658234
32.69430858841617
32.78778544020066
32.88142542687396
32.975228672861576
33.069195303146074
33.163325443265855
33.25761921931535
33.352076757942235
33.44669818634166
33.54148363225878
33.636433223984234
33.7315470903547
33.82682536074566
33.92226816507363
34.0178756337932
34.11364789789605
34.20958508890321
34.30568733887007
34.40195478037719
34.49838754653943
34.59498577099115
34.69174958788849
34.78867913191324
34.88577453825722
34.98303594263903
35.08046348128327
35.178057290931186
35.27581750882979
35.37374427273698
35.4718377209151
35.57009799213003
35.66852522564839
35.76711956123386
35.865881139151625
35.964810100155866
36.06390658549826
36.16317073691853
36.26260269664135
36.36220260738662
36.46197061234504
36.561906855200085
36.66201148010873
36.76228463170697
36.862726455103164
36.963337095883325
37.064116700099895
37.165065414275126
37.266183385397845
37.367470760920334
37.46892768875699
37.57055431728109
37.672350795325904
37.77431727217328
37.87645389756863
37.97876082169867
38.081238195203746
38.1838861691631
38.28670489511486
38.38969452502748
38.492855211312026
38.59618710681462
38.69969036482288
38.80336513905152
38.907211583650934
39.01122985319563
39.11542010269156
39.21978248756198
39.32431716366022
39.42902428725579
39.533904015034395
39.63895650409927
39.74418191196759
39.849580396562665
39.955152116221626
40.060897229688976
40.16681589610913
40.27290827503088
40.379174526404704
40.48561481057377
40.59222928828082
40.699018120662664
40.805981469244486
40.91311949594148
41.020432363052976
41.12792023326756
41.23558326965412
41.343421635659254
41.45143549510887
41.55962501220546
41.667990351523
41.77653167800811
41.88524915697602
41.99414295410877
42.10321323545018
42.212460167413596
42.32188391676177
42.43148465062448
42.54126253648314
42.651217742173145
42.761350435881795
42.871660786144915
42.982148961843876
43.09281513220699
43.203659466804616
43.31468213554674
43.42588330867933
43.53726315678746
43.64882185078947
43.760559561933476
43.87247646179666
43.98457272228611
44.096848515629276
44.20930401437929
44.3219393914119
44.434754819916115
44.54775047339871
44.66092652568133
44.77428315089833
44.88782052349022
45.00153881820723
45.11543821010553
45.22951887454118
45.3437809871737
45.458224723960036
45.57285026115338
45.687657775300984
45.80264744324501
45.917819442112354
46.033173949322716
46.14871114257843
46.26443119986343
46.38033429944816
46.49642061987921
46.61269033997738
46.72914363884295
46.84578069584571
46.96260169062825
47.079606803099274
47.19679621343361
47.314170102070214
47.43172864971056
47.549472037315404
47.66740044610393
47.78551405754966
47.90381305337694
48.022297615566444
48.140967926343606
48.2598241681836
48.37886652380176
48.49809517615933
48.61751030845895
48.737112104138845
48.856900746876306
48.9768764205775
49.09703930938566
49.21738959767179