0.013605082299483776
0.014186492196343754
0.014787192283832684
0.015407636430849681
0.01604828488055546
0.016709604359351055
0.017392068091772395
0.018096155847532366
0.018822354017731444
0.019571155625283897
0.02034306043575832
0.021138574939628264
0.0219582124685741
0.022802493191387024
0.023671944237097616
0.024567099694851713
0.025488500695334152
0.026436695475560205
0.02741223940407225
0.02841569508718781
0.02944763239630629
0.030508628537789406
0.03159926811477371
0.03272014318811427
0.03387185334576858
0.03505500575989253
0.0362702152517559
0.037518104358023316
0.03879930338822249
0.040114450497727695
0.041464191761736206
0.04284918122044854
0.044270080963843446
0.04572756118480196
0.04722230025395266
0.04875498478781441
0.0503263097026651
0.0519369783117288
0.05358770234304929
0.055279202063363335
0.0570122063013114
0.05878745252166237
0.06060568693069269
0.06246766447432457
0.06437414896584706
0.0663259131169464
0.06832373860423517
0.07036841615117254
0.07246074557721636
0.07460153585876685
0.07679160520637021
0.07903178110890588
0.08132290040135685
0.08366580932351926
0.08606136356692023
0.08851042836542664
0.09101387850368536
0.09357259841654468
0.09618748220320406
0.09885943369932879
0.10158936652657452
0.10437820414012576
0.10722687986791832
0.11013633695557123
0.11310752862286219
0.11614141807986322
0.11923897859458694
0.12240119350018572
0.1256290562532886
0.12892357045646755
0.13228574986655334
0.13571661847469413
0.1392172104734632
0.14278857029533662
0.1464317526495573
0.15014782253827091
0.1539378552294673
0.15780293631382813
0.16174416167357247
0.16576263752043788
0.16985948036812554
0.17403581704669824
0.1782927846756461
0.18263153067927757
0.1870532127499795
0.1915589988472241
0.19615006715176822
0.2008276060804237
0.20559281421592868
0.2104469002828682
0.2153910831392337
0.22042659169661302
0.22555466488009918
0.23077655162258057
0.23609351072870402
0.24150681088145304
0.24701773056854384
0.25262755798238334
0.25833759098022624
0.26414913698276754
0.27006351289135366
0.2760820450431744
0.28220606903960305
0.28843692973229457
0.2947759810535116
0.3012245859291152
0.30778411620471263
0.3144559524653084
0.32124148392856033
0.32814210835752156
0.33515923185596447
0.3422942688039615
0.3495486416311151
0.35692378072979664
0.3644211242682197
0.3720421180130701
0.3797882152164312
0.38766087635934904
0.39566156904645283
0.4037917677418246
0.41205295367503897
0.4204466145209298
0.4289742442997962
0.4376373430994947
0.44643741688255417
0.4553759772363193
0.4644545411732388
0.47367463085916384
0.48303777337962656
0.4925455004973071
0.5021993483520316
0.5120008572313957
0.5219515712810647
0.5320530381969524
0.5423068089705233
0.552714437543239
0.5632774805470191
0.5739974969404416
0.5848760477060102
0.5959146954986425
0.6071150043271736
0.6184785391657317
0.6300068656187345
0.6417015495078123
0.6535641565355625
0.6655962518487667
0.6777993996532409
0.690175162796415
0.702725102320247
0.715450777036355
0.7283537430829032
0.7414355534405284
0.7546977574512438
0.7681419003670101
0.7817695227818792
0.7955821601813082
0.8095813423666088
0.8237685929580882
0.838145428768856
0.8527133592861205
0.867473886082728
0.882428502182158
0.8975786914770124
0.9129259280876809
0.9284716757008964
0.944217386934357
0.9601645026483483
0.9763144512542621
0.9926686480165366
1.009228494341689
1.025995377023283
1.0429706675263692
1.060155721211725
1.0775518765670462
1.095160454434041
1.1129827572114475
1.1310200680476212
1.1492736500459104
1.1677447454376333
1.1864345747463683
1.2053443359980445
1.224475203841168
1.2438283287508303
1.2634048361876613
1.2832058257588919
1.3032323704020055
1.3234855155654133
1.343966278400918
1.3646756469590358
1.3856145794141033
1.4067840033150814
1.4281848147793863
1.4498178778462147
1.4716840237280924
1.4937840501473196
1.5161187207095301
1.538688764274767
1.561494874425002
1.58453770890658
1.6078178891378312
1.6313359998055497
1.655092588415923
1.6790881650238234
1.7033232018604418
1.7277981331543057
1.7525133549335532
1.7774692249119897
1.8026660624017057
1.8281041483459695
1.8537837253502576
1.8797049978200295
1.905868132143186
1.9322732569251566
1.9589204633067727
1.9858098053381241
2.012941300374008
2.040314929612618
2.067930638596374
2.0957883378335223
2.123887903434384
2.1522291778337412
2.1808119705116105
2.2096360588275896
2.238701188826528
2.2680070761163167
2.297553406800908
2.3273398383950923
2.3573660008102717
2.3876314973531407
2.418135905730202
2.4488787790922504
2.4798596470736416
2.5110780168561373
2.542533374233869
2.574225184677308
2.6061528944066676
2.6383159314550046
2.6707137067288373
2.7033456150718678
2.736211036276944
2.7693093361434533
2.8026398674669393
2.8362019710500768
2.869994976666347
2.904018203999145
2.9382709635926703
2.9727525577545433
3.0074622814025602
3.0423994229545195
3.077563265143826
3.1129530857899135
3.1485681586001926
3.18440775388797
3.220471139288756
3.256757580423939
3.293266341598103
3.329996686353601
3.3669478781213256
3.404119180757781
3.441509859076201
3.4791191793843677
3.5169464099113386
3.5549908213395587
3.5932516871542615
3.6317282841025937
3.6704198925519567
3.7093257968315845
3.748445285592129
3.787777652105907
3.827322194536616
3.8670782162335033
3.9070450259679435
3.947221938156604
3.9876082730794074
4.028203357069807
4.069006522698985
4.110017108919831
4.15123446123091
4.192657931789904
4.234286879542087
4.276120670328671
4.318158676953844
4.360400279307143
4.40284486438841
4.445491826391571
4.488340566755402
4.5313904941833885
4.574641024692628
4.618091581636301
4.661741595705151
4.705590504946364
4.749637754765046
4.793882797916781
4.838325094485289
4.882964111883792
4.927799324833788
4.972830215319249
5.018056272572597
5.063476993041937
5.1090918803311025
5.154900445191095
5.20090220544921
5.2470966859657135
5.293483418595374
5.340061942121792
5.3868318022039094
5.433792551334679
5.480943748759385
5.528284960429353
5.575815758940009
5.623535723458643
5.671444439673392
5.719541499716415
5.76782650210952
5.8162990516868405
5.86495875953439
5.913805242924025
5.962838125236492
6.012057035903835
6.0614616103339305
6.111051489851279
6.160826321617569
6.210785758561426
6.260929459332606
6.311257088207173
6.361768315031143
6.412462815158055
6.463340269379213
6.514400363845484
6.565642790018157
6.617067244589248
6.668673429426393
6.7204610515023475
6.772429823434417
6.824579461038893
6.876909686802233
6.929420227490978
6.982110814661644
7.034981184595928
7.08803107825429
7.1412602411978785
7.194668423551791
7.248255379919182
7.302020869354079
7.355964655272888
7.410086505429562
7.464386191832076
7.518863490712257
7.57351818244685
7.628350051530453
7.683358886497948
7.738544479890733
7.793906628196401
7.849445131807786
7.905159794959404
7.961050425688731
8.01711683578519
8.073358840740498
8.12977625970635
8.186368915439175
8.243136634271092
8.300079246049599
8.357196584098702
8.4144884851786
8.471954789429686
8.529595340360643
8.587409984763786
8.645398572717925
8.703560957513135
8.761896995635627
8.820406546708783
8.879089473474039
8.937945641742362
8.996974920351414
9.05617718114956
9.115552298926463
9.175100151421047
9.234820619246385
9.294713585874574
9.35477893760755
9.415016563527084
9.475426355482352
9.53600820803844
9.59676201845151
9.657687686651178
9.718785115185279
9.780054209212173
9.841494876447374
9.903107027159573
9.96489057412571
10.02684543261248
10.08897152032817
10.151268757424653
10.213737066448349
10.27637637231963
10.339186602315685
10.402167686020505
10.465319555329469
10.528642144407026
10.592135389659877
10.655799229725933
10.719633605429753
10.783638459789001
10.847813737958965
10.91215938722994
10.976675357006886
11.041361598761757
11.106218066049388
11.171244714455124
11.236441501585128
11.301808387050748
11.367345332440339
11.433052301296923
11.498929259108385
11.56497617327879
11.631193013117727
11.697579749804671
11.76413635639457
11.83086280777764
11.897759080673396
11.96482515360757
12.032061006896722
12.0994666226249
12.167041984644388
12.234787078530898
12.302701891590894
12.370786412832418
12.439040632956784
12.507464544329398
12.57605814098771
12.644821418591935
12.713754374450124
12.782857007458714
12.852129318123996
12.921571308536427
12.991182982347658
13.060964344757888
13.130915402514985
13.201036163888173
13.271326638654877
13.341786838091666
13.412416774960093
13.48321646349367
13.55418591937851
13.625325159750457
13.696634203175734
13.768113069641013
13.839761780539137
13.911580358658945
13.983568828172114
14.055727214621117
14.128055544909797
14.200553847289083
14.273222151341605
14.346060487981198
14.41906888943565
14.492247389230807
14.56559602218822
14.639114824410255
14.712803833268664
14.786663087395905
14.86069262667471
14.934892492226172
15.009262726402918
15.083803372776076
15.158514476124603
15.233396082426468
15.308448238855176
15.383670993760536
15.45906439666394
15.534628498246816
15.610363350344928
15.686269005939925
15.762345519144827
15.838592945198807
15.915011340456022
15.991600762379035
16.068361269536084
16.145292921573894
16.222395779233583
16.299669904322332
16.37711535971664
16.454732209351135
16.532520518205935
16.610480352307604
16.68861177871219
16.766914865505072
16.84538968178682
16.924036297666493
17.00285478426114
17.081845213680282
17.16100765901885
17.24034219435853
17.3198488947447
17.399527836196956
17.47937909569126
17.559402751150245
17.639598881451533
17.719967566400307
17.800508886736388
17.881222924121573
17.962109761139256
18.04316948128128
18.124402168940854
18.205807909411696
18.287386788876976
18.36913889440299
18.4510643139363
18.53316313629381
18.615435451157424
18.697881349069345
18.78050092142497
18.863294260462247
18.946261459267237
19.029402611754765
19.112717812672635
19.196207157587484
19.279870742886757
19.363708665766556
19.44772102422692
19.53190791707343
19.616269443904315
19.700805705099768
19.785516801830628
19.870402836042018
19.95546391045046
20.04070012854068
20.126111594556154
20.211698413499846
20.29746069112232
20.38339853391688