0.016317053686337242
0.01699889210710873
0.017702810215163654
0.018429315088815162
0.01917892092102299
0.019952149046576054
0.020749528056160177
0.02157159379797164
0.02241888947155308
0.02329196568352405
0.024191380536824427
0.025117699639278773
0.02607149623392396
0.02705335121737916
0.02806385323877071
0.02910359874640181
0.030173192088042727
0.03127324553451388
0.03240437941410949
0.033567222116569415
0.034762410212608265
0.035990588520196244
0.03725241017816326
0.03854853669410981
0.0398796380728728
0.041246392827199954
0.04264948811726249
0.044089619785284966
0.04556749246253807
0.047083819598631324
0.04863932360971416
0.050234735889522764
0.05187079693821824
0.05354825639440994
0.05526787315207796
0.0570304154356667
0.05883666082503325
0.06068739641519184
0.06258341883257375
0.06452553432811846
0.0665145588604351
0.06855131818765237
0.0706366478655567
0.07277139343091985
0.07495641041130434
0.07719256440177076
0.07948073114667373
0.08182179660432927
0.08421665701639872
0.0866662190090478
0.08917139958103099
0.09173312625350614
0.09435233709138344
0.0970299807777983
0.09976701666537359
0.10256441484461058
0.1054231561821184
0.10834423241382922
0.1113286461529422
0.11437741097978732
0.11749155145237579
0.12067210319589168
0.12392011289971298
0.12723663838133423
0.13062274864470352
0.134079523883574
0.13760805550918276
0.14120944620697448
0.14488480995857092
0.1486352720270005
0.15246196903626014
0.15636604892129424
0.16034867100383315
0.16441100595552885
0.16855423581173246
0.17277955399185035
0.17708816525850798
0.18148128574572556
0.18596014293905855
0.1905259756481669
0.1951800339806253
0.19992357933993735
0.20475788437539028
0.20968423295375543
0.2147039201342156
0.21981825208346598
0.2250285460873814
0.23033613041286935
0.23574234434088603
0.24124853803226112
0.24685607248276578
0.25256631944404717
0.2583806613364952
0.264300491174397
0.2703272124590688
0.27646223907422096
0.28270699520167963
0.28906291518708727
0.2955314434386195
0.3021140342909478
0.3088121518730501
0.3156272699874406
0.3225608719403714
0.32961445042280013
0.33678950731998714
0.3440875535709903
0.3515101089965083
0.35905870209246643
0.36673486989249005
0.3745401577113453
0.38247611902553413
0.39054431517875415
0.3987463152368001
0.4070836957121386
0.41555804037636024
0.42417093999865557
0.4329239920674106
0.441818800612961
0.4508569758451575
0.46004013397922305
0.46936989686475383
0.4788478917469092
0.488475750951888
0.49825511156880464
0.5081876151464605
0.5182749073292955
0.5285186375587512
0.5389204586872534
0.5494820266368776
0.5602050000149449
0.5710910397304857
0.5821418085865014
0.5933589708989108
0.6047441920449955
0.6162991380493316
0.6280254751154779
0.6399248691847247
0.6519989854545019
0.6642494878740731
0.676678038658724
0.6892862977735411
0.7020759223435858
0.7150485662035817
0.7282058792254241
0.7415495067964971
0.7550810892008036
0.7688022609948821
0.782714650365354
0.7968198784951587
0.8111195588569297
0.8256152965464618
0.8403086875635517
0.8552013180551037
0.8702947636034175
0.8855905884283349
0.9010903445932343
0.9167955712246784
0.9327077936407085
0.9488285225338775
0.9651592530897374
0.981701464110542
0.9984566170861972
1.0154261553053023
1.0326115029126952
1.050014063915363
1.0676352212788378
1.085476335903441
1.1035387456474475
1.1218237643271634
1.1403326807083125
1.1590667574913447
1.178027230298851
1.1972153066433695
1.216632164924111
1.2362789534115206
1.256156789236804
1.2762667574072715
1.2966099098038086
1.3171872642528193
1.3379998035534848
1.3590484745657192
1.3803341873312651
1.401857814212537
1.4236201890706905
1.445622106483903
1.4678643210191538
1.4903475465519131
1.5130724556161188
1.5360396788313535
1.559249804397052
1.5827033776348622
1.606400900592948
1.6303428317325814
1.6545295856960354
1.6789615331012866
1.7036390005053998
1.72856227033713
1.7537315809713951
1.77914712690888
1.80480905894509
1.830717484531544
1.856872468120213
1.8832740316537986
1.9099221550939958
1.9368167770340319
1.9639577954129859
1.9913450682558014
2.0189784145000607
2.046857614908897
2.0749824129934673
2.1033525160431616
2.1319675961806337
2.160827291450721
2.1899312069772585
2.2192789161670543
2.248869961895129
2.2787038577563563
2.3087800893449084
2.339098115524639
2.369657369744152
2.400457261299984
2.431497176689162
2.462776480890131
2.494294518667525
2.5260506158576903
2.5580440806646405
2.5902742049069807
2.622740265254903
2.655441524460106
2.688377232555059
2.7215466279971516
2.7549489388267503
2.7885833837547502
2.8224491732451624
2.8565455105523996
2.8908715927054334
2.925426611483019
2.9602097543479577
2.9952202053147063
3.030457145821206
3.065919755526737
3.101607213086063
3.137518696903472
3.1736533858204066
3.2100104597625116
3.2465891003941265
3.283388491701408
3.320407820528784
3.35764627713179
3.3951030556561785
3.4327773545816544
3.470668377157169
3.508775331822435
3.5470974325364786
3.585633899150251
3.6243839577027828
3.6633468407309904
3.702521787514322
3.7419080443268458
3.781504864652726
3.8213115093969816
3.861327247061242
3.9015513538809006
3.9419831140111756
3.9826218196053036
4.023466770966589
4.06451727661146
4.105772653364667
4.14723222642631
4.188895329418881
4.230761304429461
4.272829502057762
4.3150992814061935
4.357570010133853
4.4002410644124685
4.443111828954569
4.486181696982209
4.529450070217285
4.5729163588457915
4.616579981489515
4.660440365154906
4.704496945209237
4.74874916531557
4.793196477379008
4.837838341499657
4.88267422590125
4.92770360686599
4.972925968675959
5.0183408035407595
5.063947611509758
5.109745900415485
5.155735185787869
5.201914990788452
5.248284846103021
5.294844289888865
5.341592867682291
5.3885301323048
5.435655643797423
5.482968969327004
5.530469683095725
5.578157366276803
5.626031606898563
5.674091999787717
5.722338146470934
5.770769655082738
5.819386140300846
5.868187223246993
5.917172531393718
5.966341698512353
6.015694364554986
6.065230175598238
6.11494878374135
6.164849847041402
6.2149330294166125
6.265198000579941
6.3156444359652335
6.366272016616999
6.417080429157274
6.468069365672917
6.519238523660004
6.570587605944886
6.6221163205986695
6.673824380888934
6.725711505181676
6.7777774168924
6.830021844394154
6.882444520970232
6.93504518472605
6.987823578546944
7.040779450611661
7.093912551935748
7.147222639883939
7.200709475745442
7.254372825244453
7.308212458493982
7.36222814993317
7.416419678259645
7.470786826370066
7.525329381320652
7.580047134248367
7.634939880326483
7.690007418715181
7.745249552493033
7.800666088611576
7.856256837849636
7.912021614747539
7.967960237571248
8.024072528252029
8.08035831234302
8.136817418971559
8.193449680788053
8.250254933919054
8.307233017936479
8.364383775785873
8.421707053771506
8.479202701484883
8.536870571784018
8.59471052074229
8.652722407612082
8.710906094776863
8.769261447713836
8.8277883349593
8.88648662807142
8.945356201579704
9.004396932962539
9.063608702598911
9.122991393746927
9.182544892490323
9.242269087723315
9.302163871098726
9.36222913700414
9.422464782528163
9.482870707426759
9.543446814087773
9.604193007510567
9.66510919525823
9.726195287451379
9.787451196709442
9.848876838140612
9.910472129317263
9.97223699022122
10.034171343247722
10.096275113160626
10.158548227069433
10.220990614397644
10.283602206861035
10.346382938446684
10.409332745378958
10.472451566108965
10.53573934126354
10.599196013646857
10.662821528210765
10.726615832024008
10.790578874257076
10.85471060614746
10.919010981000511
10.98347995414017
11.048117482913192
11.112923526652018
11.177898046647986
11.24304100615578
11.308352370347766
11.373832106309766
11.439480183017233
11.505296571313641
11.571281243887412
11.63743417527191
11.703755341804852
11.770244721619378
11.836902294632988
11.903728042520262
11.970721948696324
12.037883998310404
12.105214178208973
12.172712476945168
12.240378884739329
12.308213393473908
12.3762159966818
12.444386689521398
12.512725468761817
12.581232332779917
12.649907281525806
12.718750316527418
12.78776144086371
12.856940659160323
12.926287977560152
12.99580340372299
13.065486946811982
13.135338617469557
13.205358427814819
13.275546391424058
13.345902523319456
13.41642683995456
13.487119359214546
13.55798010037871
13.62900908413253
13.700206332540967
13.771571869043504
13.843105718440743
13.914807906877272
13.986678461842038
14.058717412144272
14.130924787912988
14.203300620576504
14.27584494285959
14.348557788767447
14.421439193579394
14.49448919382824
14.567707827311484
14.641095133052062
14.714651151314756
14.78837592357813
14.862269492535646
14.936331902077304
15.010563197292237
15.084963424438182
15.159532630960106
15.234270865454317
15.309178177681513
15.38425461853463
15.459500240056338
15.534915095406403
15.610499238865902
15.686252725827673
15.762175612782036
15.838267957315798
15.914529818093142
15.990961254867543
16.067562328444776
16.14433310069868
16.22127363455727
16.298383993983965
16.37566424398445
16.453114450592867
16.530734680858803
16.608525002849767
16.68648548563604
16.76461619929007
16.842917214862997
16.921388604404513
17.000030440933582
17.07884279843521
17.157825751862546
17.236979377118022
17.316303751056445
17.395798951468887
17.475465057087746
17.555302147565293
17.635310303480853
17.715489606323445
17.79584013849463
17.87636198329187
17.95705522491339
18.037919948443136
18.118956239844334
18.200164185962215
18.2815438745064
18.363095394055108
18.4448188340384
18.526714284744646
18.608781837301763
18.691021583685057
18.773433616692383
18.85601802995867
18.93877491794115
19.021704375907824
19.10480649994167
19.188081386930225
19.271529134561856
19.35514984131757
19.43894360646741
19.52291053006402
19.607050712939138
19.691364256695184
19.775851263708095
19.86051183710537
19.94534608077972
20.030354099372175
20.115535998271355
20.200891883605397
20.286421862239344
20.37212604177118
20.4580045305214
20.544057437537226
20.63028487257723
20.716686946114173
20.80326376932557
20.890015454091362
20.976942112990518
21.064043859294
21.151320806957422