 0.38980698459754E-04
 0.33420266598142E-04
 0.28901951923986E-04
 0.25190328533011E-04
 0.22111193089141E-04
 0.19533756514171E-04
 0.17358517489526E-04
 0.15508857481574E-04
 0.13925120466228E-04
 0.12560380741187E-04
 0.11377376303865E-04
 0.10346258585865E-04
 0.94429222071356E-05
 0.86477516769966E-05
 0.79446715673327E-05
 0.73204198825572E-05
 0.67639872948499E-05
 0.62661808125674E-05
 0.58192816389852E-05
 0.54167749292744E-05
 0.50531348690946E-05
 0.47236526369120E-05
 0.44242978453236E-05
 0.41516062970995E-05
 0.39025885535668E-05
 0.36746550645751E-05
 0.34655545576525E-05
 0.32733230860657E-05
 0.30962417077818E-05
 0.29328011930355E-05
 0.27816724364825E-05
 0.26416815901704E-05
 0.25117890633392E-05
 0.23910717295522E-05
 0.22787077976917E-05
 0.21739639046882E-05
 0.20761840680344E-05
 0.19847802006969E-05
 0.18992239429988E-05
 0.18190396082803E-05
 0.17437980735008E-05
 0.16731114738955E-05
 0.16066285839666E-05
 0.15440307858699E-05
 0.14850285419588E-05
 0.14293583012220E-05
 0.13767797800408E-05
 0.13270735667540E-05
 0.12800390069604E-05
 0.12354923327770E-05
 0.11932650046771E-05
 0.11532022388416E-05
 0.11151616968124E-05
 0.10790123174745E-05
 0.10446332740469E-05
 0.10119130410923E-05
 0.98074855855845E-06
 0.95104448158202E-06
 0.92271250612692E-06
 0.89567076194294E-06
 0.86984326526721E-06
 0.84515942467381E-06
 0.82155359432761E-06
 0.79896466949006E-06
 0.77733571983652E-06
 0.75661365659230E-06
 0.73674893001259E-06
 0.71769525407154E-06
 0.69940935565848E-06
 0.68185074575533E-06
 0.66498151056651E-06
 0.64876612049724E-06
 0.63317125534283E-06
 0.61816564416753E-06
 0.60371991843550E-06
 0.58980647718456E-06
 0.57639936312679E-06
 0.56347414869428E-06
 0.55100783111196E-06
 0.53897873570684E-06
 0.52736642672478E-06
 0.51615162499344E-06
 0.50531613184652E-06
 0.49484275876629E-06
 0.48471526226808E-06
 0.47491828357660E-06
 0.46543729270942E-06
 0.45625853658920E-06
 0.44736899087253E-06
 0.43875631518178E-06
 0.43040881148039E-06
 0.42231538533236E-06
 0.41446550982482E-06
 0.40684919194906E-06
 0.39945694124514E-06
 0.39227974054211E-06
 0.38530901863611E-06
 0.37853662475636E-06
 0.37195480469118E-06
 0.36555617845291E-06
 0.35933371936448E-06
 0.35328073447077E-06
 0.34739084617809E-06
 0.34165797503306E-06
