 0.21773022495041E-28
-0.23416024082833E-14
 0.80640824055706E-30
 0.34129999834636E-15
 0.17884583015309E-15
 0.13911867333677E-14
 0.30332559588853E-13
 0.34974838261257E-12
 0.23183505784650E-11
 0.10375785041989E-10
 0.34912628841616E-10
 0.94919185071811E-10
 0.21921434784243E-09
 0.44567028673954E-09
 0.81866932102006E-09
 0.13855537789655E-08
 0.21928976559560E-08
 0.32832979190716E-08
 0.46929678893071E-08
 0.64504111031132E-08
 0.85760516736144E-08
 0.11082300084781E-07
 0.13974704209357E-07
 0.17252787968906E-07
 0.20911430261045E-07
 0.24942134064698E-07
 0.29334186001727E-07
 0.34075655342763E-07
 0.39154203926691E-07
 0.44557688885935E-07
 0.50274562456874E-07
 0.56294082268778E-07
 0.62606353528365E-07
 0.69202227232965E-07
 0.76073082787873E-07
 0.83210522996152E-07
 0.90606011670593E-07
 0.98250481165406E-07
 0.10613393811846E-06
 0.11424509072992E-06
 0.12257101986717E-06
 0.13109691029454E-06
 0.13980585384739E-06
 0.14867873285323E-06
 0.15769418158993E-06
 0.16682862353135E-06
 0.17605637121534E-06
 0.18534977225513E-06
 0.19467937880825E-06
 0.20401411508576E-06
 0.21332141936993E-06
 0.22256734560115E-06
 0.23171662403139E-06
 0.24073269405364E-06
 0.24957772600739E-06
 0.25821264378804E-06
 0.26659715817632E-06
 0.27468983901808E-06
 0.28244829387267E-06
 0.28982955971228E-06
 0.29679082109425E-06
 0.30329052159317E-06
 0.30928984363095E-06
 0.31475438317071E-06
 0.31965610051722E-06
 0.32397441553925E-06
 0.32769770787505E-06
 0.33082360384757E-06
 0.33335889468437E-06
 0.33531884448977E-06
 0.33672605463498E-06
 0.33760905043043E-06
 0.33800075176043E-06
 0.33793697636098E-06
 0.33745507891956E-06
 0.33659279149617E-06
 0.33538729193907E-06
 0.33387449846350E-06
 0.33208856970190E-06
 0.33006157978432E-06
 0.32782333560698E-06
 0.32540129950368E-06
 0.32282060307833E-06
 0.32010410510137E-06
 0.31727249811545E-06
 0.31434443416682E-06
 0.31133666992056E-06
 0.30826420319445E-06
 0.30514042754283E-06
 0.30197726884269E-06
 0.29878532074477E-06
 0.29557397107738E-06
 0.29235151932978E-06
 0.28912528497963E-06
 0.28590170673003E-06
 0.28268643296776E-06
 0.27948440389978E-06
 0.27629992589645E-06
 0.27313673862209E-06
 0.26999807552792E-06
 0.26688671828598E-06
 0.26380504570506E-06
 0.26075507765301E-06
 0.25773851445919E-06
 0.25475677224707E-06
 0.25181101459821E-06
 0.24890218092276E-06
 0.24603101186820E-06
 0.24319807207336E-06
 0.24040377053830E-06
 0.23764837885949E-06
 0.23493204754864E-06
 0.23225482063610E-06
 0.22961664873548E-06
 0.22701740072913E-06
 0.22445687421729E-06
 0.22193480485954E-06
 0.21945087472195E-06
 0.21700471973239E-06
 0.21459593633732E-06
