13.965303317505155
14.004430374590278
14.069603920149028
14.160765198977563
14.277831793746854
14.420691829404138
14.589202504944442
14.783184262526527
15.002425151015952
15.246648909496336
15.515584749679642
15.808909046730111
16.126284521223898
16.467364193855147
16.83179661237421
17.21923317574591
17.62933241163047
18.06176651369465
18.516221595579044
18.99238245946104
19.490014448744045
20.00881871970121
20.548566269515458
21.10903716293464
21.690032755800367
22.29137206912247
22.912893393418937
23.554455522416188
24.21593553608502
24.89722916556139
25.598249712042605
26.318927654315264
27.05921213942714
27.819068103886178
28.59847823779151
29.397439207011477
30.215967709507904
31.054090777687044
31.91184496710894
32.78932052159317
33.686557524368446
34.60365931518703
35.54072406414583
36.49786779990076
37.47522089797355
38.47292151765756
39.49112222012758
40.52998647400123
41.5897008657625
42.670443591833745
43.772413527723984
44.895821836147405
46.040885929077476
47.20783647459846
48.396911913577796
49.60835725457029
50.84243024067517
52.09939556238717
53.37952299261983
54.68310114200104
56.010411236799506
57.36175147546026
58.73742696459724
60.137742724770945
61.56267401612425
63.0135728014883
64.48973759302622
65.99184480574363
67.52023429417942
69.07524839634985
70.6572382009995
72.26655748723239
73.90355790789742
75.56861497332982
77.26208149776511
78.98432547449883
80.73573092038563
82.51666070378543
84.32749454196367
86.16861496838064
88.04039777540967
89.94322738423209
91.87748836891639
93.84356007965893
95.84183299652418
97.87268156171423
99.93650435817723
102.03367200854947
104.1645717677472
106.32958174517218
108.52908021595444
110.76344472053849
113.03304570184382
115.33825675344389
117.67944129623011
120.0569624164518
122.47117776554926
124.9224401413159
127.41109701416308
129.93749010782085
132.50195498376868
135.1048206306618
137.74640906001437
140.4270349093907
143.14700505434715
145.90661823033813
148.70616466571497
151.54592572693838
154.42617357699137
157.34717084794403
160.30917032847316
163.31241466707525
166.35713609155272
169.44355614529528
172.57188544071133
175.74232343008782
178.95505819404485
182.21026624772065
185.5081123646581
188.84874941855216