24.136311750058287
24.178268131995566
24.248164689016125
24.34595329972432
24.471566736160415
24.62491572930475
24.805887456304042
25.01434214947893
25.250108929805187
25.512986430614546
25.802740451899183
26.119107539600318
26.461800488720787
26.830511924724213
27.224921255018096
27.6446998073745
28.089514830923793
28.559039549194704
29.05294712881368
29.570922110438005
30.112664537235005
30.677879698735733
31.266299103111123
31.877661044116856
32.511727301207436
33.16827568344692
33.847104601270566
34.54803770776228
35.2709051641138
36.015566866342404
36.78190080115676
37.56980365397446
38.379191729183944
39.21001699708609
40.06219578023899
40.935739613068534
41.83062888666493
42.74687373251031
43.68450412634494
44.64356469996635
45.624118341320425
46.626241661211225
47.65002982303983
48.69559124918904
49.763049165044684
50.852543202782385
51.964220791039125
53.09825031184691
54.254806378586814
55.43407929558258
56.63627166294091
57.86159164173067
59.11026662677192
60.38252925594062
61.678620978996456
62.99879851774702
64.3433229533623
65.71246602006184
67.10661212647649
68.52573944266517
69.97044725975742
71.44095531385535
72.93755490769416
74.46056763983322
76.0103309066841
77.58716102383826
79.19139670581775
80.82338514774945
82.48346956359516
84.17200301666144
85.88925695408878
87.63584694596629
89.41188309829506
91.21782048657336
93.05402638670996
94.92087972343965
96.81875460457985
98.74802828734634
100.70908796106856
102.70231231521163
104.72808363176262
106.78678632759929
108.87879041842
111.004518319532
113.1643168205251
115.35857870541125
117.58768519559892
119.85201252111055
122.15192769482647
124.48783559833687
126.86007637682886
129.26901649677964
131.71503558114495
134.19847560579382
136.7196909062018
139.27902587340262
141.87682093428413
144.5134192132954
147.18913273994562
149.90428103422823
152.65917762126506
155.45412170134932
158.28940580855456
161.16531259013777
164.08211483545008
167.04007507225606
170.0394451779086
173.08046600649968
176.1633670328965
179.28836601453278
182.45566867170683
185.66546838704932
188.91794592476435
192.2132691702024
195.55159289031874
198.9330585156341
202.35779394440064
205.82591336987002
209.33751713184688
212.89269159401226