25.45169023028688
25.49395181643785
25.564357492621085
25.66286041626764
25.789394496105942
25.943872611968974
26.12618477663249
26.336193809390245
26.573734318588283
26.83860822485348
27.130589237748573
27.449418203598857
27.794812110721526
28.16647160204738
28.56407685723065
28.9873044124927
29.435824191525136
29.90930788478737
30.40743180599579
30.92988048576302
31.47634963247848
32.046547432837244
32.640198375835475
33.257041689471556
33.89683553218499
34.559355886617446
35.244398058918065
35.951775906851694
36.68132422504326
37.432902651788815
38.20637660472301
39.001648205671415
39.81863487879656
40.657254102638156
41.51747709926256
42.399269447230616
43.30262471755654
44.22754843326823
45.174073623284045
46.14224033358605
47.13211017579475
48.14376240750918
49.17729010779616
50.23279978814025
51.31040415271441
52.41027813250117
53.53253277992339
54.67735232757136
55.84490668877419
57.0353893618836
58.248997314626834
59.48594952692084
60.74646765552617
62.030783498990296
63.33914400997502
64.67180280763847
66.02901834529062
67.41107560484834
68.81824371195789
70.2508158531833
71.70908848014909
73.193369996853
74.70396905464182
76.24120309752445
77.80539764373476
79.39688847043624
81.01600540085224
82.66309687006445
84.33851002676839
86.0425934664979
87.7757111301943
89.53821995112644
91.33048538220574
93.15287866030481
95.00577154217211
96.88952619975883
98.80455056454502
100.75119964332403
102.72985442251894
104.74090434564359
106.78472290163621
108.86172297804788
110.97225293683631
113.11669810180182
115.29547806011462
117.50894016545841
119.75747105266034
122.04144726064135
124.36124974905077
126.71724533843766
129.10980326110433
131.53928883548744
134.00606124382543
136.5104710033979
139.05288014922886
141.63361607446686
144.25302318431827
146.9114109199587
149.60916038785268
152.3465254575745
155.12383468634405
157.94138223725804
160.79945713467993
163.69833753073766
166.6382914473424
169.6195763693155
172.64243885290315
175.70711415072412
178.81382585410964
181.96278555369733
185.15419251904112
188.38823339793734
191.66508193610412
194.98489871785006
198.34783092837557
201.75401213846285
205.203562112462
208.69658664067865
212.233177397691
215.81341182844483