0.06764375960466316
0.07005988588079387
0.0725439192127871
0.0750973218928703
0.07772158150713035
0.08041821134288049
0.08318875078783515
0.08603476574616536
0.08895784902625449
0.09195962077661297
0.09504172883552879
0.0982058492479095
0.10145368654207328
0.10478697422635923
0.10820747517688299
0.11171698201436983
0.11531731753398743
0.11901033507609698
0.1227979189861235
0.12668198491207508
0.13066448026999872
0.13474738457898436
0.13893270986555284
0.14322250102261538
0.14761883615378668
0.15212382696312668
0.1567396190700368
0.16146839234240212
0.1663123612541857
0.1712737751450906
0.1763549185716999
0.18155811153734977
0.18688570980578448
0.19234010514654473
0.1979237255436161
0.20363903541301387
0.20948853585139865
0.2154747647255679
0.22160029687936655
0.22786774423906633
0.23427975590533956
0.24083901819359887
0.24754825472597117
0.25441022636104493
0.26142773119138757
0.2686036044464827
0.2759407183828823
0.28344198208089577
0.29111034126337243
0.29894877797770225
0.3069603102706172
0.3151479917861619
0.3235149113066918
0.3320641921686334
0.3407989916346775
0.3497225002111103
0.3588379407803287
0.3681485676763825
0.3776576656696604
0.38736854877507504
0.39728455893438863
0.40740906457230736
0.4177454589590696
0.4282971584435763
0.43906760040799186
0.45006024109350723
0.4612785531726466
0.47272602304217703
0.48440614789396375
0.49632243248371466
0.5084783855660852
0.5208775160138945
0.5335233285796234
0.546419319284919
0.5595689703839923
0.5729757449149295
0.5866430807957278
0.60057438448578
0.6147730241033366
0.6292423221097805
0.6439855474713533
0.659005907335192
0.6743065381907585
0.6898904966214193
0.7057607495124978
0.7219201640056215
0.7383714969769395
0.7551173843599387
0.7721603302022695
0.7895026957241831
0.8071466883582276
0.8250943510397932
0.8433475517897164
0.8619079738013123
0.8807771062383767
0.8999562358371225
0.9194464395354707
0.9392485783356127
0.9593632924379492
0.9797909979172397
1.000531884956229
1.0215859177511903
1.0429528361525646
1.0646321589925336
1.08662318915551
1.108925020209082
1.1315365446186243
1.154456463304037
1.1776832964136188
1.2012153951090343
1.2250509542459436
1.2491880255643968
1.2736245313669052
1.2983582783483099
1.3233869714754254
1.3487082276373052
1.3743195890472657
1.4002185360880988
1.4264024996539741
1.4528688728074373
1.47961502168299
1.5066382956121804
1.53393603647641
1.5615055871964743
1.5893442994374063
1.6174495405136071
1.645818699506548
1.6744491926851577
1.7033384681785018
1.7324840100391503
1.7618833417030646
1.7915340288713277
1.8214336818852097
1.851579957643101
1.8819705611418531
1.9126032465449694
1.9434758180302305
1.9745861302660728
2.005932088657349
2.0375116493517833
2.069322819075385
2.101363654753382
2.133632263031732
2.166126799634546
2.198845468661559
2.231786521737154
2.2649482571672044
2.298329018963478
2.3319271958793366
2.3657412203727017
2.3997695675892494
2.434010754278086
2.4684633377280254
2.503125914702503
2.5379971203639378
2.5730756272075284
2.6083601440171433
2.6438494148307674
2.6795422178890678
2.7154373646662537
2.7515336988602246
2.7878300954399347
2.824325459694251
2.861018726326489
2.897908858556636
2.934994847249901
2.9722757100581587
3.0097504906247083
3.047418257764076
3.085278104708225
3.1233291483372505
3.1615705284738733
3.200001407163782
3.238620968012577
3.2774284155148927
3.3164229744291975
3.355603889148002
3.3949704231290077
3.434521858298458
3.4742574944986697
3.5141766489682156
3.5542786558113026
3.5945628654988027
3.6350286443965927
3.6756753742726676
3.7165024518895238
3.7575092885256725
3.7986953095877585
3.840059954190161
3.8816026747633905
3.923322936683089
3.9652202179031275
4.007294008595652
4.049543810821046
4.091969138189822
4.134569515556665
4.177344478701062
4.220293574033139
4.263416358308677
4.3067123983641125
4.350181270819139
4.393822561847335
4.437635866913396
4.481620790527499
4.525776946017664
4.570103955307202
4.614601448675783
4.659269064576481
4.70410644940652
4.749113257318115
4.794289150036382
4.839633796649948
4.8851468734469865
4.930828063755969
4.976677057735651
5.022693552250329
5.06887725069061
5.115227862832784
5.16174510467535
5.208428698308446
5.25527837177024
5.302293858909399
5.349474899255136
5.3968212378872575
5.4443326253202295
5.492008817377321
5.539849575074301
5.587854664512075
5.636023856757526
5.684356927757749
5.732853658201775
5.781513833468696
5.830337243479828
5.87932368264187
5.92847294974276
5.97778484785983
6.027259184268823
6.076895770382079
6.126694421647629
6.176654957462551
6.22677720112308
6.277060979729773
6.327506124117264
6.378112468790703
6.428879851849061
6.47980811492244
6.5308971031040555
6.582146664896992
6.63355665213526
6.685126919934642
6.736857326636343
6.788747733749275
6.840798005884395
6.893008010715232
6.945377618914469
6.997906704114338
7.050595142840968
7.103442814481489
7.156449601228796
7.209615388036622
7.262940062575719
7.316423515192404
7.370065638859901
7.4238663291430935
7.477825484152968
7.531943004513849
7.586218793318963
7.640652756093696
7.6952448007601015
7.749994837604246
7.804902779240719
7.85996854056894
7.915192038756772
7.970573193191869
8.02611192546318
8.081808159319243
8.13766182065168
8.193672837446046
8.249841139777352
8.306166659757821
8.362649331536756
8.419289091239476
8.476085876973768
8.533039628790048
8.59015028864598
8.647417800408467
8.704842109808347
8.762423164422515
8.820160913652948
8.878055308708838
8.936106302571455
8.994313849991672
9.052677907452972
9.111198433155073
9.169875387005101
9.228708730584337
9.287698427131584
9.346844441534717
9.406146740297679
9.465605291532404
9.525220064941696
9.584991031797745
9.644918164934696
9.705001438708537
9.76524082901127
9.825636314017858
9.886187871079224
9.946895481312263
10.007759126540613
10.068778790034061
10.12995445649363
10.191286112043901
10.252773744213636
10.314417341922258
10.376216895462221
10.43817239650646
10.500283838070407
10.562551214513608
10.624974521524077
10.687553756112228
10.750288916586406
10.813180002549919
10.876227014902275
10.9394299557945
11.002788828658183
11.06630363816166
11.129974390222797
11.193801091985408
11.257783751813424
11.321922379278105
11.386216985163253
11.450667581427982
11.515274181224454
11.580036798873566
11.64495544985799
11.710030150820565
11.775260919541076
11.840647774946323
11.906190737089009
11.971889827136572
12.03774506738062
12.103756481204908
12.169924093097247
12.236247928634743
12.302728014473615
12.369364378339386
12.436157049031108
12.50310605640721
12.570211431371225
12.637473205877374
12.70489141291232
12.772466086501128
12.840197261686042
12.908084974530073
12.976129262107833
13.044330162497202
13.11268771477524
13.181201959009867
13.249872936253785
13.318700688540883
13.387685258879019
13.456826691243961
13.526125030571553
13.59558032275325
13.665192614634385
13.734961953999514
13.804888389577018
13.874971971024816
13.94521274893411
14.015610774813096
14.0861661010932
14.15687878111292
14.22774886912181
14.298776420269922
14.36996149060434
14.441304137062838
14.512804417473518
14.584462390543631
14.656278115858099
14.728251653877015
14.800383065926722
14.87267241419745
14.94511976173512
15.0177251724442
15.090488711080761
15.163410443234346
15.236490435348955
15.309728754698334
15.38312546938723
15.456680648351748
15.530394361349439
15.604266678955556
15.678297672566302
15.752487414383298
15.826835977417563
15.901343435481197
15.976009863187507
16.05083533594119
16.12581992994382
16.200963722180532
16.276266790415455
16.351729213200773
16.427351069855852
16.50313244047893
16.57907340593246
16.655174047837026
16.731434448589596
16.80785469132888
16.884434859952734
16.961175039112533
17.038075314198686
17.115135771345706
17.192356497431348
17.269737580062703
17.347279107587248
17.424981169069387
17.50284385430708
17.580867253820053
17.659051458841734
17.737396561319997
17.81590265392224
17.894569830014547
17.973398183673847
18.05238780967463
18.131538803495026
18.210851261301432
18.290325279957422
18.369960957013465
18.4497583907022
18.52971767994403
18.60983892433643
18.690122224150866
18.77056768033116
18.85117539449711
18.931945468925104
19.012878006564655
19.093973111017778
19.17523088654619
19.256651438073053
19.33823487116076
19.419981292028424
19.501890807540352
19.583963525194477
19.66619955313678
19.748599000150236
19.831161975643138
19.913888589661266
19.996778952875733
20.07983317658185
20.163051372695794
20.246433653754213
20.32998013290804
20.41369092392336
20.49756614117531
20.581605899646235
20.665810314924567
20.750179503195636
20.83471358125049
20.91941266647012
21.004276876831927
21.089306330903998
21.17450114784041
21.25986144738282
21.345387349850927
21.43107897614866
21.516936447751917
21.602959886713
21.689149415656043
21.77550515777267
21.862027236820126
21.948715777118284
22.035570903548315
22.122592741547944
22.209781417112815
22.297137056788436
22.384659787664962
22.472349737392086
22.560207034152974
22.648231806673707
22.73642418422636
22.824784296611167
22.913312274168273
23.002008247764106
23.090872348798197
23.179904709190513
23.269105461390527
23.358474738361952
23.448012673594892
23.53771940108662
23.627595055351488
23.717639771414742
23.807853684809285
23.898236931567855
23.988789648235432
24.079511971849772
24.17040403994983
24.26146599056657
24.352697962229065
24.44410009394723
24.535672525228712
24.627415396058648
24.719328846907995
24.811413018727055
24.903668052943758
24.996094091459437
25.088691276648444
25.181459751359522
25.2743996589008
25.367511143050447
25.46079434804911
25.554249418596306
25.64787649984672
25.741675737417008
25.835647277369922
25.92979126621815
26.024107850928797
26.118597178905496
26.213259398001455
26.308094656509013
26.403103103154947
26.498284887103306
26.59364015795369
26.689169065733036
26.78487176089887
26.88074839433023
26.97679911733847
27.073024081642313
27.1694234393954
27.2659973431539
27.362745945891902
27.45966940099843