1.9859446137283985e-12
1.9859446137283985e-12
1.9859446137283985e-12
1.9859446137283985e-12
1.9859446137283985e-12
1.9859446137283985e-12
1.9859446137283985e-12
1.9859446137283985e-12
1.9859446137283985e-12
1.9859446137283985e-12
1.9859446137283985e-12
1.9859446137283985e-12
1.9859446137283985e-12
1.9859446137283985e-12
1.9859446137283985e-12
1.9859446137283985e-12
1.9859446137283985e-12
1.9859446137283985e-12
1.9859446137283985e-12
3.971889227456797e-12
1.9859446137283985e-12
3.971889227456797e-12
3.971889227456797e-12
5.9578338411851955e-12
6.08195537954322e-12
6.206076917901245e-12
6.82668460969137e-12
8.440264608345693e-12
9.309115376851867e-12
2.1597147674296335e-11
5.573057072275318e-11
1.2151498605250637e-10
2.7480508592466714e-10
5.962798702719516e-10
1.2432013281939774e-9
2.4993112963771893e-9
4.839126415964317e-9
9.066954255515361e-9
1.649811075701031e-8
2.917191279567152e-8
5.026400993038905e-8
8.452143039566556e-8
1.3893507159644012e-7
2.2360209655659964e-7
3.52814852174994e-7
5.465086228488439e-7
8.319545241354062e-7
1.24602074893778e-6
1.8378069230350176e-6
2.6718552534009854e-6
3.8319994129873066e-6
5.425885543636516e-6
7.59025226220227e-6
0.000010497073435482685
0.00001436058234219756
0.000019445291041460146
0.000026075014132737315
0.00003464306310603798
0.00004562357553532672
0.000059584044154848734
0.00007719919997731669
0.00009926612185701818
0.0001267207580595434
0.00016065589695047329
0.00020234044369089426
0.0002532402454732254
0.00031504035147790753
0.0003896687609232159
0.0004793216404658435
0.0005864900610973576
0.0007139881737334065
0.000864982897596237
0.001043025115680929
0.0012520821994391864
0.0014965720759214831
0.0017813986958790144
0.002111988831703808
0.002494330256220951
0.0029350112932720615
0.00344126169143435
0.00402099461334408
0.004682850148363657
0.005436239784335855
0.0062913922219607135
0.007259400321533237
0.00835226917285689
0.009582965303972209
0.010965466948518018
0.012514815462458077
0.014247167695178255
0.016179849484007736
0.01833141016877103
0.020721678107628445
0.02337181719718389
0.026304384480145656
0.02954338867943029
0.03311434985457348
0.037044359970806594
0.041362144648529
0.046098125880431974
0.051284485847718796
0.05695523189015865
0.06314626252322984
0.06989543470640815
0.07724263224468471
0.08522983546282634
0.09390119210322584
0.10330308959963955
0.11348422863521056
0.12449569821142334
0.13639105204987545
0.1492263866251304
0.16306042064594478
0.17795457627382438
0.1939730619133317
0.21118295683330984
0.2296542975251878
0.24946016599534704
0.2706767799317238
0.2933835849320698