21.158980867320842
21.195310090775852
21.25582939488477
21.340494256300143
21.449241143592168
21.581986807545686
21.738625221335006
21.91902371239271
22.123028737884763
22.350446686816152
22.601060909251377
22.874628853906824
23.17088064621802
23.48953071748713
23.830279215049504
24.19281869867408
24.576848607903177
24.982021888794677
25.408065958868193
25.854666748257454
26.321531759123403
26.808377354822976
27.314932606692146
27.840941394659577
28.38615600323435
28.95034709621242
29.53329836483512
30.1348084465971
30.754690691080715
31.392772640536684
32.0488965448481
32.72292389481901
33.41471768542393
34.1241794768043
34.85119624694354
35.59568689487589
36.35757918142057
37.13681493681469
37.93334761994204
38.747144826122764
39.57818577852534
40.4264613203526
41.29197398599385
42.174738557705055
43.074779039251595
43.992131621963445
44.92684119892465
45.878961441759486
46.84856068726795
47.83570794804031
48.84048672974259
49.86298713234223
50.90330451346183
51.96154828882045
53.03782770260138
54.13227965848525
55.24497420105163
56.37607884583473
57.52576874984028
58.69412908575594
59.881326161776165
61.087511692758866
62.312836000323024
63.557466744765044
64.82156362067336
66.10529206414412
67.40882611673186
68.73233619660259
70.0759968614952
71.43998844354404
72.82448481940108
74.2296665026789
75.65574918994143
77.10287172552383
78.57124238292397
80.06104155040128
81.57246369896991
83.10568960740787
84.66091206169256
86.2383146235562
87.83808735821582
89.46041726076798
91.10549082648451
92.77349525527329
94.46461418878832
96.17903485886477
97.91693839226956
99.67850632784167
101.46307594606263
103.2733564094151
105.10699431507592
106.96500456484995
108.84757072835296
110.75485407696516
112.68702604650518
114.64425534645927
116.62670435729373
118.63453605431853
120.66790995538938
122.72698318186534
124.811910308634
126.92284332522631
129.0599316048502
131.22332188131222
133.41315823376323
135.62958207922375
137.87273217280804
140.14274461556377
142.43975286985145
144.76388778210813
147.1152776129026
149.4940480742341
151.90032237379776
154.3342212661956
156.7958631108965
159.28536393682325
161.80283751339346
164.34839542788748
166.92214716896405
169.5242002161974