52.83722718376549
52.87739689235153
52.94432678111554
53.03798720871807
53.15833632108395
53.305319571639544
53.478868402885965
53.678902239305145
53.90532124870169
54.15801034698992
54.43683583164724
54.74164306862038
55.072258399672556
55.428488586862
55.81012277265962
56.21693536656625
56.64868621572929
57.10512641749254
57.5859992434418
58.091043379234215
58.61999596594807
59.17259585410148
59.74858378940172
60.34770659565401
60.96971996562024
61.61438541868892
62.281478017935505
62.97078208132462
63.682096308200066
64.41523158384138
65.17001200263887
65.94628107949646
66.74388928348942
67.56270595959212
68.40261577348214
69.26335464553024
70.14532055857765
71.04795335392785
71.97136166428982
72.9154949117026
73.88032147765402
74.86582340748473
75.87199242944727
76.89883283104717
77.9463616256228
79.01460515050428
80.10360081131735
81.21339418374588
82.34404686949294
83.49561828140507
84.66818488135078
85.86182823421547
87.0766406416843
88.31271597202695
89.57015637945302
90.84907298390962
92.14957606142275
93.47180085394992
94.81585670219145
96.1818829787572
97.57000978412148
98.98037721329389
100.41312802959798
101.86840664315307
103.346361405156
104.8471430658131
106.37090502512119
107.91780170580407
109.48799031725396
111.08162859207026
112.69887629555778
114.33989316558026
116.00484046888742
117.69387746403453
119.40717102905627
121.14487710185553
122.90715626071132
124.69417516355723
126.50608789584022
128.34307899111144
130.20523734149475
132.09278926732617
134.00586489290131
135.94462292370346
137.90921149254083
139.89978210441387
141.9164836584763
143.95946502201824
146.02886706800078
148.1248320458083
150.24750850476232
152.39702449782263
154.5735170757871
156.7771197187625
159.00796659667571
161.26617962233135
163.5518853060792
165.86518070463507
168.206262764337
170.57517219905617
172.97204660617135
175.39699846011473
177.85013218642797
180.33156912669065
182.84139791303784
185.3797231456987
187.94664607768792
190.5422601562958
193.1666603008541
195.8199380764477
198.502183634095
201.21348179702048
203.95391823898993
206.72357571844643
209.52253505367685
212.35087521859455
215.20867344315877
218.09600531816938
221.01294490426847
223.95956484498845