0.0007814304587297386
0.0013570739975914373
0.0022412846237625126
0.0035458646425000837
0.005405661352705398
0.007979850012696904
0.011453057873318325
0.01603640087019557
0.021968499668375777
0.029516528864297596
0.0389773382674971
0.05067866789233751
0.06498046133839987
0.08227626494133918
0.10299468401269743
0.127600852878308
0.1565978626277472
0.19052807993472368
0.22997428231040137
0.27556052926903457
0.32795268487790674
0.3878585037129853
0.45602718771871587
0.533248313704964
0.6203500169655793
0.718196293122037
0.8276832450948636
0.9497340537515303
1.0852923941434578
1.2353139642457767
1.40075576518056
1.5825628122452293
1.7816521232806526
1.9988941884698674
2.23509270699599
2.490964128460667
2.7671192690279276
3.0640496605125684
3.382121007952985
3.721575069207952
4.082539695243683
4.4650452468856505
4.869044677818538
5.294434470601281
5.741074172881611
6.208803143738209
6.697453947746394
7.2068624418899345
7.7368749502787395
8.287353062487934
8.85817659776378
9.449245214107366
10.060479052778055
10.691818719920022
11.343224829817458
12.014677271768475
12.70617431469652
13.417731628147832
14.149381272462069
14.901170692651048
15.673161737737816
16.46542971845808
17.278062510262757
18.111159704581613
18.96483180869324
19.839199492979695
20.73439288325424
21.650550895480087
22.5878206098035
23.546356680903514
24.526320781676958
25.527881077444103
26.55121172807943
27.596492415645514
28.663907895385588
29.753647568082528
30.865905072075943
32.000877893373335
33.15876699248491
34.339776446818604
35.54411310758956
36.77198627034509
38.02360735838235
39.29918961838413
40.598947827758614
41.92309801325746
43.271857180501954
44.64544305417377
46.04407382862491
47.4679679288319
48.91734378151787
50.392419596492694
51.893413158113304
53.420541626984495
54.974021351887394
56.554067692036256
58.16089484978329
59.79471571384031
61.45574171317199
63.14418268163678
64.86024673354918
66.60414015024153
68.37606727774238
70.17623043570939