3.971889227456797e-12
3.971889227456797e-12
3.971889227456797e-12
3.971889227456797e-12
3.971889227456797e-12
3.971889227456797e-12
3.971889227456797e-12
3.971889227456797e-12
3.971889227456797e-12
7.943778454913594e-12
7.943778454913594e-12
1.1915667682370391e-11
1.1915667682370391e-11
1.1915667682370391e-11
1.1915667682370391e-11
1.6011678448185214e-11
8.688507685061743e-12
1.2288032297444466e-11
3.18992353580124e-11
8.762980608076558e-11
2.885825766824079e-10
8.977710869435941e-10
2.5554142317150167e-9
6.7276356220816654e-9
1.6504689198543287e-8
3.796257250680192e-8
8.237239008053472e-8
1.697508500461253e-7
3.3388358690155133e-7
6.296276039826022e-7
1.1429276333652949e-6
2.0041232059932383e-6
3.405069107827969e-6
5.6208604968292975e-6
9.0364980571623e-6
0.000014179164936396549
0.000021756281167951314
0.00003270008725882298
0.00004821845557549959
0.00006985253958542359
0.00009954096802717204
0.00013969068492016533
0.0001932541320608643
0.0002638125939051038
0.0003556653762868506
0.00047392434718741854
0.0006246133867597685
0.000814772385165974
0.001052565051070036
0.0013473902026086993
0.0017099959029796851
0.002152595929266601
0.002688988071311814
0.003334673894106381
0.004106979257941972
0.005025175526940841
0.006110600820904223
0.0073867811592991045
0.008879551179756365
0.010617174158633507
0.012630461140012378
0.014952889186909372
0.017620718355771486
0.020673107583791824
0.024152229235712485
0.028103382379871148
0.0325751047408638
0.0376192832646528
0.043291263386108385
0.04964995682000034
0.05675794803803906
0.06468159916113284
0.07349115336950986
0.08326083670348028
0.09406895797122077
0.10599800683482724
0.11913474975278864
0.13357032349687745
0.14940032620448326
0.16672490536377865
0.18564884279278582
0.20628163597820645
0.2287375756021072
0.25313581887255193
0.2796004582907818
0.3082605855759178
0.3392503503678695
0.3727090133993891
0.4087809939746693
0.44761591141687673
0.4893686202667858
0.534199239266399
0.5822731737930467
0.6337611318963853
0.6888391338552605
0.7476885153733396
0.8104959244413189
0.877453312242167
0.9487579181600969
1.0246122493134213
1.1052240548260195
1.1908062954705603
1.281577108879469
1.3777597709884333
1.4795826541846062
1.587279182726743
1.7010877860643308
1.8212518506683777
1.9480196710158186
2.081644400412064
2.2223840023145054
2.3705012028010395
2.5262634449402617
2.689942845588358
2.8618161554505166
3.042164722725233
3.2312744612872444
3.4294358234990776
3.6369437785231686
3.8540977962018275