3.971889227456797e-12
3.971889227456797e-12
7.943778454913594e-12
3.971889227456797e-12
3.971889227456797e-12
3.971889227456797e-12
3.971889227456797e-12
3.971889227456797e-12
3.971889227456797e-12
3.971889227456797e-12
3.971889227456797e-12
3.971889227456797e-12
3.971889227456797e-12
7.943778454913594e-12
3.971889227456797e-12
7.943778454913594e-12
3.971889227456797e-12
7.943778454913594e-12
7.943778454913594e-12
7.943778454913594e-12
7.943778454913594e-12
3.971889227456797e-12
3.971889227456797e-12
3.971889227456797e-12
3.971889227456797e-12
7.943778454913594e-12
4.096010765814822e-12
8.192021531629644e-12
8.812629223419768e-12
1.439809844953089e-11
1.8618230753703734e-11
2.89203184374198e-11
4.9152129189777864e-11
1.0289675529880264e-10
2.1708857058818555e-10
4.4981645500948226e-10
9.064595946286559e-10
1.7715867169840895e-9
3.354756938740697e-9
6.180135516384418e-9
1.107300655845776e-8
1.9330812505417157e-8
3.293850499868414e-8
5.487264264962251e-8
8.94846783499879e-8
1.430784967899077e-7
2.2454839916504122e-7
3.4631659315579797e-7
5.254155327418196e-7
7.849314516930835e-7
1.155688444602345e-6
1.678361760197221e-6
2.4060158385565337e-6
3.4070917924170513e-6
4.768967833501289e-6
6.602173198744759e-6
9.045100672742817e-6
0.000012269721515741275
0.00001648782505336966
0.000021958283386159772
0.00002899524092864655
0.00003797714425128361
0.00004935703237658082
0.00006367368810635348
0.00008156418832283028
0.00010377743609112973
0.00013118909496275539
0.0001648177870845947
0.00020584254456309056
0.0002556217656779439
0.00031571343850084465
0.0003878968832653459
0.00047419586305257673
0.0005769032616354988
0.0006986071084142184
0.0008422181764676759
0.0010109990461083377
0.0012085946586400799
0.0014390643349984644
0.0017069153215824265
0.0020171377413900167
0.0023752411053618817
0.00278729216187905
0.0032599542956698794
0.0038005282311102543
0.004416994249558303
0.005118055746953494
0.005913184108469363
0.0068126650620743846
0.007827646252083435
0.008970186218385677
0.010253304619370266
0.011691033831608145
0.013298471761456562
0.015091835986749971
0.017088519213310404
0.019307145874865442
0.02176763014348336
0.024491235204062014
0.027500633733913735
0.030819969792867403
0.034474921959674866
0.038492767815011944
0.04290244982556338
0.04773464260461556
0.053021821502239296
0.058798332791675456
0.06510046526189359
0.07196652331537241
0.07943690174785124
0.08755416202200836
0.09636311031980081
0.10591087729539372
0.11624699957696177
0.1274235032009391
0.1394949888675044
0.15251871923178356
0.16655470820532456
0.18166581240139965
0.19791782474523537