0.006662189841835424
0.01032948076631002
0.01543633599093911
0.022354374186044395
0.03150970252320645
0.043386764912753825
0.05853231574240145
0.07755917814474617
0.10114933118031628
0.1300557895542561
0.1651027131895788
0.2071832291033131
0.2572545789181553
0.3163304198794914
0.38547038749186874
0.4657673281999426
0.5583328692278198
0.6642821404071434
0.7847184443907255
0.9207184701840098
1.0733182876877323
1.2434999273637866
1.4321779535160297
1.6401852262790764
1.8682571770716947
2.117014538444619
2.386945615359726
2.678390651999615
2.9915320473871345
3.3263942598733633
3.6828556378628434
4.060671469616435
4.459504584111088
4.878958299195544
5.318606914329689
5.778020666817293
6.256784051102072
6.754507883425159
7.270836260506516
7.805449753971099
8.358066049260879
8.928438979344449
9.516356638042081
10.121639035351498
10.74413559044663
11.38372264111378
12.040301070335314
12.71379410075109
13.404145276745961
14.111316635778824
14.835287060147262
15.57605079552078
16.333616120299073
17.108004149626414
17.899247758677635
18.707390610929988
19.53248627866459
20.374597444295965
21.233795172629602
22.110158245304618
23.003772549957553
23.914730517590236
24.84313060249196
25.78907679994515
26.752678197531825
27.734048556428473
28.733305919675598
29.750572244690847
30.78597305780824
31.83963712883209
32.911696163933804
34.00228451540143
35.11153890702947
36.23959817402319
37.38660301650829
38.55269576582646
39.73802016293774
40.942721148358196
42.166944663065756
43.41083746002242
44.67454692586617
45.95822091252291
47.26200757842195
48.586055239120014
49.930512227134805
51.2955267608257
52.6812468221918
54.08782004348401
55.51539360251624
56.96411412662535
58.434127605204715
59.92557931073809
61.43861372834274
62.97337449371504
64.5300043395035
66.10864505004315
67.70943742445773
69.33252124805932
70.97803527206625
72.64611720159377
74.33690369189648
76.050530352826
77.78713176150005
79.5468414831304