0.0016261424500197087
0.0027137139811373996
0.004326052891880963
0.0066316483568426825
0.00982884083644464
0.014147200491057686
0.019848901744249706
0.02723016785914586
0.03662282726426467
0.04839598857988419
0.0629578058141134
0.08075727113591452
0.10228594112208389
0.12807947664616917
0.1587188571768561
0.1948311205824284
0.23708947956719692
0.28621267814973067
0.34296347327501725
0.4081461580570429
0.48260307843975975
0.5672101302505052
0.6628712518930872
0.7705119414216232
0.891071821703959
1.0254962489836188
1.1747269138125562
1.3396913300315476
1.5212910723064685
1.720388644934787
1.9377929917129788
2.1742439365542356
2.4303962911826633
2.706804922260165
3.0039125735653807
3.3220424390550822
3.661397147160872
4.022064892185642
4.404032168671095
4.8072013716936075
5.231410855539711
5.676455026317398
6.142102590250568
6.628111842870209
7.134242613128502
7.660265003261666
8.20596536134288
8.771150033148452
9.355647429919507
9.95930887790057
10.582008624037591
11.223643283460996
11.884130937791099
12.56341003269024
13.261438176659084
13.978190909409264
14.713660483840348
15.46785468879199
16.240795728169697
17.032519164264304
17.843072927997518
18.67251639555795
19.520919528991033
20.38836207706772
21.274932832354843
22.180728940077895
23.105855254528336
24.050423738887094
25.014552904650092
25.998367287091124
27.001996953617198
28.025577042039018
29.0692473262702
30.133151807037276
31.217438325651163
32.32225819898871
33.447765874090756
34.59411860098926
35.7614761225743
36.95000038036008
38.15985523531327
39.39120620340473
40.64422020145763
41.91906531402823
43.21591056187561
44.53492569051955
45.876280967163886
47.240146989450295
48.626694505226155
50.03609424313251
51.46851675379964
52.92413226152282
54.40311052627949
55.90562071598339
57.43183128890198
58.981909886159755
60.55602323426941
62.154337057652015
63.777016001081286
65.42422356205157
67.09612203297799
68.79287245326225
70.51463457111825
72.26156681517142