0.0022530973910900596
0.0036944456335159534
0.005798423785255673
0.008766363190581768
0.012832979250776791
0.01826787650229622
0.025377142832193552
0.03450509112349507
0.04603616319705744
0.060396967031037155
0.07805837515341199
0.09953757269378531
0.12539991021807614
0.15626039100591582
0.19278460825862298
0.23568894670547422
0.2857398760691536
0.34375219087910247
0.41058608888509635
0.4871430247004247
0.5743603170798848
0.673204519976794
0.7846635778064481
0.9097377674740444
1.0494293818573732
1.2047310401372737
1.3766124460954947
1.5660054021881824
1.7737869947591256
2.0007611706482913
2.247639477674358
2.515022498448246
2.8033842665799686
3.1130623530209838
3.444255962436736
3.7970331469429373
4.171346445397305
4.567054575767196
4.98394689869206
5.421767458383738
5.880236258989848
6.3590665248953115
6.8579776799652805
7.376704412223376
7.915002503719201
8.472652174990396
9.04945962676484
9.645257338785246
10.259903553815814
10.893281258737463
11.545296881037213
12.21587884849341
12.904976108670649
13.612556669123759
14.338606194434051
15.083126680011155
15.846135211638986
16.62766281309005
17.427753379860132
18.246462694714296
19.0838575194597
19.940014756792802
20.815020676110763
21.70897019726499
22.62196622671436
23.554119040924032
24.505545712324192
25.47636957367261
26.466719717057423
27.47673052422309
28.50654122527884
29.556295483238966
30.626141002083088
31.716229156369696
32.82671464068004
33.957755137337706
35.10951100114114
36.282144959913026
37.47582182990083
38.69070824518482
39.926972400335515
41.18478380569761
42.46431305477471
43.765731603247794
45.089211559233
46.43492548449024
47.80304620625144
49.19374663952488
50.60719961962592
52.04357774481313
53.50305322891499
54.98579776384582
56.4919823919354
58.02177738802194
59.575352151250385
61.15287510656492
62.7545136158337
64.38043389863212
66.03080096260953
67.70577854347832
69.40552905455729
71.13021354588712
72.87999167287153
74.65502167442789