9.797724452196793
9.832724049204936
9.867903280432634
9.903261848780213
9.938799459077842
9.974515818094964
10.010410634551597
10.046483619122418
10.082734484448316
10.119162945134406
10.15576871777162
10.192551520924422
10.229511075145087
10.266647102974312
10.303959328948547
10.341447479599246
10.379111283453987
10.416950471045036
10.454964774902392
10.49315392955888
10.531517671552384
10.570055739419024
10.60876787370097
10.647653816936018
10.686713313667516
10.72594611043358
10.765351955768434
10.804930600199086
10.84468179624022
10.8846052983983
10.924700863160272
10.964968248992822
11.005407216335547
11.04601752760468
11.086798947177078
11.127751241392579
11.168874178548169
11.210167528888677
11.251631064604284
11.293264559823953
11.335067790611452
11.377040534948849
11.419182572747056
11.461493685823498
11.503973657901234
11.54662227460797
11.589439323451106
11.632424593833258
11.675577877028541
11.718898966179601
11.762387656289416
11.806043744212607
11.849867028653454
11.893857310145172
11.938014391057228
11.982338075571013
12.026828169687045
12.07148448120126
12.116306819709976
12.161294996594135
12.206448825006259
12.251768119875301
12.297252697881447
12.34290237746107
12.388716978791361
12.434696323778637
12.480840236055997
12.527148540969668
12.573621065576019
12.620257638619849
12.667058090536987
12.71402225344821
12.761149961134175
12.808441049042614
12.855895354266117
12.903512715546853
12.951292973257074
12.999235969390435
13.047341547560624
13.095609552988083
13.144039832481015
13.192632234450782
13.241386608875896
13.29030280731184
13.339380682873061
13.38862009022863
13.438020885592929
13.487582926711626
13.537306072863048
13.587190184835082
13.63723512493536
13.687440756965817
13.73780694622231
13.78833355948445
13.839020465011618
13.889867532524486
13.94087463320525
13.992041639686349
14.043368426046602
14.094854867795336
14.146500841866045
14.198306226620366
14.25027090181978
14.302394748633551
14.354677649627314
14.40711948875103
14.459720151334023
14.512479524079769
14.565397495055459
14.618473953683205
14.671708790739402
14.725101898337238
14.778653169927432
14.832362500287315
14.88622978551711
14.940254923030606
14.994437811546
15.048778351081651
15.103276442949642
15.157931989748576
15.212744895355382
15.267715064922088
15.32284240486118
15.378126822851554
15.433568227824493
15.48916652995448
15.54492164065709
15.600833472589363
15.656901939627707
15.713126956876588
15.769508440656992
15.826046308492636
15.882740479124127
15.939590872482155
15.99659740969207
16.053760013067567
16.11107860610572
16.168553113476293
16.226183461024366
16.283969575756416
16.341911385843314
16.400008820604047
16.458261810517396
16.516670287198476
16.575234183404323
16.633953433027678
16.69282797109228
16.75185773374356
16.811042658247878
16.870382682988332
16.92987774652637
16.98952779130547
17.049332759075643
17.109292590722017
17.16940723108275
17.229676625133397
17.290100718936944
17.350679459632513
17.411412795436718
17.472300675635484
17.53334305058367
17.594539871746786
17.655891091502365
17.717396663430073
17.779056542111977
17.8408706831714
17.902839043284715
17.96496158016048
18.027238252547402
18.089669020222907
18.152253843997226
18.214992685698274
18.277885508184543
18.340932275323752
18.404132952006638
18.467487504127085
18.53099589859019
18.594658103307815
18.658474087187503
18.722443820140587
18.78656727306776
18.850844417864685
18.915275227415396
18.979859675586223
19.044597737230518
19.109489388176108
19.174534605227162
19.239733366170015
19.305085649746125
19.370591435679874
19.4362507046495
19.50206343829991
19.56802961923734
19.634149231018537
19.700422258156358
19.76684868611692
19.833428501311765
19.90016169109999
19.96704824378102
20.0340881486006
20.101281395734755
20.168627976300233
20.236127882345556
20.303781106849176
20.37158764371659
20.439547487778896
20.50766063479398
20.575927081436376
20.64434682529938
20.712919864896502
20.781646199646858
20.850525829889914
20.919558756867268
20.988744982731056
21.058084510537523
21.127577344244287
21.197223488709714
21.267022949689316
21.336975733836503
21.407081848693775
21.4773413026999
21.547754105181998
21.618320266351667
21.689039797305373
21.75991271002755
21.8309390173788
21.902118733098135
21.97345187180596
22.044938448990155
22.11657848101764
22.18837198512393
22.26031897941289
22.33241948285402
22.404673515278223
22.477081097389334
22.549642250738582
22.62235699774765
22.695225361685484
22.76824736668168
22.841423037716446
22.914752400616614
22.988235482066827
23.06187230959116
23.13566291155821
23.209607317187682
23.283705556531757
23.35795765937848
23.432363659638238
23.506923588805126
23.581637480278516
23.65650536829361
23.731527287906676
23.806703275013287
23.882033366323135
23.957517599376654
24.033156012537454
24.108948644984004
24.18489553671608
24.260996728551547
24.33725226376687
24.41366218156075
24.490226526783754
24.566945343501764
24.643818676582605
24.72084657170362
24.7980290753389
24.875366234771175
24.952858098080657
25.030504714141696
25.108306132626737
25.18626240400136
25.264373579529135
25.342639711252353
25.421060852011543
25.49963705542919
25.578368375910006
25.657254868648725
25.73629658961336
25.815493595553274
25.894845943995698
25.97435369324238
26.054016902366232
26.133835631216556
26.213809940404623
26.293939891315492
26.374225546096437
26.454666967658962
26.5352642196753
26.61601736657906
26.69692647356185
26.77799160656894
26.85921283230375
26.94059021821541
27.02212383250746
27.103813744132527
27.185660022786834
27.267662738913327
27.34982196369285
27.432137769051113
27.514610227650095
27.597239412890442
27.680025398904238
27.762968260557244
27.84606807344668
27.92932491389836
28.012738858963825
28.09630998641664
28.180038374760574
28.26392410321074
28.347967251707615
28.43216790090612
28.516526132174498
28.601042027596804
28.685715669963475
28.770547142777644
28.855536530244486
28.940683917277894
29.02598938949393
29.111453033205724
29.19707493542706
29.28285518387029
29.368793866936134
29.454891073724497
29.541146894019437
29.627561418295503
29.714134737716613
29.8008669441265
29.88775813005144
29.974808388698516
30.062017813950778
30.1493865003727
30.236914543192068
30.324602038318954
30.41244908232377
30.500455772452263
30.588622206607525
30.676948483365155
30.765434701949513
30.85408096225561
30.942887364827218
31.0318540108656
31.120981002224763
31.21026844140837
31.299716431567006
31.389325076501404
31.479094480652638
31.56902474909952
31.659115987570015
31.749368302421516
31.839781800650634
31.930356589886877
32.02109277838806
32.1119904750408
32.20304978936459
32.294270831493236
32.38565371218832
32.47719854283452
32.568905435427084
32.66077450258048
32.75280585752359
32.844999614093744
32.93735588673944
33.02987479051464
33.12255644108038
33.21540095469287
33.30840844821825
33.40157903911385
33.494912845435
33.58840998582988
33.68207057953706
33.77589474638423
33.86988260678853
33.96403428174771
34.058349892845285
34.152829562240434
34.24747341267458
34.342281567461725
34.437254150490446
34.532391286219
34.62769309967777
34.723159716457005
34.81879126271881
34.914587865180344
35.01054965112578
35.106676748387
35.202969285362286
35.299427390994055
35.39605119477955
35.49284082676203
35.58979641753348
35.68691809822482
35.78420600051525
35.8816602566174
35.97928099928348
36.07706836180042
36.17502247798426
36.27314348218713
36.371431509283354
36.469886694674
36.56850917428632
36.66729908456549
36.76625656247542
36.865381745493366
36.96467477162089
37.064135779357635
37.1637649077247
37.26356229624101
37.3635280849328
37.4636624143342
37.56396542547198
37.66443725987596
37.76507805956775
37.86588796706444
37.966867125373035
38.06801567799083
38.16933376889829
38.27082154256497
38.37247914393538
38.474306718437035
38.57630441197766
38.67847237093216
38.78081074215469
38.88331967296573
38.985999311155545
39.08884980497777
39.19187130314861
39.29506395485148
39.398427909721235
39.50196331785147
39.60567032978895
39.70954909653323
39.813599769533575
39.917822500683336
40.02221744232383
40.12678474723576
40.23152456864221
40.33643706020315
40.441522376014355
40.54678067060206
40.65221209892653
40.75781681637467
40.86359497876194
40.96954674232397
41.07567226371915
41.18197170002602
41.2884452087409
41.395092947771595
41.501915075440586
41.608911750473375
41.71608313202108
41.8234293796201
41.930950653221764
42.038647113172104
42.146518920218945
42.254566235504186
42.362789220565055
42.471188037329895
42.57976284811679
42.68851381562835
42.79744110295393
42.906544873564094
43.01582529131193
43.12528252042388
43.23491672550597
43.344728071534696
43.45471672385908
43.56488284819278
43.675226610623085
43.78574817759486
43.89644771591605
44.00732539275451
44.11838137563685
44.22961583244031
44.341028931402185
44.452620841099396
44.56439173046507
44.676341768775174
44.78847112565061
44.90077997104987
45.01326847527355
45.12593680895959
45.23878514307598
45.351813648926196
45.46502249814452
45.57841186268769
45.691981914844085
45.80573282721886
45.91966477274485
46.03377792466618
46.14807245654796
46.262548542267815
46.377206356014824
46.492046072288346
46.60706786589409
46.72227191194322
46.837658385849984
46.953227463328176
47.06897932039007
47.18491413334672
47.30103207879849
47.41733333363844
47.533818075051926
47.65048648050841
47.767338727762855
47.884374994854326
48.00159546009979
48.11900030209786
48.23658969971934
48.354363832109826
48.472322878689006
48.590467019142906
48.70879643342777
48.827311301759515
48.94601180462276
49.06489812275871
49.18397043716872
49.303228929109814
49.42267378009138
49.54230517188035
49.66212328648471
49.78212830616488
49.90232041342694
50.02269979101715
50.14326662192566
50.26402108937584
50.38496337683583
50.5060936680024
50.627412146804694
50.74891899740245
50.870614404184906
50.99249855176475