11.974499344999437
12.010431122294158
12.04654873774264
12.082851883716849
12.119340254221697
12.156013544913154
12.192871453111419
12.229913677817043
12.267139919724094
12.304549881230454
12.342143266448995
12.379919781225821
12.417879133138655
12.456021031515583
12.494345187446346
12.532851313777629
12.571539125137505
12.6104083379311
12.649458670354237
12.68868984239555
12.728101575844434
12.767693594291407
12.807465623145989
12.847417389626894
12.887548622770353
12.92785905343519
12.968348414307679
13.009016439897058
13.049862866547214
13.090887432425497
13.132089877541969
13.173469943730533
13.215027374664695
13.256761915850248
13.298673314627372
13.340761320168534
13.383025683483568
13.425466157408636
13.468082496614908
13.510874457601497
13.5538417986885
13.59698428003165
13.64030166360245
13.683793713192028
13.727460194410511
13.771300874680078
13.815315523235581
13.859503911115725
13.903865811165186
13.948400998026418
13.993109248137044
14.037990339724889
14.083044052805876
14.12827016917583
14.173668472403778
14.219238747839638
14.264980782591143
14.310894365536244
14.35697928729978
14.403235340262784
14.449662318551562
14.496260018032357
14.543028236303034
14.589966772689223
14.63707542824036
14.684354005719749
14.7318023096032
14.779420146068102
14.827207322989086
14.875163649933674
14.923288938148875
14.97158300056802
15.020045651787909
15.068676708076891
15.117475987354007
15.166443309200657
15.21557849483404
15.264881367114844
15.314351750533728
15.363989471207956
15.413794356869994
15.463766236866379
15.5139049421468
15.564210305262865
15.61468216035183
15.665320343133997
15.716124690916315
15.767095042568302
15.818231238524021
15.869533120777005
15.921000532869819
15.972633319888605
16.02443132845675
16.076394406723967
16.128522404369637
16.18081517258221
16.233272564064183
16.285894433020033
16.338680635151647
16.391631027649993
16.4447454691852
16.498023819910898
16.551465941443734
16.605071696869583
16.658840950726542
16.712773569006295
16.766869419144314
16.8211283700109
16.875550291912834
16.930135056575462
16.98488253714807
17.039792608188332
17.094865145664212
17.150100026941512
17.205497130781914
17.261056337331805
17.316777528123
17.372660586059993
17.42870539542154
17.48491184184777
17.541279812335567
17.59780919523936
17.654499880256424
17.71135175842431
17.768364722120463
17.82553866504856
17.882873482238516
17.940369070036688
17.998025326104496
18.055842149411596
18.113819440229687
18.171957100124427
18.230255031960787
18.288713139881935
18.347331329318678
18.40610950697605
18.465047580829236
18.524145460122792
18.58340305535653
18.64282027829319
18.702397041946163
18.7621332605682
18.822028849661073
18.88208372596232
18.942297807439772
19.002671013289188
19.063203263930784
19.123894481003536
19.184744587354608
19.24575350704707
19.30692116534783
19.368247488718733
19.42973240487065
19.49137584256737
19.553177731896817
19.61513800407816
19.677256591521637
19.73953342779802
19.8019684476627
19.864561587030476
19.92731278297832
19.99022197374496
20.0532890987216
20.11651409845266
20.17989691462746
20.24343749007884
20.307135768780945
20.370991695837922
20.435005217491742
20.499176281107918
20.563504835182222
20.627990829324407
20.692634214264434
20.757434941847613
20.82239296502704
20.887508237862846
20.952780714178722
21.018210354253913
21.083797111434485
21.14954094550605
21.21544181601566
21.281499683587
21.347714509933418
21.414086257844264
21.48061489118702
21.54730037489958
21.614142674996856
21.68114175855088
21.74829759370537
21.815610149660312
21.883079396675686
21.950705306064396
22.018487850190294
22.086427002468895
22.15452273735959
22.222775030360662
22.291183858013017
22.359749197899312
22.428471028623974
22.497349329833675
22.56638408219562
22.635575267407088
22.70492286818528
22.77442686826692
22.844087252404172
22.913904006365513
22.98387711693013
23.054006571886333
23.124292360024455
23.19473447114158
23.265332896033478
23.33608762649385
23.406998655311234
23.478065976267022
23.54928958413048
23.62066947466125
23.69220564459939
23.76389809167101
23.83574681457642
23.907751812996143
23.979913087586027
24.052230639968844
24.124704472738483
24.19733458945773
24.270120994649815
24.343063693801295
24.416162693356053
24.48941800071695
24.562829624237118
24.636397573224926
24.710121857933437
24.78400248956846
24.85803948027294
24.932232843134617
25.006582592180962
25.0810887423752
25.155751309616438
25.230570310730705
25.305545763480545
25.38067768654873
25.455966099547577
25.53141102300729
25.607012478383766
25.682770488044696
25.75868507399373
25.834756262948392
25.91098407877739
25.987368547493737
26.063909696016417
26.140607552173357
26.217462144684536
26.29447350317703
26.371641658165988
26.448966641063972
26.526448484176086
26.604087220692186
26.681882886533295
26.759835513034634
26.837945137829486
26.91621179763921
26.99463553006816
27.07321637358768
27.151954367549767
27.230849552168802
27.30990196853261
27.38911165859167
27.468478665159843
27.548003031909417
27.62768480337495
27.707524024943222
27.787520742857946
27.86767500420984
27.947986856940723
28.02845634984228
28.109083532541025
28.189868455515086
28.27081117007295
28.351911728368254
28.43317018338575
28.514586588941068
28.59616099968132
28.677893471081383
28.75978405943993
28.841832821878942
28.924039816341452
29.006405101589944
29.088928737196557
29.17161078355461
29.25445130186247
29.337450354131388
29.420608003173065
29.50392431261034
29.58739934685919
29.671033171143
29.754825851474447
29.838777454665173
29.922888048316857
30.00715770081985
30.091586481354277
30.176174459881498
30.260921707146444
30.34582829467403
30.430894294767153
30.5161197805025
30.60150482572953
30.687049505067385
30.77275389390649
30.85861806839702
30.944642105456104
31.030826082759248
31.11717007874121
31.203674172592525
31.29033844425516
31.37716297442288
31.46414784453829
31.55129313679069
31.63859893410817
31.726065320166022
31.81369237937322
31.901480196878136
31.989428858560334
32.07753845103319
32.1658090616357
32.25424077843358
32.342833690220516
32.431587886503664
32.520503457517144
32.60958049420803
32.69881908823736
32.78821933197537
32.87778131850554
32.96750514161533
33.057390895797724
33.14743867624303
33.23764857884766
33.32802070019903
33.41855513758038
33.50925198896703
33.600111353022086
33.691133329098385
33.7823180172282
33.87366551812822
33.96517593319519
34.056849364500586
34.148685914791216
34.240685687483655
34.33284878666648
34.425175317093064
34.51766538417919
34.61031909400683
34.70313655331257
34.79611786949367
34.889263150595966
34.98257250532285
35.076046043022544
35.169683873692556
35.26348610797184
35.357452857141816
35.45158423312399
35.54588034847549
35.64034131638561
35.73496725067702
35.829758265804436
35.92471447683968
36.01983599948762
36.11512295006975
36.21057544552915
36.30619360341886
36.4019775419145
36.49792737979702
36.594043236454716
36.690325231889155
36.78677348669708
36.883388122081556
36.98016925984192
37.07711702237543
37.1742315326694
37.27151291430556
37.36896129145125
37.46657678886139
37.564359531872434
37.662309646404935
37.760427258952646
37.85871249658907
37.9571654869602
38.05578635827935
38.15457523933267
38.25353225946586
38.35265754859407
38.45195123718877
38.55141345628061
38.65104433745629
38.75084401285163
38.85081261515726
38.95095027760774
39.051257133987946
39.15173331861949
39.252378966367374
39.35319421263292
39.454179193355536
39.55533404500151
39.65665890457099
39.7581539095915
39.859819198115986
39.961654908715715
40.0636611804875
40.165838153040625
40.268185966500994
40.3707047615075
40.473394679207665
40.57625586125756
40.67928844981582
40.78249258754588
40.885868417606666
40.98941608365979
41.093135729855675
41.19702750084295
41.30109154175321
41.40532799820943
41.50973701631806
41.614318742666775
41.71907332432344
41.82400090883282
41.929101644214086
42.03437567895792
42.139823162025806
42.24544424284357
42.351239071303105
42.45720779775855
42.56335057302452
42.66966754836633
42.77615887551274
42.882824706638004
42.989665194366815
43.096680491773284
43.203870752374165
43.311236130128336
43.41877677943229
43.52649285512333
43.634384512469296
43.742451907173326
43.850695195364814
43.959114533602104
44.06771007886889
44.17648198856892
44.28543042052633
44.39455553298367
44.503857484595436
44.613336434430096
44.72299254196644
44.832825967087544
44.94283687008457
45.05302541164936
45.163391752874425
45.27393605524871
45.384658480655865
45.495559191374134
45.6066383500695
45.717896119795725
45.82933266399443
45.94094814648668
46.05274273147559
46.164716583541235
46.27686986763865
46.38920274909884
46.50171539362098
46.61440796727022
46.727280636482014
46.84033356805238
46.95356692913902
47.06698088725698
47.18057561027965
47.2943512664308
47.40830802428835
47.52244605277736
47.63676552116969
47.75126659908178
47.86594945647052
47.980814263629156
48.09586119119887
48.21109041014393
48.32650209176372
48.44209640768979
48.5578735298775
48.67383363060941
48.78997688248918
48.906303458442565
49.0228135317122
49.13950727585352
49.25638486473882
49.37344647255108
49.49069227377751
49.60812244321574
49.72573715596576
49.84353658742769
49.96152091329929
50.07969030957982
50.198044952557474
50.31658501881811
50.435310685228586
50.55422212895353
50.67331952743463
50.79260305839839
50.91207289985348
51.03172923008459
51.15157222765099
51.27160207138972
51.39181894040245
51.51222301406603
51.63281447201945
51.75359349416682
51.87456026067466
51.99571495197025
52.117057748735085
52.238588831907336
52.36030838267863
52.48221658248822
52.60431361302757
52.726599656230924
52.849074894277436
52.97173950958653
53.09459368481646
53.21763760286416
53.34087144686079
53.464295400168474
53.58790964637974
53.711714369316475
53.83570975302273
53.95989598176974
54.08427324004751
54.20884171256517