1.9859446137283985e-12
1.9859446137283985e-12
1.9859446137283985e-12
1.9859446137283985e-12
1.9859446137283985e-12
1.9859446137283985e-12
1.9859446137283985e-12
1.9859446137283985e-12
1.9859446137283985e-12
1.9859446137283985e-12
1.9859446137283985e-12
1.9859446137283985e-12
1.9859446137283985e-12
1.9859446137283985e-12
1.9859446137283985e-12
1.9859446137283985e-12
1.9859446137283985e-12
1.9859446137283985e-12
1.9859446137283985e-12
1.9859446137283985e-12
3.971889227456797e-12
1.9859446137283985e-12
5.9578338411851955e-12
2.1100661520864233e-12
8.192021531629644e-12
2.8547953822345726e-12
4.964861534320996e-12
1.266039691251854e-11
2.606552305518523e-11
6.640502302154332e-11
1.585032044831978e-10
3.574700304711117e-10
7.864340670364458e-10
1.6523059186220276e-9
3.343461878750117e-9
6.539963856084332e-9
1.2343266382013787e-8
2.258019025809189e-8
4.012613504192065e-8
6.940653006211708e-8
1.1706498065929448e-7
1.9291726632988213e-7
3.1105974606366264e-7
4.914818212485808e-7
7.619433980599472e-7
1.1604466437753e-6
1.738184618039638e-6
2.563141169842419e-6
3.724479502749283e-6
5.337609933191674e-6
7.5502876092817534e-6
0.00001054953749968047
0.000014569766977344646
0.000019901922017168562
0.000026903865866656847
0.000036012071294837804
0.000047754585335187984
0.0000627654898172155
0.00008180069012262534
0.00010575525843963104
0.00013568234616175432
0.00017281352306370806
0.00021858081992127184
0.0002746402685334061
0.0003428970575585528
0.00042553229349066987
0.0005250313390958969
0.0006442136796612363
0.000786264378743655
0.0009547670455954013
0.0011537382806286007
0.001387663608352368
0.001661534839941797
0.001980888762790318
0.00235184724976421
0.002781158676201642
0.0032762405650943356
0.003845223431903897
0.004496995932281934
0.005241251027959157
0.006088533323348827
0.007050287463016989
0.008138907566932894
0.009367787649506732
0.01075137300851306
0.012305212624487681
0.014046012400427335
0.015991689334635115
0.018161426638379035
0.02057572961019549
0.02325648252898231
0.026227006269355042
0.02951211686913956
0.033138184971549134
0.03713319601593853
0.041526811511518484
0.046350431038670724
0.05163725525614381
0.057422349790504965
0.06374271018546572
0.07063732772489902
0.07814725635209775
0.08631568057716492
0.0951879845875138
0.10481182234625147
0.11523718892743347
0.12651649306981955
0.138704630962784
0.15185906120753281
0.16603988133443254
0.1813099055493906
0.19773474387002457
0.2153828828632474
0.23432576781384998
0.25463788646620006
0.2763968544552351
0.29968350230238
0.3245819642463528
0.35117976880199114
0.3795679311548356