1.9859446137283985e-12
1.9859446137283985e-12
1.9859446137283985e-12
1.9859446137283985e-12
1.9859446137283985e-12
1.9859446137283985e-12
1.9859446137283985e-12
1.9859446137283985e-12
1.9859446137283985e-12
1.9859446137283985e-12
1.9859446137283985e-12
1.9859446137283985e-12
1.9859446137283985e-12
1.9859446137283985e-12
1.9859446137283985e-12
1.9859446137283985e-12
1.9859446137283985e-12
1.9859446137283985e-12
1.9859446137283985e-12
1.9859446137283985e-12
3.971889227456797e-12
1.9859446137283985e-12
5.9578338411851955e-12
2.1100661520864233e-12
8.316143069987669e-12
3.3512815356666724e-12
6.454319994617295e-12
1.7004650755049412e-11
3.7608826122481545e-11
9.52012199206051e-11
2.262735644266794e-10
5.086500641911861e-10
1.1081570944604464e-9
2.308536491920905e-9
4.6298575022926866e-9
8.972373643286546e-9
1.6792651167533904e-8
3.047345124689377e-8
5.373842003210688e-8
9.22746822891996e-8
1.5456011145264007e-7
2.5302026648437345e-7
4.0540328615421376e-7
6.366909883659423e-7
9.813871748384763e-7
1.4864269158434424e-6
2.214697381762241e-6
3.249305265696333e-6
4.698589928279982e-6
6.702210814407485e-6
9.438016339165906e-6
0.000013130192218585207
0.0000180584078616783
0.00002456837241079227
0.000033083562116917014
0.00004411843841466965
0.0000582930556620223
0.00007634919048596866
0.00009916803568018152
0.0001277894261348183
0.0001634327303532498
0.00020751930068706756
0.00026169665866607606
0.0003278642330887297
0.00040820075699693
0.0005051933718184611
0.0006216681910545955
0.0007608226253764496
0.0009262590548123961
0.001122020280465971
0.001352626205905862
0.0016231121177377958
0.0019390683377194257
0.002306681179516708
0.0027327752959938724
0.003224857168545668
0.0037911599728133473
0.004440689431166879
0.005183270948976237
0.006029597735911208
0.0069912799603047745
0.008080894968727532
0.009312038438459591
0.01069937640775
0.012258698318535552
0.014006970832188537
0.015962392529878695
0.01814444952311842
0.020573971762988072
0.023273190263268226
0.026265795050427605
0.029576994039681833
0.03323357256765512
0.037263953873826985
0.041698260322984564
0.04656837551688164
0.05190800722522388
0.05775275126047436
0.06414015613747946
0.071109788807615
0.07870330125756296
0.08696449809423389
0.09593940520656767
0.10567633946486639
0.11622597947640126
0.12764143755666618
0.13997833279836192
0.15329486536285347
0.16765189210072087
0.18311300335282985
0.19974460120052143
0.21761597900877583
0.23679940244654654
0.2573701919514968
0.2794068067203139
0.3029909302525289
0.3282075574811055
0.3551450836212443
0.38389539467037476
0.41455395970158015