1.9859446137283985e-12
1.9859446137283985e-12
1.9859446137283985e-12
1.9859446137283985e-12
1.9859446137283985e-12
1.9859446137283985e-12
1.9859446137283985e-12
1.9859446137283985e-12
1.9859446137283985e-12
1.9859446137283985e-12
1.9859446137283985e-12
1.9859446137283985e-12
1.9859446137283985e-12
1.9859446137283985e-12
1.9859446137283985e-12
1.9859446137283985e-12
1.9859446137283985e-12
1.9859446137283985e-12
1.9859446137283985e-12
1.9859446137283985e-12
1.9859446137283985e-12
0.
5.9578338411851955e-12
0.
1.9859446137283985e-12
2.482430767160498e-13
2.606552305518523e-12
5.9578338411851955e-12
7.943778454913594e-12
1.4149855372814838e-11
4.716618457604946e-11
9.942135222477795e-11
2.2999721057742016e-10
4.994650703526922e-10
1.04634456835815e-9
2.1217335766920775e-9
4.1235657473303035e-9
7.761319793527297e-9
1.417368670817958e-8
2.5167131360549846e-8
4.352557573447024e-8
7.343390161721992e-8
1.2111183929591951e-7
1.9553933382769543e-7
3.0947980300190335e-7
4.807667812067475e-7
7.339194853725491e-7
1.1021390616731575e-6
1.6297741357638953e-6
2.375275153637555e-6
3.4147704472660322e-6
4.84622740917378e-6
6.794412761475206e-6
9.416579556519169e-6
0.000012909075159348073
0.000017514810633633185
0.000023531818921744414
0.00003132282287765619
0.00004132590376141239
0.000054066411321339504
0.0000701700942392249
0.00009037751808821254
0.0001155597571500467
0.0001467355496252532
0.00018508976803514082
0.0002319933454453262
0.0002890246859346146
0.0003579924518199837
0.00044095991344761447
0.0005402707226579662
0.0006585761800535662
0.0007988639814231719
0.0009644884340131908
0.0011592021270070425
0.0013871890405731514
0.001653099083551846
0.001962084023661796
0.0023198347935937027
0.002732620206876423
0.0032073268702747216
0.003751500602153648
0.004373388892098502
0.005081984805185377
0.005887071994781175
0.006799270946753385
0.00783008640134504
0.00899195590219734
0.010298299478850187
0.011763570394950226
0.013403307103292619
0.015234186095406742
0.01727407598242754
0.01954209248366769
0.022058654572126638
0.024845541574866598
0.027925951368264687
0.03132455961514121
0.03506757998430995
0.039182825571500796
0.04369977124809093
0.04864961720549871
0.05406535361183073
0.05998182631859706
0.0664358038899415
0.07346604573059562
0.0811133714734183
0.0894207316874642
0.09843327986847601
0.10819844579880963
0.11876601036380152
0.13018818180111913
0.14251967343249486
0.15581778306166771
0.17014247395326082
0.18555645746917793
0.20212527750935494
0.21991739677573255
0.23900428487173817
0.25946050843289276
0.2813638232036435