1.9859446137283985e-12
1.9859446137283985e-12
1.9859446137283985e-12
1.9859446137283985e-12
1.9859446137283985e-12
1.9859446137283985e-12
1.9859446137283985e-12
1.9859446137283985e-12
1.9859446137283985e-12
1.9859446137283985e-12
1.9859446137283985e-12
1.9859446137283985e-12
1.9859446137283985e-12
1.9859446137283985e-12
1.9859446137283985e-12
1.9859446137283985e-12
1.9859446137283985e-12
1.9859446137283985e-12
1.9859446137283985e-12
1.9859446137283985e-12
3.971889227456797e-12
1.9859446137283985e-12
5.9578338411851955e-12
0.
2.1100661520864233e-12
3.723646150740747e-13
3.2271599973086477e-12
7.819656916555568e-12
1.2784518450876565e-11
3.264396458816055e-11
7.782420455048162e-11
1.7451488293138302e-10
3.9098284582777844e-10
8.32359036228915e-10
1.7174697262599906e-9
3.4251338509896973e-9
6.575214372978011e-9
1.2227336865187392e-8
2.2071043707747273e-8
3.875459204306447e-8
6.631503490623376e-8
1.1076270954916575e-7
1.8092464329372979e-7
2.8941977645863275e-7
4.5404055920288257e-7
6.993903628598068e-7
1.059032520252184e-6
1.578020419130133e-6
2.3160684351115467e-6
3.3512785567497518e-6
4.784609257400552e-6
6.745065637348668e-6
9.395827304156476e-6
0.000012941188876724369
0.000017634601695639437
0.000023787700189687942
0.000031780532345411395
0.00004207293557021861
0.00005521718182234902
0.00007187197243844405
0.0000928176937877052
0.00011897316623228003
0.0001514137946680594
0.00019139112772081335
0.00024035400333970904
0.0002999710430954641
0.00037215482050568816
0.0004590874038821398
0.0005632475100273088
0.0006874390761436954
0.0008348214077142615
0.0010089407496845636
0.001213763323644374
0.0014537098373389905
0.00173369132414283
0.0020591465343004936
0.002436080428863579
0.0028711042352005684
0.0033714766760758593
0.0039451464463985
0.004600796003052677
0.005347886444639439
0.006196703665077756
0.007158405541262126
0.008245070284980206
0.0094697458935543
0.010846500574712804
0.012390474349499171
0.014117931457378382
0.016046314016956886
0.018194296474750203
0.020581841093964888
0.02323025449583114
0.026162245007601302
0.02940198116674046
0.03297515102582513
0.03690902258955445
0.04123250514531235
0.045976211654224185
0.05117252215566562
0.05685564820557993
0.06306169845671339
0.06982874528023035
0.07719689255903571
0.08520834460712791
0.09390747640588146
0.1033409049890744
0.11355756216060856
0.12460876857520853
0.13654830915950916
0.14943251000894803
0.16332031677548178
0.17827337457517084
0.19435610948091986
0.21163581169445908
0.2301827204413803
0.2500701106067296
0.2713743811960553
0.29417514574578457
0.3185553246633183