2.2630882312072487
2.2920477162119846
2.321157812825802
2.3504184034730846
2.3798293721785138
2.409390604553914
2.4391019877795106
2.4689634105797227
2.4989747632004526
2.5291359374022577
2.559446826420135
2.5899073249671205
2.620517329203508
2.6512767367186014
2.6821854465094925
2.7132433589706326
2.744450375879435
2.7758064003600325
2.80731133689035
2.838965091262886
2.8707675704830526
2.9027186831628913
2.93481833886534
2.9670664486475102
2.9994629244644098
3.0320076798329914
3.0647006293851917
3.097541688939673
3.130530775509768
3.163667807273938
3.1969527035624923
3.2303853848646624
3.2639657727785827
3.2976937900296583
3.331569360443136
3.3655924089289604
3.3997628614732105
3.434080645129161
3.4685456880031347
3.5031579192329043
3.537917268977762
3.5728236684265897
3.607877049758137
3.64307734614363
3.678424491744785
3.713918421674709
3.7495590720207397
3.785346379799016
3.8212802829829022
3.857360720449988
3.893587632009271
3.929960958363672
3.966480641119469
4.003146622764326
4.039958846658979
4.076917257035248
4.114021798981765
4.151272418426347
4.188669062147913
4.226211677745202
4.263900213640008
4.301734619069352
4.339714844071583
4.377840839483029
4.416112556919997
4.454529948789573
4.493092968259956
4.531801569266415
4.570655706500246
4.609655335400946
4.648800412151876
4.688090893664491
4.727526737580082
4.767107902260092
4.8068343467749495
4.846706030903813
4.886722915126634
4.926884960607893
4.967192129208888
5.007644383466265
5.048241686586178
5.088984002448144
5.1298712955908865
5.17090353120961
5.212080675146812
5.253402693891785
5.294869554574417
5.336481224952276
5.3782376734162005
5.420138868978128
5.462184781265396
5.504375380519245
5.546710637589607
5.5891905239269155
5.631815011583964
5.674584073199773
5.717497682009271
5.760555811828523
5.803758437052123
5.847105532654316
5.89059707417447
5.934233037726015
5.978013399985025
6.021938138178797
6.066007230103477
6.110220654094519
6.154578389042575
6.199080414384427
6.243726710091453
6.288517256677688
6.333452035190145
6.378531027207824
6.423754214834507
6.469121580704352
6.5146331079681055
6.560288780296589
6.606088581880564
6.6520324974211835
6.698120512127132
6.744352611722322
6.790728782426408
6.837249010972411
6.883913284586984
6.93072159099612
6.9776739184222984
7.024770255579024
7.072010591679142
7.119394916416966
7.16692321997746
7.214595493028174
7.262411726724828
7.310371912703741
7.3584760430772365
7.406724110440099
7.455116107863742
7.50365202889372
7.552331867549485
7.601155618322896
7.650123276173874
7.699234836536855
7.748490295311485
7.797889648866341
7.847432894033715
7.897120028113346
7.946951048864837
7.996925954516355
8.04704474375097
8.097307415718573
8.147713970030168
8.198264406747692
8.24895872639804
8.29979692997046
8.35077901890104
8.401904995089831
8.453174860892165
8.504588619118897
8.556146273031693
8.607847826353701
8.65969328326025
8.711682648381318
8.763815926798193
8.816093124049301
8.868514246124874
8.921079299468062
8.973788290976668
9.026641227999805
9.079638118343603
9.132778970264498
9.186063792470614
9.239492594127826
9.293065384851957
9.346782174712365
9.400642974235673
9.454647794398696
9.5087966466329
9.563089542826773
9.61752649532296
9.672107516916155
9.726832620858943
9.781701820860917
9.836715131087324
9.89187256615745
9.947174141151809
10.00261987160682
10.05820977351691
10.11394386333389
10.169822157975032
10.225844674810276
10.282011431674519
10.338322446860918
10.394777739129578
10.451377327699598
10.508121232252313
10.565009472938605
10.622042070366993
10.679219045614309
10.736540420227803
10.794006216217076
10.851616456060915
10.909371162707652
10.967270359576293
11.025314070551296
11.083502319994242
11.141835132737508
11.200312534085382
11.258934549818152
11.317701206186532
11.376612529921958
11.435668548232863
11.494869288896158
11.55421477989008
11.61370504994603
11.673340128189878
11.733120044226471
11.79304482814324
11.853114510511691
11.91332912238828
11.973688695314147
12.034193261316497
12.094842852913064
12.155637503107892
12.216577245396165
12.27766211376162
12.338892142679633
12.400267367120952
12.461787822549459
12.523453544923285
12.585264570694322
12.647220936814918
12.709322680731546
12.771569840393996
12.833962454248166
12.896500561243524
12.95918420082676
13.022013412953466
13.084988238083048
13.148108717173374
13.211374891695312
13.274786803620565
13.338344495437049
13.402048010130162
13.465897391208603
13.52989268268264
13.594033929073799
13.658321175424296
13.722754467284133
13.787333850718534
13.85205937230808
13.916931079153292
13.981949018871664
14.04711323959318
14.112423789974853
14.17788071919016
14.243484076436035
14.309233912910383
14.375130278870879
14.441173225581583
14.507362804834193
14.573699068939979
14.640182070738597
14.706811863601313
14.773588501419843
14.84051203862222
14.90758253016028
14.974800031516475
15.042164598709583
15.10967628828342
15.177335157320492
15.245141263431186
15.313094664759742
15.381195419991196
15.44944358834083
15.517839229561002
15.586382403941016
15.655073172306139
15.72391159601883
15.79289773698421
15.862031657642614
15.931313420975789
16.000743091663722
16.070320731486042
16.14004640616858
16.20992018085864
16.279942121238975
16.350112293547046
16.420430764548577
16.490897601566964
16.56151287245709
16.63227664562867
16.7031889900306
16.774249975158895
16.84545967105435
16.916818148304014
16.988325478042064
17.05998173194956
17.131786982253814
17.203741301729394
17.27584476370024
17.348097442032678
17.420499411149
17.493050746011537
17.56575152214092
17.638601815594114
17.711601702988368
17.784751261484946
17.858050568791878
17.93149970317152
18.00509874343087
18.07884776892989
18.152746859577526
18.22679609582849
18.300995558692694
18.375345329726425
18.44984549103658
18.52449612527842
18.5992973156567
18.67424914592825
18.749351700398044
18.82460506391891
18.900009321894043
18.97556456027549
19.05127086556567
19.12712832481188
19.20313702561675
19.27929705612618
19.355608505034567
19.432071461585046
19.508686015569996
19.58545225733016
19.66237027774981
19.73944016826147
19.81666202084515
19.894035928028618
19.97156198288292
20.049240279025614
20.12707091062125
20.2050539723768
20.28318955954487
20.361477767924075
20.43991869385259
20.518512434213108
20.597259086435205
20.676158748485403
20.755211518873754
20.83441749665148
20.913776781410597
20.99328947328604
21.072955672944342
21.152775481602525
21.232749001003754
21.312876333440567
21.393157581733007
21.47359284924552
21.554182239870194
21.634925858042642
21.715823808726245
21.796876197421575
21.878083130162814
21.95944471351562
22.04096105457578
22.122632260970825
22.20445844086075
22.286439702932217
22.368576156398518
22.450867911005567
22.533315077022433
22.615917765244852
22.698676086997175
22.781590154119737
22.864660078985978
22.947885974483686
23.031267954030408
23.114806131554328
23.198500621512878
23.282351538875123
23.366358999132057
23.450523118291024
23.534844012872483
23.619321799912868
23.70395659696582
23.788748522090042
23.873697693865047
23.958804231374646
24.044068254215286
24.129489882488823
24.215069236808382
24.300806438290266
24.386701608556205
24.472754869734597
24.558966344453673
24.645336155845722
24.731864427540764
24.818551283672374
24.90539684886776
24.992401248251984
25.079564607451687
25.166887052580428
25.254368710249256
25.342009707559487
25.42981017210559
25.517770231971184
25.605890015722096
25.6941696524214
25.782609271612383
25.87120900332229
25.95996897806156
26.048889326825712
26.13797018108664
26.227211672797697
26.316613934388993
26.406177098768016
26.495901299317627
26.585786669892233
26.675833344819885
26.766041458900546
26.856411147400134
26.946942546060317
27.037635791078173
27.128491019126287
27.219508367333013
27.31068797329738
27.402029975070217
27.49353451116732
27.58520172056111
27.67703174268303
27.76902471741358
27.861180785090284
27.95350008650606
28.045982762893725
28.13862895594918
28.231438807801144
28.32441246103635
28.417550058679044
28.51085174419797
28.604317661500502
28.69794795494099
28.79174276930211
28.88570224980644
28.979826542119294
29.074115792327376
29.16857014695405
29.263189752953515
29.35797475770892
29.45292530902829
29.548041555145513
29.64332364471748
29.73877172682483
29.83438595096364
29.93016646705759
30.02611342543722
30.122226976854844
30.218507272475225
30.31495446387237
30.411568703034575
30.508350142354555
30.60529893463597
30.702415233085887
30.799699191313273
30.897150963328876
30.994770703549325
31.09255856678074
31.1905147082335
31.28863928351109
31.386932448603122
31.485394359900507
31.584025174180287
31.68282504860565
31.781794140726426
31.88093260848032
31.98024061018125
32.079718304534
32.17936585061148
32.279183407870164
32.37917113614233
32.47932919563179
32.57965774691619
32.68015695094429
32.780826969028666
32.88166796285388
32.982680094466815
33.08386352627876
33.18521842105873
33.286744941942516
33.3884432524173
33.49031351632723
33.592355897871705
33.694570561603854
33.79695767242151
33.899517395577845
34.00224989666962
34.10515534164011
34.208233896772114
34.311485728692325
34.414911004369294
34.518509891104195
34.62228255653758
34.726229168639264
34.83034989571968
34.93464490641096
35.03911436967952
35.143758454811355
35.24857733142328
35.35357116945629
35.45874013916554
35.56408441112953
35.66960415624276
35.775299545717125
35.88117075107393
35.98721794415052
36.09344129709043
36.19984098234837
36.306417172680185
36.413170041151126
36.52009976112486
36.62720650626691
36.73449045054303
36.84195176821131
36.94959063382634
37.057407222239135
37.16540170858543
37.273574268291895
37.381925077072445
37.49045431093488
37.599162146156374
37.70804875930366
37.81711432721851
37.92635902702599
38.035783036121444
38.145386532175934
38.25516969313517
38.36513269721077