0.
0.
0.
1.9859446137283985e-12
1.9859446137283985e-12
1.1170938452222242e-12
6.007482456528405e-11
1.2305409312814589e-9
1.3309428436592652e-8
9.206466864629781e-8
4.585762084575615e-7
1.781939942741609e-6
5.711940012825648e-6
0.000015721851801323843
0.00003827310312274756
0.00008426265424108291
0.00017067665100359012
0.0003223549749836566
0.0005737730211966878
0.0009707618312263374
0.0015721087964824078
0.0024510062619326743
0.003696336405209472
0.00541379902054653
0.007726901446136258
0.010777853419725874
0.014728286800584736
0.019760162894598452
0.026076340926942675
0.03390138443663121
0.043482289516323915
0.055089255107242455
0.069017013828691
0.08558298987714862
0.10513346868481063
0.12803901797152836
0.1546980804122029
0.18553701242426948
0.2210107756129164
0.26160340571417273
0.3078283215187709
0.3602284283685331
0.41937597882560035
0.48587214303900833
0.5603462749628528
0.6434548206595733
0.7358798361877494
0.838327067624362
0.9515235379726611
1.0762145725778316
1.213160205521241
1.3631306912988508
1.52690154999131
1.7052471504490199
1.8989336462255795
2.1087107137399985
2.3353023629060847
2.579397046943824
2.8416375226082855
3.122611122241631
3.42284125974948
3.7427810476192747
4.082809779281872
4.44323274125397
4.824284401212353
5.226134576448086
5.6488968440491485
6.092638263310001
6.557389500259685
7.043154580708305
7.549919730439183
8.077660993212332
8.626350516818222
9.195961541303955
9.786472211850752
10.397868381253362
11.030145577583053
11.683310303250954
12.357380812284449
13.05238748951411
13.768372932384958
14.505391815288377
15.263510598688256
16.042807130546134
16.843370176001226
17.665298912127493
18.50870236218209
19.37369881821356
20.260415440276248
21.168987507670845
22.099557999683054
23.05227704904256
24.02730143687127
25.02479410485425
26.044923685270287
27.087864048815995
28.15379387011465
29.24289621044851
30.355358117237337
31.49137023972648
32.651126460289404
33.8348235409271
35.04266078381191
36.27483970672152
37.53156373150815
38.81303788601064
40.119468518875266
41.451063027029555
42.80802959558646
44.19057694996657
45.59891412014734
47.033250216876745
48.493794219835095
49.98075477718526
51.494340019424115
53.034757380197675
54.60221343394197
56.19691374296728
57.81906271698122
59.468863484628294