0.
0.
0.
1.9859446137283985e-12
1.9859446137283985e-12
2.2341876904444484e-12
2.023181075235806e-11
3.9483061351687723e-10
4.809833732911823e-9
3.682884637543972e-8
1.9937146220296109e-7
8.30388482685943e-7
2.8227814585751178e-6
8.170705767482804e-6
0.00002077724013843088
0.0000475220924128388
0.00009955019782888588
0.00019371978927896363
0.00035413560203380177
0.0006136954699393675
0.0010155897433894
0.0016147081746910982
0.0024789273154736
0.00369026668089044
0.005345916528584688
0.0075591493113206995
0.010460134259705987
0.014196677359428271
0.018934910417312902
0.024859950765561526
0.032176550594395024
0.041109750171934765
0.05190554429035087
0.06483156551521202
0.08017778211270353
0.09825720268338062
0.1194065744885613
0.14398705721194996
0.17238485086617208
0.20501174939134345
0.24230560239079238
0.2847306410758331
0.33277765574156787
0.386963983134914
0.44783329636437774
0.5159551431671873
0.5919242338045396
0.6763594316572161
0.7699024498397058
0.8732161726161436
0.9869826142996849
1.111900438728617
1.2486819934409104
1.3980497907636893
1.560732362520259
1.7374594149530533
1.928956223234475
2.135937238908412
2.35909894487807
2.5991120860470738
2.8566135293615855
3.1321981481641052
3.426411259644393
3.739742229428299
4.072619857010547
4.425410040259914
4.798415995540335
5.191881018449467
5.605993476215847
6.040893493451304
6.4966806731121505
6.973422192796186
7.471160709158249
7.989921650524983
8.529719637018108
9.090563910062823
9.672462762600285
10.275427034291164
10.899472777506412
11.544623216472166
12.210910122579717
12.898374719362721
13.607068216738883
14.33705205856392
15.088397952338685
15.861187736602172
16.65551312966635
17.471475393808543
18.30918495482131
19.168760901130884
20.050330664807067
20.95402941683502
21.879999663748066
22.82839076429643
23.799358466233485
24.79306445252083
25.80967589900244
26.849365044876993
27.912308776811656
28.998688227099098
30.108688386094318
31.242497728927933
32.40030785636224
33.58231314964682
34.78871043914534
36.019698686487175
37.275478680044955
38.556252743490944
39.862224457269555
41.19359839278427
42.55057985918583
43.93337466263605
45.34218887794689
46.777228632561055
48.238699902786415
49.72680832232808
51.24175900303891
52.78375636795915
54.35300399660965
55.94970448261174