0.002291266448712671
0.0037536460507638235
0.005886638333116747
0.008893421383841912
0.013010752619002848
0.018510483413709155
0.025701168330289896
0.034929825524266524
0.04658386182745975
0.06109313086989842
0.07893204954629872
0.10062165855424708
0.1267314788640377
0.15788099109052015
0.19474055075191812
0.23803155188262107
0.2885256655376168
0.34704300748824857
0.41444912819485136
0.4916507627719557
0.5795903211309237
0.6792391288023135
0.7915894380835565
0.9176452086218722
1.058411605844405
1.2148830946208837
1.3880299421676374
1.5787829378135259
1.7880162601338692
2.016528752613032
2.265024453095766
2.5340940046160396
2.824199332732266
3.135664324406024
3.4686738021756494
3.8232817518845517
4.199427906791319
4.596960134329467
5.0156592531203605
5.4552631005878345
5.915487595986306
6.396043655283237
6.896649785963399
7.417040789761504
7.956973284321546
8.516228802414174
9.094615148221186
9.691966561293121
10.308143105912263
10.943029587934117
11.596534209315012
12.268587101726236
12.959138831127557
13.668158930622212
14.39563449523912
15.141568856765662
15.90598034639359
16.688901146671384
17.49037623017225
18.310462380262326
19.149227288088678
20.00674871949813
20.88311374567512
21.778418031421225
22.692765175528752
23.62626609806419
24.57903846992114
25.551206180451373
26.542898839477793
27.554251310342252
28.585403271156906
29.63649880158995
30.7076859930335
31.7991165801261
32.910945591935196
34.043331021291536
35.19643351097676
36.37041605564196
37.56544371843754
38.78168336158252
40.01930339061541
41.27847350801747
42.55936448680766
43.862147945132484
45.1869961399611
46.53408176851707
47.90357778082299
49.2956572026561
50.71049296870232
52.14825776579968
53.609123886114865
55.093263090203244
56.60084647983979
58.13204438060554
59.68702623414569
61.26596050010717
62.86901456770074
64.4963546768771
66.14814584911075
67.82455182774459
69.52573502792086
71.25185649603715
73.00307587873053
74.77955140136471