0.0025924643577489087
0.0042190787003563174
0.006577939050138005
0.009886310037133512
0.014396517514738038
0.020397546230547046
0.0282167707821359
0.03822186667604646
0.050822900027704815
0.06647454596383093
0.0856783399722901
0.10898482469593235
0.13699542124947603
0.17036382964447158
0.2097967528856842
0.2560537435618373
0.3099459924217564
0.37233391342041466
0.44412342502063884
0.5262608758788441
0.6197266044378227
0.7255271447036962
0.8446860844369386
0.9782335403758828
1.127194143695062
1.2925733481333643
1.4753418309583846
1.676417826997974
1.8966475128989237
2.1367841201522166
2.3974672915979416
2.679205117313308
2.9823618888043892
3.307154405339912
3.6536583975247345
4.021824585441454
4.411501853735836
4.8224638389882735
5.254435233551062
5.707115064290831
6.18019548756936
6.673375795953927
7.186372072602556
7.718923283161044
8.270794663717563
8.84177917597354
9.431697652458785
10.040398101235525
10.667754506437252
11.313665356262254
11.978052052263255
12.660857298482577
13.362043530618601
14.081591419784818
14.81949846851748
15.575777705855211
16.350456481656646
17.14357535639111
17.955187080407136
18.785355655762693
19.634155473316106
20.501670517988003
21.387993635423598
22.29322585382177
23.217475755286156
24.16085889157291
25.123497239713362
26.10551869345929
27.10705658700971
28.128249247881016
29.16923957617756
30.230174647858746
31.31120533992263
32.41248597564634
33.53417398832247
34.676429602090195
35.83941552868306
37.02329667904272
38.22823988890972
39.454413657642434
40.701987900123996
41.971133707425366
43.262023127139926
44.574828943973564
45.90972447929709
47.26688339793232
48.646479525785594
50.04868667757982
51.47367849452517
52.92162829183849
54.392708915980606
55.88709261157593
57.40495089792566
58.9464544551073
60.511773019609166
62.10107528947709
63.71452883898429
65.35230004277892
67.01455400953235
68.70145452504111
70.41316400481713
72.14984345610222
73.91165244933224
75.69874909900247