-0.43546044990081E-28
-0.54432556237601E-29
-0.16128164811141E-29
-0.68040695297002E-30
-0.34836835992065E-30
-0.20160206013926E-30
-0.12695639938799E-30
-0.85050869121252E-31
-0.59733943744967E-31
-0.43546044990081E-31
-0.32716788121774E-31
 0.22068009675646E-18
-0.74071860501556E-16
-0.38127129205408E-16
-0.18066831678468E-15
-0.79165329268631E-15
-0.29172923588246E-14
-0.92584014244416E-14
-0.25904296182713E-13
-0.65156115771980E-13
-0.14959106025067E-12
-0.31748767040989E-12
-0.62937133875662E-12
-0.11755231287874E-11
-0.20835957956948E-11
-0.35264628938598E-11
-0.57287983654273E-11
-0.89730347932128E-11
-0.13602804039789E-10
-0.20025339581931E-10
-0.28711077224969E-10
-0.40191700159309E-10
-0.55056038031965E-10
-0.73944365171778E-10
-0.97541316742757E-10
-0.12656781783608E-09
-0.16177218889039E-09
-0.20392097002435E-09
-0.25378984857190E-09
-0.31215445199724E-09
-0.37978194624829E-09
-0.45742307831561E-09
-0.54580509777892E-09
-0.64562550878806E-09
-0.75754676821484E-09
-0.88219200318242E-09
-0.10201415938463E-08
-0.11719307441304E-08
-0.13380478985508E-08
-0.15189339463508E-08
-0.17149821822138E-08
-0.19265389028065E-08
-0.21539045035721E-08
-0.23973351253204E-08
-0.26570445701588E-08
-0.29332066027989E-08
-0.32259573887067E-08
-0.35353980966240E-08
-0.38615975558479E-08
-0.42045949162481E-08
-0.45644022478147E-08
-0.49410070461532E-08
-0.53343745943840E-08
-0.57444501370109E-08
-0.61711608791895E-08
-0.66144177497428E-08
-0.70741169386518E-08
-0.75501411962845E-08
-0.80423609251215E-08
-0.85506350036609E-08
-0.90748114395411E-08
-0.96147277853656E-08
-0.10170211420328E-07
-0.10741079639406E-07
-0.11327139633211E-07
-0.11928188361126E-07
-0.12544012346235E-07
-0.13174387425695E-07
-0.13819078467227E-07
-0.14477839104848E-07
-0.15150411470503E-07
-0.15836528966209E-07
-0.16535901217177E-07
-0.17248243758020E-07
-0.17973248232810E-07
-0.18710597367238E-07
-0.19459962118836E-07
-0.20221001902704E-07
-0.20993364882671E-07
-0.21776688304775E-07
-0.22570598884092E-07
-0.23374713202249E-07
-0.24188638096971E-07
-0.25011971031729E-07
-0.25844300396154E-07
-0.26685205714999E-07
-0.27534257733128E-07
-0.28391018333752E-07
-0.29255040256444E-07
-0.30125866574903E-07
-0.31003029897256E-07
-0.31886051251954E-07
-0.32774438627391E-07
-0.33667685139275E-07
-0.34565266806520E-07
-0.35466639924347E-07
-0.36371238051641E-07
-0.37278468632295E-07
-0.38187709305577E-07
-0.39098303984560E-07
-0.40009558819721E-07
-0.40920738189841E-07
-0.41831060916787E-07
-0.42739696919923E-07
-0.43645764576189E-07
-0.44548329059150E-07
-0.45446401952835E-07
-0.46338942422051E-07
-0.47224860186976E-07
-0.48103020494794E-07
