0.0007893924841678847
0.0013702511977396372
0.0022621682027947443
0.003577805137595148
0.005453106894897156
0.008048658345335104
0.011550898808957674
0.0161732649992453
0.022157322419232017
0.029773928990377237
0.03932445472082262
0.05114205912529072
0.06559300585823435
0.0830779720128629
0.10403329047434803
0.1289320469669234
0.15828494214015337
0.19264082283952702
0.23258678747757636
0.27874777737513035
0.3317855798353647
0.3923971876223546
0.46131248168307504
0.5392912276484578
0.6271193971863877
0.725604841046554
0.8355723470486991
0.9578581121218797
1.0933036412894803
1.2427490606666387
1.407025801428829
1.5869485875584104
1.7833066572295437
1.996854185843874
2.228299979379641
2.4782966830245887
2.7474299991663935
3.0362086910669723
3.345056386961284
3.674306286112981
4.024199709591683
4.3948890080470315
4.7864447179764475
5.198866220801377
5.632094694966331
6.086026979058232
6.560529084397484
7.055448415003386
7.570624141978634
8.10589553327399
8.661108301210133
9.236119187895179
9.830799079277067
10.445034948457884
11.078730903756528
11.731808575603727
12.404207031255783
13.0958823642195
13.806807069234095
14.53696928441412
15.28637195924529
16.055031989847112
16.842979349815522
17.650256235709406
18.476916239225467
19.323023553427223
20.188652216927235
21.073885397654593
21.978814716278933
22.90353960834169
23.848166723592595
24.812809360550066
25.797586934303773
26.802624475396037
27.828052157735733
28.874004853572796
29.940621713681328
31.028045771020654
32.136423566359085
33.265904794370364
34.416641969007365
35.58879010692837
36.782506428027155
37.99795007212161
39.23528183102872
40.4946638953112
41.77625961508819
43.08023327439315
44.406749878589224
45.75597495445019
47.128074362567
48.5232141217707
49.94156024531082
51.38327858857724
52.848534708171776
54.337493732162145
55.85032024136694
57.387178161573914
58.94823066655234
60.53364009177794
62.1435678587946
63.778174410093385
65.4376191544864
67.12206042284146