1.9859446137283985e-12
1.9859446137283985e-12
1.9859446137283985e-12
1.9859446137283985e-12
1.9859446137283985e-12
1.9859446137283985e-12
1.9859446137283985e-12
1.9859446137283985e-12
1.9859446137283985e-12
1.9859446137283985e-12
1.9859446137283985e-12
1.9859446137283985e-12
0.
0.
0.
1.9859446137283985e-12
4.2201323041728465e-12
1.365336921938274e-12
6.454319994617295e-12
2.916856151413585e-11
1.006625676083582e-10
3.3487991048995117e-10
1.0014125714725449e-9
2.7439548484808565e-9
6.97438924033742e-9
1.6578541513866313e-8
3.710476855520961e-8
7.867356823746558e-8
1.5891119197978063e-7
3.0718541636535526e-7
5.706790582563788e-7
1.0226498908071414e-6
1.7732982288765082e-6
2.9839538967407047e-6
4.884806865726221e-6
7.79682327011615e-6
0.0000121582488309927
0.00001855600788179563
0.000027762409830860847
0.00004077728085227915
0.000058875881129900855
0.00008366244058689578
0.00011712947123170838
0.00016172279840389277
0.00022041197330924318
0.0002967660582798339
0.00039503432675049195
0.0005202316563947566
0.0006782281848427093
0.0008758427770471247
0.001120940058040812
0.0014225302628805103
0.001790871811058554
0.0022375758795195456
0.002775712741430036
0.0034199193261800183
0.004186507782410575
0.005093574487382575
0.006161109326433842
0.007411105005328525
0.008867665882007878
0.01055711643962979
0.012508108943509195
0.01475173030703194
0.017321607965092797
0.020254014659856476
0.023587972189607263
0.027365353928919582
0.03163098622974876
0.03643274866086831
0.04182167306082942
0.04785204156455946
0.054581483385021445
0.06207107067376758
0.07038541319439438
0.0795927521400557
0.08976505273843244
0.10097809593447916
0.11331156900920104
0.12684915504025254
0.1416786212732456
0.15789190618307908
0.17558520518706003
0.194859054954831
0.2158184160528345
0.23857275378827053
0.2632361172012847
0.2899272158595847
0.3187694943935482
0.34989120452630973
0.3834254744097901
0.41951037506087335
0.458288983872909
0.49990944477245647
0.5445250251523455
0.5922941693479512
0.6433805484603248
0.6979531067612643
0.7561861042770566
0.8182591559038902
0.8843572668552295
0.954670864618394
1.02939582759461
1.1087335104135991
1.1928907662882389
1.2820799665473215
1.3765190176032163
1.4764313756884475
1.5820460596369859
1.6935976621532423
1.8113263597484943
1.9354779220163645
2.066303720349255
2.2040607366827096
2.3490115727106953
2.501424459775479
2.661573270022558
2.8297375290933244
3.0062024306675217
3.191258853203636