14.085831755105906
14.120811840307889
14.1790775094423
14.260576368331945
14.36523353352145
14.492949604304718
14.64359745545355
14.817018474018921
15.013019861775
15.23137442734437
15.47182322244554
15.734080440669688
16.01783961624571
16.32278021330676
16.64857393966482
16.994890385008624
17.3614017980877
17.747786964532512
18.153734235835167
18.57894380622747
19.02312935227147
19.486019150967607
19.96735678369974
20.46690152018958
20.9844284620017
21.519728510609898
22.072608211722976
22.64288951580588
23.230409485543
23.835019970246
24.456587265837666
25.094991767577554
25.75012762382971
26.42190239393503
27.110236711843275
27.81506395582775
28.53632992368172
29.273992512407247
30.02802140115171
30.798397736229152
31.585113817095756
32.38817278241858
33.207588295549556
34.04338422897581
34.89559434752858
35.76426199029966
36.649439751427536
37.55118916000927
38.46958035950423
39.40469178706138
40.35660985326788
41.32542862278829
42.31124949643545
43.314180895108926
44.33433794611873
45.371842172269076
46.426821184125345
47.499408375795184
48.58974262452593
49.697967994374146
50.82423344418337
51.968692540024556
53.13150317225756
54.31282727734248
55.51283056445503
56.73168224700359
57.969554779087396
59.226623596911296
60.50306686521672
61.79906522870559
63.114801568507936
64.45046076368084
65.8062294577651
67.1822958304158
68.57884937414175
69.9960806761731
71.43418120550344
72.89334310517725
74.37375898984423
75.87562174869245
77.39912435381852
78.94445967412919
80.51182029488228
82.10139834297046
83.71338531805851
85.34797192970258
87.00534794058409
88.68570201597868
90.38922157958402
92.11609267587875
93.86649983920451
95.6406259695253
97.43865221448388
99.26075785986274
101.10712022611145
102.97791457240938
104.87331400807946
106.79348941143233
108.73860935614033
110.70884004518527
112.70434525245301
114.72528627201413
116.77182187511481
118.84410827489505
120.94229909884722
123.06654536898208
125.21699548970491
127.39379524333948
129.59708779327588
131.82701369464135
134.08371091247648
136.36731484725382
138.677958367761
141.01577185112367
143.38088322993218
145.77341804634005
148.19349951300583
150.64124858075408
153.1167840128222
155.62022246557405