0.20735101500911682
0.21472421040869497
0.2223362680489603
0.23019551542091854
0.2383106797750553
0.24669091639187807
0.25534583919872805
0.2642855537449008
0.27352069244930866
0.2830624519901077
0.29292263224423143
0.30311367588178884
0.3136487071077478
0.3245415670631357
0.3358068420563591
0.34745987878360723
0.3595167779136306
0.3719943535204778
0.38491004073806395
0.3982817279261296
0.4121274832313605
0.4264651408554223
0.44131171412044895
0.45668261733982374
0.4725907144120656
0.48904527338209974
0.5060509814456212
0.5236072320764027
0.5417078877381846
0.5603416227448554
0.5794927909010358
0.5991426211035411
0.6192704902349402
0.6398550649503872
0.660875196207027
0.6823105401004423
0.7041419360914054
0.726351597718125
0.7489231722494301
0.7718417163894681
0.7950936228889839
0.8186665221313376
0.8425491739247128
0.8667313590946135
0.891203775931871
0.9159579444248089
0.9409861192006449
0.966281211432811
0.9918367192669835
1.0176466661949874
1.0437055465524088
1.07000827743602
1.0965501562463948
1.1233268232420537
1.1503342283808904
1.177568602033572
1.205026428993978
1.23270442538676
1.2605995181638292
1.2887088267470292
1.3170296467081397
1.3455594350884013
1.3742957972668286
1.4032364751344082
1.4323793364350357
1.4617223651570201
1.4912636528460652
1.5210013906833368
1.5509338623659752
1.5810594375692415
1.6113765660069297
1.6418837720223978
1.6725796496211007
1.703462857937174
1.7345321170641925
1.7657862042159662
1.7972239502142735
1.8288442362356354
1.8606459908132842
1.892628187071115
1.924789840154866
1.9571300048568046
1.9896477734061164
2.022342273439518
2.0552126660686825
2.088258144135964
2.121477930529567
2.154871276677582
2.188437461077147
2.222175787959269
2.2560855860292395
2.2901662072786686
2.3244170258809262
2.3588374371568372
2.3934268565822068
2.4281847188876897
2.4631104771896917
2.498203602141875
2.533463581240078
2.568889918016269
2.6044821314260065
2.64023975514132
2.676162336988065
2.7122494383405855
2.7485006335932005
2.7849155096168037
2.821493665303334
2.858234711052784
2.8951382683838296
2.9322039694730897
2.969431456768862
3.0068203826257087
3.044370408922657
3.0820812067243497
3.1199524559552243
3.1579838451044773
3.1961750708900665
3.2345258380212663
3.273035858886379
3.311704853322116
3.3505325483570387
3.389518677959468
3.428662982846834
3.4679652102423955
3.5074251136677126
3.5470424527719766
3.5868169931001517
3.6267485059518485
3.666836768186828
3.7070815620575575
3.7474826750515793
3.7880398997419436
3.8287530336409925
3.8696218790430996
3.9106462429097313
3.9518259367200064
3.9931607763661843
4.03465058199988
4.076295177954984
4.118094392607031
4.160048058275392
4.202156011115668
4.24441809103627
4.286834141569585
4.329404009811037
4.372127546314196
4.415004605006011
4.4580350431024
4.5012187210380015
4.5445555023684925
4.588045253726769
4.631687844711611
4.6754831478501995
4.71943103852302
4.763531394881199
4.807784097811007
4.852189030852059
4.896746080147419
4.9414551343913455
4.986316084760901
5.03132882487648
5.076493250731308
5.121809260673569
5.1672767553299455
5.212895637566645
5.258665812445958
5.304587187190882
5.350659671127034
5.396883175648517
5.443257614181549
5.489782902145495
5.5364589569083025
5.583285697761554
5.630263045869828
5.677390924256421
5.724669257754198
5.772097972974687
5.8196769982960355
5.867406263806911
5.915285701290118
5.9633152441928035
6.011494827604863
6.059824388222948
6.108303864328368
6.1569331957614
6.2057123238933585
6.254641191618903
6.303719743303409
6.3529479247937655
6.40232568336935
6.451852967741901
6.501529728017788
6.551355915690189
6.6013314836145165
6.65145638598893
6.701730578335346
6.75215401748752
6.8027266615734225
6.8534484699850795
6.904319403379936
6.955339423654912
7.006508493930645
7.0578265785459005
7.109293643026664
7.160909654086644
7.212674579611501
7.26458838863378
7.316651051334524
7.368862539021053
7.421222824118153
7.473731880156161
7.526389681759547
7.579196204630278
7.632151425544095
7.685255322338605
7.73850787389949
7.791909060145996
7.845458862032293
7.899157261531219
7.953004241626577
8.006999786299492
8.061143880526787
8.115436510263988
8.169877662447304
8.224467324972771
8.279205486700361
8.334092137436217
8.389127267935272
8.444310869881384
8.499642935890686
8.555123459497436
8.610752435154646
8.666529858222527
8.722455724954347
8.778530032513805
8.834752778937297
8.891123963149807
8.94764358495845
9.004311645036465
9.061128144920346
9.118093087013957
9.175206474568665
9.232468311687427
9.289878603319965
9.347437355251955
9.405144574112107
9.463000267349205
9.521004443243891
9.579157110897503
9.637458280226356
9.695907961962497
9.754506167642155
9.813252909608966
9.872148201008644
9.931192055782892
9.990384488665185
10.049725515179404
10.10921515163574
10.168853415124609
10.22864032352237
10.288575895471334
10.348660150395652
10.408893108485552
10.469274790692381
10.529805218740757
10.590484415105738
10.651312403027845
10.712289206500017
10.77341485026402
10.83468935981467
10.896112761394233
10.957685081985868
11.019406349314727
11.081276591846095
11.143295838784159
11.205464120064551
11.267781466354103
11.330247909055567
11.392863480292213
11.45562821291728
11.518542140503655
11.581605297347732
11.64481771846879
11.708179439593973
11.771690497175296
11.835350928373504
11.899160771057955
11.963120063815554
12.027228845932504
12.091487157406721
12.155895038934807
12.220452531921843
12.285159679396918
12.35001652233702
12.415023105141914
12.480179472003957
12.545485667812198
12.610941738149776
12.676547729287465
12.742303688186523
12.808209662498449
12.874265700559025
12.940471851388317
13.006828164692035
13.07333469085409
13.139991480943047
13.206798586701826
13.273756060558496
13.34086395561113
13.408122325633776
13.475531225075946
13.543090709057653
13.610800833371034
13.678661654476743
13.746673229507428
13.814835616255564
13.883148873186249
13.95161305942204
14.020228234759735
14.088994459644162
14.157911795192271
14.226980303173393
14.296200046018058
14.36557108681302
14.435093489302881
14.504767317877555
14.57459263759286
14.6445695141503
14.71469801390227
14.784978203848459
14.855410151642056
14.925993925580443
14.996729594607793
15.067617228309375
15.138656896919485
15.209848671312763
15.281192623002577
15.35268882414599
15.424337347538547
15.496138266607819
15.56809165542197
15.640197588688261
15.712456141738915
15.784867390547975
15.85743141171196
15.930148282466867
16.003018080670905
16.076040884814812
16.14921677401155
16.22254582800312
16.296028127156983
16.369663752458962
16.44345278551823
16.517395308568524
16.59149140445961
16.66574115666174
16.74014464925595
16.814701966947997
16.88941319505009
16.96427841949616
17.039297726821758
17.114471204182546
17.189798939341514
17.265281020663146
17.340917537127186
17.416708578315752
17.492654234418165
17.568754596220632
17.64500975511596
17.721419803099305
17.79798483276112
17.874704937289614
17.95158021047301
18.0286107466942
18.105796640927007
18.18313798874291
18.26063488630035
18.338287430352686
18.416095718233304
18.494059847873842
18.572179917784485
18.65045602706473
18.728888275391498
18.807476763032774
18.88622159082912
18.965122860201355
19.044180673151573
19.12339513225716
19.202766340668948
19.282294402113695
19.36197942088651
19.44182150185942
19.52182075046696
19.601977272715267
19.682291175180797
19.762762564996446
19.843391549865334
19.924178238048746
20.005122738374336
20.08622516022148
20.167485613533437
20.248904208804444
20.330481057089386
20.41221626999327
20.49410995967157
20.57616223883359
20.658373220735644
20.740743019176332
20.823271748513168
20.90595952363094
20.988806459971865
21.071812673509275
21.154978280761142
21.23830339878351
21.321788145164415
21.405432638032558
21.48923699604564
21.57320133839584
21.657325784803973
21.741610455520465
21.8260554713198
21.91066095350608
21.995427023905837
22.080353804863805
22.16544141925038
22.250689990453917
22.336099642377
22.421670499439188
22.507402686576995
22.593296329233734
22.67935155337142
22.765568485452018
22.85194725244815
22.938487981840815
23.025190801611494
23.11205584024769
23.19908322673416
23.286273090553987
23.37362556169085
23.46114077062292
23.548818848320764
23.6366599262456
23.724664136354757
23.81283161108815
23.901162483376353
23.989656886631767
24.078314954756088
24.167136822124913
24.25612262359976
24.345272494519165
24.434586570696656
24.524064988420296
24.613707884452033
24.703515396026603
24.793487660844434
24.88362481707601
24.973927003358146
25.064394358789624
25.155027022931954
25.245825135808758
25.33678883790005
25.427918270146574
25.519213573937787
25.61067489112003
25.702302363994182
25.794096135305217
25.886056348246825
25.978183146462992
26.07047667403612
26.16293707549369
26.255564495804826
26.34835908037431
26.441320975047176
26.53445032609781
26.62774728024097
26.721211984616165
26.814844586795708
26.908645234776913
27.00261407698766
27.09675126227512
27.191056939907735
27.28553125957397
27.38017437138666
27.474986425868238
27.56996757395671
27.665117967005127
27.760437756774046
27.855927095433486
27.95158613556085
28.04741503014164
28.143413932554946
28.239582996592077
28.335922376437427
28.43243222667283
28.529112702278667
28.625963958624578
28.722986151472664
28.820179436979238
28.917543971682537
29.01507991251079
29.112787416772775
29.210666642159822
29.30871774674704
29.406940888983385
29.50533622769417
29.60390392208313
29.702644131721417
29.801557016554405
29.90064273689151
29.999901453415138
30.099333327164178
30.198938519546896
30.298717192329278
30.398669507636896
30.49879562795191
30.599095716109254
30.69956993530218
30.800218449068634
30.901041421298455
31.00203901623062
31.10321139844607
31.204558732868698
31.306081184767816
31.40777891974415
31.509652103745587
31.611700903047947
31.71392548426131
31.816326014331377
31.918902660531412
32.021655590457144
32.124584972037184