0.18655218452946445
0.19309895176298836
0.19984839049121245
0.2068067768018083
0.21398062831327974
0.22137671710445506
0.22900208351481635
0.23686405075521794
0.24497024050053073
0.2533285893678934
0.26194736614155456
0.27083518995010025
0.28000104887376137
0.28945431896765345
0.2992047832217137
0.3092626497412794
0.3196385684074256
0.3303436445917741
0.34138944816275285
0.3527880152242899
0.3645518391876273
0.3766938463461884
0.38922735003079095
0.4021659752786719
0.4155235443585512
0.4293139117637065
0.44355073657543026
0.4582471811309372
0.4734155296387125
0.48906672993854877
0.5052098772922319
0.5218516802705641
0.5389959706790802
0.5566433336850494
0.574790931499726
0.5934325681445966
0.6125589980502916
0.6321584330775549
0.6522171681090363
0.6727202357480798
0.6936520144822395
0.7149967417158257
0.7367389112201052
0.7588635566887054
0.7813564358359232
0.8042041351396625
0.827394115230075
0.8509147145659163
0.8747551254314252
0.8989053528776648
0.9233561641761355
0.9480990340242046
0.9731260890038212
0.9984300534514929
1.0240041980506196
1.0498422918683246
1.0759385581104708
1.1022876336674718
1.128884532286936
1.1557246112408264
1.1828035412091071
1.2101172790472305
1.2376620433116032
1.265434292135543
1.2934307033014412
1.3216481562601443
1.3500837159049186
1.3787346178765754
1.4075982553265316
1.4366721668348172
1.4659540255227559
1.49544162914608
1.5251328910601234
1.5550258320001211
1.585118572593826
1.6154093265155847
1.6458963941975964
1.6765781571081577
1.7074530724834487
1.7385196684574988
1.769776539643338
1.8012223430089331
1.8328557941001693
1.8646756635386381
1.8966807737862836
1.928869996163384
1.9612422480554437
1.9937964903543044
2.0265317250484487
2.0594469930069352
2.092541371905202
2.1258139742844278
2.1592639457545
2.192890463311547
2.2266927337424796
2.2606699921880367
2.294821500719979
2.329146547073314
2.3636444434228268
2.398314525239798
2.4331561502193475
2.468168697270329
2.503351565571886
2.538704173664136
2.574225958613081
2.609916375207788
2.645774895216779
2.6818010066603066
2.7179942131497756
2.754354033251748
2.7908799998741616
2.82757165970294
2.864428572651392
2.901450311362978
2.9386364607015465
2.9759866172948115
3.0135003891138314
3.051177395011399
3.0890172643674276
3.127019636668178
3.165184161190246
3.203510496606973
3.2419983106948975
3.280647280006447
3.319457089559263
3.358427432586715
3.397558010211958
3.4368485312412713
3.476298711865047
3.515908275456592
3.5556769523249994
3.595604479492229
3.635690600507667
3.6759350652110556
3.7163376295726236
3.7568980554853075
3.797616110607737
3.838491568175819
3.879524206845477
3.9207138105414687
3.9620601683012406
4.0035630741351715
4.045222326875387
4.087037730056484
4.129009091780729
4.171136224586122
4.213418945349828
4.255857075143449
4.298450439143288
4.341198866518763
4.384102190332361
4.427160247421728
4.47037287834046
4.51373992722877
4.557261241753161
4.6009366730011765
4.644766075406925
4.688749306669653
4.732886227686106
4.777176702458548
4.821620598033822
4.8662177844327195
4.91096813458197
4.955871524247208
5.000927831973645
5.046136939028978
5.0914987293287854
5.137013089401777
5.182679908311598
5.228499077622445
5.274470491343461
5.320594045869529
5.366869639939568
5.413297174595571
5.459876553120297
5.506607681014434
5.553490465938757
5.600524817679744
5.6477106481013
5.695047871120668
5.742536402661393
5.7901761606097555
5.837967064793916
5.885909036940969
5.934002000651379
5.982245881351807
6.030640606280719
6.079186104439974
6.127882306586883
6.176729145194238
6.225726554408242
6.274874470049991
6.324172829566947
6.373621572020646
6.423220638050708
6.472969969861676
6.522869511188638
6.572919207288283
6.6231190048993165
6.673468852235625
6.723968698961829
6.774618496173795
6.825418196363257
6.876367753425644
6.927467122622341
6.978716260566041
7.0301151252058585
7.081663675814414
7.133361872962016
7.185209678501774
7.2372070555563095
7.289353968509318
7.341650382976901
7.394096265800734
7.446691585037269
7.4994363099366375
7.552330410928867
7.60537385962091
7.658566628774045
7.711908692293704
7.765400025217682
7.819040603710919
7.872830405038321
7.92676940757804
7.980857590780267
8.035094935181625
8.089481422384948
8.144017035051075
8.198701756883095
8.253535572628211
8.308518468058619
8.363650429964062
8.418931446149724
8.474361505422326
8.529940597581186
8.585668713409163
8.641545844672903
8.69757198410087
8.753747125390296
8.810071263193405
8.866544393105745
8.923166511669038
8.979937616359154
9.036857705575416
9.093926778639258
9.15114483578849
9.208511878174717
9.266027907837996
9.32369292772932
9.381506941680321
9.43946995441804
9.497581971542722
9.555842999532267
9.614253045726974
9.672812118342199
9.731520226447879
9.790377379968023
9.849383589675513
9.908538867190858
9.96784322497561
10.027296676322937
10.086899235369042
10.146650917064738
10.206551737194683
10.266601712356037
10.326800859968142
10.387149198259115
10.447646746265598
10.508293523827923
10.569089551591105
10.630034850994901
10.691129444272088
10.752373354449691
10.813766605343037
10.87530922154234
10.937001228433802
10.998842652167106
11.060833519676994
11.122973858667022
11.18526369761067
11.247703065744895
11.310291993074584
11.373030510361525
11.435918649129487
11.498956441655032
11.56214392096864
11.625481120850237
11.688968075829441
11.752604821182835
11.81639139292689
11.880327827816103
11.944414163353798
12.008650437767793
12.073036690944297
12.137572960780224
12.202259288590666
12.267095715532466
12.332082283488079
12.397219035059118
12.46250601357517
12.527943263083499
12.593530828344807
12.659268754839465
12.725157088758682
12.791195877008233
12.857385167200025
12.923725007657678
12.990215447409692
13.056856536186109
13.12364832442297
13.190590863258347
13.257684204522917
13.324928400756702
13.392323505180165
13.459869571719647
13.52756665498949
13.595414810294905
13.663414093632575
13.731564561681237
13.79986627181024
13.868319282074575
13.936923651208184
14.00567943862805
14.074586704429349
14.143645509387325
14.21285591495542
14.282217983257706
14.351731777094344
14.421397359938606
14.491214795931786
14.561184149888167
14.63130548728819
14.70157887427349
14.772004377657701
14.84258206491627
14.91331200418497
14.9841942642563
15.055228914591034
15.126416025302944
15.197755667155707
15.269247911580772
15.340892830651295
15.412690497096788
15.484640984299395
15.556744366288676
15.629000717738753
15.701410113974772
15.773972630965442
15.846688345323914
15.919557334300702
15.992579675792374
16.065755448332368
16.139084731094208
16.21256760388333
16.286204147147
16.359994441959664
16.433938570033146
16.50803661370582
16.582288655950578
16.65669478036228
16.731255071169436
16.805969613221897
16.880838491990872
16.955861793576993
17.03103960469715
17.106372012687103
17.181859105505833
17.257500971722493
17.333297700530203
17.409249381727417
17.485356105731594
17.5616179635649
17.638035046867508
17.71460744788009
17.791335259455987
17.868218575049408
17.94525748872226
18.022452095139432
18.09980248955974
18.177308767849194
18.254971026469843
18.332789362482124
18.410763873532453
18.48889465787382
18.5671818143457
18.645625442375284
18.724225641984788
18.802982513781174
18.8818961589554
18.960966679288987
19.04019417714087
19.119578755455095
19.199120517754857
19.27881956814487
19.35867601130228
19.438689952481905
19.518861497512876
19.59919075279838
19.679677825310947
19.760322822592336
19.84112585275278
19.92208702446925
20.00320644698086
20.084484230094713
20.165920484176453
20.247515320153123
20.32926884950436
20.411181184279272
20.49325243707049
20.575482721027452
20.657872149855177
20.74042083780605
20.82312889968144
20.905996450831225
20.989023607149043
21.072210485073814
21.155557201587726
21.239063874209915
21.322730621002687
21.4065575605628
21.49054481202509
21.574692495057608
21.659000729859535
21.743469637160786
21.8280993382214
21.912889954829556
21.997841609298213
22.08295442446302
22.16822852368315
22.253664030836
22.33926107032325
22.425019767058085
22.51094024647339
22.597022634510694
22.683267057628992
22.769673642794565
22.856242517481725
22.94297380967231
23.029867647853216
23.11692416101626
23.20414347865
23.2915257307494
23.379071047799215
23.466779560790116
23.554651401198715
23.64268670100034
23.730885592654765
23.819248209117877
23.907774683827906
23.996465150709753
24.08531974417513
24.174338599112872
24.2635218508939
24.3528696353701
24.442382088863177
24.53205934817777
24.62190155058424
24.71190883383068
24.802081336127046
24.89241919615644
24.982922553064814
25.073591546460605
25.164426316418815
25.255427003470967
25.34659374860572
25.437926693270246
25.529425979365122
25.621091749244357
25.712924145711263
25.804923312020218
25.89708939187095
25.989422529408404
26.08192286921903
26.174590556334877
26.267425736224524
26.360428554794456
26.453599158387686
26.546937693779547
26.6404443081798
26.73411914922344
26.827962364980266
26.921974103939853
27.016154515022226
27.110503747563474
27.205021951325293
27.299709276484936
27.39456587363696
27.489591893791843
27.584787488373028
27.680152809211933
27.775688008552187
27.87139323904194
27.967268653738685
28.063314406097234
28.159530649977896
28.255917539639913
28.352475229737358
28.44920387532224
28.546103631840396
28.643174655126415
28.740417101406003
28.83783112729621
28.93541688979415
29.033174546279728
29.131104254522462
29.229206172668714
29.327480459236952
29.42592727312769
29.524546773614066
29.623339120341072
29.722304473323714
29.82144299294465
29.9207548399538
30.020240175464032
30.119899160951505
30.21973195825159
30.319738729561596
30.419919637428364
30.52027484475992
30.62080451481171
30.721508811192678
30.822387897859556
30.923441939115627
31.02467109960761
31.12607554432481
31.22765543859835
31.329410948097355
31.431342238828286
31.5334494771304
31.635732829678687
31.738192463473837