0.2683535134461935
0.2785562447137294
0.28917126379378316
0.300223676279622
0.3117413494734581
0.323755259600689
0.33629977024119395
0.34941268708145484
0.3631347796525474
0.3775082191108907
0.39257313565390034
0.40836164086294513
0.4248899667230188
0.4421519650759128
0.4601184720917502
0.47874368656590327
0.49797459538416294
0.5177586805877664
0.5380481524243955
0.5588014075795195
0.5799829685256462
0.6015627973137919
0.623515457825707
0.6458193235242194
0.6684558974088267
0.6914092521951622
0.7146655779523114
0.7382128189107777
0.7620403819815444
0.7861389020901561
0.8105000522332806
0.8351163888679556
0.8599812251616531
0.8850885264356463
0.910432823336284
0.9360091392436262
0.9618129292271062
0.9878400284011646
1.0140866079657453
1.0405491376195626
1.0672243532242063
1.0941092288942968
1.1212009527371858
1.1484969057328076
1.17599464325645
1.2036918787848245
1.2315864696204748
1.2596764041616235
1.287959790673022
1.316434847234463
1.345099892800678
1.3739533391468446
1.4029936836754926
1.432219502911792
1.461629446641541
1.4912222325889581
1.520996641619385
1.5509515133374399
1.5810857421264242
1.6113982734837569
1.6418881007074275
1.6725542618162912
1.7033958367960609
1.7344119449845623
1.7656017427239756
1.7969644211606568
1.828499204243554
1.8602053468358215
1.892082132996855
1.9241288743703235
1.956344908708987
1.9887295984641769
2.0212823295172755
2.054002509954015
2.0868895689724574
2.1199429558061142
2.1531621387579096
2.186546604265546
2.2200958560630615
2.253809414363738
2.28768681509328
2.3217276091851744
2.355931361913787
2.3902976522532744
2.424826072294585
2.459516226672141
2.4943677320388056
2.5293802165842902
2.5645533195235273
2.5998866906897966
2.635379990083671
2.671032887493203
2.7068450620896605
2.7428162020856974
2.7789460043969973
2.8152341743000697
2.85168042513014
2.888284477997903
2.925046061493742
2.9619649114342717
2.9990407706040414
3.036273388510644
3.0736625211702333
3.1112079308554335
3.1489093859261614
3.186766660599877
3.224779534772974
3.262947793832858
3.301271228483433
3.339749634589948
3.3783828129966644
3.4171705693880865
3.4561127141444854
3.495209062188607
3.534459432864656
3.5738636497989047
3.613421540774581
3.653132937624004
3.692997676099129
3.733015595778329
3.7731865399405358
3.813510355484315
3.853986892813175
3.894616005747442
3.9353975514442032
3.9763313902877035
4.017417385836473
4.058655404708515
4.100045316522342
4.1415869938319485
4.183280312024645
4.225125149284451
4.26712138649776
4.309268907208283
4.351567597540219
4.394017346149721
4.4366180441532785
4.479369585090485
4.522271864843599
4.565324781610246
4.608528235842967
4.651882130188895
4.695386369459717
4.7390408605806655
4.782845512542725
4.826800236355964
4.870904945018509
4.915159553471731
4.959563978558047
5.004118138979836
5.048821955289507
5.093675349807085
5.138678246636718
5.183830571589472
5.229132252183707
5.274583217603616
5.320183398653676
5.365932727760385
5.411831138911811
5.457878567651144
5.50407495104839
5.550420227660659
5.596914337515029
5.6435572220988695
5.69034882431652
5.7372890884649665
5.7843779602314775
5.831615386651655
5.879001316107324
5.926535698279859
5.974218484162604
6.0220496260228815
6.070029077379162
6.118156792993613
6.166432728858448
6.214856842162284
6.26342909128742
6.312149435787859
6.36101783637814
6.410034254916832
6.459198654387789
6.50851099888923
6.55797125361946
6.607579384866573
6.657335359985859
6.707239147398689
6.757290716576503
6.8074900380202035
6.857837083259784
6.908331824843904
6.95897423631457
7.009764292208867
7.060701968048416
7.111787240324473
7.1630200864891185
7.214400484946197
7.265928415043005
7.317603857062088
7.369426792206606
7.421397202601815
7.4735150712796825
7.5257803821670874
7.578193120089677
7.630753270757088
7.683460820748433
7.736315757525451
7.789318069404579
7.842467745562545
7.895764776021342
7.949209151650466
8.00280086415624
8.056539906074118
8.110426270767075
8.164459952415296
8.218640946015695
8.272969247369858
8.3274448530884
8.382067760572586
8.436837968025387
8.491755474430741
8.546820279560144
8.602032383965314
8.657391788970504
8.712898496669146
8.768552509924355
8.824353832359238
8.880302468357517
8.93639842305348
8.992641702335208
9.04903231283687
9.10557026193749
9.162255557752015
9.21908820913974
9.276068225685828
9.333195617708999
9.39047039625855
9.447892573102573
9.505462160732282
9.563179172363027
9.62104362191739
9.679055524037995
9.73721489407619
9.79552174809194
9.853976102847732
9.912577975815037
9.971327385164383
10.030224349762985
10.089268889177985
10.148461023669245
10.207800774193322
10.267288162388198
10.326923210591156
10.386705941820043
10.44663637977934
10.506714548857689
10.566940474123792
10.627314181323682
10.687835696886932
10.748505047917714
10.809322262194181
10.870287368166851
10.931400394959104
10.992661372367555
11.05407033085238
11.115627301546855
11.177332316248437
11.239185407417889
11.301186608181261
11.363335952330148
11.425633474312868
11.488079209239432
11.550673192881172
11.6134154616582
11.676306052663122
11.73934500363075
11.802532352956836
11.865868139686418
11.929352403522504
11.99298518481576
12.05676652456825
12.120696464431314
12.184775046707555
12.249002314342162
12.313378310933443
12.377903080719678
12.442576668588556
12.507399120070462
12.572370481340467
12.637490799210271
12.702760121141711
12.76817849618998
12.83374597120984
12.899462596508124
12.965328422100722
13.031343498643745
13.097507877423714
13.163821610373082
13.23028475005397
13.296897349662263
13.363659463032823
13.430571144627324
13.497632449546298
13.564843433514854
13.632204152898444
13.699714664683006
13.767375026490223
13.835185296571328
13.903145533801139
13.971255797684638
14.039516148352627
14.1079266465662
14.176487353703086
14.245198331773784
14.314059643410022
14.383071351864633
14.45223352101627
14.521546215360594
14.591009500021695
14.660623440739302
14.730388103870778
14.800303556394711
14.870369865910297
14.940587100632499
15.01095532938907
15.08147462162998
15.152145047416004
15.222966677424555
15.29393958294881
15.365063835887284
15.436339508761215
15.507766674693954
15.57934540742722
15.651075781305105
15.722957871288445
15.794991752940701
15.86717750243563
15.939515196553206
16.012004912682336
16.08464672881057
16.157440723532286
16.230386976053037
16.303485566170185
16.3767365742852
16.450140081406126
16.52369616913828
16.59740491968798
16.671266415852354
16.745280741036243
16.819447979235918
16.893768215040947
16.96824153364302
17.042868020823402
17.117647762956032
17.19258084700655
17.267667360535995
17.342907391692005
17.418301029213044
17.493848362425283
17.569549481239267
17.64540447616007
17.72141343827094
17.797576459241462
17.873893631326954
17.950365047364002
18.026990800766345
18.103770985537313
18.180705696248946
18.257795028061015
18.33503907670473
18.412437938489603
18.48999171029956
18.567700489594714
18.64556437440402
18.72358346333348
18.801757855556318
18.880087650815742
18.958572949425662
19.037213852263122
19.116010460775883
19.194962876973733
19.27407120343443
19.35333554329379
19.432756000251267
19.51233267856733
19.59206568305977
19.671955119107768
19.75200109264397
19.83220371015659
19.91256307869065
19.993079305844375
20.073752499763504
20.15458276914871
20.235570223249166
20.316714971860304
20.39801712532505
20.479476794531852
20.56109409091678
20.642869126452105
20.72480201365686
20.80689286558764
20.889141795840978
20.97154891854836
21.054114348384815
21.136838200550763
21.219720590785073
21.3027616353576
21.385961451070568
21.469320155253946
21.55283786576325
21.636514700983742
21.72035077982547
21.804346221722398
21.888501146628432
21.972815675019042
22.057289927888526
22.141924026751
22.226718093636432
22.31167225108368
22.396786622157023
22.482061330422308
22.567496499959237
22.653092255356047
22.738848721709132
22.824766024621045
22.91084429019753
22.997083645047773
23.083484216280667
23.170046131508048
23.25676951883613
23.34365450687133
23.430701224713086
23.517909801953593
23.605280368678304
23.69281305546481
23.780507993372556
23.868365313957707
23.956385149254547
24.044567631784176
24.132912894548397
24.221421071033973
24.310092295200437
24.398926701490286
24.487924424816676
24.577085600570765
24.66641036461499
24.75589885328309
24.845551203374992
24.935367552161676
25.02534803737957
25.115492797225837
25.205801970364103
25.29627569591748
25.386914113465476
25.477717363047354
25.568685585158516
25.659818920747654
25.751117511214026
25.842581498409434
25.934211024631654
26.026006232629143
26.117967265593467
26.210094267158823
26.30238738140524
26.39484675284494
26.487472526437116
26.580264847571282
26.673223862074725
26.76634971620706
26.8596425566571
26.95310253054735
27.046729785420958
27.140524469254505
27.234486730445344
27.328616717809858
27.42291458059204
27.517380468446344
27.61201453145122
27.706816920093488
27.801787785278375
27.896927278322078
27.992235550945423
28.087712755281828
28.183359043870453
28.27917456965212
28.375159485969807
28.47131394656889
28.567638105592557
28.66413211757895
28.760796137465015
28.857630320576316
28.95463482263115
29.051809799738656
29.149155408392392
29.24667180547553
29.344359148250305
29.44221759436137
29.5402473018404
29.638448429086573
29.73682113488126
29.835365578380543
29.934081919111257
30.032970316970736
30.1320309322231
30.231263925505573
30.3306694578131
30.430247690508647
30.52999878531352
30.629922904305865
30.73002020992801
30.830290864973428
30.930735032587705
31.031352876272553
31.132144559872497
31.233110247587046
31.334250103958297
31.43556429387091
31.53705298255548
31.638716335576362
31.74055451884458
31.842567698600202
31.94475604142216
32.04711971421731
32.14965888423134
32.252373719025115
32.355264386499954
32.45833105487515
32.56157389269251
32.664993068814034
32.76858875242806
32.872361113029115
32.97631032043522