 0.34167515776084E-06
 0.39273883775533E-06
 0.44457922431085E-06
 0.49704832430975E-06
 0.55009633555697E-06
 0.60377041594875E-06
 0.65817819569190E-06
 0.71346976897525E-06
 0.76982263183847E-06
 0.82742247093964E-06
 0.88644008891490E-06
 0.94699566354695E-06
 0.10090927749661E-05
 0.10724954441068E-05
 0.11365516812739E-05
 0.12000158804738E-05
 0.12610557611739E-05
 0.13176281757702E-05
 0.13680142823077E-05
 0.14111426815340E-05
 0.14466041137759E-05
 0.14744963132581E-05
 0.14952416945382E-05
 0.15094406741883E-05
 0.15177706200758E-05
 0.15209220104781E-05
 0.15195607753900E-05
 0.15143078398844E-05
 0.15057295210153E-05
 0.14943345541891E-05
 0.14805750208135E-05
 0.14648494501055E-05
 0.14475070159374E-05
 0.14288521682838E-05
 0.14091493034366E-05
 0.13886272471006E-05
 0.13674834284590E-05
 0.13458876908677E-05
 0.13239857231565E-05
 0.13019021196497E-05
 0.12797430905739E-05
 0.12575988503472E-05
 0.12355436193202E-05
 0.12136479349325E-05
 0.11919593042571E-05
 0.11705245627046E-05
 0.11493805874687E-05
 0.11285575051063E-05
 0.11080795768836E-05
 0.10879660131572E-05
 0.10682316761873E-05
 0.10488876869039E-05
 0.10299419536916E-05
 0.10113996323510E-05
 0.99326352587672E-06
 0.97553443198588E-06
 0.95821144507604E-06
 0.94129221861791E-06
 0.92477319304426E-06
 0.90864979361043E-06
 0.89291660209418E-06
 0.87756750570137E-06
 0.86259582610291E-06
 0.84799443115306E-06
 0.83375583150087E-06
 0.81987226403068E-06
 0.80633576381008E-06
 0.79313822601386E-06
 0.78027145910218E-06
 0.76772723036974E-06
 0.75549730483925E-06
 0.74357347835323E-06
 0.73194760560381E-06
 0.72061162375477E-06
 0.70955757222234E-06
 0.69877760911258E-06
 0.68826402475128E-06
 0.67800925268660E-06
 0.66800587849864E-06
 0.65824664670753E-06
 0.64872446603605E-06
 0.63943241325021E-06
 0.63036373577428E-06
 0.62151185325125E-06
 0.61287035819921E-06
 0.60443301589467E-06
 0.59619376359785E-06
 0.58814670922006E-06
 0.58028612952077E-06
 0.57260646791083E-06
 0.56510233192892E-06
 0.55776849044832E-06
 0.55059987066518E-06
 0.54359155491215E-06
 0.53673877733440E-06
 0.53003692046325E-06
 0.52348151171237E-06
 0.51706821982405E-06
 0.51079285128522E-06
 0.50465134673129E-06
 0.49863977735361E-06
 0.49275434132246E-06
 0.48699136023954E-06
 0.48134727562491E-06
