5.9578338411851955e-12
5.9578338411851955e-12
1.0550330760432116e-11
2.2602532134996336e-9
1.0542709697976934e-7
1.4890550652966352e-6
0.000010485237205584865
0.00004743466107709787
0.0001590122308838933
0.000430782957030971
0.000997414653834373
0.002049731427446027
0.003839165594083986
0.006680765068323854
0.010955949537960964
0.017115985811477944
0.025686871549149087
0.03727608019462642
0.05258141749552505
0.07240211819150226
0.09765270060348122
0.12937586966136067
0.16876510533370903
0.21717848387521216
0.27616112818046507
0.34746414750825244
0.4330607969328941
0.535153089919946
0.6561549539178406
0.7986237104551555
0.9650925535558462
1.1577578053331232
1.378059290382295
1.6263699063907777
1.9020511021476774
2.2038406985773755
2.5302811743620244
2.8799898589125217
3.251768431384886
3.644620725588123
4.0577332509950566
4.490445913282063
4.942223825092209
5.412633494677993
5.901323729490375
6.408010638926428
6.9324659334945595
7.474507789324195
8.033993682645256
8.610814731455987
9.204891191699957
9.816168841079122
10.44461604877629
11.090221378680994
11.752991608384795
12.432950077190759
13.130135291978595
13.84459974019427
14.576408866960806
15.325640184975423
16.09238249138667
16.876735171669807
17.678807574606864
18.498718445240723
19.336595406754967
20.192574481277592
21.066799644774747
21.959422409585027
22.87060143059999
23.800502131476843
24.749296347907926
25.717161985562985
26.704282690673217
27.7108475315977
28.737050689996106
29.78309116038234
30.849172457162204
31.93550232826442
33.0422924747071
34.169758275522966
35.31811851753919
36.4875951296436
37.678412921180545
38.8907993242516
40.124984139701986
41.38119928665929
42.65967855551884
43.96065736434487
45.284372518668654
46.63106197474146
48.000964606264624
49.39431997479459
50.8113681038683
52.25234925709423
53.717503720375326
55.207071588500376
56.7212925563629
58.260405715072025
59.824649353239515
61.41426076378172
63.02947605651367
64.67052997689728
66.33765573127968
68.03108481893545
69.75104687129246
71.49776949865384
73.27147814478697
75.07239594965948
76.90074362067811
78.75673931272786
80.64059851730023
82.55253396096883
84.49275551397434
86.46147010570391
88.45888165758217
90.48519101635935
92.5405959051492
94.62529088203692
96.7394673097635
98.88331333610437