 0.00000000000000E+00
 0.00000000000000E+00
 0.00000000000000E+00
 0.00000000000000E+00
 0.00000000000000E+00
 0.73690598860687E-16
 0.23013984261099E-16
 0.35060302815908E-15
 0.51308873732321E-14
 0.42372301406345E-13
 0.23515503988825E-12
 0.96996664087764E-12
 0.31872145882844E-11
 0.87659533695161E-11
 0.20922197383512E-10
 0.44520961602072E-10
 0.86227566272692E-10
 0.15446439898472E-09
 0.25914435645856E-09
 0.41132763922513E-09
 0.62271609683906E-09
 0.90518861996975E-09
 0.12703440906079E-08
 0.17290848384505E-08
 0.22913750594462E-08
 0.29660112542633E-08
 0.37605348162748E-08
 0.46812234819553E-08
 0.57331574618027E-08
 0.69203331615490E-08
 0.82458150066986E-08
 0.97119094046573E-08
 0.11320345445240E-07
 0.13072105533595E-07
 0.14969535213317E-07
 0.17011972134607E-07
 0.19201005999646E-07
 0.21538114143524E-07
 0.24024877278684E-07
 0.26661785328975E-07
 0.29451558997940E-07
 0.32394984323734E-07
 0.35493947331883E-07
 0.38750091685315E-07
 0.42165078102013E-07
 0.45740151780381E-07
 0.49478090281752E-07
 0.53378493605125E-07
 0.57438697297951E-07
 0.61662297924670E-07
 0.66051694879361E-07
 0.70594997649233E-07
 0.75287087958055E-07
 0.80136120039080E-07
 0.85130034878419E-07
 0.90260647503124E-07
 0.95517310880517E-07
 0.10089806326827E-06
 0.10637831427064E-06
 0.10989423211246E-06
 0.11759432317364E-06
 0.12330721862280E-06
 0.12905407320939E-06
 0.13477728949272E-06
 0.14056533838984E-06
 0.14626147543670E-06
 0.15190624165140E-06
 0.15740667449705E-06
 0.16278452685382E-06
 0.16796508848611E-06
 0.17286162015081E-06
 0.17746428531080E-06
 0.18172364493690E-06
 0.18559512022231E-06
 0.18901215300239E-06
 0.19192639758753E-06
 0.19431620321757E-06
 0.19617580955701E-06
 0.19748028360763E-06
 0.19823480778384E-06
 0.19845777035045E-06
 0.19817708749426E-06
 0.19743007214542E-06
 0.19626088999642E-06
 0.19471818113041E-06
 0.19285235172420E-06
 0.19071352267734E-06
 0.18834975071245E-06
 0.18580577303894E-06
 0.18312220227123E-06
 0.18033511656339E-06
 0.17747596625435E-06
 0.17457170346029E-06
 0.17178980117567E-06
 0.16871504938502E-06
 0.16579710771760E-06
 0.16290384903002E-06
 0.16004526068600E-06
 0.15722916818888E-06
 0.15446157274169E-06
 0.15174695552032E-06
 0.14908853573246E-06
 0.14648849107688E-06
 0.14394815881970E-06
 0.14146818735318E-06
 0.13904868046081E-06
 0.13668931111715E-06
 0.13438941146945E-06
 0.13214805243719E-06
 0.12996409684525E-06
 0.12783625712253E-06
 0.12576313673492E-06
 0.12374326396119E-06
 0.12177511751543E-06
 0.11985715231419E-06
 0.11798781347353E-06
 0.11616554996212E-06
 0.11438882753024E-06
 0.11265613608818E-06
 0.11096599639170E-06
