 0.00000000000000E+00
 0.00000000000000E+00
 0.25268362638477E-14
 0.00000000000000E+00
-0.10379020398868E-14
 0.13022854878307E-13
 0.12399531739628E-12
 0.12162259088965E-11
 0.70327721589937E-11
 0.28187194469717E-10
 0.86597876745901E-10
 0.21805557802656E-09
 0.47444675781129E-09
 0.91322522445736E-09
 0.16027704275774E-08
 0.26098940248827E-08
 0.39996584112009E-08
 0.58320667918650E-08
 0.81622614392861E-08
 0.10979552001278E-07
 0.14496245583183E-07
 0.18505480466358E-07
 0.23455141900988E-07
 0.29063386136070E-07
 0.35724406464207E-07
 0.43330427469824E-07
 0.52189834347611E-07
 0.62430877841246E-07
 0.74163814984637E-07
 0.88293750709938E-07
 0.10375455388798E-06
 0.12113042003391E-06
 0.14250170959273E-06
 0.16575363556196E-06
 0.19290657395296E-06
 0.22311210517173E-06
 0.25735818916969E-06
 0.29567602443269E-06
 0.33829648963136E-06
 0.38543015886210E-06
 0.43711261411057E-06
 0.49277753891555E-06
 0.55390434852865E-06
 0.61591223830726E-06
 0.68409073512265E-06
 0.75287095355715E-06
 0.81662010044468E-06
 0.87467605476529E-06
 0.92671307112035E-06
 0.96108383711855E-06
 0.96861201514226E-06
 0.56699115079449E-06
 0.87657898430808E-06
 0.76382162911023E-06
-0.22180758444545E-05
 0.40143470172742E-06
 0.17239938076972E-06
-0.63424362347790E-07
-0.28306367402143E-06
-0.46647661704000E-06
-0.60055928208763E-06
-0.68125771502012E-06
-0.71250347634207E-06
-0.70360494770220E-06
-0.66605327281944E-06
-0.61092248094454E-06
-0.54736013194211E-06
-0.48206648048906E-06
-0.41941843475554E-06
-0.36191614944510E-06
-0.31070483872935E-06
-0.26603886255798E-06
-0.22764095746710E-06
-0.19495439725466E-06
-0.16730851138165E-06
-0.14401599892733E-06
-0.12442948767244E-06
-0.10796679739018E-06
-0.64195631357452E-05
-0.82165441500061E-07
-0.72670933316367E-07
-0.64427500487128E-07
-0.56983571259502E-07
-0.51167590939051E-07
-0.47149249115170E-07
-0.41396137674276E-07
-0.37678614799764E-07
-0.34349355073698E-07
-0.31520085536557E-07
-0.29003271179499E-07
-0.26796189881277E-07
-0.24859050462820E-07
-0.23131806478582E-07
-0.21604804073059E-07
-0.20249581456778E-07
-0.19038621918875E-07
-0.17945124253395E-07
-0.16953537688985E-07
-0.16057485714618E-07
-0.15220438139448E-07
-0.14492988488095E-07
-0.13847849318290E-07
-0.13242071919507E-07
-0.12676787563927E-07
-0.12143942825353E-07
-0.11660879583623E-07
-0.11200274628518E-07
-0.10784768326637E-07
-0.99686848007783E-08
-0.10036101853599E-07
-0.96995735125403E-08
-0.93882557739619E-08
-0.90930947842633E-08
-0.88159708457663E-08
-0.85553881164261E-08
-0.83094019241226E-08
-0.80786801556998E-08
-0.78603457403558E-08
-0.76549800413024E-08
-0.74596608887941E-08
