 0.00000000000000E+00
 0.00000000000000E+00
-0.42137823182975E-13
 0.00000000000000E+00
-0.39546497553959E-13
-0.50880975087259E-13
-0.12214806048223E-12
-0.12170451330307E-11
-0.70320212460993E-11
-0.28150899846590E-10
-0.86383620976429E-10
-0.22843486816806E-09
-0.48753388685621E-09
-0.93283978068671E-09
-0.16557020167621E-08
-0.27227773153878E-08
-0.42364109970153E-08
-0.62891659516099E-08
-0.89436557598131E-08
-0.11146186698741E-07
-0.15711790834102E-07
-0.20273985147954E-07
-0.24771980844870E-07
-0.32192227923748E-07
-0.39780081550532E-07
-0.51171530821954E-07
-0.63717374029285E-07
-0.78973473422760E-07
-0.10138048783120E-06
-0.11242234397089E-06
-0.14780824582626E-06
-0.20021436904589E-06
-0.21814019657032E-06
-0.26580236474897E-06
-0.31347398082111E-06
-0.37963842361901E-06
-0.45302560077350E-06
-0.53640414927654E-06
-0.63230075683698E-06
-0.74020475979886E-06
-0.86016180074939E-06
-0.98114776753251E-06
-0.11140882509510E-05
-0.12615296596927E-05
-0.14591827475428E-05
-0.15216752827419E-05
-0.15093207534160E-05
-0.17221164742840E-05
-0.17778913663544E-05
-0.13115576033440E-05
-0.11228701269914E-05
 0.27847202822543E-04
 0.14892066610728E-06
 0.11011472840127E-05
-0.12209939659474E-03
 0.31810530145099E-05
 0.39956901230522E-05
 0.44535032198050E-05
 0.44643202933689E-05
 0.40462596659289E-05
 0.33091045149042E-05
 0.24085522233640E-05
 0.15001796392604E-05
 0.70012720168653E-06
 0.69174181659447E-07
-0.38004272993635E-06
-0.66498397735143E-06
-0.81856312339402E-06
-0.87636260561546E-06
-0.86998766456138E-06
-0.82436598004295E-06
-0.75759574666940E-06
-0.68194274681447E-06
-0.60517940817187E-06
-0.53192600867876E-06
-0.46456857458166E-06
-0.40414241907507E-06
-0.35082659582535E-06
 0.42873949346086E-03
-0.28212659765548E-06
-0.20891427395313E-06
-0.21000831109975E-06
-0.19802713177929E-06
-0.14385987372682E-06
-0.88605743096928E-07
-0.11177023475879E-06
-0.94257554872669E-07
-0.89272171408281E-07
-0.80917304073946E-07
-0.72017213973774E-07
-0.64294559573294E-07
-0.56751794736641E-07
-0.51909854477289E-07
-0.46630755902127E-07
-0.41802795716590E-07
-0.38010488872011E-07
-0.35079242554615E-07
-0.32203047145810E-07
-0.29227888121293E-07
-0.27677247083252E-07
-0.23532368035833E-07
-0.20976243275187E-07
-0.21019732731492E-07
-0.19543173721815E-07
-0.19182585763707E-07
-0.17993964416441E-07
-0.16119046280521E-07
-0.15126601774521E-07
-0.10002798067237E-06
-0.12631421554996E-07
-0.11866396622231E-07
-0.11251313567727E-07
-0.10620922947403E-07
-0.10040504130640E-07
-0.95150106246869E-08
-0.90290883296509E-08
-0.85862741218718E-08
-0.81765885361855E-08
-0.79170903465529E-08
-0.75447264464096E-08
