0.11983939770045396
0.16661106809558165
0.2280954145873514
0.3088208449232111
0.41538907063581537
0.5575964704848472
0.7448775208196318
0.97366914922152
1.2340914198952455
1.520018154438911
1.8281465609902745
2.156531762907986
2.5039330934804016
2.869503114796243
3.2526431580749615
3.6529070513301964
4.069960306497693
4.503548074720812
4.953471423085805
5.419570270369135
5.901747274963824
6.399892589958944
6.913942618052026
7.4438518212875655
7.989588945618303
8.55113830915126
9.128506311266882
9.721681032245915
10.33070644033487
10.955604554426799
11.596419814397414
12.253202860829356
12.92601152532345
13.6149227164867
14.320007744940094
15.041352005551834
15.779056497368995
16.53321769279503
17.303943532128038
18.09135997516659
18.895583530818413
19.71674773944244
20.55499154790417
21.41045985295556
22.28330423725728
23.173682587127146
24.08175889317455
25.007703047868105
25.951690640167794
26.91390274736058
27.894525724339665
28.893750990527145
29.911774814738738
30.948798098146977
32.00502615568531
33.080668496020934
34.175938600382906
35.291053700395246
36.42623455513043
37.58170522753451
38.757692860416284
39.954427452139775
41.17214163218077
42.411070436717885
43.67145108439204
44.95352275241919
46.257526353234546
47.58370431180447
48.93230034386661
50.303559235247256
51.69772662251427
53.115048775193394
54.55577237979896
56.02014432596655
57.508411494961265
59.02082055089471
60.557617734939946
62.11904866293031
63.70535812666198
65.31678989926588
66.95358654511676
68.61598923438471
70.30423756308926
72.01856937885573
73.75922061220086
75.5264251148456
77.32041450458543
79.14141801744368
80.98966236743877
82.86537161433249
84.76876703970386
86.7000670316916
88.65948697873822
90.64723917258341
92.6635327208278
94.70857346927015
96.78256393426267
98.88570324524994
101.01818709765357
103.18020771624015
105.37195382904972
107.59361065194871
109.84535988385905
112.12737971261681