10.408502865574512
10.443780015659115
10.479238624392378
10.51487839103203
10.550699016686828
10.586700204320156
10.622881658763175
10.659243086725999
10.69578419680216
10.732504699483759
10.769404307160212
10.806482734132908
10.843739696618927
10.881174912755629
10.918788102611463
10.956578988178634
10.994547293390363
11.032692744116162
11.071015068169535
11.10951399530848
11.14818925723486
11.187040587598496
11.22606772200177
11.265270397996145
11.304648355075708
11.344201334695914
11.383929080252736
11.423831337095324
11.463907852513714
11.50415837574901
11.544582657981591
11.585180452332972
11.625951513863821
11.666895599569113
11.70801246837143
11.749301881127296
11.790763600611283
11.832397391522466
11.87420302046978
11.916180255981448
11.958328868479546
12.000648630296125
12.04313931565237
12.085800700664429
12.128632563327525
12.171634683517198
12.21480684297888
12.258148825326035
12.301660416029227
12.345341402412654
12.389191573647196
12.433210720737998
12.47739863652634
12.521755115677088
12.566279954672131
12.6109729518023
12.655833907164645
12.700862622648033
12.746058901928311
12.79142255046582
12.836953375484665
12.882651185981166
12.928515792703362
12.97454700814792
13.020744646549337
13.067108523879805
13.113638457831218
13.160334267813322
13.207195774936938
13.254222802018575
13.301415173566756
13.348772715764413
13.396295256477687
13.44398262523098
13.491834653211182
13.539851173253515
13.588032019830859
13.636377029053882
13.684886038651792
13.733558887969863
13.7823954179667
13.831395471195373
13.880558891798822
13.929885525502543
13.97937521961023
14.02902782298815
14.078843186059295
14.128821160798433
14.178961600719429
14.229264360871419
14.279729297830967
14.330356269682722
14.38114513602971
14.432095757972231
14.483207998102282
14.534481720500201
14.585916790721136
14.637513075790705
14.689270444196303
14.741188765878915
14.793267912226284
14.845507756064974
14.897908171651547
14.950469034667735
15.003190222213973
15.05607161279427
15.109113086316192
15.162314524083557
15.215675808786242
15.269196824491628
15.3228774566441
15.376717592050523
15.430717118878508
15.484875926646236
15.53919390621922
15.593670949797284
15.64830695091369
15.703101804427938
15.758055406519434
15.813167654672602
15.868438447682463
15.923867685641977
15.979455269937077
16.035201103238357
16.091105089494736
16.1471671339347
16.20338714304993
16.25976502459416
16.316300687579357
16.372994042265148
16.429845000153502
16.48685347398871
16.544019377745858
16.6013426266271
16.65882313705371
16.71646082666521
16.774255614311432
16.832207420046068
16.890316165120336
16.94858177198471
17.007004164275646
17.065583266814837
17.124319005598423
17.18321130780193
17.24226010176615
17.30146531700122
17.360826884164286
17.420344735081343
17.480018802715094
17.539849021183066
17.59983532573664
17.65997765276427
17.720275939786028
17.780730125447025
17.84134014951555
17.902105952875857
17.963027477531053
18.02410466658679
18.08533746325574
18.146725815901842
18.20826966783867
18.26996896761661
18.331823663825503
18.39383370614388
18.455999045326887
18.51831963320743
18.58079542269143
18.643426367754135
18.7062124234376
18.769153545840652
18.832249692126478
18.895500820509678
18.95890689025543
19.02246786167301
19.086183696124387
19.15005435600246
19.214079804743143
19.278260006813042
19.34259492770923
19.40708453395587
19.471728793104123
19.536527673720705
19.601481145391
19.666589178715448
19.731851745305477
19.79726881778062
19.86284036976256
19.928566375880365
19.994446811755694
20.060481654011245
20.126670880257358
20.19301446910144
20.259512400130827
20.326164653922618
20.39297121203135
20.45993205699375
20.527047172322256
20.594316542498447
20.6617401529795
20.729317990187017
20.797050041511362
20.86493629530001
20.93297674086659
21.00117136847836
21.06952016935521
21.13802313567823
21.206680260568355
21.275491538096425
21.34445696328206
21.413576532082498
21.482850241397312
21.552278089062806
21.621860073851057
21.69159619546218
21.76148645453465
21.83153085262745
21.901729392229576
21.972082076750528
22.042588910522397
22.11324989879453
22.184065047733277
22.25503436441904
22.32615785684325
22.39743553390816
22.468867405419612
22.540453482095383
22.612193775550516
22.68408829830056
22.756137063762548
22.828340086247582
22.90069738095955
22.973208964000865
23.045874852354082
23.11869506389829
23.19166961739111
23.26479853247825
23.33808182968469
23.411519530411848
23.485111656945488
23.55885823243776
23.63275928092182
23.70681482729322
23.7810248973212
23.855389517642866
23.92990871575586
24.004582518882017
24.07941095848826
24.15439406354877
24.22953186500234
24.304824394637976
24.38027168510151
24.455873769883034
24.531630683326743
24.607542460619968
24.683609137790597
24.759830751715892
24.83620734010546
24.912738941514306
24.9894255970243
25.066267343517293
25.143264223688607
25.220416279425166
25.297723553432352
25.375186089251503
25.45280393124043
25.530577124580617
25.608505715275474
25.68658975014079
25.764829276813796
25.843224343743344
25.921775000189548
26.00048129621907
26.07934328271218
26.158361011350852
26.237534534620124
26.31686390581022
26.39634917900722
26.475990409093573
26.555787651752933
26.635740963455138
26.71585040146763
26.7961160238428
26.87653788942232
26.957116057833066
27.037850589483003
27.1187415455638
27.199788988043878
27.280992979671893
27.362353583966662
27.443870865224643
27.525544888509963
27.607375719657185
27.689363425265586
27.771508072702627
27.85380973009328
27.93626846632847
28.018884351050943
28.101657454667393
28.184587848332104
28.267675603955635
28.350920794195634
28.43432349246105
28.517883772902717
28.601601710419413
28.685477380646958
28.76951085996416
28.853702225484877
28.93805155506298
29.022558927277085
29.107224421442837
29.19204811760572
29.277030096533235
29.362170439721474
29.447469229387423
29.532926548466865
29.618542480617343
29.70431711020985
29.790250522328584
29.876342802772935
29.96259403804903
30.049004315368887
30.13557372265499
30.22230234852701
30.30919028231063
30.39623761402351
30.483444434388677
30.570810834816317
30.658336907411435
30.746022744970272
30.833868440972484
30.92187408958784
31.010039785666788
31.09836562474233
31.18685170302566
31.275498117402577
31.3643049654377
31.453272345363793
31.542400356087104
31.631689097176935
31.72113866887434
31.81074917207734
31.900520708350502
31.990453379912626
32.08054728964123
32.17080254107043
32.26121923838089
32.35179748640555
32.44253739062797
32.53343905717307
32.624502592809314
32.71572810494777
32.807115701635986
32.89866549155962
32.9903775840345
33.08225208901381
33.17428911707358
33.26648877942212
33.35885118789057
33.45137645493182
33.544064693616974
33.636916017642115
33.72993054131101
33.823108379545566
33.91644964787599
34.00995446244133
34.10362293998929
34.19745519786849
34.291451354032866
34.385611527031884
34.47993583601378
34.57442440072171
34.66907734149114
34.76389477924709
34.85887683550331
34.95402363235829
35.049335292492394
35.14481193916971
35.24045369623042
35.33626068809219
35.43223303974257
35.52837087674675
35.62467432523406
35.72114351190318
35.8177785640148
35.914579609396476
36.011546776427366
36.10868019405039
36.20597999176341
36.303446299610414
36.40107924819632
36.49887896866147
36.59684559270393
36.694979252553956
36.79328008099206
36.891748211330984
36.990383777420035
37.08918691364647
37.18815775492434
37.28729643669877
37.38660309494205
37.48607786614829
37.58572088733761
37.685532296044116
37.78551223032411
37.885660828746246
37.98597823039256
38.08646457485237
38.18712000222848
38.28794465312316
38.388938668641885
38.49010219039713
38.5914353604938
38.69293832153202
38.79461121660729
38.896454189309495
38.99846738371071
39.100650944373825
39.20300501634377
39.305529745149094
39.4082252767937
39.51109175776374
39.61412933501474
39.71733815597779
39.82071836855089
39.92427012110261
40.0279935624636
40.13188884192899
40.23595610925166
40.34019551464635
40.44460720878022
40.549191342772744
40.65394806819853
40.75887753707544
40.86397990187163
40.96925531549528
41.074703931299055
41.180325903072024
41.28612138503978
41.39209053186695
41.4982334986419
41.60455044088794
41.71104151455558
41.81770687601723
41.92454668206993
42.03156108992973
42.13875025723062
42.24611434202202
42.35365350276305
42.46136789833117
42.56925768800582
42.67732303147086
42.78556408881874
42.893981020541965
43.002573987528976
43.11134315106641
43.22028867283758
43.32941071491234
43.43870943975112
43.54818501020859
43.65783758951673
43.76766734128995
43.87767442952618
43.98785901859834
44.09822127325556
44.208761358622425
44.31947944019031
44.430375683823065
44.54145025574402
44.65270332254971
44.76413505118982
44.87574560897659
44.98753516357983
45.09950388302226
45.211651935679335
45.32397949027554
45.436486715882545
45.54917378191891
45.66204085814791
45.77508811466632
45.88831572191572
46.00172385067184
46.1153126720434
46.22908235746958
46.343033078720545
46.45716500789255
46.571478317405926
46.685973180004595
46.80064976874823
46.91550825702023
47.03054881851429
47.145771627236755
47.26117685751212
47.37676468396275
47.49253528152579
47.60848882543764
47.72462549123682
47.84094545476184
47.9574488921501
48.07413597983093
48.19100689452647
48.3080618132524
48.42530091330679
48.5427243722795
48.660332368038816
48.7781250787391
48.89610268280904
49.01426535895721
49.13261328616539
49.25114664368716
49.369865611048326
49.48877036804004
49.60786109472047
49.72713797141052
49.84660117869475
49.96625089740954
50.08608730865641
50.20611059378599
50.32632093440337
50.44671851236173
50.567303509765615
50.688076108958384
50.809036492536094
50.930184843330025
51.051521344407774
51.17304617908321
51.29475953089359
51.416661583616516
51.53875252125657
51.66103252804846
51.783501788448724
51.90616048714114