5.737118030502419
6.0711218490279295
6.421447654522807
6.787879630670546
7.170224201654413
7.56830850742451
7.9819788246104055
8.411099010867796
8.855549023510152
9.315223544154579
9.79003072739499
10.279891081570518
10.78473648281774
11.304509318665206
11.839161754132322
12.388655111071017
12.952959350095853
13.532052643822633
14.12592102972096
14.734558131332028
15.35796493670685
15.996149623826701
16.64912742349599
17.316920511034787
17.999557919179153
18.69707546547686
19.409515688435672
20.136927787627386
20.87936756379843
21.636897355789948
22.409585971808724
23.197508613236405
24.00074678964647
24.81938822422064
25.65352674913068
26.503262190732435
27.36870024475962
28.249952341795208
29.147135503570947
30.060372190636357
30.989790142106898
31.93552220821208
32.89770617633458
33.87648459136312
34.87200457098578
35.88441761672496
36.91387942131418
37.96054967309086
39.02459185797937
40.10617305964594
41.20546375830745
42.322637628681676
43.45787133753126
44.61134434117632
45.78323868336055
46.973738793822555
48.18303128785209
49.41130476717504
50.65874962240559
51.925557837324476
53.21192279526362
54.518039087862455
55.84410232625764
57.1903089548049
58.556856068479355
59.94394123289821
61.351762307905915
62.78051727478408
64.23040406727812
65.70162040666332
67.194363641054
68.70883058916475
70.2452173887356
71.8037193498192
73.38453081315215
74.98784501378691
76.61385395022803
78.2627482592176
79.9347170964075
81.62994802307
83.34862689905854
85.09093778215731
86.85706283400673
88.64718223275126
90.46147409254696
92.30011439006981
94.163276898135
96.0511331265466
97.96385227026221
99.90160116495021
101.86454425002923
103.85284353921332
105.8666585986377
107.90614653253046
109.97146197655846
112.06275709870006
114.18018160774994
116.32388276938083
118.49400542972396
120.6906920464394
122.91408272720659
125.16431527558048
127.44152524411284
129.7458459946932