3.980458724743633
4.299158989219657
4.633466695545185
4.983214119945065
5.348254104760247
5.728457998632487
6.123713742864622
6.53392413344113
6.959005269678821
7.39888518889438
7.853502679979215
8.322806264845696
8.806753334860243
9.30530942855428
9.818447636546844
10.346148119865276
10.888397728036768
11.445189703948193
12.016523462979166
12.602404434503665
13.202843954969387
13.817859202084783
14.447473161013813
15.09171461412189
15.750618146897851
16.424224163545848
17.112578906737678
17.815734476848153
18.533748846842848
19.266685869784734
20.014615276566836
20.77761266217771
21.555759459280036
22.34914289837669
23.1578559542745
23.981997278822547
24.821671120193567
25.676987229201856
26.548060753292294
27.43501211893384
28.33796690327947
29.25705569594181
30.192413951788367
31.144181835673653
32.11250405996622
33.09752971572475
34.099412098379496
35.118308528625086
36.154380169335994
37.20779183910858
38.278711823104935
39.367311681780144
40.47376605801212
41.598252483149096
42.740951182421426
43.902044880145574
45.08171860509962
46.2801594964465
47.497556610596384
48.73410072907999
49.98998416784432
51.26540058876788
52.56054481277041
53.87561263532493
55.21080064449681
56.56630604175076
57.942326465755094
59.339059819426915
60.75670410043262
62.195457235378655
63.655516917923016
65.13708045101603
66.64034459350798
68.16550541133186
69.71275813349108
71.28229701305516
72.87431519338664
74.48900457980135
76.12655571687802
77.78715767158657
79.47099792247462
81.17826225503278
82.90913466348854
84.66379725912884
86.44243018536024
88.24521153960636
90.07231730222259
91.92392127252202
93.80019501202082
95.70130779502489
97.62742656661166
99.57871590810988
101.55533801006911
103.55745265288333
105.5852171949497
107.63878656848392
109.71831328295492
111.82394743613558
113.95583673274591
116.11412651065415
118.29895977459886
120.51047723737007
122.74881736838502
125.01411644959782