6.348465536001952
6.686857267133973
7.041803617295595
7.413076702443074
7.800470831961449
8.203801201126433
8.622902475340881
9.057627352665872
9.507845164241019
9.973440551945728
10.454312247776324
10.950371968382887
11.46154343017366
11.987761484631042
12.528971369387168
13.085128067737669
13.656195767423588
14.242147408469538
14.842964309212457
15.458635859873072
16.08915927293174
16.734539380479667
17.39478846919759
18.069926144605418
18.759979217072857
19.464981603038517
20.18497423580788
20.920004981239618
21.67012855439491
22.43540643404312
23.215906772629758
24.011704299838634
24.822880218529097
25.64952209217854
26.491723723398444
27.349585023384073
28.223211872415785
29.11271597169775
30.01821468701135
30.939830884712542
31.877692760728348
32.831933663201596
33.80269190947395
34.79011059812568
35.79433741670955
36.81552444587835
37.85382796047748
38.909408228266535
39.982429306733685
41.07305883861253
42.18146784648763
43.30783052698535
44.452324044934564
45.61512832787003
46.79642586121188
47.99640148445171
49.215242188626085
50.45313691534552
51.710276357656966
52.986852762951884
54.283059738169484
55.59909205751213
56.9351454729675
58.29141652758592
59.66810237176478
61.06540058349422
62.483508991599706
63.9226255028944
65.3829479332857
66.86467384302097
68.36800037630825
69.89312410549203
71.44024087998736
73.00954568019262
74.60123247656152
76.21549409405047
77.85252208212495
79.51250659053169
81.1956362510056
82.9020980651106
84.63207729838497
86.38575738094954
88.16331981474893
89.96494408756358
91.79080759394293
93.64108556317734
95.51595099443055
97.41557459911526
99.34012475064587
101.28976744158318
103.26466624828605
105.26498230309332
107.29087427407462
109.34249835235518
111.42000824708369
113.52355518795066
115.65328793529953
117.80935279779095
119.99189365756348
122.201052002852
124.436966968005
126.69977538081208
128.9896118170898
131.3066086624099