0.060265941527144866
0.06244013137928407
0.0646757646863514
0.06697415410982561
0.0693366342020047
0.0717645617038976
0.07425931591038969
0.07682229902274806
0.07945493642566073
0.08215867709348644
0.08493499386170844
0.08778538381555909
0.09071136860727444
0.09371449478017563
0.09679633414413649
0.09995848406577973
0.10320256782482985
0.10653023495606802
0.10994316153927994
0.11344305056938632
0.11703163226649846
0.1207106643697139
0.12448193246740387
0.1283472503191846
0.1323084601615044
0.1363674329386341
0.14052606869650436
0.14478629679979454
0.14915007620648937
0.15361939574342884
0.15819627439054643
0.1628827614890211
0.16768093698592063
0.17259291165464163
0.1776208273371948
0.18276685708706863
0.18803320537738144
0.19342210829662088
0.1989358336360256
0.20457668106918908
0.2103469822348487
0.21624910088818988
0.22228543285107336
0.2284584062134844
0.234770481231505
0.24122415039111228
0.24782193835046193
0.2545664018973146
0.26146012984700806
0.26850574294042906
0.27570589362419423
0.2830632659555732
0.29058057524886577
0.2982605678778011
0.30610602092129435
0.3141197417590588
0.32230456768372634
0.3306633653883491
0.33919903043093974
0.3479144865729032
0.3568126851810192
0.3658966043611983
0.3751692482043191
0.3846336457800992
0.3942928501490878
0.4041499372370074
0.4142080045468686
0.42447016983273184
0.43493956960528357
0.4456193574698493
0.45651270239564257
0.46762278671989077
0.47895280405266344
0.4905059569777693
0.5022854545484796
0.5142945095679018
0.526536335634886
0.5390141439637839
0.5517311399404479
0.5646905194056596
0.5778954646198153
0.5913491400070463
0.6050546874784428
0.6190152215260273
0.6332338239227635
0.6477135380875638
0.6624573631449558
0.6774682475843338
0.6927490826163535
0.7083026951949429
0.7241318407064203
0.7402391954103676
0.7566273485642436
0.7732987944177923
0.7902559239728627
0.8075010166544813
0.8250362319896194
0.8428636012968845
0.8609850195052972
0.8794022372486171
0.8981168532739471
0.9171303073124387
0.9364438734937772
0.9560586544739902
0.975975576324496
0.9961953843150742
1.0167186397184804
1.037545717633355
1.0586768059878986
1.0801119057002386
1.1018508320747953
1.1238932173678744
1.146238514583179
1.1688860023933545
1.191834791179368
1.2150838299828055
1.2386319144664057
1.2624776955501895
1.2866196887615347
1.3110562840689532
1.3357857560810342
1.3608062745323548
1.3861159148262407
1.4117126686006112
1.4375944541464931
1.4637591265949241
1.4902044878052183
1.516928295833703
1.5439282739609528
1.5712021192190646
1.5987475103371733
1.6265621152342962
1.6546435977710492
1.68298962412006
1.7115978683919002
1.7404660178227473
1.7695917773786705
1.798972873834266
1.8286070594013504
1.8584921148560771
1.888625852273336
1.919006117325234
1.9496307912658
1.9804977924889575
2.011605077900565
2.0429506438905345
2.074532527146202
2.106348805189398
2.1383975967166697
2.1706770617911673
2.203185401830236
2.2359208594984223
2.268881718470896
2.302066303045077
2.335472977726813
2.3691001467198665
2.402946253306674
2.4370097792453627
2.471289244069209
2.5057832043657404
2.540490253040819
2.5754090185330756
2.6105381640432404
2.6458763867134496
2.6814224168472673
2.7171750171078606
2.7531329816596966
2.789295135442807
2.8256603333183326
2.862227459304185
2.8989954258037547
2.9359631728332536
2.973129667258369
3.0104939020859005
3.048054895718908
3.0858116912554245
3.123763355800822
3.1619089797927162
3.2002476763427485
3.238778580603566
3.2775008491323274
3.3164136593002564
3.355516208693631
3.394807714535997
3.4342874131539514
3.4739545594131305
3.5138084262088185
3.553848303957667
3.594073500093143
3.6344833386016866
3.6750771595651974
3.715854318690243
3.7568141868875338
3.7979561498514016
3.8392796076592566
3.8807839743544177
3.92246867759286
3.9643331582465233
4.006376870063344
4.048599279312144
4.090999864452712
4.133578115802169
4.176333535231365
4.219265635842534
4.262373941693998
4.305657987508225
4.349117318383623
4.392751489549405
4.436560066072156
4.480542622654141
4.524698743335786
4.569028021294598
4.613530058615172
4.658204466050501
4.70305086282202
4.748068876412444
4.793258142351039
4.838618304043205
4.88414901254693
4.929849926430421
4.975720711560611
5.021761040941539
5.06797059456653
5.114349059221711
5.160896128364116
5.20761150194147
5.2544948862631
5.301545993840807
5.348764543271205
5.396150259082303
5.4437028716116185
5.491422116871631
5.5393077364393095
5.5873594773198345
5.6355770918491555
5.683960337565653
5.732508977110468
5.781222778107352
5.830101513080873
5.87914495932993
5.928352898864337
5.977725118262939
6.027261408634528
6.076961565488245
6.126825388652916
6.1768526822158485
6.22704325441634
6.277396917564751
6.327913487987146
6.378592785927488
6.429434635486812
6.4804388645363495
6.531605304668989
6.5829337911119
6.634424162670177
6.686076261666894
6.73788993386751
6.78986502842265
6.8420013978236724
6.894298897819752
6.946757387382012
6.9993767286386035
7.052156786825437
7.1050974302253564
7.158198530131525
7.211459960790207
7.264881599345034
7.318463325802874
7.3722050229891485
7.426106576481175
7.480167874596503
7.534388808321544
7.588769271288111
7.643309159724145
7.698008372419951
7.752866810687609
7.807884378318156
7.863060981554156
7.91839652904799
7.973890931825739
8.029544103253672
8.085355959017146
8.141326417063755
8.19745539759713
8.253742823025295
8.310188617945162
8.366792709098831
8.42355502536454
8.48047549771023
8.53755405916824
8.594790644819028
8.652185191755196
8.709737639059876
8.767447927776209
8.825316000893803
8.883341803314243
8.941525281819796
8.999866385086703
9.058365063612067
9.117021269728005
9.17583495757384
9.234806083056766
9.293934603859526
9.353220479393759
9.412663670796514
9.472264140908035
9.532021854244705
9.591936777766614
9.652008877776998
9.71223812448644
9.772624488955504
9.833167943848657
9.893868463404724
9.954726023410817
10.015740601214135
10.076912175678892
10.138240727186808
10.199726237616513
10.261368690327402
10.32316807014835
10.385124363362312
10.447237557691558
10.50950764228377
10.571934607699752
10.634518445900898
10.697259150235784
10.760156715419313
10.82321113753756
10.88642241402208
10.949790543641216
11.013315526484703
11.076997363961448
11.140836058781893
11.204831614942007
11.268984037723905
11.333293333679592
11.397759510614947
11.462382577588606
11.527162544890372
11.592099424047532
11.657193227800299
11.722443970098068
11.78785166608677
11.853416332107255
11.91913798567456
11.985016645481886
12.051052331376642
12.117245064368753
12.183594866603611
12.250101761369772
12.316765773084173
12.383586927276628
12.450565250595043
12.517700770789887
12.584993516704028
12.652443518273593
12.720050806512338
12.787815413506298
12.855737372406477
12.923816717425112
12.992053483824142
13.06044770790775
13.128999427020508
13.197708679533967
13.266575504845921
13.335599943368228
13.404782036521986
13.474121826736281
13.543619357436647
13.613274673030915
13.683087818926218
13.753058841493495
13.82318778808685
13.89347470702233
13.963919647571347
14.034522659972213
14.105283795398382
14.176203105978288
14.247280644769177
14.318516465763045
14.389910623879333
14.461463174957709
14.533174175753249
14.605043683930829
14.67707175805844
14.749258457610656
14.821603842949765
14.894107975327886
14.966770916887954
15.039592730645484
15.112573480493525
15.185713231194727
15.259012048378597
15.332469998531462
15.406087148999433
15.479863567973888
15.553799324497312
15.627894488451124
15.702149130556174
15.776563322365055
15.851137136255767
15.925870645435815
16.00076392392855
16.075817046570698
16.15103008901347
16.226403127715233
16.301936239930974
16.37762950372271
16.45348299793865
16.529496802220514
16.605670996997315
16.68200566348004
16.758500883650722
16.835156740274464
16.911973316882953
16.9889506977747
17.066088968004983
17.14338821339925
17.220848520525696
17.298469976709782
17.376252670023433
17.454196689277598
17.53230212403416
17.61056906457304
17.688997601922868
17.767587827836394
17.84633983478627
17.925253715972886
18.004329565311306
18.083567477430552
18.16296754767285
18.242529872090017
18.322254547430706
18.402141671149803
18.482191341397286
18.562403657017963
18.642778717547134
18.72331662320611
18.80401747489788
18.884881374209595
18.96590842340276
19.047098725413967
19.128452383850572
19.20996950298261
19.2916501877536
19.373494543756834
19.45550267725091
19.537674695144798
19.620010705000123
19.70251081502579
19.78517513407651
19.868003771644368
19.95099683786823
20.034154443517885
20.11747669999192
20.20096371932454
20.28461561417404
20.36843249781895
20.452414484160023
20.53656168771849
20.62087422362477
20.705352207623196
20.78999575606418
20.874804985907318
20.959780014706887
21.04492096062435
21.130227942416468
21.215701079429078
21.301340491600943
21.387146299457186
21.473118624110388
21.559257587253402
21.645563311155872
21.73203591866647
21.818675533206935
21.90548227876836
21.99245627990894
22.079597661750505
22.16690654998138
22.254383070843602
22.34202735113911
22.42983951822318
22.51781969999648
22.605968024916237
22.694284621977374
22.78276962072256
22.871423151227948
22.960245344112952
23.04923633052787
23.138396242154855
23.22772521120643
23.317223370417178
23.40689085304994
23.49672779288192
23.586734324216835
23.676910581866323
23.767256701154256
23.85777281791975
23.948459068508196
24.039315589764094
24.130342519039964
24.22153999418568
24.31290815354463
24.404447135956186
24.496157080756703
24.588038127760782
24.68009041727789
24.772314090097474
24.864709287487965
24.957276151200755
25.05001482345902
25.142925446961815
25.236008164877997
25.329263120841386
25.42269045895733
25.51629032378808
25.61006286036047
25.704008214157597
25.798126531114246
25.892417957626186
25.986882640532055
26.081520727119926
26.176332365125088
26.271317702724584
26.366476888532354
26.46181007160285
26.557317401427188
26.652999027927176
26.74885510145335
26.84488577278545
26.94109119312808