58.64219015292419
58.680790053673114
58.74510606989979
58.835112303057784
58.95077227245654
59.092038395869
59.2588515484848
59.45114052401245
59.66882044478815
59.911792096340484
60.17994253716046
60.47313211342688
60.7912185888977
61.13403267624074
61.501390946418134
61.89309542783398
62.30893506731829
62.74868791265944
63.21212401370159
63.69900702178584
64.20909618621864
64.74215429880692
65.29793782570022
65.87621125355079
66.47674246060264
67.09930573785678
67.74368353482632
68.40966724174164
69.09705792397206
69.80566835929295
70.5353221853686
71.28585507190735
72.05711636378571
72.84896633949268
73.66127911642099
74.49394124843522
75.34685255554227
76.21992432308438
77.11308138355331
78.02625987088717
78.95940798513386
79.91248524487581
80.88546232004863
81.87832038627334
82.89105098653401
83.92365546120708
84.97614407340497
86.04853694018695
87.1408614362521
88.25315441750055
89.3854592321457
90.53782680437402
91.71031518790365
92.90298816244052
94.11591609141242
95.34917479637626
96.60283239901538
97.8770129043034
99.17176774094405
100.48720618228536
101.82341555880465
103.1805253520008
104.55861412824977
105.95779841755044
107.37818842763623
108.81989694110017
110.28304065682441
111.7677341234332
113.2740976633061
114.80224986984852
116.35231137538116
117.92440506084775
119.51865194853833
121.13517625090275
122.7741000045118
124.43554810826114
126.11964177901753
127.82650622075728
129.55626161935282
131.3090335630754
133.08494143459512
134.88410615882418
136.70664777090238
138.55268552728418
140.4223381650159
142.31572125619107
144.23295027583876
146.17413935594396
148.13940110871093
150.1288472158092
152.1425861807509
154.1807274656301
156.24337635132585
158.330637443965
160.44261328245824
162.579407585836
164.7411183239329
166.92784354754843
169.13967797308808
171.3767174312789
173.63905284486566
175.92677694920687
178.2399763133272
180.57874418115318
182.94315794352684
185.3333092604162
187.74927657508644
190.19114207551422
192.6589852362189
195.1528841982852
197.6729168445327
200.21915801405012
202.79168148191138
205.39056202893448
208.01587081032278
210.66767938343628
213.34605812046306
216.05107660227637
218.7828037142064
221.5413077457861