0.04882540206066404
0.06925190342003042
0.09589380073867433
0.13010089472265723
0.1734388567219212
0.22771013327779324
0.29496758655874034
0.377515120592753
0.4778867015065327
0.5987888933345967
0.7429787051095864
0.9130296091062852
1.1109455206526786
1.337698791039329
1.5929874219019917
1.8754803348567843
2.1833791555917066
2.5148934116673005
2.868466773274263
3.2428256403637525
3.636951674226
4.0500350388621555
4.481430125112348
4.930619497085222
5.397186105210275
5.880792282118314
6.381163923924586
6.898078532106192
7.43135610720168
7.980852151627124
8.546452240421186
9.12806776694798
9.725632571462423
10.339100250327684
10.968441976307668
11.613644720834166
12.274709786085605
12.951651579751053
13.644496580646639
14.353282455236927
15.078057294008314
15.818878943485252
16.575814414968626
17.348939354981376
18.138337565724193
18.944100566124426
19.766327186103485
20.60512318814579
21.460600911446672
22.332878934914074
23.22208175595939
24.12833948272979
25.051787537793246
25.992566371784935
26.95082118572203
27.926701661027813
28.920361696462532
29.931959151310465
30.961655594340527
32.00961605812046
33.07600879839059
34.1610050582441
35.26477883694243
36.38750666321889
37.529367373019014
38.69054189152924
39.871213019638624
41.07156522466603
42.29178443546816
43.53205784198211
44.792573699229195
46.07352113590744
47.37508996763153
48.69747051496391
50.040853426351696
51.40542950608815
52.79138954746661
54.19892417126167
55.628223669693256
57.07947785605348
58.55287592013039
60.04860628962453
61.56685649771227
63.10781305692165
64.67166133949017
66.25858546437993
67.8687681910667
69.50239082031692
71.15963310204059
72.84067315040036
74.54568736628957
76.27485036729824
78.02833492528902
79.8063119116786
81.60895025051829
83.4364168794448
85.28887671858581
87.16649264744595
89.06942548985637
90.99783400697741
92.95187489841065
94.93170281139977
96.93747035813773
98.96932814115051