0.002581991835429592
0.002716710755920202
0.0028570400732137145
0.003003151598081227
0.0031552203444983754
0.0033134245410645193
0.0034779457125505907
0.003648968618955418
0.00382668129758293
0.004011275120138059
0.004202944738609758
0.004401888153413714
0.0046083067269216075
0.004822405152182476
0.005044391524664967
0.005274477311971684
0.005512877417141167
0.005759810139301369
0.00601549725025264
0.006280163922228997
0.006554038863811208
0.006837354216781788
0.007130345650085012
0.007433252331278953
0.007746316975935859
0.008069785842925534
0.00840390874099378
0.008748939071584324
0.009105133816923155
0.009472753576262014
0.009852062583379522
0.010243328696651467
0.010646823438397329
0.011062822015236206
0.011491603312253112
0.011933449933090227
0.012388648200815748
0.012857488178031583
0.013340263695048931
0.01383727234467519
0.014348815530993712
0.014875198469612046
0.015416730187289581
0.015973723563021767
0.016546495370365566
0.017135366237844674
0.01774066071634753
0.018362707262246758
0.01900183829362627
0.019658390166077518
0.02033270323687036
0.021025121863711832
0.021735994421378444
0.022465673303826227
0.023214515003007932
0.02398288006754055
0.024771133157318784
0.025579643054561858
0.026408782691616773
0.02725892914859996
0.02813046370987261
0.029023771861185856
0.02993924331996644
0.030877272046984146
0.0318382562920285
0.03282259858857157
0.03383070581111211
0.034862989111873556
0.03591986409767726
0.03700175069055394
0.03810907322381382
0.0392422605106858
0.04040174576661738
0.041587966707951264
0.04280136553529312
0.0440423889873803
0.045311488333262165
0.04660911940221341
0.04793574263685808
0.04929182307715784
0.05067783038684994
0.05209423890359226
0.053541527645790024
0.05502018032376671
0.05653068538320662
0.058073535995225155
0.05964923013568243
0.06125827052461203
0.06290116473793035
0.0645784251647388
0.06629056905151108
0.06803811852145614
0.06982160058382723
0.07164154718642546
0.07349849521324134
0.07539298648060706
0.07732556781216596
0.07929679101528934
0.08130721289646763
0.08335739533627969
0.08544790523738598
0.08757931457504597
0.08975220042256311
0.09196714494681639
0.09422473544661393
0.09652556434400446
0.09887022923119528
0.1012593328426249
0.10369348310734232
0.10617329315794383
0.1086993813130718
0.11127237113525536
0.11389289138523365
0.11656157609779415
0.1192790645410607
0.12204600126291505
0.12486303606195238
0.127730824025959
0.13065002552471328
0.13362130623679586
0.13664533712600663
0.13972279445030153
0.14285435980449018
0.14604072005445162
0.14928256741471022
0.15258059940064886
0.1559355188446448
0.15934803387807198
0.1628188579681652
0.16634870988500366
0.16993831370002171
0.17358839878451912
0.17729969981549504
0.1810729567578985
0.18490891484923733
0.18880832461422453
0.1927719418352374
0.19680052753953292
0.20089484801165997
0.20505567473959047
0.2092837844435158
0.21357995903463828
0.2179449855896021
0.22237965635794077
0.22688476874941657
0.2314611252678639
0.23610953351975353
0.2408308061911061
0.2456257610374383
0.2504952208167371
0.2554400132980241
0.2604609712103421
0.26555893224275423
0.27073473898873823
0.27598923890597077
0.28132328431732034
0.28673773234444255
0.29223344487699754
0.2978112885664444
0.303472134734439
0.30921685937593746
0.31504634310334106
0.32096147108145684
0.32696313303022817
0.33305222314318683
0.3392296400410318
0.3454962867495353
0.35185307061576093
0.3583009032791434
0.36484070061253066
0.3714733826839545
0.37819987366378793
0.38502110181096705
0.3919379993755563
0.3989515025778956
0.4060625515192332
0.41327209013232497
0.42058106611242296
0.42799043085223587
0.43550113938880475
0.4431141503123979
0.4508304257333707
0.4586509311599053
0.4665766354784
0.4746085108577712
0.4827475326535076
0.49099467938843133
0.49935093261355756
0.5078172768661418
0.5163946995929721
0.5250841910435016
0.5338867442074138
0.5428033547340689
0.5518350208283658
0.5609827431765164
0.5702475248606511
0.5796303712740433
0.5891322900084068
0.5987542907902221
0.6084973853718814
0.6183625874261851
0.62835091249508
0.6384633778338867
0.6487010023487422
0.6590648064997848
0.6695558121815021
0.6801750426328653
0.6909235223186707
0.7018022768545689
0.7128123328612229
0.723954717887973
0.735230460281268
0.746640589092443
0.7581861339495016
0.7698681249593085
0.7816875925660905
0.7936455674705097
0.8057430804769937
0.8179811623967969
0.8303608439194102
0.8428831554785104
0.8555491271531588
0.8683597885027199
0.881316168483948
0.8944192952953391
0.9076701962273162
0.9210698975795635
0.9346194244790657
0.9483198007741069
0.9621720488691896
0.9761771896163043
0.9903362421424
1.004650223719802
1.0191201496387385
1.033747033003161
1.0485318846531684
1.063475712960082
1.0785795236876783
1.093844319850689
1.1092711015420258
1.124860865764594
1.1406146062904157
1.1565333134912033
1.1726179741607416
1.1888695713558888
1.2052890842182122
1.2218774878053091
1.238635752935654
1.2555648459710123
1.2726657286702274
1.289939357996086
1.3073866859298813
1.3250086592981383
1.3428062195659527
1.3607803026529184
1.3789318387635763
1.397261752159529
1.4157709609932403
1.4344603770842455
1.453330905741408
1.4723834455531557
1.4916188881831747
1.5110381181736787
1.5306420127197546
1.5504314414967109
1.5704072664134459
1.5905703414318535
1.6109215123412928
1.6314616165509328
1.6521914828660864
1.6731119313040124
1.6942237728531215
1.7155278092692916
1.7370248328585314
1.75871562627851
1.780600962295155
1.8026816036031723
1.8249583025928213
1.847431801143005
1.8701028304272687
1.8929721106784632
1.9160403510013237
1.9393082491771019
1.962776491431085
1.9864457522723569
2.0103166942531248
2.0343899678326824
2.0586662111405873
2.0831460498064884
2.1078300967945496
2.1327189522087004
2.1578132031270623
2.1831134234456746
2.2086201737136646
2.2343340009654344
2.2602554385997653
2.2863850062159794
2.312723209486341
2.3392705400486915
2.3660274753525403
2.392994478575654
2.420171998517311
2.447560469489325
2.4751603112439273
2.502971928896195
2.5309957128636005
2.5592320387752783
2.5876812674794754
2.6163437449520717
2.6452198023031577
2.6743097557456332
2.703613906593967
2.7331325412576146
2.7628659312719286
2.7928143333089555
2.8229779892156652
2.8533571260591306
2.883951956197651
2.9147626773281643
2.9457894725771063
2.9770325105827014
3.008491945604687
3.040167917618521
3.072060552451172
3.1041699619108254
3.1364962438992134
3.1690394826018937
3.2017997486199414
3.234777099141239
3.2679715781362133
3.3013832165023147
3.3350120323117634
3.368858030969308
3.402921205433533
3.4372015364423896
3.471698992730531
3.5064135312430507
3.5413450974028393
3.576493625324074
3.6118590380586
3.647441247860682
3.6832401564453
3.7192556552202585
3.755487625574146
3.791935939133144
3.8286004580178354
3.865481035151893
3.9025775144688652
3.9398897312451977
3.9774175123605127
4.0151606765374135
4.0531190346692885
4.091292390059495
4.1296805387104385
4.16828326959651
4.207100364931703
4.24613160044416
4.28537674564999
4.324835564114418
4.364507813718028
4.404393246934173
4.444491611059842
4.484802648501881
4.525326097004017
4.5660616899225275
4.607009156450404
4.648168221884343
4.689538607831647
4.731120032467662
4.772912211234204
4.814914855196562
4.8571276740191935
4.899550374383289
4.9421826606292365
4.98502423496675
5.028074797686006
5.0713340473335204
5.114801680935941
5.158477394155944
5.20236088149145
5.246451836446165
5.290749951709559
5.335254919307298
5.379966430784576
5.424884177352199
5.470007850025985
5.515337139795434
5.560871737761009
5.6066113352654625
5.6525556240258945
5.698704296272774
5.745057044860401
5.7916135633982355
5.838373546356021
5.8853366891771115
5.93250268839651
5.979871241720182
6.0274420481330395
6.0752148080109025
6.123189223172008
6.17136499700597
6.219741834520575
6.2683194424358675
6.317097529266439
6.366075805381633
6.415253983067101
6.464631776608095
6.514208902340354
6.563985078706581
6.613960026317882
6.664133468004159
6.7145051288563105
6.765074736288049
6.8158420200594785
6.8668067123449905
6.917968547744934
6.969327263337991
7.020882598714816
7.0726342960088155
7.124582099913407
7.1767257577257
7.229065019370585
7.281599637411528
7.334329367078745
7.387253966299983
7.440373195704749
7.493686818635345
7.547194601179519
7.600896312179398
7.654791723223552
7.708880608679997
7.76316274569385
7.817637914198493
7.87230589691942
7.927166479379082
7.982219449895641
8.037464599597374
8.092901722423164
8.14853061509954
8.204351077173445
8.260362910982446
8.316565921674469
8.372959917188687
8.42954470826073
8.486320108403202
8.54328593393112
8.600442003914873
8.65778814020493
8.715324167409241
8.773049912891997
8.830965206750053
8.889069881831292
8.947363773694283
9.005846720615866
9.064518563578597
9.123379146250779
9.182428314988318
9.241665918812256
9.301091809395121
9.360705841052361
9.420507870733779
9.480497758003176
9.540675365024331
9.601040556552304
9.661593199912092
9.72233316499044
9.783260324227765
9.844374552578074
9.905675727519133
9.967163729035095
10.02883843958212
10.090699744094081
10.152747529954883
10.214981686986805
10.277402107436338
10.340008685953215
10.402801319585326
10.46577990773973
10.528944352199183
10.59229455706937
10.655830428800504
10.719551876140544
10.783458810144369
10.84755114412363
10.911828793668237
10.976291676604518
11.04093971299572
11.105772825101045
11.170790937399493
11.235993976529398
11.301381871303583
11.366954552683787
11.432711953758941
11.498654009733261
11.564780657914321
11.63109183769519
11.697587490530715
11.764267559930577
11.831131991444893
11.898180732643608
11.965413733094774
12.03283094436865
12.100432319999719
12.168217815484201
12.236187388263303
12.30434099770758
12.372678605094958
12.441200173615083
12.509905668325139
12.578795056160635
12.647868305911954
12.717125388196926
12.786566275470866
12.856190941993578
12.925999363818041
12.99599151878782
13.066167386504405
13.136526948322388
13.207070187342367
13.277797088382545
13.34870763797685
13.41980182435918
13.491079637440441
13.562541068805318
13.634186111696634
13.706014761001075
13.778027013232071
13.850222866524941
13.922602320619529
13.995165376843314
14.067912038102104