3.0344437478741533
3.3422481257878904
3.6652715756954226
4.0033830273614415
4.356469054680772
4.724433695538673
5.107186589096759
5.504660241992655
5.916791166069915
6.343526469659686
6.784823315930939
7.24064477438573
7.710961609118173
8.195751331844916
8.694998849094963
9.20869199563256
9.736826222811308
10.279401273484773
10.836423199459954
11.407901374123977
11.993852988795838
12.594296987959758
13.209261786278786
13.83877562668961
14.482876578189522
15.141605526829064
15.815009146526295
16.503141710118197
17.20605922684585
17.923825887169063
18.656511346897148
19.404190087624002
20.16694102497757
20.94485365525858
21.738016055254498
22.546527174675447
23.370488872997242
24.210008904243455
25.065200734097647
25.93618317971682
26.82308062811296
27.726020137259635
28.645136982973433
29.580566455955616
30.532451437296352
31.500943042443584
32.486192592099336
33.48834234447803
34.507579601980176
35.544041329755984
36.5979025868731
37.66933472348111
38.75850985509184
39.86560307106789
40.99079259418011
42.13426278562284
43.29619585497819
44.47677713754893
45.67619504491508
46.894639339010745
48.13230140699138
49.38937407341967
50.66605141421131
51.96252857260235
53.27900157739035
54.615667163737385
55.972722596743516
57.35036549805703
58.74879367576381
60.16820495777394
61.60879702895711
63.07076727223554
64.55431261389823
66.05962937331608
67.58691311734304
69.13635851955156
70.70815922459118
72.30250771784031
73.91959520057554
75.55961147086735
77.22274481038832
78.90918187733749
80.61910760566084
82.35270511072412
84.11015560164714
85.89163830038532
87.69733036778624
89.52740683665971
91.38204055206624
93.26140211884719
95.16565985658465
97.0949797619685
99.04952547870332
101.02945827499396
103.03493702862674
105.06611821969294
107.12315593095839
109.20620185586819
111.31540531420126
113.4509132753095
115.61287038893333
117.80141902354879
120.01669931216553
122.25884920553322