3.841505371745679
4.158758687828334
4.491561226562236
4.8397498137267
5.203156053838164
5.581734869028885
5.975297337229676
6.383779043459875
6.807096488763721
7.245181671446523
7.697975424863016
8.165429425815555
8.64750315384316
9.14416314023719
9.655384448261676
10.18114877004904
10.721445211044244
11.276266368297037
11.845613414969566
12.429493075904102
13.027916390362524
13.640902393980808
14.268473724506974
14.910659604050306
15.567495470941955
16.23901972441276
16.925283345247347
17.62633628772004
18.342234907508647
19.073044824376197
19.818835568165635
20.579682049726582
21.35566621819678
22.146875318104343
22.953400991352755
23.775343630212753
24.612805751244945
25.465897515936238
26.33473375089832
27.21943444610516
28.120125179240972
29.03693581825578
29.970002055359434
30.91946418456385
31.885466296828184
32.86815655513339
33.86768853625417
34.884219502703296
35.917909934915656
36.96892559386326
38.037431275498484
39.123603069014926
40.227613342625055
41.34963786408891
42.48985909481244
43.6484568275127
44.825618814511934
46.0215306407608
47.23638085929852
48.47036068166882
49.72366220979195
50.99647900021688
52.28900578117025
53.60143826815482
54.933972982034206
56.286807069876225
57.66013812872615
59.05416403261255
60.46908276298136
61.90509224278762
63.36239017447651
64.84117388208078
66.34164015765161
67.8639851122455
69.40840403169703
70.97509123737284
72.5642399521455
74.17604217177224
75.81068854190609
77.46836824091788
79.14926886874973
80.8535763419406
82.58147479505504
84.33314648864406
86.10877172390633
87.90852876420941
89.73259376358611
91.58114070235523
93.45434132994684
95.35236511504826
97.27537920318117
99.2235483817188
101.19703505245252
103.19599921174098
105.22059843825438
107.27098788834707
109.34732029906557
111.44974599876386
113.5784129253282
115.73346665196178
117.91505042049094
120.12330518215734
122.35836964579313
124.6203803333592