0.11004961108184647
0.15302176220998975
0.20925965879314526
0.2825481035240881
0.37813350150144714
0.5035346612548978
0.6682664911058951
0.8763062987695477
1.120722121926655
1.393854726956952
1.6911641946889269
2.010022849730751
2.3487967171728465
2.706398164534836
3.082070160321009
3.475258185685691
3.8855539176299203
4.312641078591244
4.756279049014994
5.216280130101501
5.692498642575929
6.184821314530903
6.69314415894255
7.217466906241975
7.757680787149516
8.313784436534293
8.885764377230396
9.473621403360227
10.077370638184325
10.697029783489763
11.332659886663238
11.984284529012792
12.651963928336478
13.335759516556102
14.03575923535632
14.752035957531943
15.484680459771708
16.233792844852353
16.999479418684736
17.781855468492473
18.581042625654728
19.39716997342454
20.230373615312676
21.08079647256499
21.948588080822525
22.833904385230383
23.736907533687837
24.657765667997367
25.596652712882953
26.553748162916257
27.52923686744524
28.523308813693284
29.5361589081968
30.567986756754365
31.618996443091834
32.6893963064183
33.779398718039594
34.889219857220844
36.019079486445214
37.1692007262095
38.3398098295308
39.531135956284
40.74341094752685
41.97686909994407
43.23174694056639
44.508283001914684
45.806717597720066
47.127292599426305
48.47025121360773
49.835837760550724
51.224297454188545
52.63587618362586
54.07082029650942
55.529376384501205
57.01179107115437
58.51831080248
60.0491816405321
61.60464906035667
63.1849577506281
64.79035141836387
66.42107259808921
68.07736246581314
69.75946065824137
71.46760509759291
73.20203182244163
74.96297482497083
76.750665895021
78.56533447135844
80.40720750050242
82.27650930349807
84.17346145100304
86.09828264698024
88.05118862137716
90.03239203202209
92.04210237605228
94.08052591110543
96.14786558648727
98.24432098451767
100.37008827219695
102.52536016334061
104.71032589126537
106.92517119209981
109.1700782987558
111.44522594555573