3.021726409772605
3.3331299548406097
3.6600683126723492
4.002431870887771
4.36013646385807
4.7330990311085355
5.121263303568516
5.524575578286206
NaN
6.376495000684487
6.825046443336211
7.288639472778287
7.767261625604242
8.260910159477028
8.769590289165725
9.29330955297761
9.83208753152462
10.385938801159005
10.954863595179482
11.538975522626268
12.138228296651713
12.752691784068636
13.38241269441599
14.027445789844053
14.687850111374683
15.363689221072246
16.05503656145897
16.76196854605108
17.484569568987123
18.222929416354496
18.977146082630288
19.747320720201316
20.53356493364673
21.33599373115934
22.15472884508361
22.989903167106277
23.841647719090624
24.71010632986502
25.59542601435309
26.49776134589603
27.417272346491668
28.354124509412635
29.308489417842512
30.2805439833681
31.270468807574122
32.278457367744416
33.304697414221486
34.34938617722081
35.41272746389803
36.49492697214808
37.596196018310735
38.71675543126792
39.8568079573266
41.016598634152324
42.196335192801214
43.396253578017216
44.61658516935422
45.85756515660603
47.11943111055565
48.40242296853924
49.70678281597504
51.03275466730812
52.38058424666054
53.750518768303074
55.14280671726256
56.557697630208885
57.9954418769002
59.456290442440476
60.940494710574676
62.448306248340295
63.97997659235126
65.53575703704226
67.1158984251948
68.72065094109938
70.35026390672645
72.00498558127461
73.6850629645058
75.39074160426642
77.12226540861127
78.87987646295782
80.6638148526984
82.47431849170853
84.31162295716483
86.1759613311214
88.06756404924339
89.98665875712133
91.93347017455966
93.90821996820642
95.9111266329069
97.9424053821034
100.00226804759097
102.09092298893675
104.20857501280815
106.35542530241263
108.5316713573156
110.73750694370993
112.97312205532656
115.23870288504719
117.5344318072974
119.86048737122957
122.21704430466734
124.60427352883475
127.02234218368581
129.4714136638187