0.6732187277822789
0.9213361421468445
1.186868887308115
1.4689699794103892
1.7671168708137368
2.08095346384877
2.4102212448657965
2.7547243729183806
3.1143100642191333
3.4888567061648814
3.878266225546633
4.282458960867027
4.701370092251512
5.134947086609297
5.583147832151294
6.045939257719969
6.523296303835812
7.015201155438686
7.5216426733632655
8.042615978954274
8.578122157693288
9.128168055526595
9.692766147079766
10.271934458906735
10.865696534193965
11.474081426029853
12.097123714086894
12.734863529550763
13.387346589049669
14.054624229076866
14.736753431526795
15.433796852188175
16.145822830124985
16.872905389978424
17.61512423052973
18.37256469961348
19.145317754948678
19.933479910863568
20.73715317113419
21.55644494837243
22.391467970575032
23.242340175566785
24.1091845941571
24.992129222849417
25.891306887029465
26.806855095503504
27.738915887270057
28.687635671431032
29.65316506096904
30.635658701313577
31.63527509432799
32.65217641846409
33.68652834574415
34.73849985615248
35.808263050015235
36.89599295887536
38.00186735537149
39.126066562532046
40.26877326291357
41.430172307995946
42.61045052813779
43.80979654347011
45.02840057605052
46.26645426352875
47.52415047468739
48.801683127059086
50.099247006922106
51.4170375919894
52.755250876837344
54.11408320165477
55.49373108424584
56.894391055681155
58.31625949981888
59.75953249690084
61.22440567148792
62.71107404493542
64.21973189266342
65.75057260641903
67.30378856177995
68.87957099108661
70.47810986203704
72.09959376212714
73.74420978916503
75.41214344799955
77.1035785537064
78.81869714135553
80.55767938253618
82.32070350880291
84.10794574217452
85.91958023280144
87.75577900394389
89.61671190433563
91.50254656804374
93.41344838189248
95.34958046051177
97.31110362906523
99.29817641368979
101.31095503967396
103.3495934373822
105.4142432559265
107.50505388456314
109.62217248180255
111.76574401219025
113.93591129070646