1.3430340948243755
1.6194029343952756
1.9108419434447705
2.2172394088094576
2.5384997657465993
2.874540894031928
3.2252921303328166
3.5906927492776504
3.9706907693074602
4.365241995668572
4.774309244973226
5.197861714756872
5.63587447293152
6.0883280492752
6.555208115277458
7.036505241504961
7.532214723040683
8.042336464538556
8.566874916905716
9.105839057980504
9.659242409773075
10.227103085200133
10.809443857571273
11.406292245834408
12.017680611139356
12.643646257490843
13.284231532482563
13.939483926397557
14.609456159386589
15.294206263735527
15.993797645186346
16.70829914197368
17.437785057052857
18.182335179061653
18.942034785432423
19.716974628573983
20.50725090536629
21.312965210458962
22.1342244740294
22.97114088478835
23.82383179915522
24.692419637570882
25.577031768932738
26.47780038420931
27.394862360226536
28.328359114620582
29.278436452940714
30.245244408796264
31.228937077950206
32.22967244713146
33.24761221843051
34.28292162984206
35.335769272800455
36.406326907167376
37.49476927432755
38.60127390887377
39.726020949397174
40.86919294878552
42.03097468447298
43.211552969026854
44.41111646138885
45.62985547916744
46.867961812233645
48.12562853796164
49.403049838390665
50.70042081957145
52.01793733336742
53.35579580200517
54.71419304555531
56.09332611258879
57.49339211444168
58.91458806302117
60.35711071263579
61.821156405975685
63.306920924496815
64.81459934345214
66.34438589177378
67.8964738170496
69.47105525579438
71.06832110924826
72.68846092489012
74.33166278389007
75.99811319467217
77.68799699278993
79.40149724728454
81.13879517369725
82.90007005388107
84.68549916278216
86.49525770229108
88.32951874231486
90.18845316916487
92.07222964135164
93.98101455288564
95.91497200413032
97.874263780284
99.85904933752016
101.86948579681048
103.9057279454643
105.9679282463668
108.05623685491499
110.17080164363958
112.31176823445688
114.4792800385419
116.6734783037327