5.285388443664484
5.317835632684803
5.371866722916969
5.447408895832232
5.544356633047059
5.662566807181505
5.801852676470801
5.961980470357722
6.142671439571415
6.343609181082287
6.564450089969509
6.804834608032738
7.064397632525277
7.3427772418073625
7.6396214794556
7.954593282024069
8.287373798796512
8.63766440412266
9.005187695319403
9.389687734614698
9.790929750221956
10.208699469103594
10.642802215057158
11.093061875365402
11.559319810923917
12.041433765538002
12.539276812726339
13.052736365700795
13.58171326626443
14.126120960733731
14.685884765328263
15.260941219269192
15.8512375208625
16.456731039844563
17.077388898189973
17.713187610702583
18.364112776873508
19.03015881552924
19.711328734319597
20.407633926752812
21.119093990174637
21.845736558991717
22.587597148113723
23.344719002506388
24.117152949401728
24.90495725043391
25.708197451588855
26.52694622936652
27.36128323205984
28.21129491542205
29.077074372341645
29.958721156412913
30.856341099470207
31.770046123370044
32.69995404638483
33.64618838466752
34.60887814932002
35.58815763960369
36.58416623285777
37.59704817169495
38.62695234899726
39.674032091258596
40.73844494076356
41.82035243704992
42.919919898111104
44.037316201709004
45.17271356719066
46.326287338121446
47.498215766056745
48.68867979571515
49.89786285184129
51.125950627971804
52.373130877332294
53.639593206088435
54.9255288691345
56.23113056860974
57.55659225533744
58.90210893334961
60.26787646769112
61.654091395661894
63.06095074168465
64.48865183613759
65.93739213760891
67.4073690598526
68.89877980309129
70.41182118956561
71.94668950390502
73.50358033839294
75.08268844332159
76.68420758261566
78.30833039492545
79.95524826036342
81.62515117307645
83.31822761981887
85.03466446472478
86.77464684042758
88.53835804568953
90.32597944970328
92.13769040320943
93.97366815654556
95.8340877847824
97.71912212001978
99.62894169097396
101.56371466992036
103.52360682708476
105.50878149251585
107.51939952550991
109.55561929160872
111.61759664719061
113.70548493163533
115.81943496712934
117.95959506599168
120.12611104555396
122.31912625053529
124.53878158284824
126.78521553877513
129.05856425344473
131.35896155252547
133.68653901103383
136.04142601918073