6.581133659012395
6.614068561593069
6.668915437222007
6.745606077352996
6.8440419880267545
6.964090238525533
7.105577960849946
7.268288376967219
7.451961215183225
7.656298002353094
7.88097073832718
8.125631937271919
8.389924428281061
8.67348995976407
8.975976200333706
9.29704208720336
9.636361667699761
9.993626663263315
10.368548003675588
10.76085656373951
11.170303304559345
11.596658987415099
12.039713595476057
12.499275569451163
12.975170938665764
13.467242408452787
13.975348448255252
14.49936241144967
15.039171707403616
15.594677038059503
16.165791705070166
16.752440988772
17.35456159686739
17.972101178400248
18.605017896909864
19.253280055944696
19.91686576969816
20.595762671558838
21.28996765368577
21.999486631267363
22.72433432568108
23.464534061523945
24.220117573188976
24.99112481728614
25.77760378801678
26.579610333053097
27.39720796814201
28.230467689087977
29.079467780184302
29.944293618498417
30.825037473760418
31.721798303744585
32.63468154530696
33.563798901313824
34.50926812382445
35.47121279396829
36.449762098959596
37.44505060677764
38.457218038960974
39.48640904205811
40.53277295815746
41.5964635949689
42.67763899587467
43.776461210330396
44.893096064981414
46.02771293582526
47.18048452170315
48.35158661942812
49.54119790075116
50.74949969144534
51.97667575266846
53.22291206483161
54.48839661414121
55.77331918197675
57.07787113729537
58.40224523217412
59.746635400707184
61.11123656133721
62.49624442285297
63.901855294133874
65.32826589785537
66.77567318827984
68.24427417331366
69.73426574126026
71.2458444911142
72.77920656912674
74.33454750941378
75.91206207983792
77.51194413322453
79.1343864640558
80.77958067082407
82.4477170242101
84.13898434129054
85.85356986590374
87.59165915538034
89.35343597376261
91.13908219168295
92.94877769304738
94.78270028864478
96.6410256368136
98.52392717127687
100.4315760362467
102.36414102888655
104.3217885492002
106.30468255742093
108.31298453893575
110.34685347679705
112.40644583181002
114.49191553024794
116.60341395915788
118.74108996921991
120.90508988521026
123.09555752392347
125.31263421955772
127.55645885649797
129.8271679094026
132.1248954905245
134.44977340417347
136.801931208219
139.1814962825377