10.13184149041274
10.165864879925843
10.222531712469396
10.301782858405838
10.403533462288873
10.527670113031537
10.674046615232838
10.842479791098876
11.032747620101528
11.244591014749178
11.477718927183876
11.73181556352048
12.006548374384288
12.301575804420313
12.61655418663901
12.951143501264683
13.305011944357744
13.67783938273327
14.069319835780462
14.4791631465298
14.907096001959127
15.352862447865071
15.816224023750634
16.29695962230992
16.79486515810755
17.30975311266031
17.84145200603821
18.389805835344642
18.954673505675576
19.535928273709764
20.1334572157463
20.74716072707752
21.37695205580377
22.022756871146026
22.684512864527814
23.362169380385655
24.055687072996566
24.76503758527313
25.490203245586958
26.231176778796115
26.987961028060827
27.76056868447339
28.54902202192984
29.35335263519776
30.173601179522695
31.009817110542027
31.86205842365382
32.73039139220366
33.61489030426433
34.515637197824724
35.43272159450401
36.366240231972725
37.31629679533631
38.28300164785723
39.26647156139186
40.26682944692962
41.28420408565901
42.31872986093436
43.37054649153151
44.4397987665409
45.52663628221821
46.63121318109044
47.7536878935669
48.89422288231374
50.05298438956713
51.230142187585464
52.42586933240158
53.64034192099573
54.873738852024985
56.126241590218214
57.398033934534574
58.689301790174184
60.000232944531184
61.33101684717864
62.6818443939698
64.05290771533812
65.44439996889528
66.85651513641164
68.28944782530563
69.74339307471428
71.21854616629076
72.71510243983226
74.23325711387736
75.77320511139803
77.33514089072904
78.91925828189102
80.5257503284421
82.15480913533644
83.8066257213811
85.4813898794786
87.17929004193095
88.90051315225006
90.64524454346976
92.41366782304928
94.2059647645258
96.0223152060534
97.8628969559475
99.72788570535744
101.61745494816658
103.53177590822158
105.47101747398743
107.43534614067464
109.42492595991655
111.4399184970428
113.48048279597286
115.54677535175581
117.6389500907502
119.75715835846881
121.9015489150087
124.07226793810463
126.26945903367137
128.49326325390544
130.74381912272824
133.02126266860404
135.32572746459965
137.65734467559577
140.01624311254628
142.40254929369164
144.81638751257756
147.25787991280245