3.547818306856734
3.579482340579129
3.6322030463278816
3.705899472672543
3.8004535215729858
3.915703616050775
4.0514382114845295
4.207394198944707
4.383262522377004
4.578699281602261
4.7933390657475226
5.026807837210417
5.278733861399423
5.548756146981593
5.836530448648772
6.141733164102942
6.464063545961126
6.8032446380708
7.159023291204069
7.531169546044662
7.919475607133013
8.32375457603939
8.743839066956319
9.179579792659727
9.630844181846138
10.097515068466942
10.579489478620836
11.076677529368386
11.589001445634333
12.11639469543831
12.65880123948619
13.21617488809614
13.788478756708468
14.375684809804005
14.977773482688898
15.594733370526843
16.226560973996794
16.87326049184454
17.534843651024865
18.211329566139373
18.90274462066407
19.609122363498066
20.33050341521715
21.066935379313147
21.81847275460689
22.585176845649404
23.367115668793375
24.164363852043248
24.977002527482036
25.80511921539271
26.648807699671707
27.508167894358788
28.383305701419825
29.274332860058305
30.18136678801947
31.10453041542422
32.04395201175911
32.99976500667856
33.97210780531093
34.96112359873373
35.96696017031063
36.98976969850949
38.029708556847154
39.08693711152052
40.161619517282254
41.2539235120601
42.36402021079024
43.49208389889958
44.63829182582753
45.8028239989658
46.985862978325606
48.18759367227681
49.40820313462673
50.647880363296956
51.90681610088389
53.18520263730961
54.483233614789405
55.80110383537318
57.139009071256844
58.49714587812368
59.87571141106785
61.27490324494677
62.694919197541964
64.13595715670417
65.59821491145769
67.08188998728785
68.58717948580647
70.11427992900828
71.66338710829126
73.2346959384855
74.82840031705442
76.44469298868675
78.08376541546754
79.74580765282444
81.43100823143345
83.13955404526301
84.8716302459386
86.62742014357998
88.40710511428976
90.21086451441477
92.03887560175049
93.89131346377069
95.76835095304665
97.67015862990915
99.59690471248348
101.54875503413976
103.52587300843639
105.52841960160436
107.55655331260502
109.61043016074822
111.69020368097611
113.79602492667064
115.92804248007434
118.08640247024003
120.27124859849025
122.48272217132248
124.72096214069656
126.98610515165421
129.27828559715394
131.5976356800733