29.724371387388725
29.761986079759367
29.824651778829224
29.91232996071233
30.02496596104967
30.162488096174457
30.3248062513303
30.511809826556192
30.723365345132418
30.959314445894343
31.219472982662005
31.503631593546757
31.811557685486356
32.142998507901375
32.497684895004895
32.87533528528003
33.275659713711725
33.69836357122951
34.14315101280594
34.60972796162556
35.097804701783744
35.607098079418826
36.13733334673404
36.68824568897669
37.25958147468487
37.85109926663801
38.4625706267349
39.09378074338307
39.744528905757676
40.41462884526587
41.10390896148853
41.812212447204615
42.53939732500471
43.28533640640219
44.04991718302829
44.83304165850451
45.634626128691515
46.45460091738521
47.29291007384063
48.14951103801668
49.02437427888889
49.917482910710476
50.828832291671034
51.75842960890622
52.706293453461946
53.67245338839607
54.65694951279025
55.65983202415342
56.681160781307284
57.72100486959234
58.77944216991609
59.85655893292104
60.952449359339745
62.06721518736998
63.200965287748
64.35381526703357
65.52588707946498
66.71730864767719
67.92821349239958
69.1587403712509
70.40903292662436
71.67923934261663
72.96951201094019
74.28000720568136
75.61088476678218
76.9623077920977
78.33444233786796
79.72745712745592
81.1415232681903
82.57681397617513
84.03350430893722
85.51177090578739
87.01179173579092
88.53374585326263
90.07781316072716
91.6441741792645
93.2330098262563
94.84450120045727
96.47882937444258
98.13617519441158
99.81671908739611
101.52064087590426
103.24811960004773
104.99933334722793
106.77445908942671
108.57367252818915
110.39714794735941
112.24505807365719
114.11757394515666
116.01486478774339
117.93709789961589
119.88443854389494
121.8570498493772
123.85509271949323
125.87872574949357
127.92810515187996
130.00338469009552
132.1047156204595
134.23224664234624
136.38612385654346
138.56649073179537
140.77348807991098
143.0072540368916
145.26792405488277
147.55563090018984
149.8705046593307
152.21267275271776
154.58225995580162
156.9793884275332
159.40417774597813
161.85674495093886
164.33720459343547
166.8456687918231
169.3822472944545
171.947047548595
174.54017477561084
177.1617320520263
179.81182039643613
182.49053886204723
185.1979846346974