-0.89877878075905E+00
-0.11235606734888E+00
-0.33295002715941E-01
-0.14048885443658E-01
-0.71947029329391E-02
-0.41647883454127E-02
-0.26236127944554E-02
-0.17582979304367E-02
-0.12354551114305E-02
-0.90109285177898E-03
-0.67737582104159E-03
-0.52206509767117E-03
-0.41088229084628E-03
-0.32921445389459E-03
-0.26786857526945E-03
-0.22089944373725E-03
-0.18432819026393E-03
-0.15542873043420E-03
-0.13228954398704E-03
-0.11354338455010E-03
-0.98194836158019E-04
-0.85507270955367E-04
-0.74927939581009E-04
-0.66035948325786E-04
-0.58508084597281E-04
-0.52091698306673E-04
-0.46589256755346E-04
-0.41843448955481E-04
                  NaN
-0.34142556990898E-04
-0.31003449177614E-04
-0.28243528699609E-04
-0.25807128460900E-04
-0.23647842883469E-04
-0.21728009895273E-04
-0.20014689568642E-04
-0.18481275045369E-04
-0.17103914238562E-04
-0.15863706306997E-04
-0.14743984693511E-04
-0.13730328331816E-04
-0.12810439357888E-04
-0.11973677726986E-04
-0.11210831151045E-04
-0.10513877698044E-04
-0.98758269376781E-05
-0.92905535955278E-05
-0.87526780767031E-05
-0.82574797392813E-05
-0.78007831230122E-05
-0.73788923584845E-05
-0.69885258900050E-05
-0.66267967465331E-05
-0.62910040563497E-05
-0.59791207508917E-05
-0.56886961194145E-05
-0.54181338758627E-05
-0.51656195675297E-05
-0.49297264725680E-05
-0.47090783161876E-05
-0.45024456434384E-05
-0.43087248811335E-05
-0.41269085216757E-05
-0.39560811773380E-05
-0.37954143939501E-05
-0.36441515780412E-05
-0.35016099571691E-05
-0.33671456088683E-05
-0.32401939611783E-05
-0.31202250177749E-05
-0.30067541091343E-05
-0.28993341879102E-05
-0.27975596828359E-05
-0.27010538028687E-05
-0.26094687074805E-05
-0.25224711086746E-05
-0.24398321527311E-05
-0.23611491834206E-05
-0.22862372549743E-05
-0.22150033856265E-05
-0.21470021153502E-05
-0.20820918606408E-05
-0.20201493538231E-05
-0.19609716991291E-05
-0.19043879334251E-05
-0.18502488333622E-05
                  NaN
-0.17487493784443E-05
-0.17011253737957E-05
-0.16554357788727E-05
-0.16115708357649E-05
-0.15694184079521E-05
-0.15288745795072E-05
-0.14898949788707E-05
                  NaN
-0.14162163435221E-05
                  NaN
-0.13477376523270E-05
                  NaN
                  NaN
-0.12536085455037E-05
-0.12243062278757E-05
                  NaN
-0.11685676138388E-05
                  NaN
-0.11165905191458E-05
-0.10914243241697E-05
                  NaN
                  NaN
-0.10210993986549E-05
                  NaN
-0.97766961993477E-06
-0.95691544850019E-06
-0.93676947409198E-06
-0.91721165614282E-06
-0.89822198718992E-06
-0.87978130092173E-06
-0.86187118324289E-06
-0.84447390201078E-06
-0.82757235239877E-06
