-0.18548536063921E-30
-0.18548536063921E-30
-0.18548536063921E-30
-0.18548536063921E-30
-0.18548536063921E-30
-0.18548536063921E-30
-0.18548536063921E-30
-0.18548536063921E-30
-0.18548536063921E-30
-0.18548536063921E-30
-0.18548536063921E-30
-0.18548536063921E-30
-0.18548536063921E-30
-0.18548536063921E-30
-0.18548536063921E-30
-0.18548536063921E-30
-0.18548536063921E-30
-0.18548536063921E-30
-0.18548536063921E-30
-0.19611148031989E-15
 0.19473062138816E-15
-0.20136598753828E-15
-0.39316576960567E-15
-0.30691372399007E-15
-0.18157556329463E-15
-0.39754646163330E-15
 0.78792476751606E-16
-0.15537354269501E-16
 0.17555973387334E-15
 0.16720729071519E-14
 0.25810964323440E-14
 0.41772609776578E-14
 0.82502145289525E-14
 0.14323161400859E-13
 0.23436972618420E-13
 0.39223630783873E-13
 0.63005533935292E-13
 0.98048832592648E-13
 0.14950360336801E-12
 0.22220552454729E-12
 0.32226273902058E-12
 0.45574252254983E-12
 0.63942026543135E-12
 0.88280027540072E-12
 0.12003189907658E-11
 0.16080537222525E-11
 0.21284828095800E-11
 0.27782616184344E-11
 0.35865407789187E-11
 0.45818975725697E-11
 0.57933676279774E-11
 0.72571030056938E-11
 0.90101179641154E-11
 0.11088270106918E-10
 0.13538068690909E-10
 0.16409702972218E-10
 0.19741391155740E-10
 0.23597336884948E-10
 0.28021879467532E-10
 0.33075459662417E-10
 0.38819246058532E-10
 0.45313854845846E-10
 0.52618769118872E-10
 0.60798360654232E-10
 0.69923893551535E-10
 0.80058963778978E-10
 0.91273646431553E-10
 0.10363818474791E-09
 0.11722397007315E-09
 0.13210489640561E-09
 0.14835010526389E-09
 0.16603873949363E-09
 0.18523780987512E-09
 0.20602800584604E-09
 0.22848504488338E-09
 0.25267782588720E-09
 0.27868965742195E-09
 0.30659340022099E-09
 0.33646978152694E-09
 0.36839811019245E-09
 0.40245696270802E-09
 0.43871776437725E-09
 0.47727075523213E-09
 0.51819324796215E-09
 0.56156949655074E-09
 0.60748107680647E-09
 0.65601386151465E-09
 0.70724859745924E-09
 0.76127840054533E-09
 0.81818055312227E-09
 0.87804931659031E-09
 0.94097155333329E-09
 0.10070333946540E-08
 0.10763258929229E-08
 0.11489427020523E-08
 0.12249570435160E-08
 0.13044672942485E-08
 0.13875610004890E-08
 0.14743229642893E-08
 0.15648326916146E-08
 0.16591697470768E-08
 0.17574190172964E-08
 0.18596477762565E-08
 0.19659312058154E-08
 0.20763327190657E-08
 0.21909196384293E-08
 0.23097354157103E-08
 0.24328392595260E-08
 0.25602691536670E-08
 0.26920610152677E-08
 0.28282437404282E-08
 0.29688380161050E-08
 0.31138592450074E-08
 0.32637679770368E-08
 0.34171748399258E-08
 0.35754585550485E-08
 0.37381331036014E-08
 0.39051701135960E-08
 0.40765359355340E-08
 0.42521776200995E-08
