44.059615776267265
44.120651288600016
44.196917892048305
44.303639330808245
44.44076269520962
44.60821885261418
44.80592233680816
45.033767120299835
45.29162697674546
45.57935167938062
45.89676884021942
46.24367578422373
46.61984862350766
47.02504131809097
47.45898753652813
47.92140590596166
48.41200367191945
48.930475943693224
49.47653436959968
50.049861541433046
50.6501641293049
51.277151618205714
51.930543730962654
52.61006569933923
53.31548469807867
54.04654312139717
54.803031473439226
55.58474854735621
56.39151580824387
57.223173177143245
58.079581457770225
58.960627505564624
59.86621283155562
60.7962778915829
61.75071799675812
62.72955384923818
63.73275047939571
64.76031295549419
65.81226743470874
66.88865757722293
67.98954229448455
69.11500171253977
70.26513010300422
71.44003799931188
72.63985389036911
73.86471644114762
75.11478572583339
76.39022677832733
77.69122782849206
79.01798484480294
80.37070180099515
81.74960298355924
83.15491792896938
84.58688802779491
86.04577205630414
87.53182632900229
89.04532293040593
90.58654963075747
92.15579084776046
93.75334429486124
95.37952440693262
97.03462647946212
98.71900049018147
100.43294700929447
102.17681431412956
103.951083167753
105.75566018449469
107.59133665192755
109.45832021765894
111.35696926275753
113.28765079721957
115.25073169892887
117.24657818118327
119.27556425681793
121.33806611547753
123.43445925568018
125.56512459936407
127.73043850782977
129.93078072124266
132.16652224816642
134.43806471416747
136.74575925642316
139.08999344426496
141.4711410204329
143.88956685143904
146.34563977110022
148.83972689500837
151.37217879864815
153.94335454808515
156.55359942248614
159.20325350125356
161.89264866757298
164.6221276303994
167.39197886307508
170.2025321720265
173.05408463201252
175.94692627642897
178.88132572913997
181.85757856806268
184.87591533180444
187.93659256087273
191.03983687233315
194.1858677202521
197.3748922933346
200.60710313996591
203.88267675400792
207.20176808894644
210.56452664942174
213.9710819992376
217.42154785001614
220.91602147515607
224.45458345039813
228.03729743668788
231.66421001040987
235.3353505471368
239.05073116621878
242.81034674486702
246.61417501178082
250.46217673171225
254.35429599362354