0.
0.
0.
0.
0.
4.716618457604946e-12
4.133247227322229e-11
8.859795407995817e-10
9.951444337854647e-9
7.087811502088982e-8
3.6153550733849046e-7
1.432963549140337e-6
4.670982567475313e-6
0.000013042705152273552
0.000032148697928842816
0.0000715537944462771
0.000146332270679228
0.0002787413657998629
0.0004999347419095851
0.0008516378220744356
0.0013877253662649934
0.0021756638639223
0.0032978019140069035
0.0048525093851711715
0.006955179444718321
0.009739116333064788
0.013356336199505233
0.01797834186351775
0.02379667158947364
0.031023924844531533
0.03989414890669549
0.050663731568515995
0.06361212376598376
0.07904261671279042
0.09728313145195634
0.11868700510942487
0.14363375228251304
0.17252977515660953
0.20580899232586444
0.2439333538465597
0.28739320931146295
0.3367074896269378
0.39242368228917435
0.45511755081899524
0.5253925747937415
0.6038790754601864
0.6912330073512853
0.7881343451801973
0.8952850574589836
1.0134068531979383
1.1432368050853576
1.285526281007632
1.4410339042776208
1.610521634118508
1.7947483658458225
1.9944628343372677
2.2103955712204217
2.4432500402622814
2.6936932295624945
2.962346164171275
3.2497749834732317
3.5564833523666004
3.8829069906086726
4.229410959823067
4.596290060906732
4.983772308957511
5.392025068169594
5.821163138413301
6.271257949164188
6.742347039271385
7.234443144029595
7.747542415056727
8.281631505520195
8.836693428336538
9.412712220855935
10.009676527188045
10.627582247165392
11.266434410560612
11.926248427373986
12.607050848175184
13.308879747951732
14.03178482649068
14.775827299571192
15.541079639276216
16.327625208268497
17.1355578221914
18.18815149965312
18.816008782123465
19.688762547736463
20.583373145614072
21.499979041311732
22.43872606826944
23.399766925269205
24.383260688303512
25.38937233810211
26.418272303994154
27.470136024385283
28.545143523799947
29.643479006211702
30.765330464355163
31.910889304539726
33.080349986564805
34.27390967835089
35.49176792435544
36.734126328421894
38.00118824960752
39.29315851124951
40.610243122859714
41.95264901461419
43.32058378429133
44.714255456431395
46.133872253680565
47.57964238021029
49.05177381713218
50.55047412993479
52.075950287529025
53.62840849514954
55.2080540355216
56.81509112587556
58.4497227851325