 0.13960983668529E-07
 0.13922265849236E-07
 0.13761939869422E-07
 0.13901746860396E-07
 0.12367632657534E-07
 0.14383134980988E-07
 0.16503360088179E-07
 0.13703611803381E-07
 0.13704538221772E-07
 0.13365088031619E-07
 0.13439339438518E-07
 0.13523798104326E-07
 0.25388736586348E-07
 0.13138621206919E-07
 0.13009842429311E-07
 0.12857203664136E-07
 0.12709567338396E-07
 0.15555073463557E-07
 0.61812170765654E-08
 0.12143680817711E-07
 0.13348897040926E-07
 0.11252416320554E-07
 0.11468935398290E-07
 0.11407459236828E-07
 0.15172098077795E-07
 0.10350961749053E-07
 0.11512162939917E-07
 0.26473714677505E-07
 0.31139104685541E-07
-0.19954288811070E-07
 0.88513919312564E-08
-0.16314500899746E-07
 0.29731498981461E-07
 0.79369763275127E-08
 0.11627259701701E-07
 0.83480579179453E-08
 0.77814051359635E-08
 0.77859611723759E-08
 0.74051600894658E-08
 0.11150178351054E-07
 0.70791533984612E-08
 0.70700777198458E-08
 0.68611065858017E-08
 0.85356157076826E-08
 0.27902122712694E-08
 0.67195015470917E-08
 0.13229218201525E-07
-0.37279937025150E-08
 0.22948523122298E-07
 0.54288855335610E-08
 0.51173818390401E-08
 0.49799441957063E-08
 0.47019377210203E-08
 0.47953503381959E-08
 0.36418640568875E-08
 0.16212376026886E-08
 0.40548457706280E-08
 0.36045631328437E-08
 0.23665343001635E-08
 0.38180528868029E-08
 0.35119102350058E-08
 0.33523361022217E-08
 0.52789074261737E-08
 0.32813104017893E-08
 0.14483453799664E-07
 0.43279341198004E-07
 0.15399814219671E-09
-0.30926364309987E-07
 0.28045606912767E-07
 0.96422928222879E-07
-0.29817054910670E-07
-0.55287948255156E-07
 0.86957736950617E-08
 0.34506195059344E-08
 0.18350586074359E-08
 0.17082028255723E-08
 0.16262852023093E-08
 0.16803501985345E-08
 0.21626283494700E-08
 0.31899875208946E-08
 0.62016605623057E-09
-0.31815662146115E-09
 0.21188556199231E-08
-0.13990795975331E-08
 0.28995831579610E-08
 0.55913662337198E-09
 0.36830957154354E-08
 0.24346078801577E-09
 0.17041406473723E-08
-0.56515715618380E-11
 0.84978068873698E-09
 0.70874125418982E-09
 0.17132114923492E-09
-0.13476460068140E-08
 0.23292294923240E-10
 0.64847029589671E-09
-0.12826890853077E-08
 0.18754616206025E-08
 0.30964991884299E-08
 0.94440828794097E-09
-0.32582622595684E-08
 0.18363974405224E-08
-0.21905744276588E-08
 0.15009489033948E-08
-0.81022007244875E-09
-0.17794985150422E-08
 0.26061309324951E-09
-0.34834256221520E-09
-0.14595846791318E-07
-0.46335187497302E-09
-0.68290557360724E-09
 0.30932912053615E-09
 0.78705408792781E-09
-0.17932085387433E-09
-0.82664920018993E-09
 0.15684101157531E-09
-0.74829196793364E-09
 0.80067235393069E-10
-0.10067144971765E-08
-0.44114276597368E-09
