26.44676370037527
26.489249560141424
26.56002854442255
26.659056414401086
26.786266778568855
26.94157412344762
27.1248699744076
27.336020298786483
27.574862480452996
27.841202619560452
28.134816300021505
28.455450446942297
28.802826500489868
29.176645761663824
29.57659497479584
30.002350006646353
30.45358532863498
30.929971769937065
31.43118719346393
31.956914908484414
32.50685225277507
33.080704677135586
33.67822524949394
34.29906105878838
34.943060518501056
35.609964934459654
36.29956941923286
37.01168694713212
37.74614943441131
38.50280490833252
39.281537827896734
40.082232462348635
40.90480197592586
41.749181135815896
42.61532171623963
43.5031940500773
44.41279106187818
45.34411912565786
46.29720413664762
47.27209077135482
48.26884224730873
49.28753231460687
50.32825429473114
51.3911183095605
52.476246325129004
53.5837719311077
54.71385859404013
55.86665965281637
57.04232827428184
58.24113141395055
59.46319549160567
60.70877220696677
61.97806477458758
63.27131577450684
64.58877135636143
65.93068708323224
67.2973235594888
68.68895620101863
70.10586350738399
71.54845548555527
73.01668143557147
74.51119086644253
76.03218299072432
77.57997618000556
79.15489816391911
80.75727870200875
82.38745391538546
84.04577212899416
85.7325778927441
87.44822608482806
89.19307297997989
90.96748273409356
92.7718074519768
94.60645049505537
96.47175700111588
98.36810429929257
100.29587405059843
102.25544006528365
104.24719810975249
106.27151586775824
108.32878256465057
110.41938117082907
112.54369331692993
114.70210538115035
116.8949940953964
119.12274879355063
121.38573904500483
123.68434721371942
126.01895084618607
128.38991034976726
130.79760050272492
133.24238126103856
135.7246102054894
138.24464525523447
140.80282606231728
143.39950277008967
146.03500089172903
148.70965426671515
151.4237803338319
154.1776893084429
156.97168475234744
159.806065062442
162.6811103020214
165.59709649522063
168.55428800077237
171.55293843115905
174.59329025911757
177.675574440959
180.80001005766505
183.96680397462987
187.17615052082235
190.42823118810628
193.72321435140003
197.0612550103597
200.44249455334918
203.8670605445482
207.33506653528383
210.84661190092103
214.401781705063
218.00064659328828