35.80639753124055
35.850763830806486
35.924680761582344
36.028108155630434
36.16098820849407
36.32324552577193
36.514785334863326
36.7354919065697
36.98522453300591
37.26381678551483
37.571074466318095
37.90677584056487
38.270676903523075
38.66255027880843
39.081976969419365
39.52879260164151
40.00264009634385
40.50320722995745
41.030179637324544
41.58324576735703
42.162101790415754
42.766452209390415
43.39601214531703
44.050515470556874
44.729978509535705
45.43335177167856
46.1612320352645
46.91314731377537
47.68892008013235
48.48839349070666
49.311428410858895
50.15790975547229
51.02774184478005
51.92084777811213
52.83717522275124
53.77668866195517
54.73937315795272
55.72523195735794
56.73429043572784
57.76658781918846
58.82218358825131
59.90115389314913
61.003591939102634
62.129605271251485
63.27931825229153
64.45286931808772
65.65041207714765
66.87211338467338
68.11814741344904
69.38872278498843
70.6840286981765
72.00428792796016
73.34971817485076
74.72058212905446
76.1171135068427
77.53956648071882
78.98821846950918
80.46334315607517
81.96522695145018
83.49416556031892
85.05046075903202
86.63440501112348
88.24637143368251
89.88662478308885
91.55552191181914
93.25339117920407
94.98057833774168
96.73743238103373
98.52430413341416
100.34154830826323
102.18953542941424
104.06861877444297
105.97917615233484
107.92157696011536
109.89619276097137
111.90340490135812
113.9436016733293
116.01712259528708
118.12439411345018
120.26577861625839
122.44166118466129
124.65241942793472
126.8984341210379
129.18009075650144
131.4977564410446
133.85181078450464
136.24262480595857
138.67056601567677
141.1360004240087
143.63928346302876
146.1807743440594
148.76082004523516
151.37976343581826
154.03793953227523
156.73567626220427
159.4732945813115
162.25111582195998
165.06943485444205
167.92854557859354
170.82873333583353
173.77027728941752
176.7534343992971
179.77846235400352
182.84559516282806
185.95506126870163
189.1070767607652
192.3018427145158
195.53954705701508
198.82036378723333
202.14445263210612
205.51195872746837
208.92301232536715
212.37772852950667
215.87620706091647
219.41853205638867
223.00477190285278
226.6349791115538
230.30919023685402
234.027425845418
237.78969054279457