30.11248202795251
30.162709970772887
30.22546553971119
30.313276957616026
30.42606860107439
30.56379049491847
30.72634598664508
30.913625292196198
31.125495870182764
31.361800317518405
31.622355988382715
31.906954868263462
32.215365424529644
32.54733670599675
32.90260068166906
33.280876426661614
33.68187642575384
34.10530570206357
34.55087487479073
35.01827307430275
35.507228690010116
36.01745306996116
36.54867084196657
37.10061741111091
37.67303866504657
38.26569356707208
38.878352957410364
39.51080094897442
40.16283902678223
40.8342774616174
41.524945523524785
42.234686243784964
42.96335668843446
43.710829599579135
44.47700411218122
45.261745034428095
46.065006388037006
46.88670240243714
47.72678029404182
48.585196579392864
49.46191986558402
50.35693536875728
51.27023582341718
52.20182431417014
53.15173432589225
54.119982090430106
55.10660826358644
56.11166682714949
57.135215271108564
58.17732312503714
59.238068003503585
60.31713681544037
61.415820265631865
62.533025080602584
63.66925876308203
64.82463431773532
65.99927441645757
67.19330300420415
68.40684032421916
69.64009144216448
70.89312400414757
72.1661129078428
73.45920957368908
74.77257173790196
76.1063569819087
77.46072964302171
78.83585652236896
80.2318997210811
81.6490448833724
83.08745047994944
84.54729534456987
86.02875949709538
87.53201554370253
89.05724501271696
90.60462677808289
92.17433227979085
93.76657154596586
95.38149436200646
97.01929275820982
98.68014449256412
100.36423481305788
102.07173894583809
103.80283654802784
105.55770407411788
107.33652120275715
109.13946327599928
110.96669773491331
112.81840676366342
114.69475157828965
116.59590824783139
118.52203946899155
120.47330894862327
122.44988511466998
124.45191808117876
126.4795809294213
128.53301768659307
130.612383939747
132.71783210860303
134.84950989219294
137.00756203364188
139.19213310366985
141.40336190828603
143.6413866012899
145.90634211032625
148.19836067941662
150.51757187300865
152.8641025902568
155.23807708675585
157.63961700357393
160.06884140343377
162.525866813917
165.01080727738403
167.5237744077
170.0648774533272
172.63422336676862
175.2319168801302
177.85806058664977
180.5127550279973
183.19609878719373
185.90818858697187