3.971889227456797e-12
3.971889227456797e-12
3.971889227456797e-12
3.971889227456797e-12
3.971889227456797e-12
3.971889227456797e-12
3.971889227456797e-12
3.971889227456797e-12
7.943778454913594e-12
7.943778454913594e-12
1.1915667682370391e-11
7.943778454913594e-12
1.1915667682370391e-11
7.943778454913594e-12
1.216391075908644e-11
1.4025733834456814e-11
2.0107689214000035e-11
6.901157532706185e-11
2.384374751857658e-10
8.257805946959397e-10
2.572667125546782e-9
7.333596972345543e-9
1.918918983015065e-8
4.658281334576675e-8
1.0582726481943561e-7
2.2662321480023397e-7
4.6041159364526164e-7
8.922609594912664e-7
1.6573522038855115e-6
2.9628991601890327e-6
5.116364532283878e-6
8.561021584163447e-6
0.000013919356835343991
0.000022045101561501217
0.000034084283455542446
0.00005154555413948336
0.00007637986625532307
0.00011106945321697609
0.0001587258342116229
0.00022319637787761645
0.0003091789023555112
0.0004223437378983429
0.0005694622657714151
0.0007585414727024428
0.0009989632576971553
0.0013016281284131052
0.0016791019102114543
0.0021457651744634237
0.0027179642152729334
0.0034141630641035467
0.004255095912517031
0.005263919218526122
0.006466363178810341
0.00789088199658053
0.009568802803221189
0.011534472688444668
0.013825403897914996
0.016482416937189576
0.01954978146604927
0.023075354968446392
0.027110719232700503
0.03171131447884637
0.03693657127078476
0.042850040190025494
0.049519519136971356
0.057017178299958296
0.065419682693003
0.07480831212609634
0.08526907834453293
0.09689283918982003
0.1097754094385978
0.12401766797339565
0.13972566089796554
0.1570107001327295
0.1759894569308014
0.1967840499517758
0.21952212726609774
0.2443369416344032
0.27136741879186654
0.30075821797346197
0.33265978435183824
0.3672283928224324
0.404626182947903
0.4450211845738367
0.48858733394369597
0.5355044802025392
0.5859583822003948
0.6401406955899513
0.6982489504823224
0.760486519618436
0.8270625777335057
0.8981920521556641
0.9740955653820029
1.0549993700910176
1.1411352772555083
1.2327405780510177
1.3300579603386677
1.433335420588764
1.5428261719635845
1.6587885496316355
1.781485914066671
1.9111865533141463
2.048163585183693
2.192694860107134
2.3450628657286177
2.505554633965263
2.6744616512114323
2.8520797725826648
3.0387091406837152
3.2346541094365313
3.440223173370818
3.6557289026418225
3.881487883858616
4.117820666582498
4.365051715288982
4.623509366202298
4.893525788221557
5.175436946872878
5.46958256992065
5.776306112906301