0.00434882000582454
0.0045623784315201536
0.004784227079860776
0.0050145989825803585
0.005253731084964949
0.005501864242873789
0.005759243246818883
0.006026116842941542
0.006302737751134127
0.0065893626836582815
0.006886252357681204
0.0071936715171210435
0.00751188895188573
0.007841177514132906
0.008181814140860038
0.00853407987649454
0.008898259866191213
0.00927464340833565
0.0096635239739072
0.010065199183516484
0.010479970877285815
0.010908145125771903
0.011350032188757497
0.011805946665562568
0.012276207359379475
0.012761137431680147
0.013261064339907081
0.013776319916042274
0.014307240317703326
0.014854166144693584
0.015417442385257498
0.015997418465481004
0.0165944482866521
0.017208890213965794
0.017841107154348303
0.018491466524806058
0.019160340297357706
0.019848105066928592
0.020555141995744312
0.02128183690269821
0.02202858026161368
0.022795767251761644
0.02358379774172474
0.02439307636250491
0.02522401250504097
0.026077020353473184
0.026952518932681812
0.02785093210977657
0.028772688633194907
0.02971822214449357
0.030687971264613038
0.031682379544849565
0.03270189554889946
0.033746972867877846
0.03481807012789003
0.03591565106797987
0.037040184534420144
0.03819214451906612
0.03937201016096917
0.040580265832268814
0.041817401160782884
0.04308391098582024
0.04438029548366765
0.045707060149592166
0.047064715829119745
0.048453778753037545
0.0498747705726444
0.0513282183945049
0.052814654812348594
0.05433461790210513
0.05588865127527653
0.05747730416060916
0.059101131319318705
0.06076069319825617
0.06245655586188926
0.0641892910772015
0.06595947632759391
0.06776769483584738
0.06961453558298926
0.07150059337718075
0.07342646883472627
0.07539276841122808
0.07740010449418085
0.07944909530901166
0.08154036505238661
0.08367454389096951
0.08585226794354844
0.08807417934334473
0.09034092625278344
0.09265316290308814
0.09501154955952686
0.09741675262406058
0.0998694445892942
0.10237030409110402
0.10492001592800076
0.10751927105231683
0.11016876662270984
0.11286920598839913
0.11562129874750283
0.11842576070620203
0.12128331393124402
0.12419468676272688
0.12716061380652813
0.13018183594671673
0.1332591003813003
0.1363931605956628
0.13958477638006608
0.1428347138734644
0.1461437454834462
0.14951264998416605
0.15294221247203316
0.15643322434386603
0.1599864833565949
0.16360279356755936
0.1672829653748477
0.17102781547534393
0.17483816688657322
0.17871484892696646
0.18265869721933573
0.18667055366257457
0.19075126641428097
0.19490168992216014
0.19912268484979978
0.20341511808833757
0.207779862760433
0.21221779814157432
0.21672980970960307
0.22131678904603747
0.22597963388423148
0.2307192480208763
0.23553654132580573
0.24043242970600126
0.24540783503931085
0.25046368520610013
0.25560091397940465
0.260820461045162
0.26612327192389074
0.2715102979584026
0.2769824962446668
0.28254082960140015
0.2881862665356854
0.2939197811471496
0.2997423531370247
0.30565496771418765
0.31165861555122154
0.31775429271949973
0.3239430006660995
0.3302257461028373
0.3366035409726318
0.34307740237304496
0.349648352508992
0.3563174186066006
0.3630856328430827
0.3699540322676687
0.3769236587565516
0.38399555890167403
0.3911707839620725
0.3984503897417419
0.4058354365713897
0.41332698914422306
0.42092611649931644
0.42863389189587675
0.43645139272710276
0.4443797004468295
0.4524199004291465
0.4605730819415878
0.4688403379723547
0.4772227651805429
0.4857214637730141
0.4943375374116772
0.5030720930892424
0.51192624102347
0.5209010945714021
0.5299977700789277
0.5392173867910423
0.5485610667328157
0.5580299345729823
0.5676251175292367
0.577347745208861
0.5871989495265568
0.5971798645445766
0.6072916263509606
0.6175353729326842
0.6279122440383801
0.6384233810437899
0.6490699268025706
0.6598530255126154
0.6707738225964005
0.6818334645031356
0.6930330986136868
0.7043738730531525
0.7158569365584265
0.7274834383239146
0.7392545278291297
0.7511713546805608
0.7632350684712923
0.7754468185933311
0.7878077540684301
0.8003190234114295
0.8129817743983982
0.8257971539368025
0.838766307890371
0.8518903808620052
0.8651705160316776
0.8786078549706215
0.8922035374539072
0.9059587012319347
0.9198744818847145
0.9339520126058968
0.9481924239584995
0.9625968437453258
0.9771663967269604
0.9919022044405512
1.006805385009904
1.0218770528675738
1.0371183185835782
1.0525302886026309
1.068114065042072
1.083870745439033
1.0998014225297488
1.115907183998583
1.1321891122105467
1.1486482840347976
1.1652857705123667
1.182102636634601
1.1990999411125458
1.2162787360651517
1.2336400667820784
1.2511849714487646
1.2689144809002961
1.2868296182773402
1.3049313988233315
1.3232208295620038
1.3416989090300324
1.3603666269569252
1.3792249640322936
1.3982748915518592
1.417517371172189
1.4369533545729603
1.456583783192086
1.476409587902006
1.4964316887162625
1.5166509944877617
1.5370684026046755
1.5576847986728146
1.5785010562371005
1.5995180364360093
1.6207365877523379
1.6421575456559805
1.6637817323294963
1.6856099563759286
1.7076430124939765
1.7298816812131215
1.7523267285668147
1.77497890584473
1.797838949272159
1.8209075797406655
1.84418550256059
1.8676734071488807
1.8913719668143665
1.9152818384525392
1.9394036623438584
1.9637380618863918
1.9882856433836928
2.0130469958115755
2.0380226906035097
2.063213281479454
2.0886193042231875
2.1142412765174696
2.1400796977928653
2.1661350490513662
2.192407792747979
2.2188983726509637
2.245607213747876
2.2725347221362138
2.299681284936284
2.327047270253347
2.3546330270932145
2.382438885361997
2.4104651558190677
2.4387121301039922
2.467180080721636
2.495869261117506
2.524779905682343
2.553912229845461
2.5832664301625003
2.6128426843936263
2.642641151653218
2.6726619725149985
2.702905269170045
2.7333711456129675
2.7640596877978068
2.7949709638648055
2.8261050243250994
2.8574619023113192
2.889041613810816
2.9208441579279287
2.9528695171431503
2.9851176576148677
3.017588529454166
3.0502820670367465
3.083198189334704
3.1163368002203753
3.149697788821948
3.1832810298477896
3.2170863839615444
3.251113698141835
3.2853628060197515
3.3198335282898155
3.3545256730526813
3.3894390362323086
3.424573401932438
3.4599285428371327
3.4955042205960503
3.5313001862350384
3.5673161805172033
3.603551934361945
3.640007169226629
3.676681597494593
3.713574922870347
3.7506868407803653
3.7880170387192575
3.8255651966721573
3.8633309874690873
3.901314077159187
3.9395141253901516
3.977930785760736
4.016563706182821
4.05541252923317
4.094476892503823
4.133756428918862
4.1732507671030445
4.212959531681932
4.252882343612673
4.293018820472713
4.3333685768046
4.37393122437143
4.414706372467767
4.455693628197309
4.496892596741978
4.538302881624193
4.579924084973975
4.621755807769872
4.663797650080618
4.706049211295138
4.748510090366313
4.791179886003626
4.834058196899799
4.877144621925178
4.920438760326563
4.963940211907942
5.007648577221128
5.051563457735696
5.09568445598953
5.140011175765952
5.184543222244402
5.229280202128781
5.274221724295739
5.31936739796425
5.364716835730636
5.410269651765953
5.456025462409282
5.501983886270883
5.548144544340428
5.594507060077974
5.641071059501977
5.687836171300371
5.734802026873769
5.781968260451016
5.8293345091317645
5.87690041296802
5.924665615033903
5.972629761460147
6.0207925015267
6.069153487674388
6.117712375582617
6.1664688241994075
6.215422495779504
6.264573055938117
6.3139201736612245
6.36346352135088
6.413202774859589
6.463137613496768
6.513267720062873
6.5635927808800645
6.614112485772588
6.664826528130332
6.715734604881268
6.766836416530177
6.81813166714115
6.869620064368742
6.9213013194528825
6.97317514721056
7.025241266056052
7.077499397980945
7.12994926858392
7.182590607020486
7.235423146038227
7.288446621954092
7.34166077464372
7.39506534754702
7.448660087642239
7.5024447454438405
7.556419074989979
7.61058283382822
7.664935783008094
7.719477687058258
7.774208313968002
7.82912743519184
7.884234825602471
7.939530263506415
7.99501353059896
8.050684411967135
8.106542696045532
8.16258817462784
8.218820642824403
8.275239899048437
8.331845744996173
8.388637985630472
8.445616429146696
8.502780886967239
8.560131173703672
8.617667107153027
8.675388508257074
8.73329520110109
8.791387012859857
8.849663773807722
8.908125317279993
8.966771479644763
9.025602100292982
9.084617021615616
9.14381608895723
9.203199150622808
9.262766057841766
9.322516664736417
9.382450828313909
9.442568408431837
9.502869267778518
9.563353271859576
9.624020288953387
9.684870190106361
9.745902849105386
9.807118142446306
9.86851594932771
9.930096151616924
9.991858633818854
10.05380328307649
10.115929989131553
10.178238644303269
10.240729143473978
10.303401384056233
10.366255265983252
10.429290691680363
10.492507566039684
10.555905796402627
10.619485292544125
10.683245966643602
10.747187733258519
10.811310509324136
10.875614214114162
10.940098769216801
11.004764098536493
11.069610128254803
11.134636786813555
11.19984400489919
11.265231715420288
11.33079985348971
11.396548356403738
11.46247716361936
11.528586216738137
11.594875459498136
11.661344837732342
11.727994299368545
11.794823794401156
11.861833274880532
11.929022694888907
11.996392010522753
12.06394117987926
12.131670163032004
12.199578922018661
12.267667420829712
12.335935625373313
12.404383503473685
12.473011024850761
12.541818161104787
12.61080488568418
12.67997117390191
12.74931700288933
12.818842351587357
12.88854720074325
12.958431532878963
13.02849533228406
13.098738584999952
13.169161278804769
13.23976340319646
13.310544949369968
13.381505910223431
13.452646280326036
13.523966055903124
13.595465234834199
13.667143816635935
13.739001802426541
13.811039194946868
13.883255998521067
13.955652219054711
14.028227864011107
14.100982942411408
14.173917464811034
14.2470314432916
14.320324891443551
14.393797824356836
14.467450258611981
14.54128221225564
14.615293704804186
14.689484757213679
14.763855391884206
14.83840563263358
14.91313550470104
14.988045034718727
15.063134250706955
15.13840318207483
15.213851859585507
15.289480315360397
15.365288582865146
15.44127669689897
15.517444693579497
15.593792610336816
15.670320485896728
15.747028360278494
15.823916274778966
15.900984271957185