1.9859446137283985e-12
1.9859446137283985e-12
1.9859446137283985e-12
1.9859446137283985e-12
1.9859446137283985e-12
1.9859446137283985e-12
3.971889227456797e-12
1.9859446137283985e-12
2.730673843876548e-12
1.8494109215345712e-11
1.664469829381114e-10
1.2122950651428292e-9
6.803722125095135e-9
3.027448442090585e-8
1.1181041945444585e-7
3.544751018720709e-7
9.90434890255546e-7
2.4896309334791087e-6
5.722303416549313e-6
0.00001218451207965849
0.00002429144497068322
0.00004573927542730715
0.00008193159502717617
0.00014046292779935668
0.00023164899382024416
0.00036909184835519793
0.0005702673755374776
0.0008571231311769255
0.0012566756065416742
0.0018015975218290399
0.0025307879160188372
0.0034899194357242186
0.004731959668615261
0.0063176644209065125
0.008316043363776513
0.01080479860329434
0.01387073852856287
0.01761016930507648
0.022129266907683385
0.027544432458704565
0.033982633253101614
0.041581731546502125
0.05049080205052341
0.06087043861090411
0.0728930493094406
0.08674313816985804
0.1026175709202699
0.12072582091207883
0.14129019084597622
0.16454600496471103
0.19074176620014244
0.2201392723025923
0.25301368517687417
0.2896535478222767
0.3303607440298038
0.3754503964178201
0.42525069977430974
0.48010268742116724
0.5403599297620787
0.6063881654372493
0.6785648664828318
0.7572787404525028
0.8429291731556935
0.9359256167551628
1.036686928456129
1.1456406655300657
1.2632223424127884
1.389874655510462
1.5260466808273352
1.6721930486268948
1.828773098492862
1.9962500164671657
2.1750899547987332
2.365761132919026
2.5687329165849646
2.7844748708317173
3.0134557806038647
3.2561426324745866
3.5129995503229594
3.7844866785247193
4.071059007995488
4.373165143275144
4.691246013249482
5.025733534010847
5.377049239106578
5.745602900657951
6.131791172662358
6.535996295358081
6.958584905435313
7.399906999723837
7.860295099643697
8.340063658698002
8.839508746346779
9.358908028794339
9.898521051954095
10.45858981582075
11.03933961409825
11.640980100156053
12.263706531334284
12.907701138692909
13.573134568714075
14.260167346590285
14.968951316765441
15.699631024088577
16.452345007434715
17.227226986416014
18.02440692915875
18.844011996297912
19.68616736137302
20.550996912171783
21.43862384043129
22.349171129079583
23.282761947442864
24.239519964994575
25.21956959422227
26.223036172698414
27.250046093763718
28.300726894396742
29.375207308052694
30.473617289330853