                  NaN
 0.11268585541612E-11
 0.48482938266148E-11
 0.44695177871781E-09
 0.26709376666845E-10
 0.22523649686376E-08
-0.94387165018331E-09
-0.28055155077286E-09
-0.23720494133327E-09
-0.53864909798002E-07
 0.38162952980298E-08
 0.16341816286835E-08
 0.54793357817407E-08
-0.11526434697074E-08
-0.26976523086640E-08
 0.26338889208773E-08
-0.73707716564904E-08
-0.23881348410842E-06
 0.60762174140048E-07
-0.11615619842528E-06
-0.12330381370898E-07
 0.33878110535461E-07
-0.34219051369541E-06
 0.33226818498401E-05
-0.18502851615553E-07
 0.27156698931141E-06
 0.89260740813257E-06
-0.17603921674351E-06
 0.12781928696892E-04
 0.65037264542589E-07
 0.53922480089060E-06
 0.52033082502184E-06
 0.46208806835123E-06
-0.26864217484047E-07
-0.26149728211906E-06
-0.28930512305854E-06
 0.49548264054344E-06
-0.79035841585871E-06
 0.30126777264998E-05
-0.25215235233669E-06
-0.11931645264451E-05
 0.15248146989492E-04
-0.30415433154540E-06
 0.39626230232417E-06
 0.30504533590146E-04
-0.50740050646801E-05
 0.83327074868559E-06
 0.11247643724789E-05
-0.12653514937533E-05
 0.91712204921974E-06
 0.40357037489305E-04
-0.49948480962874E-05
 0.29172825839686E-06
-0.73622139787591E-05
 0.78059917128782E-05
-0.10346923329930E-06
 0.15140838865020E-05
-0.50223592587091E-04
-0.62052249809796E-04
 0.48260730118839E-03
                  NaN
-0.20907528579173E-03
-0.31737924440666E-04
 0.30594553698843E-03
 0.14093208837395E-03
                  NaN
 0.95332449354157E-04
 0.33918587162284E-04
                  NaN
 0.25373317688180E-04
-0.21439035291214E-05
-0.69328431674029E-05
-0.72920201431014E-05
-0.13157379566459E-06
 0.67955401069632E-04
 0.63507577355055E-06
 0.10417013735766E-04
-0.10196147845902E-04
 0.61397508357344E-05
-0.12007502115398E-04
 0.28003351734810E-03
-0.62468697604746E-04
 0.97999309361831E-03
-0.72225045040013E-05
 0.49080614079318E-04
-0.66885995784095E-05
                  NaN
-0.10642178562988E-03
 0.24552424130877E-05
 0.38126575201602E-04
 0.17689455296720E-03
-0.17138257929635E-03
-0.14781287058293E-03
 0.23075478921606E-03
 0.19277226099974E-03
 0.31059997014124E-05
 0.76154267641903E-05
 0.57629078751426E-03
 0.26985550002851E-06
-0.16973289948251E-03
 0.12175841450856E-03
 0.11770819924034E-02
 0.12625357487704E-03
-0.12507894690501E-03
 0.21019478002587E-03
 0.55141668239795E-04
 0.13621692812672E-03
-0.43698095635015E-04
-0.81045036975609E-05
-0.32331773729283E-07
 0.30308092147023E-05
-0.14243202925584E-07
-0.15306296549930E-07
-0.16526331847844E-07
-0.17799831720048E-07
-0.19423700454700E-07
-0.20844895133941E-07
-0.22459905072091E-07
-0.24122594078933E-07
-0.25894051938370E-07
