5.157260068920982
5.1900847694678385
5.223075679034923
5.256233395255154
5.289557231311309
5.3230605080672655
5.356701178875278
5.390521967731456
5.424507666554448
5.458658414819378
5.492974069053167
5.527454090480461
5.562098953894816
5.596907386540324
5.631880571365374
5.667017520005425
5.702317945057796
5.737781685959738
5.773409195230822
5.809199797989476
5.845152942225019
5.881268860349321
5.917547867928858
5.953989059397336
5.9905927588795365
6.027358270558679
6.064285959802523
6.101375326567467
6.138626427071385
6.17603877371659
6.213611758289545
6.251348017643604
6.2892442312806125
6.327300873199874
6.365518330925837
6.40389692173301
6.4424358156390396
6.481134866053903
6.519993831660508
6.559013327470029
6.598190511491461
6.637531527459944
6.6770301027900185
6.716688353604843
6.756505900660862
6.796482160489908
6.836618474628101
6.876913542676548
6.917367301966659
6.957980341701142
6.998751205638569
7.039681384457143
7.080769746214734
7.122016501434873
7.1634214655300905
7.204984517285156
7.246705696766127
7.288584675378362
7.330621660488487
7.372815904733909
7.415168242535572
7.457677513661436
7.500345003578202
7.543166632372798
7.586150991842122
7.629289940655755
7.672585794103891
7.716038555025684
7.759648349837061
7.803414849277093
7.84733794409065
7.891417780117686
7.9356544616142095
7.98004791353634
8.024596408918432
8.069301802578018
8.114163307089422
8.159181636205982
8.204355953446955
8.249685822363281
8.295172034853104
8.34081384249123
8.386611176139848
8.432564501628955
8.47867386645552
8.524938920643969
8.57135921379361
8.61793496422107
8.664666185589523
8.71155269176532
8.758594753439537
8.805791807181564
8.853144125523327
8.900651239949832
8.94831423904334
8.996131859469513
9.044104615076746
9.092232307977204
9.140514551705692
9.188951959823399
9.237543470685667
9.286290512254938
9.33519187322937
9.384248064165657
9.433459565004675
9.482824668017756
9.532344479461322
9.58201886346238
9.631845772829909
9.681830975883523
9.731968798671971
9.782260738124217
9.832702969237952
9.883305610585177
9.934062374322673
9.984971588304063
10.036034735896669
10.087252056182402
10.138623379038796
10.190149589007566
10.241828491843085
10.293661567894656
10.345650000288908
10.397792104789037
10.450087922478277
10.5025373861365
10.555141261779532
10.607898617518256
10.660809768606232
10.713875035300118
10.767093608409652
10.820466912733547
10.873993619685155
10.927674220613984
10.981506166834556
11.035496450060004
11.089637854260156
11.143933910969945
11.19838318009603
11.252986249626966
11.307742663116715
11.362652857707435
11.417717235375788
11.472935611968234
11.528306755550329
11.583832018978946
11.63951088763005
11.695343629597728
11.751329051568694
11.807468964195058
11.863762878920294
11.920198225707475
11.97681049797227
12.033565863705146
12.090473870389074
12.147535204947529
12.204750969717047
12.26212024464809
12.31964330950105
12.377319536223423
12.435149869380243
12.493133728070918
12.551269348700044
12.60956160999651
12.668008149834098
12.726606692353048
12.785359075849323
12.844265477296776
12.903325685089538
12.962539316025067
13.021907275570612
13.081428147750266
13.141103942193764
13.200932965650843
13.260912858272297
13.321053045941216
13.381343212695981
13.441788735994875
13.502387033621856
13.563139684779227
13.624045796701848
13.68510668809691
13.746320861360353
13.807690023752656
13.869212383740027
13.930887709287555
13.992719487953035
14.054705463985766
14.116844035980705
14.179137847312179
14.241585267076049
14.304187702430621
14.366944046848273
14.429854330478497
14.492910580973533
14.556138638071666
14.619510101472812
14.683039904907771
14.746723045900099
14.810559636572384
14.874549693175235
14.938698245882321
15.002990421423437
15.067454748556763
15.132065491783393
15.196830183032743
15.261749887592313
15.32682494481622
15.392054387880348
15.45743846449219
15.522978125269313
15.58867262066136
15.654521724953435
15.720526693217481
15.786686414192744
15.853000945590896
15.9194711648333
15.986096895483547
16.052877287666195
16.119813855058055
16.18690544245587
16.254152104108325
16.32155486820051
16.38911336598285
16.456826883882485
16.524696710007042
16.592721895631932
16.66090292673121
16.729240105872346
16.79773263687463
16.866379428131953
16.935186529187348
17.004142148724533
17.07326320586609
17.142537835795565
17.21196612367709
17.281548147815215
17.351295811002128
17.421194679088526
17.49124978353745
17.56146194205452
17.631830099193582
17.70235564483945
17.773037626437386
17.843876709537014
17.914969979764987
17.98603394598084
18.057352417017597
18.12892602972425
18.20042673746565
18.27220861846195
18.344147127930892
18.416244104435798
18.48849757367242
18.56090929529902
18.633478332533365
18.70620527815683
18.779085201834526
18.852131342433903
18.925333180189128
18.99869085940738
19.072208345126125
19.1458835961977
19.21971622308651
19.293707554238825
19.367858599362503
19.442165890986086
19.516632134705652
19.591259962682265
19.666042265918737
19.74098761332495
19.816090150109282
19.891352521768546
19.96676988770945
20.04235245452988
20.118085507720263
20.19397122917067
20.270049062907724
20.346266501999363
20.42263520855606
20.499050648731163
20.575878488309762
20.65273620390255
20.72975259872588
20.80693010100938
20.884268453060475
20.9617633301664
21.03942425243325
21.117243711042306
21.19522334286621
21.273363806742587
21.351665300884225
21.430126730276385
21.50874926802177
21.587535465446418
21.66647906950421
21.745588575236567
21.824852781216205
21.904287460060626
21.983879318653823
22.063633373823915
22.14354893518481
22.223626765047804
22.30386511408626
22.38426808255218
22.46483339296924
22.545560321011436
22.626449932633918
22.707495843883798
22.788715410219762
22.870095477508038
22.951636205239836
23.03334013045841
23.115206694876246
23.197239567263626
23.279431573697874
23.36179194497119
23.444312832022387
23.52699940006987
23.609849040617952
23.692863078824924
23.776039051036257
23.859383283341234
23.942890313659106
24.026561848122967
24.110398262377828
24.19439691569068
24.278565236616682
24.362896944712734
24.447393192334623
24.532055068880332