 0.12868070600492E-31
 0.51472282401969E-31
 0.11581263540443E-30
 0.20588912960788E-30
 0.32170176501231E-30
 0.46325054161772E-30
 0.63053545942412E-30
 0.82355651843151E-30
-0.55605509394248E-15
-0.17120724955296E-14
 0.83032501510545E-15
-0.96714704478374E-15
 0.14543957360146E-16
 0.58784264933835E-15
 0.25122876113193E-14
 0.94245944744424E-14
 0.29071970192126E-13
 0.84553942053331E-13
 0.19553056266839E-12
 0.49212492221202E-12
 0.10078354156579E-11
 0.19286838122332E-11
 0.35740101263273E-11
 0.62063287315934E-11
 0.10309086968577E-10
 0.16420609512309E-10
 0.25169160744872E-10
 0.37429944593337E-10
 0.53986195692013E-10
 0.76019531907839E-10
 0.10444276452938E-09
 0.14068454834345E-09
 0.18591813713928E-09
 0.24153145748741E-09
 0.30895844613779E-09
 0.39000956746842E-09
 0.48582372654279E-09
 0.59850442585031E-09
 0.72990501996927E-09
 0.88195135535444E-09
 0.10571056779871E-08
 0.12574318930148E-08
 0.14861890617847E-08
 0.17461934977749E-08
 0.20406745524375E-08
 0.23736450860220E-08
 0.27496141147731E-08
 0.31731768671022E-08
 0.36496109264432E-08
 0.41846996597217E-08
 0.47844479716856E-08
 0.54563916752181E-08
 0.62069948926948E-08
 0.70443152491058E-08
 0.79764823241176E-08
 0.90110042780776E-08
 0.10156203492089E-07
 0.11420491743526E-07
 0.12811639201853E-07
 0.14337184238461E-07
 0.16003617142524E-07
 0.17818075411767E-07
 0.19785502426522E-07
 0.21910477131780E-07
 0.24195440381927E-07
 0.26642873124983E-07
 0.29253766899549E-07
 0.32026671458474E-07
 0.34958562066215E-07
 0.38044532650633E-07
 0.41278768764638E-07
 0.44651612852656E-07
 0.48151320068164E-07
 0.51762630738776E-07
 0.55466475046729E-07
 0.59239753133317E-07
 0.63052178201240E-07
 0.66867634926358E-07
 0.70638705237048E-07
 0.66930493500867E-07
 0.77807679070348E-07
 0.81044483570447E-07
 0.83909953130779E-07
 0.86266915933825E-07
 0.87948467034974E-07
 0.87509715518682E-07
 0.88416194756579E-07
 0.86653008709533E-07
 0.83103783834323E-07
 0.77351285954271E-07
 0.68915890239206E-07
 0.57256910091456E-07
 0.41781356811695E-07
 0.21860937400827E-07
-0.31370371981811E-08
-0.33804651230007E-07
-0.70633804927477E-07
-0.11392867869871E-06
-0.16370535791027E-06
-0.21957437823262E-06
-0.28061820672289E-06
-0.34527799062604E-06
-0.41127173501407E-06
-0.47557459487349E-06
-0.53448129237176E-06
-0.58378132796634E-06
-0.61905373263901E-06
-0.63607235770568E-06
-0.63128903160185E-06
-0.60233215766460E-06
-0.54844543608998E-06
-0.47077732880040E-06
-0.37246161380536E-06
-0.25843993509155E-06
-0.13503836395705E-06
-0.93504588588490E-08
 0.11148093478635E-06
 0.22098165605052E-06
 0.31393844014628E-06
 0.38680258115654E-06
