1.7784657247353488
1.8065036305396753
1.8346914548721904
1.8630290966171588
1.8915164556720494
1.920153433317541
1.9489399317960068
1.9778758547836717
2.0069611070667794
2.0361955946025363
2.065579224502727
2.0951119050335913
2.1247935456056455
2.1546240567376858
2.1846033500747883
2.214731338365966
2.2450079354493986
2.275433056242253
2.306006616729888
2.336728533969078
2.3675987260480484
2.3986171121043474
2.4297836123084626
2.4610981478349014
2.4925606408760914
2.524171014617557
2.5559291932299746
2.587835101870167
2.6198886666573946
2.652089814669013
2.6844384739325267
2.7169345734197585
2.7495780430279804
2.7823688135810323
2.815306816803627
2.8483919853419573
2.8816242527253393
2.9150035533725447
2.948529822577278
2.9822029965063144
3.0160230121925493
3.049989807511291
3.0841033211878317
3.1183634927816852
3.152770262686958
3.1873235721110005
3.222023363080118
3.2568695784251718
3.2918621617725163
3.327001057538293
3.362286210928304
3.397717567919146
3.433295075257094
3.469018680455866
3.504888331772047
3.540903978219116
3.5770655695488265
3.613373056258654
3.6498263895507126
3.686425521371844
3.7231704043691867
3.760060991902334
3.7970972380406063
3.834279097542573
3.8716065258559245
3.9090794791117647
3.9466979141349134
3.984461788398104
4.022371060064807
4.060425687941318
4.098625631504313
4.136970850867087
4.175461306795815
4.214096960699745
4.2528777746134505
4.291803711206633
4.330874733770101
4.37009080621986
4.409451893075148
4.448957959471094
4.488608971152884
4.528404894458632
4.568345696318265
4.608431344264319
4.648661806400786
4.689037051428062
4.72955704861837
4.770221767811665
4.811031179424325
4.851985254437602
4.8930839643912964
4.934327281385368
4.975715178067031
5.017247627641547
5.058924603854604
5.100746080994674
5.142712033891771
5.1848224379085135
5.227077268935659
5.269476503399549
5.312020118252177
5.354708090956053
5.39754039950393
5.440517022400068
5.483637938659983
5.52690312781107
5.570312569884034
5.613866245416121
5.657564135444664
5.701406221506087
5.745392485632432
5.789522910345525
5.833797478665539
5.8782161740895225
5.922778980610887
5.967485882698427
6.012336865308862
6.057331913875411
6.102471014300723
6.147754152974622
6.193181316751149
6.2387524929582385
6.284467669389904
6.33032683431343
6.376329976453247
6.422477085000974
6.468768149609095
6.515203160394307
6.561782107925238
6.608504983229015
6.655371777798225
6.702382483558761
6.749537092914262
6.796835598700556
6.844277994212971
6.891864273194911
6.939594429834262
6.987468458768228
7.035486355079735
7.083648114301152
7.1319537324001425
7.18040320579096
7.228996531334694
7.277733706326241
7.3266147285054695
7.375639596053257
7.424808307586267
7.474120862161549
7.523577259277156
7.5731774988606
7.622921581288715
7.672809507365435
7.722841278331603
7.77301689587093
7.82333636209472
7.873799679556155
7.9244068512413515
7.975157880569484
8.026052771394403
8.077091528011211
8.12827415514422
8.179600657949564
8.231071042028724
8.28268531340358
8.334443478546449
8.386345544350423
8.438391518153939
8.490581407726507
8.542915221273555
8.595392967433817
8.6480146552884
8.700780294352333
8.753689894569739
8.806743466332692
8.859941020467327
8.913282568234687
8.966768121336086
9.020397691914333
9.074171292548279
9.128088936255041
9.182150636499454
9.236356407181885
9.290706262641972
9.345200217668923
9.39983828749108
9.45462048778053
9.509546834653088
9.564617344671655
9.619832034843986
9.675190922625912
9.730694025915511
9.786341363065645
9.842132952875263
9.8980688145976
9.954148967926029
10.010373433017145
10.066742230474501
10.123255381353951
10.179912907169356
10.236714829891223
10.293661171938012
10.350751956194879
10.407987206001636
10.465366945154868
10.522891197914376
10.580559989003929
10.638373343599968
10.696331287351962
10.754433846370612
10.812681047231457
10.871072916975493
10.929609483110408
10.988290773621516
11.047116816950274
11.106087642124983
11.16520327832625
11.224463755521974
11.283869104046593
11.343419354716875
11.403114538818404
11.462954688120332
11.52293983486956
11.583070011786388
11.643345252077296
11.703765589430736
11.764331058018978
11.82504169249142
11.885897527992206
11.946898600145209
12.008044945066572
12.069336599354399
12.130773600103154
12.192355984895354
12.25408379180478
12.315957059401704
12.377975826743205
12.440140133389795
12.50245001939512
12.564905525307951
12.627506692179626
12.690253561559082
12.753146175494479
12.816184576536665
12.879368807743525
12.942698912671046
13.006174935384857
13.069796920447443
13.133564912941237
13.19747895844913
13.26153910306564
13.325745393389097
13.390097876538393
13.454596600140578
13.519241611880913
13.584032961301267
13.648970697133992
13.714054869062705
13.779285527292457
13.844662722538814
13.910186506040386
13.975856929555112
14.041674045361493
14.107637906258473
14.173748565569785
14.24000607713612
14.30641049532942
14.372961875044913
14.439660271699765
14.506505741241387
14.573498340140983
14.640638125401495
14.707925154552756
14.775359485654478
14.842941177296499
14.910670288601256
14.978546879216845
15.046571009333647
15.11474273966807
15.183062131470372
15.251529246529495
15.320144148257022
15.388906897361169
15.457817558295647
15.526876194989375
15.596082871909223
15.66543765406496
15.734940606997103
15.80459179679131
15.874391290067585
15.944339153994544
16.01443545627242
16.084680265144723
16.155073649400602
16.225615678368023
16.29630642191338
16.367145950455043
16.43813433494672
16.509271646889122
16.580557958324366
16.651993341839855
16.723577870568736
16.79531161818534
16.86719465891447
16.939227067519493
17.011408919314498
17.083740290158236
17.156221256451474
17.22885189514796
17.301632283741363
17.37456250027322
17.447642623334936
17.52087273206044
17.59425290613353
17.667783225783637
17.741463771783344
17.81529462546106
17.889275868684127
17.963407583869984
18.03768985398122
18.112122762531655
18.186706393577747
18.261440831723604
18.336326162121185
18.411362470469467
18.48654984301368
18.561888366543943
18.63737812839788
18.71301921646087
18.788811719162556
18.864755725476975
18.940851324927166
19.017098607578816
19.09349766404214
19.170048585476707
19.24675146358215
19.32360639060423
19.400613459329257
19.477772763095388
19.555084395773875
19.632548451787954
19.710165026096178
19.78793421420623
19.86585611215851
19.943930816542668
20.022158424488268
20.10053903365849
20.179072742265607
20.257759649055263
20.33659985331463
20.41559345486734
20.4947405540777
20.574041251842367
20.653495649600533
20.73310384932438
20.81286595352228
20.892782065238077
20.972852288046102
21.053076726061366
21.133455483923417
21.213988666813215
21.294676380435394
21.375518731029302
21.45651582536379
21.537667770739446
21.618974674980777
21.700436646438927
21.78205379400449
21.863826227077688
21.94575405559731
22.027837390017876
22.1100763413239
22.19247102101984
22.275021541133583
22.357728014212697
22.44059055332632
22.52360927206217
22.606784284526544
22.690115705345928
22.77360364965894
22.857248233122398
22.94104957190835
23.02500778270011
23.109122982696956
23.1933952896088
23.277824821651357
23.362411697558795
23.44715603656636
23.53205795842055
23.61711758337391
23.70233503218181
23.787710426107388
23.87324388691437
23.958935536870666
24.0447854987429
24.130793895796174
24.216960851800884
24.303286491014735
24.38977093820196
24.476414318614975
24.563216757998823
24.65017838260137
24.737299319148228
24.824579694865584
24.912019637461963
24.99961927513766
25.087378736577303
25.17529815095243
25.26337764791469
25.35161735760416
25.440017410635786
25.52857793810637
25.61729907159529
25.70618094315434
25.795223685313044
25.884427431073963
25.973792313915663
26.06331846778626
26.15300602710665
26.242855126762187
26.332865902109397
26.423038488970885
26.513373023633953
26.60386964284591
26.694528483821507
26.785349684231512
26.87633338220681
26.967479716337415
27.058788825668124
27.150260849699627
27.241895928381446
27.333694202120363
27.42565581176974
27.517780898632395
27.6100696044586
27.70252207144249
27.795138442227636
27.887918859891045
27.98086346795768
28.073972410391022
28.167245831589728
28.260683876390846
28.354286690065358
28.448054418317426
28.541987207280552
28.636085203523155
28.73034855403915
28.824777406245946
28.919371907992904
29.01413220754444
29.109058453594802
29.20415079525505
29.299409382052534
29.394834363935505
29.490425891266288
29.58618411481742
29.682109185777506
29.778201255744495
29.87446047672544
29.970887001130045
30.06748098177998
30.164242571894842
30.261171925098616
30.35826919541633
30.455534537267834
30.552968105473646
30.65057005524862
30.74834054219723
30.846279722319764
30.944387752005266
31.0426647880283
31.141110987554043
31.23972650812971
31.338511507684448
31.437466144530685
31.536590577360414
31.635884965242088
31.735349467617024
31.83498424430796
31.93478945550504
32.03476526176655
32.134911824025366
32.23522930357731
32.33571786208472
32.436377661572514
32.53720886442901
32.63821163340164
32.73938613159416
32.840732522468684
32.9422509698397
33.04394163787532
33.145804691095414
33.247840294366405
33.35004861290597
33.45242981227127
33.55498405836787
33.65771151743894
33.76061235607297
33.863686741189596
33.966934840050776
34.070356820248016
34.17395284970921
34.27772309668977
34.3816677297768
34.48578691788047
34.59008083024036
34.69454963641185
34.79919350628641
34.90401261005923
35.00900711825149
35.114177201698595
35.219523031546764
35.325044779259734
35.43074261660831
35.53661671567124
35.64266724883472
35.74889438878929
35.85529830852935
35.96187918134756
36.06863718083745
36.17557248089093
36.28268525569148
36.38997567971923
36.497443927744506
36.60509017482659
36.71291459631297
36.820917367836614
36.929098665315855
37.03745866494865
37.14599754321449
37.25471547687249
37.36361264295572