3.971889227456797e-12
3.971889227456797e-12
3.971889227456797e-12
3.971889227456797e-12
3.971889227456797e-12
3.971889227456797e-12
3.971889227456797e-12
3.971889227456797e-12
4.096010765814822e-12
8.192021531629644e-12
3.351281535666672e-11
2.602828659367782e-10
1.6263645171052004e-9
8.007949290244693e-9
3.229989968383211e-8
1.1065211725848876e-7
3.3107695067619966e-7
8.84448998110089e-7
2.1466555680143707e-6
4.8005223833472806e-6
0.000010004438152778144
0.000019612580189036017
0.00003644831046713092
0.00006462975274966538
0.00010994336639393521
0.0001802595279765937
0.0002859821265640797
0.0004405235991817907
0.0006607964022091222
0.0009677122530310515
0.0013866813497202088
0.0019481046065241065
0.0026878534044633127
0.0036477325800605954
0.0048759236335652305
0.0064274064671300925
0.008364359094642839
0.010756535388871502
0.013681622204451132
0.01722557727022403
0.02148294989471879
0.026557186667569562
0.03256092427848496
0.0396162715818304
0.04785508256061922
0.05741922178152317
0.06846082309295451
0.08114254209212281
0.09563780220132197
0.11213103348062481
0.130817903038046
0.15190553505234586
0.17561271800597839
0.20217009655464768
0.23182034480631275
0.26481831777341974
0.3014311776968529
0.34193849187393854
0.3866322987287124
0.43581713934673405
0.489810051596815
0.5489405247926479
0.6135504128839402
0.6839938048643435
0.7606368512010107
0.8438575457322016
0.9340454624342953
1.0316014467495227
1.136937261100314
1.2504751840546775
1.372647562121216
1.5038963128255673
1.6446723766670206
1.7954351148908638
1.956651648830769
2.128796135379226
2.312348972205058
2.5077959252127715
2.7156271700759103
2.936336239590341
3.1704188692051796
3.418371734599503
3.680691078220557
3.957871226101998
4.250403002268335
4.558772055847304
4.883457124651125
5.224928269060443
5.583645119157247
5.96005518652673
6.354592297650586
6.76767520764953
7.199706450281852
7.651071472071566
8.122138085837024
8.613256262447617
9.124758261470264
9.656959083104118
10.21015720761775
10.784635576046963
11.38066275772206
11.998494247262714
12.638373834730672
13.300534997553514
13.985202270112369
14.692592555391297
15.422916352198728
16.176378879778095
16.953181089340536
17.753520558215108
18.57759226740171
19.425589266908446
20.297703235961297
21.194124946620143
22.115044640379775
23.060652327457092
24.031138018420005
25.026691897361196
26.047504445175495
27.093766520866815