32.41700513330565
32.4549729921978
32.51822824930685
32.60673382970295
32.720437160513846
32.8592693765297
33.023144052402714
33.211955336951206
33.42557570651349
33.66385395423753
33.92661409915563
34.213655616274
34.524755009885745
34.85966847801904
35.218135298881286
35.59988157399672
36.00462403017447
36.432073669469716
36.88193913689209
37.35392973955773
37.84775809599891
38.363142423162444
38.89980848485099
39.45749123295902
40.03593617483216
40.63490049893185
41.254153988145966
41.89347974673419
42.55267476365977
43.23155033183539
43.92993234041619
44.647661455032306
45.384593199136326
46.14059794823194
46.91556084755484
47.70938166286223
48.521974573082204
49.353267912893145
50.20320387256196
51.07173816180681
51.958839643787925
52.86448994478479
53.78868304457151
54.73142485197863
55.69273276961451
56.67263525125624
57.671171355012625
58.688390294870814
59.72435099296011
60.77912163442796
61.85277922659572
62.94540916367623
64.05710479821069
65.1879670200434
66.33810384352661
67.50763000347507
68.69666656020807
69.90534051394842
71.13378442869502
72.38213606564052
73.65053802611833
74.93913740401358
76.24808544753745
77.57753723022137
78.92765133099074
80.29858952313802
81.69051647203744
83.10359944142681
84.5380080080792
85.99391378474616
87.47149015118528
88.97091199318915
90.49235544947734
92.03599766638055
93.6020165602225
95.19059058737335
96.80189852191153
98.43611924089669
100.09343151723156
101.7740138201446
103.47804412331197
105.20569972064263
106.9571570497962
108.73259152348078
110.53217736858595
112.35608747322152
114.204493241736
116.07756445776567
117.97546915539733
119.89837349849716
121.84644166825336
123.81983575900614
125.81871568236957
127.84323907970489
129.8935612429471
131.9698350437973
134.07221087126536
136.2008365775534
138.3558574322343
140.5374160846869
142.74565253470945
144.9807041112519
147.24270545949847
149.53178853483226
151.84808260542312
154.19171426287923
156.56280743963947
158.96148343402874
161.38786094254294
163.84205609919218
166.3241825217499
168.83435136471044
171.37267137881764
173.93924897692412
176.53418830601413
179.1575913253169
181.80955789014828
184.4901858414347
187.1995711007082
189.93780777039504