 0.14737819638952E-06
 0.14695557779396E-06
 0.14640329483346E-06
 0.14521846840149E-06
 0.14376226006876E-06
 0.14152408790051E-06
 0.13993012600085E-06
 0.13739291472292E-06
 0.13406448127426E-06
 0.13138493850213E-06
 0.12876602968363E-06
 0.12359156171855E-06
 0.11900437268472E-06
 0.11525780202349E-06
 0.10421177673531E-06
 0.10527177882037E-06
 0.12079959996629E-06
 0.88233371935720E-07
 0.69721100445194E-07
 0.82657052225702E-07
 0.85027317615843E-07
 0.81544512300090E-07
 0.75183083333466E-08
 0.66345219598187E-07
 0.59280140633097E-07
 0.55414393926976E-07
 0.47245007993062E-07
 0.20789337310415E-06
                  NaN
 0.47435474149943E-07
 0.37058664673589E-07
-0.23634811253435E-06
 0.23727015819582E-07
 0.27446030913079E-07
 0.27190972382575E-07
                  NaN
 0.22290342330942E-07
 0.16537636861164E-07
 0.29105620352719E-07
 0.32849509872505E-07
 0.12234746350804E-07
 0.11860208777407E-07
 0.27045946345362E-07
 0.90322044732403E-08
 0.52903799969790E-08
 0.60443136379948E-08
 0.18837098125350E-07
-0.80105306643370E-08
 0.36573163373325E-08
 0.18846741249355E-07
-0.16870434857042E-08
 0.40954623587864E-09
-0.76695342038846E-08
-0.10039527045869E-07
                  NaN
 0.22211041938441E-07
 0.24285066264436E-07
 0.14090894910802E-07
-0.52002518268518E-08
-0.72974828746496E-07
-0.42264646065082E-08
 0.37530555426672E-07
                  NaN
-0.31655256071758E-07
-0.77688481146175E-08
-0.48453080444538E-08
-0.14474000078709E-07
-0.61716967383092E-08
-0.39884943361882E-08
                  NaN
-0.23425400742161E-08
-0.38525160807983E-08
-0.78917498260238E-08
-0.38681292070511E-08
 0.90623695139734E-07
                  NaN
-0.65042122239376E-08
-0.47702388482256E-07
-0.24029310641533E-07
-0.22634092341876E-08
-0.44451058333657E-08
-0.39937054671409E-08
-0.32868885819208E-08
-0.36707484158151E-08
-0.45673933528448E-08
 0.37093960065269E-08
-0.47466291535762E-08
-0.25064587784513E-08
-0.20376937739004E-07
-0.56987073084790E-08
 0.29186942290632E-08
-0.39442696227404E-08
-0.68750278190792E-07
 0.48247797050547E-07
-0.32949942127325E-08
-0.43832520667133E-08
 0.21523932310107E-09
-0.27787257698983E-08
-0.48951470285728E-07
-0.36685478475753E-08
-0.57726774034907E-08
-0.49307342793890E-08
-0.54052120682285E-08
-0.53640292161817E-08
-0.57003475961926E-08
-0.61127459305581E-08
-0.65920723346535E-08
-0.71261489091429E-08
-0.77183957707752E-08
-0.83722617252244E-08
-0.90911852967501E-08
-0.98785404617023E-08
-0.10737566666733E-07
-0.11671277934772E-07
-0.12682348239057E-07
-0.13772961687880E-07
-0.14944634697542E-07
-0.16197991856541E-07
-0.17532487149729E-07
-0.18946092706321E-07
