0.020785135648377837
0.030480504087897153
0.043391648120934136
0.06022916262615936
0.08180245820799785
0.10902926451182007
0.14294464187646666
0.18470842421862174
0.23560981633100145
0.2970677365722399
0.37062543937248565
0.4579379249248187
0.5607504921984482
0.6808662521725628
0.8200992282635783
0.9802080222177152
1.1628045170218617
1.3692368289538792
1.6004609492668684
1.8569392053621032
2.138615511317709
2.4449914733254245
2.7752742465470055
3.128535462181844
3.5038344016784713
3.9002919824522295
4.317124607284979
4.753652806270328
5.209296790579293
5.68356650009151
6.176050209113232
6.686403602964771
7.214340079566613
7.7596224616048675
8.322056046583544
8.901482841386668
9.497776784207872
10.110839789708882
10.740598463167045
11.387001358158013
12.050016674543077
12.729630313199184
13.425844220282054
14.138674967070724
14.868152522092256
15.61431918079155
16.377228624794597
17.156945088200978
17.953542612709917
18.76710437679524
19.59772208691803
20.44549542097186
21.310531515951652
22.19294449327605
23.092855016307407
24.010389875648464
24.945681598484075
25.898868078895
26.870092226589986
27.859501631949154
28.867248245543927
29.893488070690946
30.938380867771357
32.00208986927893
33.08478150468231
34.186625134475506
35.30779279268083
36.4484589373807
37.60880020885272
38.788995194964556
39.98922420354918
41.20966904157938
42.450512800952126
43.71193965079347
44.99413463617553
46.29728348323251
47.62157241065705
48.967187947558855
50.3343167584796
51.72314547065513
53.1338605183211
54.5666479796817
56.02169343106661
57.49918180373471
58.99929724831224
60.52222300628781
62.06814128867439
63.63723316196783
65.22967844150806
66.84565559237676
68.48534163791639
70.14891207600483
71.83654080317508
73.54840004666671
75.28466030451573
77.04549029373808
78.83105690668674
80.64152517564759
82.47705824569668
84.33781735588624
86.22396182877235
88.135649068288
90.07303456599078
92.03627191566463