0.022826493805691725
0.03333731624368079
0.047293646755376034
0.06545159490377839
0.08867340899226141
0.11793783001532276
0.1543496840005692
0.1991474623288974
0.25370741900223864
0.3195425644289732
0.3982948520882756
0.4917187409062654
0.6016539322222519
0.7299840681456444
0.8785763442482148
1.0491951767268097
1.2433847124093194
1.4623267690965016
1.7067067015606423
1.9766450591798177
2.271742048845106
2.5912235929555574
2.9341231696767847
3.2994338925831417
3.6862041069226144
4.093582870724042
4.520832999681468
4.96732713717406
5.432536680009765
5.916018800300595
6.417403989575565
6.936385056916
7.472707795338451
8.026163222219543
8.596581183756228
9.183825109238803
9.787787693452163
10.408387338849455
11.045565206519395
11.69928275721001
12.369519686735778
13.056272179492126
13.75955141912023
14.479382308011502
15.21580235688181
15.968860713508391
16.738617305860423
17.525142079619908
18.328514314029213
19.148822003033377
19.986161291097567
20.84063595513818
21.712356925470292
22.601441840008544
23.508014627005878
24.432205112360318
25.37414864829048
26.333985760683444
27.31186181287881
28.30792668403565
29.322334460547125
30.355243139175403
31.40681434087121
32.47721303433629
33.56660726859351
34.67516791397372
35.80306841093555
36.95048452634707
38.117594116871864
39.304576899168666
40.51161422671037
41.73888887303982
42.98658482134938
44.25488706030129
45.54398138604459
46.854054210411995
48.18529237530506
49.53788297330307
50.91201317526166
52.30787005998798
53.7256404610133
55.165510805680825
56.62766697151852
58.11229414510661
59.61957668851996
61.14969801275189
62.70284045826048
64.27918518274782
65.87891205630959
67.5021995640455
69.1492247162906
70.82016296653056
72.51518813714458
74.23447235304097
75.97818598329434
77.74649759085128
79.53957389037463
81.3575797142916
83.20067798708229
85.06902970785842
86.96279394124545
88.88212781659806
90.8271865355387
92.79812338782666