0.0020965708876413856
0.003451114938258348
0.0054351080232966885
0.008242146043473139
0.012098388364944769
0.017264025147519603
0.02403481208749484
0.032743735313223124
0.04376282878782
0.057505124228618226
0.07442667261260227
0.09502853780538642
0.11985862968987297
0.14951321866499165
0.1846379573681543
0.22592823222940453
0.2741286770341441
0.3300317040528364
0.3944749421041876
0.46833751278388164
0.5525351170923838
0.6480139388131113
0.7557433873923273
0.8767076946548059
1.0118963432498476
1.1622932444213656
1.3288645169914144
1.5125446849200084
1.7142211631544568
1.934717111308021
2.174773160771897
2.4350291627930636
2.7160078392134235
3.018102763894817
3.341573096506156
3.6865466824705106
4.053031630348601
4.440934789896861
4.85008433661623
5.280253326665368
5.7311815955303365
6.202594317158848
6.6942165504885915
7.205783847253588
7.737049436383844
8.287788670640849
8.857801417718594
9.446912986495589
10.054974058570167
10.681859978032323
11.327469653579417
11.9917242492797
12.67456578250089
13.375955706113514
14.095873522848581
14.834315460084685
15.591293219975764
16.366832811280492
17.160973463740824
17.973766622550688
18.80527501861915
19.65557180922882
20.524739783472228
21.412870626763542
22.320064238981374
23.246428101164692
24.19207668608298
25.157130908438383
26.141717610893068
27.14596908253649
28.1700226067409
29.21402003578693
30.27810738984736
31.36243447832198
32.467154541669736
33.592423912184465
34.73840169230795
35.905249449314944
37.0931309252921
38.30221176152673
39.53265923654297
40.78464201708257
42.05832992149883
43.353893695042245
44.6715047966521
46.01133519688289
47.37355718670091
48.75834319688308
50.16586562783813
51.596296689666055
53.04980825235374
54.52657170595872
56.026757830748416
57.550536677167514
59.0980774556379
60.66954843611418
62.26511685736485
63.884948845971614
65.52920934500025
67.19806205233628
68.89166936864751
70.61019235498618
72.3537906999438
74.1226226963958