1.9859446137283985e-12
1.9859446137283985e-12
1.9859446137283985e-12
1.9859446137283985e-12
1.9859446137283985e-12
1.9859446137283985e-12
1.9859446137283985e-12
1.9859446137283985e-12
1.9859446137283985e-12
1.9859446137283985e-12
1.9859446137283985e-12
1.9859446137283985e-12
1.9859446137283985e-12
1.9859446137283985e-12
1.9859446137283985e-12
1.9859446137283985e-12
1.9859446137283985e-12
1.9859446137283985e-12
1.9859446137283985e-12
3.971889227456797e-12
1.9859446137283985e-12
5.9578338411851955e-12
3.971889227456797e-12
1.9859446137283985e-12
2.1100661520864233e-12
4.468375380888897e-12
5.461347687753096e-12
8.440264608345693e-12
1.464634152624694e-11
3.53746384320371e-11
8.738156300404953e-11
2.028145936770127e-10
4.464651734738156e-10
9.542463868964954e-10
1.9621132783636578e-9
3.886121244451402e-9
7.443072169177321e-9
1.379846729772327e-8
2.4830886113137955e-8
4.34686039483639e-8
7.416125383199794e-8
1.2355244110465336e-7
2.012917465228981e-7
3.2121301202288744e-7
5.027367899822714e-7
7.726689884325408e-7
1.1674821008125095e-6
1.7360425285306552e-6
2.5429650896607835e-6
3.6726017886987013e-6
5.233777053250575e-6
7.365289048856037e-6
0.000010242383734307396
0.000014084077287683543
0.000019161639689375165
0.000025808067057284554
0.0000344288269725228
0.000045513747336839856
0.000059650263988535045
0.00007753801702300336
0.00010000474927234064
0.00012802373495527367
0.00016273260469439676
0.00020545365750943795
0.0002577157333906268
0.00032127750197469366
0.00039815237348937466
0.0004906348735873409
0.000601328569326992
0.0007331754875906264
0.0008894869924271751
0.0010739762702653413
0.0012907920905996697
0.0015445543440970443
0.0018403899112388435
0.002183971867598288
0.002581558156139906
0.003040032435617803
0.0035669460532668346
0.004170561301903451
0.004859895795113359
0.005644768049024668
0.006535844263591566
0.0075446861241570615
0.008683799747416288
0.009966685622213955
0.011407889681089002
0.013023055318245994
0.014828976327142982
0.016843650997498662
0.01908633700369846
0.02157760734562714
0.024339407224757206
0.027395111808078663
0.030769585078216363
0.034489239493316275
0.03858209667205153
0.04307784914086058
0.04800792291056551
0.053405541241329936
0.05930578930935987
0.06574568003711989
0.07276422096542555
0.08040248226943982
0.08870366597442832
0.09771317630524075
0.10747869133782723
0.11805023592523449
0.12948025593494633
0.1418236938971134
0.15513806604282018
0.16948354084968392
0.18492301910409464
0.2015222155901921
0.21934974276863486
0.23847719403137072
0.2589792330434508
0.2809336806153221
0.30442160551188263
0.32952741684756165