24.874457944318937
24.921597754288573
24.980492467535587
25.0628908387091
25.168737574916378
25.297960578113862
25.45046829018035
25.626148428567475
25.82486488793329
26.046458511542767
26.290738753086035
26.557496352440214
26.84649610509192
27.15748397995332
27.49019108955099
27.84433768791415
28.21963679380588
28.615798162829652
29.032531149305886
29.469548009838526
29.926566096804173
30.403309611953937
30.89951155562108
31.41491466872255
31.949272534083686
32.502350489226394
33.073925773812626
33.66378861194747
34.271742724327915
34.897603509833814
35.54120092598263
36.20237758909328
36.88099045670716
37.57690816443383
38.290013404107754
39.02020171069601
39.767381012453654
40.53147229073894
41.312407886368696
42.1101330602517
42.92460322322891
43.755788025553805
44.60366423790755
45.46822175310803
46.34946020441743
47.24738865828769
48.16202648391055
49.09340152797761
50.041550716513335
51.00651901913536
51.988360046761485
52.98713436336546
54.002910636215326
55.03576292600634
56.085775641389354
57.15303380613125
58.23763194746007
59.33967019354909
60.45925235130877
61.59648806839527
62.751491017459465
63.92437993558073
65.11527709329303
66.32430808758383
67.55159515741678
68.79729143975831
70.06151158835615
71.34440026371342
72.64609764449901
73.96674625022226
75.30648930465095
76.66547443314575
78.04384730271295
79.44175570690362
80.85935083135409
82.29678158252736
83.75419822115171
85.23175439089779
86.72959659626494
88.24788448923626
89.78676222014258
91.34638364643227
92.92689877054056
94.5284597257949
96.15121441767796
97.79531230089171
99.4609018478453
101.14812986464499
102.85714125416428
104.58808156057432
106.34109373165892
108.11632126535378
109.91390268931237
111.73397647033133
113.57668440185458
115.44215714630991
117.33053080970863
119.24193742421336
121.17650794948794
123.13437060341961
125.11565240094515
127.12047834909863
129.1489715924434
131.20125340906029
133.2774432128618
135.37765856215253
137.50201517435525
139.6506269468639
141.82360598389852
144.0210626293403
146.24310550542543
148.48984155725626
150.76137610302945
153.05781288992486
155.3792541555686
157.72580069500694
160.0975519331092
162.49460600235227
164.91705982589954
167.36500920592718