38.731989241966915
38.76889435514419
38.83038186084078
38.91642014893204
39.026964272565976
39.16195560138403
39.321320649277204
39.50497111901743
39.712799259339995
39.94467887687949
40.200462998943664
40.47998294573082
40.783035636150764
41.10945467051621
41.458972414762066
41.8313631101201
42.2263755861168
42.64375137236937
43.083224976970264
43.54452988293683
44.02739880372455
44.53156707597078
45.05677416400169
45.60276544601257
46.16929402017139
46.7561215108243
47.3630197352961
47.989770940115115
48.63616911940066
49.30202038174136
49.9871429731679
50.69136830842644
51.41454170533622
52.156519829889305
52.91717311531981
53.6963880815719
54.494059198678144
55.31009797304462
56.144426128133254
56.9969792292411
57.86770484338076
58.75656115168589
59.6635190190621
60.588559118881534
61.531673794223636
62.492865311811464
63.472145799170775
64.46953424886874
65.48506706744857
66.51877763477914
67.5707146700685
68.64093307056105
69.72949482571481
70.83646981764005
71.96193281951292
73.10596587906983
74.26865641744025
75.45009689916316
76.65038835201291
77.86962998962734
79.10793028398834
80.36540125955885
81.64215740069274
82.93831682798849
84.25399993324095
85.58933586422674
86.94444699876827
88.31946402820856
89.71451897506492
91.1297454196318
92.5652767129762
94.02125020123925
95.4978030105259
96.99506038837642
98.51320112519763
100.05232308454286
101.61258365431233
103.19411877210801
104.79706894178395
106.42157694731785
108.06776418183523
109.7358161322192
111.42582537074337
113.13794513595298
114.87231245669678
116.62905373957068
118.40833025602073
120.21023627534797
122.03498734401191
123.88257030649618
125.75323107303628
127.64706530921548
129.56419677786837
131.50475334964858
133.46885558745907
135.456624440863
137.4681816045644
139.50364504620944
141.56312911301575
143.6467487994187
145.7546144109545
147.88683675018513
150.04353622714072
152.22480417155293
154.4307499893805
156.66148084015435
158.91709487730233
161.19769304408808
163.5033735181793
165.83423283887248
168.1903659567604
170.5718662887253
172.9788257781555
175.4113349602955
177.86948303265126
180.35335793035563
182.8630464064389
185.39863411689657
187.96020571052856
190.54784492345598