19.414457038807626
19.449039157636093
19.506647506311545
19.587238850146136
19.690751609553647
19.817104703519252
19.96619529162083
20.137896487177017
20.332053792142208
20.548484388312907
20.786977028471377
21.047294448877032
21.329176773517208
21.632346418815924
21.956517079266575
22.301377172975553
22.666636997217452
23.051989545124
23.457135562478552
23.881781761311903
24.32564245682827
24.78844268319937
25.26991724831511
25.769799325106938
26.28789164066778
26.82392455740736
27.377695181486608
27.949014312388037
28.537684080495104
29.14353599915252
29.76640993825743
30.40615985554578
31.062653549806043
31.735770570281783
32.42540398346566
33.13148653791673
33.8538536350694
34.59251869920499
35.3473875786367
36.11842854191083
36.90559997376033
37.70887036566048
38.5282282076135
39.363670610869576
40.21520063075533
41.08283694903139
41.966599791621555
42.866523930969244
43.782649952503384
44.71502725303147
45.663713053945905
46.62877217176227
47.610274609597205
48.608302987435565
49.62293680470526
50.654271994910026
51.70240187441979
52.767429433497696
53.84946278132433
54.948613215869216
56.06499770187719
57.198738487180876
58.34995835979754
59.518788557998725
60.70535939183228
61.90980666290483
63.13226844120613
64.37288612661838
65.63180174989944
66.90916345627602
68.20511543610195
69.5198094346006
70.8533946186256
72.20602311781218
73.5778497443841
74.96902557771215
76.37970560184053
77.81005127250206
79.26021056133614
80.7303418578477
82.22060127140185
83.73114351051282
85.26212689371387
86.81370354851887
88.3860293504185
89.97925715495458
91.59354133320541
93.22903233272233
94.88588222415315
96.5642409704169
98.2642579475959
99.98607959056649
101.72985157532823
103.4957188937583
105.28382475529565
107.09431025763097
108.92731524569476
110.78297774562068
112.66143403332943
114.56281859852461
116.48726411526053
118.43490141899632
120.40585949013234
122.40026544397242
124.41824452706595
126.45992011987212
128.52541374575952
130.61484508610906
132.72833200172948
134.86599056027404
137.02793506973572
139.21427811792202
141.42513061784018
143.6606018589354
145.92079956410788
148.20582995245667
150.51579780768273
152.85080655207835
155.21095832605732
157.59635407316537