0.10586175507912234
0.10953851090677137
0.1133186086606774
0.11720443978853402
0.12119844633307691
0.12530312197073287
0.12952101308477457
0.1338547198203537
0.13830689724329973
0.14288025639018787
0.14757756540827158
0.15240165068051997
0.1573553979684049
0.16244175354115875
0.16766372533693133
0.1730243841156308
0.17852686460158662
0.1841743666543878
0.1899701564319019
0.19591756750985131
0.2020200020516586
0.20828093192802294
0.21470389982867666
0.2212925203597438
0.22805048109889728
0.23498154361390022
0.2420895444982761
0.24937839624040778
0.25685208816723354
0.26451468717780524
0.2723703384855355
0.28042326622589625
0.28867777391144867
0.2971382447700742
0.3058091418951617
0.31469500817907814
0.32380046601738727
0.33313021672448506
0.3426890396030608
0.3524817906359801
0.3625134007335647
0.372788873434489
0.38331328198482834
0.39409176577440497
0.4051295258818183
0.41643181970854626
0.4280039546125037
0.43985128017824915
0.45197917934887355
0.4643930574480706
0.47709833035358834
0.49010040977554614
0.503404687400156
0.5170165154030135
0.5309411856587406
0.5451839056878443
0.5597497720001273
0.5746437405430876
0.5898705945023084
0.6054349094482547
0.6213410161780085
0.6375929617726322
0.6541944694159237
0.6711488978934347
0.6884592016784585
0.7061278929900631
0.7241570068665298
0.7425480708878913
0.7613020807488121
0.7804194829700721
0.7999001658031886
0.8197434590035216
0.8399481428554002
0.8605124662782264
0.8814341735454995
0.9027105386703288
0.9243384060985568
0.9463142363671145
0.9686341549582596
0.9912940027825362
1.01428938681515
1.0376157294317967
1.0612683154064142
1.0852423356609215
1.1095329272018202
1.1341352087906147
1.159044312360215
1.1842554099690445
1.2097637366886818
1.235564609518615
1.2616534426932846
1.2880257597717677
1.314677202850452
1.341603539250208
1.3688006660615946
1.3962646128667209
1.4239915429079748
1.4519777529884774
1.480219672381427
1.508713860831369
1.5374570059836412
1.5664459202675551
1.5956775373918266
1.6251489086335886
1.6548571988419265
1.684799682443895
1.7149737393183466
1.745376850701409
1.7760065951169126
1.806860644377444
1.8379367596710405
1.8692327877265804
1.9007466571488456
1.9324763748192457
1.964420022475525
1.9965757533849322
2.0289417892056836
2.061516416913466
2.094297985919831
2.1272849053089997
2.1604756411682593
2.1938687140866637
2.2274626967522893
2.2612562116717516
2.295247928970272
2.329436564357205
2.3638208771312774
2.3983996683278295
2.4331717789292293
2.46813608816875
2.5032915119399566
2.538637001247788
2.574171540764036
2.6098941474492188
2.645803869217782
2.6818997837104104
2.718180997086821
2.754646642898122
2.7912958809945407
2.828127896523887
2.8651418989311344
2.9023371210303637
2.939712818121762
2.9772682671276116
3.0150027658135525
3.052915631986262
3.091006202773422
3.1292738339246715
3.167717899138366
3.206337789401876
3.245132912416157
3.2841026919734055
3.323246567434258
3.362563993156956
3.4020544380127764
3.4417173848804845
3.48155233018758
3.521558783455268
3.5617362668753274
3.6020843148830117
3.6426024737782265
3.6832903013463403
3.7241473664768834
3.7651732488376024
3.806367538526551
3.847729835754212
3.889259750529346
3.9309569023802156
3.972820920046515
4.01485144123361
4.057048112309432
4.099410588098437
4.141938531601712
4.184631613785346
4.227489513334548
4.270511916462746
4.313698516676625
4.357049014594165
4.400563117733264
4.444240540345536
4.4880810032262834
4.53208423352459
4.576249964605297
4.6205779358660495
4.665067892595922
4.709719585802269
4.754532772097149
4.799507213530018
4.8446426774653375
4.889938936446416
4.9353957680717855
4.981012954878276
5.026790284203862
5.072727548102396
5.118824543199742
5.165081070618691
5.21149693585347
5.258071948677889
5.30480592304568
5.351698677003231
5.3987500325919076
5.445959815763027
5.493327856287624
5.540853987686318
5.588538047135484
5.636379875395006
5.684379316742004
5.732536218876494
5.780850432880187
5.8293218131187965
5.877950217187933
5.9267355058687805
5.975677543024713
6.024776195572989
6.0740313334110265
6.123442829368736
6.1730105591411295
6.222734401244499
6.272614236963295
6.322649950290302
6.372841427894362
6.423188559049133
6.473691235604168
6.524349351944698
6.575162804915548
6.626131493821752
6.677255320357193
6.728534188565244
6.7799680048179285
6.831556677757573
6.88330011828204
6.9351982394743565
6.987250956604442
7.03945818706991
7.0918198503803
7.144335868104206
7.19700616385202
7.249830663246888
7.302809293888843
7.355941985315699
7.409228669002314
7.462669278302869
7.516263748446153
7.5700120164900095
7.623914021322704
7.677969703601726
7.7321790057587645
7.786541871963329
7.841058248109848
7.89572808177919
7.950551322224512
8.005527920357359
8.060657828721972
8.115941001453827
8.17137739430459
8.226966964577693
8.282709671143353
8.338605474388928
8.394654336230824
8.450856220073298
8.507211090818128
8.56371891480554
8.620379659844113
8.677193295171572
8.73415979142994
8.791279120673378
8.848551256337645
8.905976173229666
8.963553847513637
9.021284256700474
9.07916737962609
9.137203196441959
9.195391688607803
9.253732838869233
9.312226631258266
9.370873051061533
9.429672084829845
9.488623720352248
9.547727946648704
9.60698475396599
9.666394133747664
9.725956078650324
9.785670582510837
9.845537640347464
9.905557248343094
9.965729403844131
10.026054105347093
10.086531352481972
10.14716114601249
10.207943487825789
10.268878380922631
10.329965829403868
10.391205838468457
10.452598414407246
10.51414356458313
10.575841297434257
10.637691622465734
10.699694550236456
10.76185009235278
10.824158262300138
10.886619072115092
10.949232537319663
11.01199867364588
11.07491749783774
11.13798902764748
11.201213281826883
11.264590280123562
11.32812004326867
11.391802592978387
11.455637951948209
11.519626143833719
11.583767193258643
11.6480611258089
11.712507968012485
11.777107747356366
11.84186049225792
11.906766232078716
11.971824997102052
12.037036818544122
12.102401728539744
12.167919760134046
12.233590947289159
12.299415324865116
12.365392928629772
12.431523795243045
12.497807962255298
12.564245468103373
12.630836352110089
12.697580654471713
12.764478416256337
12.831529679406488
12.898734486724983
12.966092881875053
13.033604909378715
13.101270614606245
13.169090043780498
13.237063243966256
13.30519026306934
13.373471149829552
13.441905953817928
13.510494725442708
13.579237515927485
13.648134377321881
13.717185362494723
13.7863905251215
13.855749919698642
13.925263601519067
13.994931626688565
14.06475405210656
14.13473093547157
14.204862335275001
14.275148310797794
14.345588922109439
14.41618423006263
14.486934296286563
14.557839183193275
14.628898953961247
14.700113672546088
14.771483403670354
14.84300821281672
14.91468816623568
14.986523330930519
15.058513774664153
15.13065956594683
15.202960774044573
15.275417468967516
15.348029721468286
15.420797603040644
15.493721185919972
15.566800543070494
15.64003574819521
15.713426875720867
15.786974000807156
15.860677199333665
15.934536547903743
16.008552123832448
16.08272400516293
16.157052270645472
16.231536999734857
16.306178272603546
16.38097617012566
16.45593077387797
16.531042166134682
16.606310429870927
16.681735648757027
16.757317907154178
16.833057290114052
16.908953883374224
16.98500777336102
17.06121904717623
17.13758779260978
17.214114098120852
17.29079805284795
17.367639746604805
17.444639269868066
17.521796713784404
17.59911217017099
17.676585731497248
17.754217490901876
17.83200754217768
17.90995597977098
17.988062898786676
18.066328394972366
18.144752564732386
18.223335505109542
18.302077313794687
18.380978089117278
18.460037930048845
18.53925693619308
18.618635207788547
18.698172845709692
18.777869951454917
18.857726627155394
18.93774297556154
19.017919100047113
19.09825510461094
19.178751093862772
19.259407173034596
19.3402234479672
19.421200025113055
19.502337011535424
19.5836345149008
19.665092643482026
19.746711506153545
19.82849121239167
19.910431872263405
19.99253359643676
20.074796496170936
20.157220683316805
20.239806270309995
20.322553370177438
20.40546209652559
20.488532563544776
20.5717648860015
20.65515917924538
20.73871555919439
20.82243414234565
20.906315045759804
20.99035838707142
21.0745642844766
21.158932856739302
21.24346422318228
21.32815850368794
21.413015818699986
21.498036289206624
21.58322003676008
21.668567183457842
21.754077851946143
21.839752165416225
21.925590247605594
22.0115922227907
22.097758215788776
22.18408835195736
22.2705827571804
22.357241557885235
22.444064881022754
22.531052854073476
22.618205605047415
22.70552326247354
22.79300595540673
22.880653813420807
22.96846696660507
23.056445545565296
23.144589681421113
23.23289950580156
23.32137515084691
23.41001674919941
23.498824434008696
23.587798338929712
23.676938598110656
23.766245346202048
23.85571871834705
23.945358850185176
24.035165877846236
24.125139937946827
24.215281167591606
24.30558970437339
24.396065686362125
24.486709252111954
24.57752054065129
24.66849969149001
24.759646844607417
24.85096214045448
24.94244571995433
25.03409772449455
25.125918295928066
25.217907576574493
25.310065709209223
25.402392837068636
25.494889103844137
25.587554653683043
25.68038963118619
25.773394181398043
25.866568449816477
25.959912582383836
26.053426725484233
26.14711102594537
26.24096563102865
26.334990688440058
26.42918634631357
26.523552753221175
26.618090058160846
26.71279841055866
26.807677960272507
26.902728857575834
26.99795125316957
27.09334529817417
27.188911144123413
27.284648942969365
27.380558847079165
27.476641009220728
27.57289558258573
27.66932272076278
27.765922577745872
27.862695307933883
27.959641066121637
28.05676000750624
28.15405228767975
28.251518062626076
28.349157488718742
28.446970722728345
28.544957921805285
28.643119243486236
28.741454845693756
28.839964886728488
28.938649525273114
29.037508920379086
29.13654323147977
29.235752618379294
29.335137241251164
29.43469726063219