0.12441792098389622
0.1287213843025514
0.1331472672476043
0.13769854635234555
0.1423782683954091
0.1471895521632982
0.15213559024307277
0.15721965084979073
0.16244507969304775
0.16781530187740218
0.17333382384624232
0.17900423535854618
0.1848302114760672
0.19081551461568402
0.19696399662359532
0.2032796008305244
0.20976636421962597
0.21642841949571617
0.22326999723803675
0.2302954280448268
0.23750914464400966
0.2449156839739663
0.25251968924444934
0.26032591192339666
0.26833921363996255
0.2765645679659104
0.28500706203341236
0.293671897978211
0.3025643941033825
0.3116899857612201
0.32105422583346066
0.33066278457650494
0.34052144922410454
0.3506361224967862
0.3610128203218637
0.37165766881269147
0.38257689930641
0.39377684241988914
0.40526392013089846
0.4170446355756889
0.42912556040026323
0.4415133191314888
0.4542145701253097
0.46723598251303333
0.4805842088147816
0.4942658524725235
0.5082874300443927
0.5226553274812613
0.5373757503738634
0.5524546680102238
0.5678977516151396
0.583710307361413
0.5998972052792406
0.6164628058159816
0.6334108862803683
0.6507445700058484
0.6684662615179331
0.686577591232094
0.7050793731299327
0.723971578639912
0.7432533288397937
0.7629229065438414
0.7829777880601858
0.8034146934632741
0.8242296527572287
0.8454180845198748
0.8669748829764812
0.8888945093733214
0.9111710836806509
0.933798473172416
0.9567703752617417
0.9800803926001711
1.003722099316366
1.0276890978549593
1.0519750665369487
1.0765737982468915
1.1014792309501702
1.1266854709815448
1.1521868099886117
1.1779777364950894
1.2040529429550193
1.230407329149847
1.2570360025499885
1.2839342764626895
1.3110976662281955
1.3385218841790525
1.3662028335368033
1.3941366016711938
1.4223194528823828
1.4507478209643228
1.4794183016311129
1.5083276450085144
1.5374727481994426
1.5668506480319184
1.596458514037512
1.6262936416740594
1.656353445835223
1.686635454631505
1.7171373034823123
1.7478567295172043
1.778791566209872
1.8099397383546902
1.8412992573134837
1.872868216495517
1.9046447871076977
1.9366272141501661
1.9688138126533037
2.0012029640928546
2.033793113068061
2.0665827641121104
2.099570478739287
2.132754872631258
2.1661346129935355
2.199708416081359
2.233475044828604
2.2674333066488437
2.3015820513632645
2.335920169202061
2.3704465889594926
2.4051602762497297
2.440060231823638
2.475145490026945
2.5104151173043245
2.5458682108035253
2.581503897044915
2.617321330670208
2.6533196932541285
2.689498192178874
2.72585605955848
2.762392551232565
2.7991069457970665
2.835998543715283
2.873066667364045
2.910310655480272
2.947729871890189
2.985323695247831
3.023091523069732
3.0610327701323965
3.099146867808992
3.1374332634679796
3.17589141989384
3.2145208147176043
3.2533209398960383
3.29229130120411
3.3314314177427256
3.3707408214902754
3.4102190568457442
3.4498656802259364
3.489680259642222
3.5296623743206
3.5698116143463383
3.6101275802868935
3.6506098828675806
3.691258142647367
3.7320719896981442
3.773051063318501
3.8141950117363295
3.8555034918412217
3.8969761689199607
3.9386127163977336
3.980412815607384
4.022376155542788
4.06450243264511
4.106791350576289
4.14924262002168
4.19185595848637
4.234631090106764
4.277567745450627
4.3206656613673875
4.363924580794389
4.40734425259007
4.4509244313953165
4.4946648774614335
4.53856535651634
4.582625639606564
4.626845502969273
4.671224727905416
4.715763100647671
4.7604604122212875
4.805316458350517
4.850331039325789
4.895503959898833
4.940835029179289
4.9863240605223735
5.031970871433677
5.077775283469248
5.123737122142754
5.169856216843802
5.216132400733433
5.262565510668532
5.309155387124249
5.355901874105877
5.402804819072885
5.449864072869663
5.49707948965514
5.544450926815157
5.591978244925855
5.639661307649774
5.687499981703969
5.73549413678701
5.783643645513958
5.831948383364472
5.880408228626212
5.929023062340599
5.977792768241623
6.026717232721958
6.0757963447635746
6.125029995897406
6.174418080170577
6.223960494070688
6.273657136506953
6.323507908754963
6.373512714424909
6.4236714594099515
6.473984051846002
6.524450402087396
6.575070422654142
6.625844028214794
6.676771135521779
6.72785166340495
6.779085532725033
6.830472666344961
6.882012989100951
6.933706427758068
6.985552911000419
7.037552369393425
7.089704735341735
7.142009943091221
7.1944679286757225
7.247078629904393
7.2998419863324
7.352757939235485
7.405826431589609
7.459047408048355
7.512420814909424
7.565946600110408
7.619624713188704
7.67345510527133
7.727437729051722
7.7815725387778105
7.835859490210943
7.890298540632706
7.944889648801483
7.9996327749676
8.054527880816105
8.109574929478182
8.1647738855041
8.22012471484484
8.275627384844892
8.331281864222401
8.38708812304335
8.443046132725527
8.499155866011222
8.555417296957543
8.611830400920159
8.668395154548456
8.725111535757987
8.78197952372935
8.838999098888575
8.896170242905399
8.953492938666436
9.010967170276931
9.06859292303829
9.126370183447948
9.184298939182128
9.242379179084784
9.300610893156687
9.358994072551571
9.417528709560493
9.47621479760191
9.535052331219315
9.594041306057656
9.65318171887252
9.712473567508164
9.77191685089441
9.831511569031882
9.891257722995844
9.951155314915475
10.01120434797288
10.071404826390674
10.131756755438312
10.192260141400443
10.252914991587696
10.3137213143295
10.374679118954578
10.435788415799776
10.497049216192297
10.558461532442392
10.62002537784832
10.681740766677851
10.743607714168395
10.805626236518306
10.867796350885031
10.930118075373061
10.992591429035176
11.05521643185817
11.117993104769184
11.180921470472033
11.24400155006018
11.307233368052591
11.370616949056986
11.434152318582944
11.497839503047626
11.56167852976236
11.625669426936254
11.689812223661406
11.754106949915528
11.81855363656057
11.883152315326713
11.94790301881895
12.012805780505165
12.077860634719109
12.14306761665011
12.208426762340208
12.273938108686144
12.33960169342707
12.405417555142444
12.471385733253639
12.53750626801476
12.603779200511273
12.670204572654807
12.736782427179536
12.803512807642191
12.870395758415476
12.937431324684473
13.004619552440184
13.071960488485862
13.139454180420627
13.207100676651134
13.274900026378914
13.342852279590687
13.410957487069789
13.479215700385616
13.547626971890525
13.61619135471846
13.68490890278186
13.753779670764583
13.822803714123259
13.891981089086562
13.961311852645885
14.03079606255821
14.100433777337534
14.170225056257227
14.240169959348421
14.310268547388846
14.380520881909144
14.45092702518469
14.521487040237826
14.59220099082966
14.66306894145846
14.734090957363376
14.805267104515128
14.876597449613158
14.948082060086987
15.019721004094357
15.091514350513789
15.163462168944196
15.235564529708006
15.307821503836744
15.380233163082465
15.452799579904474
15.52552082747117
15.59839697965895
15.6714281110486
15.744614296923059
15.81795561326221
15.891452136742382
15.96510394474392
16.03891111532847
16.11287372725488
16.18699185996738
16.26126559359537
16.335695008955614
16.410280187543588
16.485021211533834
16.559918163778345
16.634971127801855
16.710180187807676
16.785545428661173
16.86106693590294
16.936744795732285
17.012579095022367
17.088569921299104
17.1647173627506
17.24102150822367
17.317482447217145
17.394100269887698
17.470875067040286
17.54780693012729
17.624895951250608
17.702142223155228
17.77954583922907
17.857106893498422
17.934825480631403
18.012701695929152
18.09073563532868
18.168927395399027
18.247277073336914
18.32578476697146
18.404450574753515
18.483274595757138
18.56225692968171
18.641397676842512
18.720696938175422
18.800154815229117
18.87977141016865
18.959546825765045
19.039481165402854
19.11957453307743
19.199827033378053
19.280238771508774
19.360809853266815
19.441540385051646
19.52243047386112
19.60348022728478
19.68468975350783
19.766059161301317
19.84758856003085
19.929278059647377
20.01112777068324
20.093137804255512
20.175308272065887
20.25763928638751
20.340130960074283
20.422783406551453
20.505596739822042
20.5885710744552
20.671706525589165
20.7550032089283
20.838461240742586
20.92208073786142
21.005861817679698
21.089804598147015
21.173909197764566
21.258175735595557
21.342604331252943
21.427195104896295
21.511948177237667
21.59686366953051
21.681941703575916
21.76718240171552
21.852585886828777
21.938152282336556
22.02388171219321
22.10977430088742
22.19583017343689
22.282049455393526
22.36843227283342
22.454978752359786
22.541689021098033
22.628563206695123
22.715601437316845
22.80280384164844
22.890170548888882
22.977701688749526
23.065397391454347
23.15325778773597
23.24128300883318
23.329473186489576
23.41782845295529
23.506348940975577
23.59503478379826
23.683886115166157
23.772903069319693
23.86208578098572
23.95143438539205
24.040949018241754
24.130629815735134
24.220476914551224
24.310490451853266
24.400670565285715
24.491017392969773
24.581531073500923
24.67221174595225
24.763059549864547
24.854074625254725
24.94525711260168
25.036607152852497
25.12812488742008
25.219810458173242
25.311664007445
25.403685678026022
25.49587561315988
25.588233956542823
25.680760852326877
25.773456445106557
25.866320879931912
25.959354302289643
26.052556858115643
26.145928693781734
26.239469956102337
26.33318079232781
26.42706135014192
26.52111177766126
26.61533222343251
26.709722836432285
26.804283766063705
26.899015162151265
26.993917174944215
27.08898995511121
27.184233653737696
27.279648422327796
27.375234412796217
27.470991777471237
27.566920669090248
27.66302124079986
27.759293646148723
27.85573803909173
27.952354573986177
28.049143405581088
28.1461046890341
28.24323857988836
28.340545234085084
28.438024807955475
28.53567745821762
28.633503341977733
28.731502616727678
28.829675440341116
28.928021971069782
29.026542367548572
29.12523678878214
29.22410539415781
29.323148343427203
29.42236579671554
29.521757914518428
29.621324857691295
29.721066787459456
29.820983865403708
29.921076253471384
30.021344113961323
30.121787609533683