0.007930432335281411
0.012175703050580291
0.01803456988568714
0.02590668595904723
0.03624681531134805
0.04956863406979088
0.06644893811288291
0.08753204290453934
0.11353406304758805
0.1452466733369249
0.18353988800534263
0.2293633596522028
0.2837457027208526
0.3477913900974828
0.4226748489902618
0.509631470915415
0.609945311581696
0.7249332384971079
0.8559251439006422
1.0042395774358537
1.171153875694583
1.3578678674013902
1.5654610309513808
1.7948451615014838
2.0467182727257294
2.3215293599342233
2.619464910485153
2.940463947170758
3.284259633238656
3.6504369686656895
4.038492951036818
4.447888484222284
4.878087000155262
5.328579647819908
5.798899528686918
6.288628138915286
6.797396808437904
7.324885216305985
7.870818380724499
8.434962996698237
9.017123632492597
9.617139062943451
10.234878875702961
10.870240403206623
11.523145987084204
12.193540557418752
12.881389498602099
13.586676769437087
14.30940324562761
15.04958525491706
15.807253278160413
16.582450792951118
17.37523323951492
18.18566709152559
19.013829017043964
19.859805116972826
20.723690230428115
21.60558729796985
22.505606775031314
23.42386608912685
24.360489135301563
25.3156058051834
26.289351545666293
27.28186694387194
28.29329733549894
29.32379243413258
30.37350597940855
31.442595402262114
32.53122150574785
33.63954816010952
34.7677420110196
35.91597220004765
37.08441009653632
38.27322904026128
39.48260409424752
40.712711807326734
41.96372998602992
43.2358374754613
44.52921394895001
45.844039706240885
47.180495480074285
48.53876225104438
49.919021070651276
51.32145289248998
52.74623841155388
54.193557911651226
55.663591120940595
57.15651707561008
58.672513991754286
60.21175914547431
61.77442876126406
63.360697908741614
64.97074040777905
66.60472874209533
68.2628339813542
69.94522571184018
71.65207197573612
73.38353921908303
75.13979224840743
76.92099419610082
78.72730649452647
80.55888885889365
82.41589927889592
84.2984940191116