52.11681898456928
52.154911305950854
52.21838034900783
52.307198637051954
52.421327441971016
52.56071598790394
52.725301941876175
52.915009024253834
53.12974649022321
53.36940798390336
53.63386977163162
53.92298994493061
54.23660774183929
54.57454550407467
54.93660740507018
55.32258353905928
55.73225122092495
56.165377349613834
56.62172089186103
57.10103640040737
57.60307465251014
58.12758682808014
58.67432735441379
59.24304772337505
59.8335146274344
60.44549553921956
61.07876766959926
61.733117547456885
62.408343557756474
63.104253006279585
63.820666845649704
64.55741774284502
65.31435062208693
66.09132500804144
66.88821093239831
67.70489286376092
68.54126809902617
69.39724663340327
70.2727503352
71.16771440762497
72.08208485554151
73.01582030944584
73.96889084077726
74.94127539203902
75.93296585891957
76.94396208761793
77.97427504451841
79.02392417094546
80.09293763409386
81.18135153531205
82.28921079343367
83.4165668452972
84.56347899131254
85.73001223740339
86.91623841880394
88.12222658287091
89.34808071741459
90.59387612476941
91.8597014713962
93.14565815589403
94.45184687596281
95.77837276470763
97.12534448509481
98.49287284081835
99.88107319418211
101.29006215638758
102.71995545511258
104.17087737285966
105.64294949054724
107.13626149368153
108.65104431902319
110.18731845398442
111.74524583029321
113.32495489761206
114.92657714367903
116.55023634795364
118.19606327875528
119.86418883060568
121.55473797142912
123.26784017318434
125.00362348704721
126.76221229718647
128.5437343170897
130.34831998550848
132.17608557804164
134.02715658776114
135.90165469405508
137.79970084235995
139.7214137470665
141.66691145181008
143.63630790532494
145.6297205680367
147.6472626373338
149.68904276391922
151.75517078912017
153.84575289477883
155.9609013804311
158.10071784547003
160.2653010384231
162.454754186811
164.66917591292733
166.908663723073
169.1733112279105
171.46321687867595
173.77846795086728
176.1191560264085
178.48537052435276
180.87712471116373
183.2947235089574
185.7380321400388
188.20720589781536
190.702326124074
193.22347280097154
195.77072465679495
198.3441592696571
200.9438531487765
203.56988182013376
206.22231991644244
208.9012412713613
211.60671901790573