0.02831710285355826
0.029424105335211354
0.030564578377649934
0.03173924756870111
0.032948848875855634
0.0341941287919866
0.035475844427075236
0.03679476363531138
0.038151665139959746
0.03954733865363368
0.04098258499037693
0.04245821623360006
0.04397505579528646
0.0455339386233994
0.047135711244703976
0.04878123195169417
0.050471370920632384
0.05220701034609723
0.05398904453494353
0.05581838009571173
0.05769593599758573
0.059622643788970815
0.06159944764478402
0.06362730455561533
0.06570718442776965
0.06784007022352415
0.07002695809406238
0.07226885750632661
0.07456679136341554
0.07692179613851162
0.07933492200992513
0.08180723295766086
0.08433980694972446
0.08693373597203577
0.08959012621833476
0.09231009820201502
0.09509478684611192
0.09794534160717586
0.1008629265991456
0.10384872069425902
0.10690391762433635
0.1100297260996886
0.11322736989352017
0.11649808793861954
0.1198431344339797
0.12326377892659421
0.126761306413361
0.13033701737174036
0.13399222792247834
0.13772826979547328
0.14154649050801432
0.145448253346908
0.14943493745300485
0.15350793788698397
0.1576686656535567
0.1619185477580659
0.16625902722696628
0.17069156315027367
0.17521763069410148
0.17983872110190183
0.1845563417591329
0.1893720160968166
0.19428728368276763
0.19930370013011622
0.20442283713963338
0.2096462823924899
0.21497563959171304
0.2204125283576761
0.225958584179567
0.2316154583750486
0.23738481796452385
0.243268345635885
0.2492677396120761
0.25538471358046777
0.26162099650419246
0.26797833258515635
0.2744584810588661
0.28106321605330326
0.28779432646194725
0.29465361570657966
0.3016429015952889
0.3087640161186626
0.31601880522190084
0.32340912855843446
0.3309368592905861
0.33860388380222867
0.34641210143564805
0.3543634242060631
0.3624597764964111
0.37070309474902974
0.37909532711054533
0.38763843309922735
0.3963343832337405
0.40518515860442933
0.4141927505379416
0.42335916010881003
0.43268639771892864
0.4421764826073968
0.4518314423935035
0.46165331254064673
0.47164413580659903
0.48180596169538664
0.4921408459008531
0.5026508496215077
0.5133380389669769
0.5242044843005322
0.5352522594808317
0.5464834412013454
0.5579001081506727
0.5695043402696756
0.5812982179036036
0.5932838209183491
0.6054632278015589
0.6178385147266339
0.6304117545403931
0.6431850157498706
0.6561603614508976
0.669339848192515
0.682725524829097
0.6963194312981263
0.7101235973578787
0.7241400412836496
0.7383707684929844
0.752817770135782
0.7674830216512571
0.7823684811819162
0.7974760880941518
0.8128077612725655
0.8283653974727502
0.8441508696059306
0.8601660249364703
0.8764126832649809
0.8928926350476319
0.9096076394784738
0.9265594225375019
0.9437496750073187
0.9611800503984423
0.978852162968327
0.9967675855879613
1.0149278476974632
1.0333344331859597
1.051988778332286
1.07089226969852
1.090046242104689
1.1094519765889592
1.1291106984084078
1.149023575163796
1.169191714892689
1.1896161643037033
1.210297907097764
1.2312378623670592
1.252436883135744
1.2738957549931142
1.2956151949395247
1.3175958502862983
1.339838297817536
1.3623430430468746
1.3851105196789244
1.4081410892946216
1.4314350412019086
1.4549925924384666
1.478813888100636
1.502899001738
1.5272479360523117
1.5518606237437564
1.5767369285801327
1.6018766466261536
1.627279507720741
1.6529451770531194
1.6788732569424727
1.7050632887849135
1.7315147551186174
1.7582270818051342
1.785199640366722
1.812431750362281
1.8399226819173229
1.8676716582253914
1.8956778582293372
1.9239404191883986
1.9524584393972082
1.9812309808578814
2.0102570719074215
2.0395357098941513
2.069065863807105
2.0988464768109623
2.1288764687989783
2.1591547388474903
2.1896801676040134
2.220451619600991
2.25146794549383
2.2827279842314145
2.314230565072089
2.34597450957804
2.377958633498844
2.4101817485157446
2.4426426639407546
2.475340188284805
2.5082731307742656
2.5414403027023753
2.5748405187649186
2.6084725982395023
2.6423353661364097
2.6764276542115577
2.7107483019408516
2.745296157373642
2.780070077941007
2.8150689311910466
2.8502915954385366
2.885736960366791
2.92140392753495
2.9572914108793045
2.9933983371123483
3.0297236461060635
3.066266291174548
3.1030252393764983
3.139999471745826
3.1771879834582313
3.214589783997152
3.252203897281857
3.2900293617266527
3.3280652303338503
3.366310570705805
3.4047644650542255
3.4434260101819274
3.4822943174571406
3.5213685127552967
3.56064773638257
3.6001311429951968
3.639817901495341
3.6797071949240974
3.7197982203242157
3.7600901886225566
3.8005823244794086
3.8412738661287436
3.8821640652416822
3.923252186743292
3.9645375086545798
4.006019321916983
4.047696930215375
4.089569649803546
4.1316368093054905
4.173897749563972
4.216351823431508
4.258998395571275
4.3018368423106494
4.344866551427838
4.388086921959865
4.431497364045185
4.475097298713173
4.51888615770303
4.5628633833035455
4.6070284281451865
4.651380755029938
4.69591983675777
4.740645155956722
4.7855562048949825
4.830652485313816
4.8759335082757715
4.921398793961982
4.967047871551278
5.01288027902345
5.058895563022717
5.105093278687308
5.151472989499026
5.198034267144603
5.244776691348635
5.291699849732453
5.338803337678583
5.3860867581895
5.433549721735201
5.481191846132682
5.5290127564065585
5.577012084672752
5.625189469977515
5.673544558203712
5.72207700194372
5.7707864603600445
5.81967259908974
5.868735090122404
5.91797361166823
5.96738784808776
6.016977489740082
6.066742232908355
6.116681779674078
6.16679583783231
6.217084120781331
6.267546347431533
6.318182242108606
6.368991534455113
6.419973959345957
6.47112925679542
6.522457171871515
6.573957454608235
6.62562985992487
6.677474147548562
6.729490081907429
6.7816774320974265
6.834035971765927
6.886565479056479
6.939265736532103
6.992136531096347
7.045177653929744
7.098388900428115
7.151770070120653
7.205320966605257
7.259041397496519
7.312931174349522
7.366990112607702
7.421218031541658
7.475614754175178
7.530180107253583
7.584913921159704
7.639816029875894
7.694886270928549
7.750124485323936
7.805530517515921
7.861104215330258
7.916845429929706
7.9727540157667445
8.028829831206533
8.085072735803317
8.14148259423272
8.19805927362301
8.254802644155838
8.311712579030132
8.368788954412565
8.426031649400441
8.483440545982601
8.54101552899747
8.59875648609296
8.656663307698054
8.714735886965826
8.772974119755453
8.831377904595218
8.889947142629268
8.948681737608547
9.007581595837182
9.066646626150758
9.1258767398802
9.185271850813914
9.24483187518339
9.304556731617527
9.36444634111222
9.424500627011374
9.484719514976739
9.545102932946573
9.605650811130193
9.66636308195
9.727239680053023
9.788280542247497
9.84948560750361
9.91085481692122
9.972388113695732
10.034085443103205
10.095946752482716
10.15797199119305
10.220161110606861
10.282514064087348
10.345030806954725
10.407711296475188
10.470555491834226
10.533563354122712
10.596734846302038
10.660069933204971
10.723568581489488
10.787230759648327
10.851056437970021
10.915045588517915
10.979198185130537
11.043514203383502
11.107993620588262
11.172636415764675
11.2374425696142
11.302412064530573
11.367544884560573
11.432841015390505
11.498300444338128
11.563923160334777
11.629709153897942
11.695658417135105
11.761770943715325
11.828046728856567
11.894485769314795
11.961088063366702
12.027853610795574
12.094782412878747
12.16187447237457
12.229129793502434
12.296548381943257
12.36413024480945
12.431875390646534
12.499783829409925
12.56785557245972
12.636090632545564
12.704489023791492
12.773050761693955
12.84177586309364
12.910664346182418
12.979716230478278
13.048931536820234
13.118310287354175
13.187852505526658
13.257558216069148
13.32742744498995
13.397460219561667
13.46765656831736
13.538016521026089
13.608540108704336
13.679227363584234
13.75007831911641
13.82109300995957
13.892271471968456
13.96361374218441
14.035119858827185
14.106789861281163
14.178623790097474
14.250621686973258
14.3227835947508
14.395109557402641
14.46759962002921
14.54025382884716
14.61307223118118
14.686054875451578
14.759201811178132
14.832513088959853
14.905988760468542
14.979628878451383
15.053433496710468
15.127402670101935
15.201536454526895
15.275834906924366
15.350298085261468
15.424926048533164
15.499718856745146
15.574676570911587
15.64979925305143
15.72508696617485
15.800539774282013
15.876157742351417
15.95194093633305
16.027889423156726
16.104003270696193
16.180282547788394
16.25672732421768
16.333337670707138
16.410113658914867
16.487055361429995
16.564162851760397
16.641436204333573
16.718875494485086
16.79648079845498
16.874252193380077
16.952189757290615
17.030293569106306
17.1085637086214
17.18700025650833
17.265603294307244
17.344372904423423
17.42330917011884
17.502412175507562
17.581682005552015
17.661118746050846
17.74072248364709
17.82049330580858
17.900431300829666
17.980536557825516
18.06080916672293
18.14124921826555
18.22185680399388
18.302632016252733
18.383574948179806
18.464685693701217
18.54596434753002
18.627411005157878
18.70902576285482
18.790808717650254
18.872759967350333
18.95487961051514
19.037167746462874
19.119624475262306
19.202249897727558
19.28504411541624
19.368007230622865
19.451139346371168
19.534440566418315
19.617910995239264
19.70155073803484
19.785359900715594
19.869338589903663
19.95348691292657
20.037804977815732
20.122292893295285
20.20695076879065
20.291778714405954
20.37677684093803
20.461945259863054
20.547284083326186
20.632793424155278
20.718473395837872
20.804324112530544
20.890345689047944
20.976538240861704
21.062901884091993
21.149436735510367
21.23614291253134
21.32302053321037
21.410069716238816
21.49729058093619
21.584683247258393
21.67224783577858
21.75998446769212
21.847893264814992
21.93597434957349
22.024227845003328
22.112653874747185
22.20125256304874
22.290024034747823
22.378968415283392
22.468085830682504
22.557376407559925
22.646840273115902
22.736477555126243
22.826288381949862
22.916272882511063
23.006431186309445
23.096763423409982
23.18726972443743
23.27795022057536
23.36880504356673
23.45983432570339
23.5510381998243