3.3209821997435625
3.3514266577225635
3.3820258956389644
3.4127797420917187
3.4436880279620037
3.4747505863900083
3.5059672527479986
3.5373378646236864
3.568862261784358
3.600540286157634
3.632371781807765
3.664356594913907
3.6964945737421964
3.728785568620427
3.7612294319194346
3.7938260180251677
3.8265751833153527
3.859476786145221
3.892530686811016
3.9257367475318725
3.9590948324377764
3.9926048075271146
4.026266540665683
4.060079901551311
4.094044761689907
4.128160994388878
4.162428474722629
4.196847079512198
4.2314166873131
4.266137178385041
4.301008434679126
4.336030339809197
4.371202779040531
4.406525639269361
4.441998808990483
4.477622178299737
4.513395638853045
4.549319083864303
4.585392408078695
4.621615507749977
4.657988280638247
4.69451062597295
4.731182444447422
4.7680036382012645
4.804974110794276
4.842093767196647
4.879362513771959
4.916780258263155
4.954346909585754
4.992062378534227
5.029926576888818
5.067939417361179
5.106100814505548
5.144410683981711
5.182868942708668
5.221475508862397
5.260230301848303
5.299133242300962
5.33818425205223
5.3773832541394295
5.41673017277184
5.456224933330073
5.495867462342745
5.535657687478151
5.575595537537076
5.615680942429699
5.655913833167532
5.696294141851005
5.736821801659906
5.777496746837503
5.818318912674642
5.859288235513235
5.9004046527143545
5.941668102667669
5.983078524760783
6.024635859383831
6.066340047909246
6.108191032687041
6.150188757032028
6.192333165209043
6.234624202433073
6.277061814846914
6.319645949524769
6.362376554451647
6.405253578521992
6.448276971521941
6.491446684127579
6.534762667892906
6.578224875244617
6.621833259464235
6.6655877746929475
6.709488375913858
6.753535018938706
6.797727660419658
6.842066257821876
6.886550769423518
6.9311811543115205
6.975957372363098
7.020879384252203
7.065947151434631
7.111160636140196
7.156519801369757
7.202024610884169
7.2476750292036645
7.293471021593201
7.339412554061352
7.385499593359804
7.431732106962634
7.478110063071515
7.524633430609518
7.5713021792068345
7.6181162792044965
7.6650757016444535
7.712180418268079
7.759430401502022
7.806825624463914
7.854366060947854
7.902051685429857
7.949882473052725
7.997858399622689
8.045979441615364
8.094245576159372
8.14265678103584
8.191213034673188
8.239914316151726
8.288760605182299
8.337751882114109
8.386888127937443
8.43616932426072
8.485595453322022
8.53516649798091
8.584882441710352
8.634743268604918
8.684748963365386
8.734899511298128
8.78519489832093
8.835635110946253
8.886220136289534
8.936949962059142
8.987824576560097
9.038843968681041
9.090008127903044
9.141317044291542
9.192770708494102
9.24436911173434
9.296112245820975
9.34800010312699
9.400032676610472
9.452209959789547
9.50453194676174
9.556998632183245
9.60961001127923
9.662366079834777
9.715266834200216
9.768312271281818
9.821502388546511
9.874837184015922
9.928316656268237
9.981940804431005
10.035709628186106
10.089623127768377
10.143681303960525
10.197884158086435
10.25223169202791
10.306723908208923
10.361360809590265
10.416142399685697
10.471068682547658
10.526139662771257
10.581355345492268
10.6367157363859
10.692220841665554
10.74787066808555
10.803665222936665
10.859604514046747
10.91568854978196
10.971917339039834
11.028290891257823
11.084809216408475
11.141472324995574
11.198280228060225
11.255232937174656
11.312330464445555
11.369572822515073
11.426960024557221
11.484492084273034
11.542169015905952
11.599990834226563
11.657957554534338
11.71606919266681
11.774325764993128
11.832727288411697
11.891273780352405
11.94996525878098
12.008801742193636
12.067783249619946
12.126909800615383
12.18618141527969
12.245598114234793
12.305159918721984
12.36486685027275
12.424718931188625
12.484716184230278
12.544858632691593
12.605146300392985
12.665579211699637
12.72615739150561
12.78688086523646
12.847749658866105
12.90876379888432
12.969923312337553
13.03122822679308
13.092678570363187
13.154274371694257
13.216015659970363
13.277902464917375
13.339934816792772
13.40211274639992
13.46443628507678
13.526905464701853
13.58952031769693
13.652280877022983
13.715187176181903
13.778239249216751
13.841437130715486
13.904780855808971
13.968270460166135
14.031905980006885
14.095687452091305
14.159614913726728
14.223688402762281
14.287907957599058
14.352273617180812
14.416785420998547
14.481443409092135
14.546247622052297
14.61119810101105
14.67629488765846
14.741538024223651
14.806927553499142
14.872463518822583
14.938145964079009
15.003974933710882
15.069950472712259
15.136072626629288
15.202341441559222
15.268756964159719
15.335319241638542
15.402028321759026
15.468884252843425
15.535887083763352
15.603036863953436
15.67033364281554
15.737777472053235
15.805368402202731
15.873106484926016
15.940991772448097
16.00902431755141
16.077204173577936
16.145531394431664
16.214006034571543
16.282628149026614
16.35139779338135
16.420315023782255
16.48937989694332
16.55859247013446
16.627952801194336
16.69746094852175
16.767116971079783
16.836920928396864
16.90687288056669
16.97697288824274
17.047221012652557
17.117617315577508
17.18816185937365
17.25885470818836
17.329695923089556
17.40068556931887
17.471823711494476
17.543110414803266
17.614545744995024
17.686129768391236
17.75786255187716
17.829744162910362
17.901774669509823
17.973954140267708
18.046282644342426
18.11876025145864
18.19138703190984
18.264163056561863
18.33708839684553
18.410163124758412
18.483387312869905
18.556761034316267
18.630284362801113
18.70395737259803
18.777780138550938
18.85175273606789
18.925875241129145
19.00014773027971
19.07457028063592
19.149142969880117
19.223865876264842
19.298739078608392
19.37376265629642
19.44893668928554
19.52426125809637
19.59973644381813
19.675362328106786
19.751138993186153
19.8270665218448
19.903144997439398
19.979374503892615
20.055755125688776
20.132286947886257
20.208970056099997
20.285804536515897
20.36279047587816
20.43992796150343
20.517217081264665
20.59465792360393
20.67225057752058
20.749995132583575
20.827891678915204
20.905940307210585
20.984141108714557
21.062494175243174
21.140999599165454
21.219657473413797
21.298467891479525
21.37743094740953
21.456546735815074
21.53581535186015
21.615236891268278
21.69481145031545
21.774539125840782
21.854420015234638
21.934454216437224
22.014641827952506
22.09498294883047
22.175477678676412
22.256126117647728
22.336928366451176
22.417884526346587
22.4989946991428
22.58025898719564
22.66167749341304
22.74325032124683
22.824977574696202
22.906859358307866
22.98889577717168
23.07108693692426
23.153432943743386
23.235933904349007
23.318589926003852
23.401401116513934
23.484367584217615
23.567489438001267
23.65076678728336
23.734199742019566
23.817788412704115
23.901532910366832
23.98543334656815
24.069489833405466
24.15370248350442
24.238071410026503
24.322596726659715
24.407278547620326
24.492116987656214
24.57711216204203
24.662264186572123
24.747573177575813
24.83303925189589
24.91866252690504
25.00444312049154
25.090381151070567
25.176476737571527
25.26272999943968
25.349141056645077
25.435710029666904
25.522437039501074
25.60932220765537
25.696365656151695
25.78356750752072
25.87092788480226
25.958446911548265
26.04612471181238
26.133961410157262
26.221957131650267
26.310112001860432
26.398426146858377
26.486899693216795
26.57553276800672
26.664325498796675
26.753278013652775
26.842390441135525
26.931662910300656
27.021095550694074
27.110688492353567
27.20044186580845
27.290355802072852
27.38043043265181
27.470665889533304
27.561062305190152
27.651619812576996
27.742338545128586
27.8332186367635
27.924260221876192
28.015463435335143
28.10682841248707
28.198355289155064
28.290044201629797
28.381895286673213
28.47390868152017
28.566084523871105
28.658422951889914
28.75092410421081
28.843588119927357
28.936415138596356
29.029405300232614
29.122558745310677
29.215875614763604
29.3093560499806
29.40300019279857
29.496808185512556
29.590780170866548
29.684916292051746
29.77921669270817
29.873681516923803
29.96831090922725
30.06310501458986
30.1580639784251
30.253187946586962
30.34847706536471
30.443931481483528
30.53955134210328
30.63533679481863
30.731287987650468
30.82740506905324
30.923688187906638
31.020137493516707
31.11675313561436
31.213535264350543
31.310484030301314
31.40759958445506
31.50488207822554
31.60233166343449
31.6999484923217
31.797732717540644
31.895684492149073
31.993803969619165
32.09209130382763
32.190546649056536
32.289170159989744
32.387961991714896
32.48692229971828
32.58605123988539
32.685348968496534
32.78481564222536
32.88445141814433
32.98425645370844
33.08423090676752
33.18437493555592
33.28468869869465
33.385172355189844
33.485826064427336
33.58664998617054
33.68764428056851
33.78880910813981
33.890144629782576
33.991651006764435
34.093328400722676
34.19517697366842
34.29719688797969
34.39938830639286
34.501751392016175
34.60428630831707
34.70699321912084
34.8098722886126
34.9129236813332
35.01614756217995
35.119544096398364
35.223113449588155
35.326855787696964
35.43077127701575
35.53486008418923
35.639122376196745
35.74355832036195
35.848168084347336
35.95295183615477
36.057909744121226
36.163041976913355
36.26834870353666
36.373830093321466
36.47948631592702
36.58531754134087
36.69132393987304
36.79750568215526
36.903862939143984
37.01039588210769
37.1171046826377
37.223989512635775
37.331050544319176
37.43828795021684
37.54570190316268
37.65329257630127
37.7610601430839
37.86900477725938
37.97712665288581
38.085425944312135
38.19390282619299
38.30255747347484
38.41139006139594
38.52040076549158
38.62958976158339
38.73895722578146
38.84850333448299
38.95822826436778
39.06813219240174
39.178215295825844
39.2884777521628
39.398919739211756
39.50954143504677
39.62034301800891
39.73132466672135
39.84248656006457
39.95382887719449
40.065351797526056
40.17705550074096
40.2889401667792
40.40100597584315