                  NaN
-0.25743133299078E-11
-0.38449680979411E-10
 0.74877573245147E-10
 0.22183587153648E-08
 0.35389720741246E-09
 0.25497389496663E-09
-0.20337764950321E-10
-0.26822690093225E-07
 0.15691035605688E-07
 0.15649375962118E-09
-0.19122155775247E-07
 0.13426628468606E-07
 0.21263031024046E-08
 0.52554306589441E-09
-0.35920637265717E-09
 0.39143925465518E-08
 0.17225367446543E-07
-0.88610503744572E-08
-0.42948643830313E-09
-0.17595949306857E-06
 0.19192981615050E-08
                  NaN
-0.60404966573565E-08
-0.13536213910256E-09
-0.61981179669730E-08
 0.11743552973961E-06
 0.16222086728913E-07
 0.34487385106040E-06
-0.26672996328811E-06
 0.78884235544597E-07
-0.24945852542322E-06
 0.33107259400716E-05
-0.46933856434579E-08
 0.46472985473027E-07
-0.35487504712176E-08
-0.16396245158980E-08
 0.53039010430331E-06
-0.96428311094088E-06
-0.24259411514705E-06
 0.42270637975382E-07
-0.14584915122648E-07
-0.27076458060664E-05
-0.44559138746128E-06
-0.21363689143943E-06
-0.36112577717851E-06
 0.53606791148128E-08
 0.27124017989941E-06
 0.11939473454760E-07
 0.60351508755625E-06
 0.36995375418109E-07
-0.62001002364722E-07
 0.35450520144137E-08
 0.13731331720125E-06
-0.98135093430442E-07
 0.16238318172279E-07
 0.37054559953221E-07
-0.31408114801629E-06
 0.18336339590609E-05
-0.23555136893500E-06
-0.14934370414737E-06
 0.96101200780108E-07
-0.22999455539024E-07
-0.12822719432736E-07
-0.35365457234061E-05
 0.32429959371690E-06
-0.12627919169888E-04
-0.53120048947286E-06
 0.19813500793651E-05
-0.95094089581971E-05
 0.94472063395411E-05
 0.82107575902547E-05
-0.21208239742837E-04
 0.20691659912325E-04
-0.29916416706449E-06
-0.26679358036878E-06
 0.42210858116628E-06
 0.15479379118327E-06
 0.59039063209445E-06
-0.32579328773904E-05
-0.15630129950057E-06
-0.13030254373909E-06
 0.17224438198161E-07
-0.98470766422672E-07
-0.54184177727005E-06
 0.51416793845417E-08
-0.36336842270104E-06
-0.83401994298300E-07
-0.22340350021686E-06
 0.40585130663386E-06
 0.12818804512608E-06
 0.94107627307725E-08
 0.24768118973999E-05
-0.36176970124891E-06
-0.15554472498220E-06
 0.65835662208202E-06
 0.97115717572213E-06
-0.37090445409959E-05
 0.20961511618617E-05
 0.24791433939482E-06
 0.59928717535214E-05
-0.43906702935225E-05
-0.29288484495414E-06
-0.10312061847261E-04
-0.88185913161993E-07
 0.69051489335982E-06
-0.22966880026706E-07
 0.36255613870894E-07
 0.69162847796658E-06
-0.72616285056191E-06
 0.25629820555417E-06
 0.66050682314669E-07
-0.54660888242506E-07
-0.48783613779773E-07
 0.13563268444868E-06
 0.26987513436350E-06
-0.12055936400056E-07
-0.12787181764521E-07
-0.13550456671789E-07
-0.14345718662796E-07
