 0.24162953000148E-29
 0.12081476500074E-29
 0.80543176667162E-30
 0.60407382500371E-30
 0.48325906000297E-30
 0.40271588333581E-30
 0.34518504285926E-30
 0.30203691250186E-30
 0.26847725555721E-30
-0.22200075681343E-15
 0.21966320909226E-30
 0.20135794166790E-30
 0.43095325434616E-15
 0.17259252142963E-30
 0.16108635333432E-30
-0.69648212410274E-16
 0.32955248861765E-15
-0.16835354581574E-15
-0.13476425754271E-15
-0.40517812827450E-16
 0.23012336190618E-30
-0.15033444612891E-16
-0.18977702743151E-15
 0.77446630521176E-16
 0.11307845288750E-15
 0.75477308064673E-18
 0.15355721748652E-15
-0.17890904956762E-15
-0.60358848122514E-16
-0.17372229460211E-15
-0.11171250142430E-15
-0.56893747191504E-15
-0.74534263977486E-15
-0.13909155213148E-14
-0.23787321971255E-14
-0.43345126659583E-14
-0.73404448429593E-14
-0.11850148336130E-13
-0.19350264060743E-13
-0.29998487615489E-13
-0.46029054131746E-13
-0.67768861087607E-13
-0.99697338833877E-13
-0.14346958435812E-12
-0.20297176213318E-12
-0.28225733289599E-12
-0.38721492601702E-12
-0.52429733228294E-12
-0.70086969573037E-12
-0.92549790235085E-12
-0.12065595203711E-11
-0.15568255134434E-11
-0.19891425697086E-11
-0.25180629729288E-11
-0.31576669024247E-11
-0.39263443185732E-11
-0.48429243999955E-11
-0.59283163374265E-11
-0.72048670090056E-11
-0.86959405460826E-11
-0.10427779001563E-10
-0.12426645798565E-10
-0.14722046175446E-10
-0.17342780474860E-10
-0.20321839195990E-10
-0.23691003226926E-10
-0.27484698117920E-10
-0.31737822977233E-10
-0.36486904686866E-10
-0.41769155464952E-10
-0.47622467965694E-10
-0.54085596747285E-10
-0.61197725417440E-10
-0.68999639912615E-10
-0.77530921480889E-10
-0.86832954875444E-10
-0.96946038047909E-10
-0.10791246506847E-09
-0.11977283103921E-09
-0.13256855093374E-09
-0.14634112368625E-09
-0.16113138428812E-09
-0.17698131759068E-09
-0.19393043424566E-09
-0.21202042606963E-09
-0.23129097729239E-09
-0.25178230969859E-09
-0.27353431466855E-09
-0.29658509264073E-09
-0.32097503842978E-09
-0.34674199504042E-09
-0.37392426080984E-09
-0.40256025221436E-09
-0.43268599185118E-09
-0.46433926241887E-09
-0.49755633818285E-09
-0.53237327843347E-09
-0.56882606124376E-09
-0.60694960299317E-09
-0.64677876653920E-09
-0.68834717288222E-09
-0.73168901448275E-09
-0.77683661454199E-09
-0.82382229500103E-09
-0.87267776737053E-09
-0.92343380214867E-09
-0.97611953956394E-09
-0.10307632127201E-08
-0.10873929108369E-08
-0.11460343520627E-08
-0.12067123331775E-08
-0.12694504328212E-08
-0.13342692509785E-08
-0.14011893421554E-08
-0.14702278728581E-08
-0.15414022517878E-08
-0.16147195569817E-08
-0.16901975716127E-08
-0.17678418612504E-08
-0.18476585149651E-08
