3.7700822073026723
4.091280315970405
4.428334764966173
4.781106977638436
5.149478490102931
5.533349107458669
5.932633840974916
6.347262855772844
6.777177340318785
7.222329759410109
7.682685700883659
8.15821795291773
8.64890397369076
9.154732593249948
9.675700297884092
10.211809024571116
10.763068143300684
11.329491932149322
11.911101317364327
12.50792453006428
13.119994804756985
13.747351801669794
14.39004173531753
15.048115133779568
15.721632206319988
16.41065787460566
17.115262386862106
17.835524552523108
18.571528376479833
19.323364891331455
20.091132818832676
20.874936075218248
21.674885389568352
22.491099368443603
23.323702247828
24.172825115471888
25.038604703333746
25.921185406072198
26.8207165632839
27.737357291236176
28.67126581406088
29.62261210141062
30.591509342210948
31.57831862273264
32.58304033431762
33.605931061178794
34.647178270709965
35.7069868104406
36.78555832443793
37.88310152291108
38.99983183027683
40.135964298487785
41.29171909295801
42.46732053509308
43.66299708246673
44.878979011719785
46.11549949141566
47.37279840185578
48.65111027530271
49.95067801746801
51.2717449001083
52.614556032875534
53.97935814240282
55.36639935140747
56.77592895804135
58.20819721571331
59.663455113587446
61.14195415804007
62.64394615531099
64.16968299564756
65.71941643923145
67.29339790421919
68.89187825720873
70.51510760651803
72.16333509863037
73.83680871817775
75.53577509189454
77.26047929693753
79.01116467397516
80.78807264551351
82.59144253985549
84.42151142114197
86.27851392590964
88.16268210658133
90.07424528230827
92.01342989758653
93.98045938901322
95.97555406058571
97.99893096786856
100.05080381139086
102.13138283954797
104.24087476130377
106.3794826689503
108.54740597108224
110.74484033607611
112.97197764610503
115.22900596186786
117.51610949810694
119.83346860993613
122.1812597899783
124.55965567635624
126.96882507134153
129.40893297071113
131.88014060359353