0.011373246039328351
0.017152809182604086
0.025015159107706075
0.03545099143566085
0.04901761626970846
0.06634433642611917
0.08813814921386544
0.11518935770188908
0.14837655381818568
0.18867033622728263
0.23713506502053944
0.29492794523361465
0.3632947772803525
0.4435617975603212
0.5371231142580789
0.6454232426292336
0.7699340712509697
0.9121251937854495
1.0734260324384275
1.2551780164150614
1.458576225837319
1.6846036235546848
1.933967625543418
2.207055628374087
2.5039269897236944
2.8243489881265167
3.1678675041223916
3.5338912252397505
3.921768532526859
4.3308453865767165
4.76050230188607
5.21017416298413
5.679358197109127
6.167614748510989
6.674564171695312
7.199881941060697
7.74329320477469
8.304567423438264
8.88351341307957
9.479974910071416
10.09382667738612
10.724971120960447
11.373335363840518
12.038868719701556
12.72154050910071
13.421338166916508
14.13826559584129
14.872341727163912
15.623599256091671
16.392083524078053
17.17785152516862
17.980971017177612
18.80151972180567
19.63958460035367
20.49526119403165
21.368653019596515
22.259871012633926
23.169033012029406
24.09626328022917
25.04169205470945
26.00545512686909
26.987693445096706
27.988552739276326
29.008183164408642
30.046738961458345
31.104378133671343
32.18126213701217
33.277555583521924
34.39342595657357
35.52904333717946
36.684580140614976
37.86021086278225
39.05611183578237
40.272460992299365
41.509437638437156
42.76722223475641
44.04599618527952
45.3459416342921
46.66724127083443
48.010078140779314
49.37463546646266
50.761096473818775
52.16964422703611
53.6004614707533
55.05373047982004
56.52963291668708
58.028349696474116
59.550060859796844
61.0949454534165
62.663181418804214
64.25494548868751
65.87041309167265
67.50975826500971
69.1731535755945
70.86077004924692
72.57277710837197
74.30934251802981
76.07063234048326
77.85681089825582
79.66804074575026
81.50448264943587
83.36629557662567
85.2536366928585
87.16666136788565