0.0008656913721662461
0.0014949891410341633
0.002456749657322237
0.003869409711798168
0.005875277064339298
0.008641796820737957
0.012362671840467644
0.01725891240348847
0.023579882687253213
0.03160439766250283
0.04164190661770374
0.05403378157177052
0.06915471048570639
0.08741417711219461
0.10925799285199045
0.13516983074843048
0.16567269902680928
0.20133028087107693
0.2427480594525261
0.29057414112878266
0.34549968569423817
0.4082588480848796
0.47962812966488905
0.560425025896914
0.6515058377716492
0.7537624832220821
0.8681180999439791
0.9955211726715617
1.136937853430761
1.293342090456252
1.4657031762463637
1.6549704228884081
1.8620549466798948
2.0878090558014817
2.3330044860958754
2.598311588058226
2.8842822316590624
3.19133926766743
3.519774592421592
3.869756308939017
4.241343684883518
4.634507257248994
5.049150957915448
5.485133515439671
5.94228726930331
6.420433495870469
6.919394111387157
7.4390000932252605
7.9790971785879785
8.539549441357675
9.120241292842858
9.721078357491992
10.341987574573128
10.982916787523502
11.643834009926644
12.324726500931925
13.025599741343827
13.746476371496323
14.48739513062377
15.248409822710427
16.029588323521736
16.831011636712656
17.65277300235227
18.4949770582441
19.357739052632258
20.241184105750776
21.145446517151328
22.07066911541993
23.01700264692466
23.984605200309776
24.973641663604234
25.98428321106948
27.016706817169183
28.071094795220517
29.147634358617204
30.246517202677328
31.367939105426764
32.51209954583584
33.67920133815279
34.869450281263305
36.083054822028195
37.32022573179267
38.5811757953614
39.86611951180277
41.17527280663676
42.50885275497374
43.86707731529951
45.25016507366424
46.65833499810597
48.09180620317232
49.55079772449518
51.035528303384375
52.5462161814364
54.08307890525515
55.64633314128254
57.23619450090583
58.852877375881874
60.49659478424022
62.16755822678165
63.865977554275794
65.59206084552139
67.34601429635437
69.12804211976
70.93834645715137