0.23777975870276558
0.3403653313900762
0.49076266775169136
0.6968175431835522
0.9383597706514282
1.2047652407440839
1.492014465400033
1.7981156060764245
2.121901656695302
2.4626155873974978
2.8197321593904037
3.192869460325993
3.5817402860047136
3.9861233380273755
4.4058451508743754
4.840768228542955
5.290782973279918
5.755802035328032
6.235756266907821
6.7305917731081815
7.240267732954997
7.764754773143064
8.304033745421933
8.858094802848909
9.426936699461459
10.010566257833037
10.608997963030582
11.222253651360262
11.850362269703894
12.493359686624064
13.151288541837493
13.82419811559187
14.512144225716225
15.215189124323146
15.933401403936518
16.666855903289232
17.415633610676707
18.179821562783797
18.959512737415988
19.75480593924998
20.56580567803807
21.39262203904476
22.235370545775634
23.094172015234797
23.969152406071824
24.860442660078697
25.7681785376003
26.692500447386124
27.63355327151908
28.591486185988245
29.56645247748636
30.55860935701985
31.568117770850755
32.595142209308335
33.639850513946435
34.70241368351057
35.783005679139144
36.88180322922314
37.998985634266205
39.13473457213959
40.28923390403202
41.462669481433494
42.65522895443069
43.86710158161111
45.09847804184605
46.34955024820162
47.62051116426967
48.91155462310533
50.22287514901609
51.5546677825854
52.907127908929304
54.280451089596774
55.674832898284066
57.09046876058165
58.52755379800952
59.986282676548726
61.46684946076467
62.96944746763723
64.49426913867526
66.0415058999046
67.61134804057237
69.2039845924061
70.81960321572497
72.45839009174585
74.12052982126704
75.80620532988785
77.51559777994876
79.2488864893527
81.00624885738664
82.78786029772091
84.59389417866538
86.42452177083058
88.27991220226801
90.16023242118868
92.06564716631799
93.99631894496527
95.95240801883534
97.93407239763005
99.94146784044136
101.97474786496726
104.03406376452443
106.11956463285594
108.23139739669308
110.36970685605556