0.4433808676406209
0.6683378591937916
0.9162806596300378
1.1834879915300847
1.4683725532860268
1.7700491764209407
2.0879540613109717
2.4216978962910005
2.7709970375397686
3.1356369891888916
3.515451243492848
3.9103081883227953
4.320102584640777
4.744749793548148
5.184181741948186
5.638344034791485
6.107193851033414
6.590698392060156
7.088833729779259
7.601583949862043
8.12894051660424
8.670901805891285
9.22747276650551
9.79866467930008
10.384494990584813
10.984987200986266
11.60017079481253
12.230081197844582
12.874759753852109
13.53425371306561
14.208616220325013
14.89790631222588
15.602188901393571
16.321534757854725
17.056020480442864
17.80572845757527
18.570746816439335
19.351169360082952
20.147095492285214
20.958630130342556
21.785883606111483
22.628971555838053
23.488014799446816
24.363139209964345
25.254475573900123
26.162159443376336
27.08633098078481
28.027134796818316
28.98471978262588
29.95923893684704
30.95084918821449
31.959711214458533
32.98598925805486
34.02985093949522
35.091467068561656
36.17101145414991
37.26866071310332
38.38459407850309
39.51899320781389
40.67204199126728
41.84392636084197
43.03483410017409
44.24495465570932
45.47447894938829
46.72359919316972
47.992508705633036
49.281401730981145
50.59047326062874
51.919918857626044
53.2699344843157
54.64071633323204
56.03246066164775
57.445363629952155
58.8796211440882
60.335428702299886
61.81298124639339
63.31247301869862
64.8340974184519
66.3780468772397
67.94451272138811
69.53368505383021
71.14575263626483
72.78090277826833
74.43932123263484
76.12119209711187
77.82669772271926
79.55601862882037
81.30933342507318
83.08681874043225
84.88864915931555
86.71499716507203
88.5660330908193
90.44192507779319
92.34283904124942
94.26893864399845
96.2203852776308
98.19733805146694
100.19995378925003
102.22838703361394
104.2827900583102
106.36331288819383
108.47010332694087
110.60330699246533
112.7630673600006