0.
0.
0.
0.
1.9859446137283985e-12
1.9859446137283985e-12
2.2341876904444484e-12
1.0798573837148167e-11
1.973532459892596e-10
2.0797804967270653e-9
1.4621020732421902e-8
7.571178008916638e-8
3.0943425039732595e-7
1.0488647320729712e-6
3.0582720401971874e-6
7.884459654638448e-6
0.0000183560443598547
0.00003923356129615272
0.00007799853101691777
0.00014575666796778802
0.0002582224552267196
0.00043674972054799025
0.0007093744142981527
0.0011118376530603615
0.001688569090643759
0.002493610519483159
0.003591472272886107
0.005057918673326657
0.006980684211363391
0.009460126686207018
0.012609825706497333
0.016557136583164628
0.02144371031303154
0.027425989559295354
0.034675689608587516
0.04338027140125935
0.05374341145304386
0.06598547121730175
0.08034396544051764
0.09707402672637977
0.11644933653755406
0.138760189029641
0.16431863366207594
0.19345414213508466
0.2265162496947783
0.2638743694663225
0.3059179528713444
0.35305657661727147
0.40571991840600186
0.46435761744748466
0.5294389991454878
0.6014526704026731
0.6809059717024497
0.7683242474258806
0.8642499772429508
0.9692417182129054
1.083872861098474
1.2087301836806859
1.3444121828218296
1.4915271633857383
1.650691058381075
1.8225249522534372
2.0076522795051837
2.206695674646809
2.420273460406029
2.6489957792897605
2.893460402561541
3.1542482887202192
3.431919011263641
3.727006217548133
4.040013360750251
4.371409903094921
4.7216282938589105
5.091061916123174
5.480064177019689
5.888948813701734
6.317991384829856
6.767431816652554
7.23747779314864
7.728308732152743
8.240080077649266
8.77292765802242
9.326971901848996
9.90232175559848
10.499078202058895
11.1173373266884
11.757192918450192
12.418738620062873
13.102069661367928
13.807284219748059
14.534484455950118
15.283777273228306
16.05527484511021
16.849094952520186
17.66536116609048
18.504202904324288
19.365755398715155
20.250159558609628
21.157561808432423
22.08811389321925
23.041972573073394
24.019299380158838
25.020260317992616
26.045025558567417
27.093769134294213
28.166668628479872
29.263904867380518
30.385661616160228
31.532125280594588
32.703484616003564
33.89993044456247
35.12165538187129
36.368853574799296
37.641720443588554
38.94045244761536
40.265246849933646
41.61630149978863
42.99381462584186
44.39798464154343
45.82900996281258