0.
0.
0.
0.
1.9859446137283985e-12
2.358309228802473e-12
2.7430859977123504e-11
5.78530490286754e-10
6.812907118933629e-9
5.039719234104721e-8
2.651638213111692e-7
1.078500611179025e-6
3.5932188658695194e-6
0.000010223022015538928
0.000025610807647178296
0.000057817352667215945
0.00011972976706696444
0.00023061688636470028
0.0004177498758904171
0.0007180132074593344
0.0011794447504830932
0.0018626631481878468
0.002842159566723875
0.004207447987426307
0.006064081699781136
0.008534568534923155
0.011759102188746994
0.015896452319924672
0.021124510008832604
0.027641039718971427
0.03566433920104034
0.04543392606266216
0.05721124336246477
0.071280385116981
0.08794883629091842
0.10754822857643362
0.13043500676877937
0.1569912482274995
0.1876251692605302
0.22277173042584444
0.26289304594820795
0.3084786555550297
0.36004560879559844
0.41813834879393874
0.4833283436155376
0.5562134523801376
0.6374169895299392
0.7275864744216519
0.8273919967523304
0.9375241951586987
1.0586917765018666
1.1916185231407712
1.337039715195983
1.4956978863211914
1.6683378291551496
1.8557007768928289
2.0585177202933354
2.2775018818951334
2.513340470041363
2.766685971964561
3.0381474030942046
3.3282820925696823
3.637588679430151
3.9665020150875563
4.315390539432937
4.684556454310299
5.074238686969854
5.484618300713051
5.9158257484683965
6.367949231163025
6.841043425593798
7.335137956957176
7.850245161990004
8.38636686988368
8.943500086815032
9.521641589424789
10.12079150974674
10.740956035646192
11.382149365542316
12.044395053721146
12.727726869932354
13.4321892804106
14.157837639315137
14.904738163001388
15.672967744559555
16.462613653532454
17.27377315542865
18.10655309090425
18.961069339913855
19.8374464690444
20.735817100557583
21.65632148329972
22.599106987719864
23.564327623359453
24.552143568019762
25.56272071031442
26.596230206621442
27.652848053115026
28.7327546729738
29.836134518883327
30.963175690570495
32.11406956719795
33.28901045426937
34.48819524476401
35.711823093983796
36.96009510817053
38.233214046286605
39.53138403480125
40.85481029529795
42.20369888465784
43.57825644773988
44.97868998236787
46.40520661657763
47.85801339806076
49.33731709575696
50.8433240135724
52.376239816245565
53.93626936736996
55.52361657956681
57.138484276877925