0.2821349693160016
0.41862436463391844
0.620054192899167
0.8576736285155382
1.1192773972461123
1.4010492023619865
1.7011774394505375
2.018615547979005
2.352687978638859
2.7029265406976477
3.0689905509025133
3.4506233873135668
3.8476269071585114
4.259845453641726
4.687155380125279
5.1294579309521575
5.5866742605576665
6.058741868248039
6.5456120014130175
7.047247739691664
7.563622568935043
8.094719314144275
8.640529339070444
9.201051945863782
9.776293925577205
10.366269222420652
10.97099868341924
11.5905098714748
12.224836924647565
12.874020449122556
13.53810742972441
14.217151162574126
14.911211187032599
15.62035322352331
16.34464910895436
17.084176727630574
17.83901993557298
18.60926847686538
19.395017891136263
20.196369411732082
21.013429854454856
21.846311496942207
22.6951319490511
23.560014014692555
24.441085545633495
25.338479287922773
26.252332721610802
27.182787894372936
28.129991249784478
29.094093450863298
30.07524919955142
31.073617052727702
32.08935923534211
33.12264145123834
34.17363269215575
35.24250504541666
36.32943350072797
37.434595756537895
38.558172026326815
39.70034484520033
40.86129887714132
42.04122072321671
43.240298731078454
44.45872280601532
45.69668422387269
46.954375446051245
48.23198993693413
49.52972198388057
50.84776652007028
52.18631895058251
53.54557498168178
54.92573045376913
56.32698117812744
57.74952277771928
59.19355053227096
60.659259227855834
62.14684301210752
63.6564952490245
65.18840839235773
66.7427738465101
68.31978184644228
69.91962133803071
71.54247986530939
73.18854346392746
74.8579965609693
76.55102188135562
78.26780036095091
80.00851106655423
81.7733311229273
83.56243564696977
85.37599768917623
87.21418818249559
89.07717589865919
90.96512741209695
92.87820707147701
94.81657697895538
96.78039697715876
98.76982464393899
100.7850152949125
102.82612199380604
104.89329557057202
106.9866846472858
109.10643567177584
111.25269295895019