0.4502914131736512
0.6763557270915248
0.9250321338878909
1.1928258061255677
1.4782157645567124
1.7803461497778277
2.0986688789555563
2.432804106952083
2.782474356693669
3.147469384106521
3.5276257422048025
3.9228140985428683
4.332930959623569
4.757893054201784
5.19763340198579
5.65209849603391
6.121246247999766
6.605044471969697
7.103469758514699
7.616506637425364
8.144146957312465
8.68638942999712
9.243239300655338
9.814708114016463
10.400813553290543
11.00157933349046
11.617035134371784
12.247216561129948
12.892165123285551
13.55192822507376
14.226559155173492
14.91611708515553
15.620667054817805
16.340279954439996
17.075032496910293
17.825007179108578
18.590292231582982
19.37098155605999
20.167174650662744
20.97897652297827
21.806497591339554
22.649853574871567
23.509165372939886
24.384558934730062
25.27616511975404
26.184119550080464
27.108562455093026
28.049638509613388
29.007496666121007
29.982289981854187
30.974175441484977
31.983313776069515
33.00986927885379
34.05400961859
35.11590565086164
36.19573122794793
37.293663007701205
38.40988026187969
39.54456468433032
40.697900199413084
41.87007277102334
43.06127021253696
44.271681997992985
45.501499074836765
46.75091367845769
48.02011914884406
49.3093097496228
50.618680489679946
51.94842694762237
53.29874509948569
54.66983114965672
56.061881365470796
57.47509191562981
58.90965871267635
60.36577725978081
61.843642502058074
63.34344868355688
64.86538920369851
66.40965649275682
67.97644187430292
69.5659354471107
71.17832596736687
72.81380073783302
74.47254550322783
76.15474435202206
77.86057962480265
79.59023182939042
81.34387956284918
83.12169944053717
84.92386603232984
86.75055180612628
88.60192707875709
90.47815997437328
92.37941639040511
94.30585997115006
96.25765208905116
98.23495183368897
100.2379160085402
102.26669913548275
104.32145346707985
106.40232900661185
108.50947353584276
110.64303265048406
112.80314980332068