3.971889227456797e-12
3.971889227456797e-12
3.971889227456797e-12
3.971889227456797e-12
3.971889227456797e-12
3.971889227456797e-12
3.971889227456797e-12
3.971889227456797e-12
3.971889227456797e-12
3.971889227456797e-12
3.971889227456797e-12
3.971889227456797e-12
3.971889227456797e-12
5.9578338411851955e-12
7.943778454913594e-12
3.971889227456797e-12
6.454319994617295e-12
6.454319994617295e-12
1.7377015370123485e-11
5.262753226380256e-11
1.7426663985466696e-10
5.496101718493343e-10
1.6024090602021015e-9
4.2988253594918346e-9
1.074048495719661e-8
2.5109290723675006e-8
5.533660896000481e-8
1.1566265551892551e-7
2.3052050698313757e-7
4.401091577375778e-7
8.082039918921365e-7
1.4326152641037043e-6
2.4589422554847023e-6
4.098100227791541e-6
6.648146202972573e-6
0.00001052089235869359
0.000016273786397222008
0.000024647327486678732
0.00003660839932426664
0.000053399630044915574
0.00007659492916240525
0.00010816121023147379
0.00015052613563872427
0.00020665181128359412
0.000280114149641738
0.00037518750625608975
0.0004969343091409258
0.0006512992012450642
0.0008452072332491015
0.001086665555597062
0.00138486829002537
0.001750303768586048
0.002194863913269963
0.002731955034339258
0.0033766097231635065
0.004145599265621602
0.005057546220337048
0.006133036717888029
0.007394732127742371
0.008867479832510388
0.01057842270909955
0.012557107199848478
0.014835589670287207
0.017448541004371626
0.020433349195651547
0.02383021993784782
0.02768227513788313
0.03203564938487934
0.036939584287739705
0.04244652087047734
0.04861219001536005
0.0554957011038105
0.0631596289779419
0.07167009935901478
0.08109687297180257
0.09151342848260353
0.10299704454183996
0.1156288811424993
0.12949406053024853
0.1446817479643542
0.16128523260247593
0.17940200884272356
0.19913385836799408
0.22058693329523826
0.24387184074914647
0.26910372926364773
0.296402377328726
0.32589228457407377
0.35770276594928874
0.3919680493824514
0.4288273773966912
0.4684251131653382
0.5109108515736417
0.556439535768398
0.605171579909932
0.6572729986229177
0.7129155439193153
0.7722768502609516
0.835540588408414
0.9028966290368223
0.9745412167328752
1.0506771553182381
1.1315140054142911
1.217268294997936
1.3081637440332798
1.4044315039005932
1.50631041260062
1.6140472664156642
1.7278971086994495
1.848123536346851
1.9749990240753155
2.1088052664221504
2.249833536838062
2.398385062682156
2.554771414009817
2.719314903079229
2.892348990226571
3.0742186900671573
3.265280970131369
3.4659051317988685