3.971889227456797e-12
3.971889227456797e-12
3.971889227456797e-12
3.971889227456797e-12
3.971889227456797e-12
3.971889227456797e-12
3.971889227456797e-12
3.971889227456797e-12
3.971889227456797e-12
3.971889227456797e-12
3.971889227456797e-12
3.971889227456797e-12
3.971889227456797e-12
3.971889227456797e-12
5.9578338411851955e-12
3.971889227456797e-12
5.9578338411851955e-12
4.716618457604946e-12
9.184993838493843e-12
2.0355932290716086e-11
6.08195537954322e-11
1.9214014137822256e-10
5.798958272086923e-10
1.609856352503583e-9
4.1836405718955875e-9
1.0141722656157499e-8
2.310745855303678e-8
4.9827350358445516e-8
1.0223369804089408e-7
2.0054292128198413e-7
3.777239348572975e-7
6.856508532928036e-7
1.2034270777133018e-6
2.048242951531828e-6
3.389260988702691e-6
5.4649288423778015e-6
8.604160397184395e-6
0.000013251747916502294
0.000019998331187900466
0.00002961525333353871
0.00004309442889653134
0.00006169344389839571
0.0000869859216286441
0.00012091715019462957
0.00016586492838910758
0.00022470543475645486
0.00030088397264940123
0.0003984903090238959
0.0005223383269539182
0.0006780496162744566
0.0008721406550605937
0.0011121131770582364
0.0014065473517089057
0.0017651973162776796
0.002199088657682258
0.002720617437152753
0.003343650384364609
0.004083625859635606
0.00495765520487152
0.005984624202994007
0.007185294276713257
0.008582403217128262
0.01020076514029111
0.012067369447323584
0.014211478694994869
0.01666472508234414
0.019461205597286996
0.022637575561557585
0.026233140663602113
0.030289947373175787
0.034852871692959336
0.03996970641922767
0.04569124675617035
0.052071374529624806
0.0591671409992289
0.06703884839659023
0.07575013033792123
0.08536803124494317
0.095963084947581
0.10760939266207861
0.12038470051954588
0.13437047688424383
0.14965198965027268
0.16631838382795947
0.18446275961978106
0.20418225122661843
0.22557810680064547
0.2487557696865996
0.2738249613826319
0.30089976651291955
0.33009872011837166
0.3615448977636529
0.39536600868493715
0.43169449255034176
0.47066762014434066
0.5124275985111195
0.5571216810334999
0.6049022829590608
0.655927102918352
0.7103592510302373
0.7683673842502262
0.8301258495377173
0.8958148355955721
0.9656205339376702
1.0397353099537108
1.1183578848949693
1.201693529513829
1.2899542702311442
1.3833591087566424
1.4821342559085822
1.5865133805181488
1.6967378742201669
1.813057132711264
1.9357288540888977
2.06501935450484
2.2012039012192592
2.344567062581009
2.495403074113679
2.654016218967473
2.82072122031729