6.82896380922832
7.197497137995696
7.584371912496948
7.989395858672245
8.412404603428337
8.853249517961352
9.311816470332975
9.7879954668001
10.281704268892335
10.792950569220016
11.321453266438057
11.867402969068515
12.43069689306118
13.011321353591702
13.609275535030894
14.224569900711735
14.857223582207832
15.50726705565617
16.174742257178487
16.859699483369596
17.56219924731257
18.282313656236457
19.020120437393977
19.7757117715665
20.549183155762023
21.340650950413345
22.150227635542855
22.978042459882545
23.824231826598655
24.688900348860923
25.57232728918413
26.474580189672434
27.396158363913546
28.336318790772392
29.296153192923406
30.275605672845202
31.27486230537443
32.29414455682898
33.33347822623899
34.39369776374081
35.47444522723576
36.57646384652287
37.699145322393385
38.84358973322683
40.00982504140636
41.19810761076584
42.40873749317457
43.64199345581948
44.89817965920927
46.177607746098786
47.480569511415524
48.80740355046652
50.15842224020686
51.533951286923994
52.93432871996001
54.35988903588496
55.81097269632564
57.28793385345467
58.791114837546594
60.32087477189231
61.87756852977186
63.46155266708118
65.07321415589729
66.71290415171636
68.38093805543002
70.07784876786612
71.80386372024185
73.55939814573328
75.34483563664328
77.16055541612461
79.0069375683683
80.8843627216229
82.7932117246319
84.73386531669584
86.70670379163889
88.71210665603985
90.7504522821457
92.82211755595822
94.92747752108309
97.06690501895076
99.24077032614373
101.44944078957825
103.69328046039738
105.9726497274541
108.28790495132546
110.63939809985081
113.02747638621523
115.45248191062781
117.91475130666258
120.41461539334644
122.9523988340666
125.52841980335222
128.14298966257542
130.79641264557807
133.48898555515217
136.22099747128917
138.99272947200603
141.80445436748172
144.65643644816137
147.5489312473833
150.48218531891948
153.45643602987576
156.47191136902705
159.52882977081387