0.010956930622651613
0.016579294853531698
0.02425718521003046
0.03448759755018077
0.04783857774804386
0.06495470079673489
0.08656209140363097
0.11347222986294515
0.14658367552536367
0.18688082826654237
0.2354289777293787
0.29336518210630214
0.3618849606745642
0.44222531055545616
0.5356450468549845
0.6434037627473069
0.7667406805866568
0.906854265843059
1.0648827720771816
1.2418850739637926
1.43882052725821
1.6565265487894822
1.8956935251273204
2.1568387442170316
2.4402839178983453
2.746143159070697
3.0743279717537946
3.42457180039558
3.796470480495728
4.18953010376428
4.603212997874982
5.036975332653202
5.490293882330168
5.962682591712797
6.453701121451393
6.962957822204578
7.490109217918973
8.034857522532555
8.596947204522705
9.176161225486403
9.772317312519332
10.38526445333083
11.014879699061856
11.661065299672217
12.32374616400056
13.002867620235369
13.698393445915617
14.410304135041548
15.138595371456837
15.883276680199186
16.644370231970232
17.421909778873534
18.215939702774122
19.026514160324766
19.853696311073488
20.697557617176674
21.558177204981547
22.435641280269124
23.330042590187606
24.2414799260144
25.170057661755166
26.115885324328058
27.07907719182835
28.05975191669582
29.058032171330126
30.07404431383189
31.107918072061114
32.159786244343046
33.22978441550924
34.31805068705154
35.424725420399945
36.54995099248653
37.69387156285989
38.85663285168211
40.03838192818445
41.23926700901989
42.45943726620214
43.699042644310396
44.958233686670255
46.23716137029058
47.53597694941066
48.854831807441826
50.193877317275486
51.553264709743715
52.933144950267504
54.333668623553464
55.7549858263507
57.197246068174145
58.660598180029616
60.145190231101644
61.651169453367935
63.178682174183564
64.7278737567943
66.29888854878158
67.8918698384715
69.50695981926718
71.14429956190953
72.8040289946989
74.48628689162939
76.19121086845387
77.9189373866599
79.66960176534928
81.44333820100957
83.24027979514443