0.011296104340515502
0.01706777801620489
0.024940680879984953
0.035421039824129294
0.049087406247942535
0.06659624154672175
0.08868697917137802
0.11618577320489465
0.15000703422101802
0.1911518509517969
0.24070254419840365
0.2998129166579387
0.36969423371913385
0.45159751889694477
0.5467932410000994
0.6565497461869871
0.7821117143909508
0.9246794559147141
1.08538910107754
1.265292898534147
1.4653382585609078
1.6863442669153927
1.9289755552499663
2.1937157951513995
2.4808461168761573
2.7904358001559593
3.122351522466665
3.4762865562204097
3.8518047864643705
4.248390141170172
4.665492171215454
5.1025619999557525
5.559076994547039
6.034555382038575
6.528563247029115
7.040716401485636
7.570679141222646
8.118161317935547
8.682914653425073
9.264728854150032
9.86342783784988
10.478866228919571
11.110926186969232
11.759514580621769
12.424560490889682
13.106013015494844
13.803839340754582
14.518023047440106
15.248562619206744
15.99547012536652
16.75877005314106
17.538498267935676
18.334701083309216
19.147434424920437
19.976763075277965
20.82275998804254
21.685505662454084
22.565087569846504
23.461599625539094
24.37514170037769
25.30581916711043
26.253742477493105
27.219026766637526
28.201791481698795
29.202160032334678
30.220259460850638
31.25622013017688
32.310175428127586
33.38226148663736
34.47261691481193
35.58138254484402
36.70870118998963
37.85471741383893
39.019577310376654
40.203428294230434
41.40641890075241
42.62869859553156
43.87041759304226
45.13172668418581
46.41277707249175
47.71372021883219
49.03470769448236
50.37589104244994
51.737421646921646
53.11945061083521
54.522128641438464
55.94560594386255
57.390032122653615
58.855556091228436
60.342325989266385
61.85048910801418
63.380191823506024
64.93157953770205
66.50479662753109
68.09998640185508
69.71729106634874
71.3568516962961
73.01880821730009
74.70329939390072
76.4104628261048
78.14043495380453
79.89335106909165
81.66934533641258
83.4685508206244