0.0006780646998961625
0.0011867712598673554
0.0019736632120035333
0.0031419105275613674
0.0048166166363795325
0.007146126949524768
0.01030316274256111
0.014485848097191127
0.01991869369080314
0.026853591667589372
0.03557086252006409
0.04638038006313705
0.05962278465984192
0.07567077887046879
0.09493048456730299
0.11784282630131764
0.14488489335757027
0.17657122228059272
0.21345493348051459
0.2561286496156487
0.30522511924314644
0.36141746663965935
0.42541898567816167
0.49798239113254056
0.5798984320467553
0.6719937561860372
0.7751278901125706
0.8901891635517603
1.018089361084263
1.159756833789233
1.3161277624166183
1.4881352583771543
1.676696060182765
1.8826947843101174
2.1069660689455376
2.3502755160647544
2.6133010122757216
2.8966165923674927
3.2006812120256765
3.525825886687308
3.872299481900355
4.240194398144659
4.629547396288084
5.040316046734301
5.472406564492004
5.925691706191381
6.400026061268937
6.895258290247027
7.411240375283241
7.947834241371801
8.504916224462509
9.082379867620862
9.680137471816709
10.298120751498091
10.936280867799098
11.594588044128129
12.273030913578806
12.971615704524373
13.690365338566023
14.429318491418426
15.188528650317725
15.968063189590387
16.768002477606185
17.588439022654196
18.429476661335897
19.291229790536832
20.17382264236084
21.077388600373297
22.002069554948964
22.948015295169064
23.915382934678092
24.904336368837534
25.915045760756456
26.94768705378503
28.00244150834337
29.07949526110535
30.179038904743457
31.301267086660346
32.44637812525769
33.61457364253653
34.80605821189931
36.0210390202222
37.25972554339562
38.52232923463251
39.809063224929915
41.12014203528687
42.455781300169896
43.816197502033084
45.201607716549184
46.612229368459055
48.04827999785679
49.509977036883626
50.99753759677004
52.51117826525507
54.05111491440244
55.61756251888943
57.21073498483767
58.83084498928335
60.47810383040055
62.15272128856983
63.854905498425886
65.58486283197779
67.34279779292642
69.12891292225356