0.00033658700067668756
0.0006122790776085704
0.0010538902427422155
0.0017302220799795386
0.00272705273738344
0.004148554787990523
0.00611851665860788
0.00878140354922897
0.012303301139888327
0.01687278684082353
0.022701769799384132
0.030026334531661886
0.039107613981475886
0.05023270787304476
0.06371565156486504
0.07989842957952373
0.09915201795763502
0.121877429789785
0.14850672979517116
0.17950397722638373
0.2153660506315831
0.2566233047827604
0.30384000785550275
0.3576145063080728
0.4185790645959433
0.4873993264463393
0.5647733420405385
0.6514301010803673
0.7481275021292985
0.8556496743756146
0.9748035480445781
1.10641454422973
1.251321229468387
1.4103687603741808
1.5844009437661948
1.774250776306406
1.9807294292144808
2.2046138304893734
2.4466332777948305
2.707455866297558
2.9876758650698623
3.2878034048232547
3.6082578179225444
3.9493656208356605
4.311363488710538
4.694405808308503
5.098575737484067
5.5238983292641555
5.970354253746571
6.437892902462269
6.926444051086819
7.435927656385581
7.9662616874010075
8.517368108839516
9.089177252964218
9.681630859817949
10.294684061259515
10.928306554538171
11.58248317133329
12.257214007378323
12.952514241261978
13.66841373978255
14.404956522420688
15.162200137913427
15.940214991049961
16.739083646628497
17.558900129237973
18.399769231495366
19.26180583899764
20.145134277056467
21.049887682244293
21.976207399976303
22.924242408576287
23.89414876942495
24.886089102312418
25.900232085027383
26.9367519758624
27.99582815784221
29.077644703352064
30.18238995801676
31.310256142650225
32.46143897222745
33.63613729096977
34.83455272262847
36.05688933526837
37.303353319854374
38.57415268211152
39.86949694713127
41.189596876362735
42.53466419663822
43.904911340971935
45.300551200927494
46.72179689041661
48.16886152078752
49.64195798717904
51.141298766095325
52.667095724176946
54.21955993823159
55.79890152653623
57.40532949147054
59.03905157356509
60.70027411700761
62.389201946709136
64.1060382569808