25.72939687079885
25.766446945830456
25.828170005836515
25.914524999858607
26.025453283218898
26.160879462888115
26.32070577220495
26.50481391789391
26.71305980107329
26.945272938373396
27.20125470477314
27.480781226553983
27.783604824104067
28.1094579613972
28.458057999909453
28.82911123191578
29.222318008766234
29.637375200500625
30.073980461189198
30.53183563608155
31.010648220191083
31.510134228324326
32.030019607010345
32.57004082622699
33.12994765064072
33.709501791340905
34.30847914846538
34.926669707958546
35.56387793908769
36.219922395060756
36.8946360179692
37.5878715610825
38.299487060914466
39.02936342663089
39.77739136533162
40.54347850014412
41.327545389568385
42.12952506133852
42.94936927836271
43.78703692127805
44.64249818294762
45.515743987998746
46.4067712784718
47.31558918889864
48.24221911422948
49.1866931760855
50.149051808342605
51.12935013475982
52.127647885362485
53.14401573811196
54.178532274056536
55.23128814999595
56.30237676594452
57.39190119465558
58.49997323637445
59.626703893706335
60.77223060941728
61.93666952951726
63.12015954340586
64.322840857072
65.54486018139896
66.78636276246701
68.047508269494
69.32845299101831
70.62935680898597
71.95038560993606
73.29170794598531
74.653493240998
76.03591621765413
77.43915129119522
78.86333609152584
80.30877213671897
81.77551597707611
83.26379289328521
84.77378305870262
86.30566963050342
87.85964015235099
89.43587332567911
91.03456003228699
92.65588054370814
94.30001725278316
95.96715885994696
97.65748384272727
99.37117590413368
101.10841533630646
102.86938192341282
104.65425435156756
106.4632094857897
108.29639257425269
110.15406886619638
112.03631853784087
113.94334213918373
115.87530643428752
117.83238033350301
119.81472130433355
121.8224980541004
123.8558617306342
125.91497687518338
127.99999120761447
130.1110572413243
132.24832400516752
134.41193750687648
136.60204110062114
138.81877547132973
141.06227862684253
143.33268589782506
145.63012994534225
147.95474077597626
150.30664576435987
152.68596968303586
155.09283473938223
157.52736061966098
159.98966453982996
162.4798613030915
164.99806336396583
167.54438089873852
170.11892188212485
172.72179216997057
175.35309558783743
178.01293402531476