0.00045461953380003355
0.0008134302470560411
0.001379658858667139
0.0022354136102067353
0.003481882559040609
0.005240753971467256
0.007655453994307428
0.010892251455628069
0.015141281326139747
0.020617533378155934
0.02756184241121435
0.03624190331143922
0.0469533190367481
0.06002067332359381
0.07579860409263467
0.09467283826191546
0.11706113600618713
0.1434140820828519
0.1742156555963698
0.20998350755201625
0.2512688780798486
0.2986560925838012
0.35276158770461585
0.41423243255283826
0.48374432742017576
0.5619990792267207
0.6497215676113618
0.7476562268524978
0.8565630742356178
0.9772133135379608
1.1103845331841136
1.2568555023712016
1.4174005485012244
1.59278348002496
1.783751008009244
1.9910256279987275
2.2152979618573427
2.4572186390716944
2.7173899225527456
2.9963574481638653
3.294602624536981
3.6125363808739595
3.9504949990848592
4.3087386686484335
4.6874531447521335
5.086754512511545
5.506696652690522
5.94728067475167
6.408465409959378
6.890178063878999
7.39232427845393
7.914797083105204
8.457484454596313
9.020275409142979
9.603064696053595
10.20575624897479
10.828265589467401
11.470521382475003
12.13246632832198
12.814057550854113
13.51526661364053
14.236079269541511
14.976495025462894
15.736526584547931
16.516199212141135
17.315550059548453
18.134627469954687
18.973490283735515
19.832207154919768
20.710855886666693
21.609522790688594
22.52830207349823
23.467295250887954
24.42661059104673
25.406362586014787
26.406671450760946
27.42766264883545
28.469466443480798
29.532217472931645
30.616054348680702
31.721119275511406
32.84755769212721
33.995517931318396
35.165150898662986
36.35660976884148
37.57004969877247
38.80562755677001
40.063501667101505
41.343831569326206
42.64677779189368
43.97250163953593
45.321164994033545
46.69293012799431
48.08795953134794
49.506415750237174
50.94846123809863
52.41425821868759
53.90396856088197
55.4177536650792
56.95577436103488
58.51819081702902
60.10516246020203
61.716847907969196
63.35340491041999