3.971889227456797e-12
3.971889227456797e-12
3.971889227456797e-12
3.971889227456797e-12
3.971889227456797e-12
3.971889227456797e-12
3.971889227456797e-12
3.971889227456797e-12
3.971889227456797e-12
7.943778454913594e-12
7.943778454913594e-12
4.096010765814822e-12
8.812629223419768e-12
1.1667424605654342e-11
5.722002918304948e-11
2.6102759516692636e-10
1.0869323114012241e-9
3.983680773600809e-9
1.2832553486221121e-8
3.70551199398664e-8
9.73394616618988e-8
2.3553228645895792e-7
5.304965720360437e-7
1.12194041893049e-6
2.2444381435682075e-6
4.273858312051118e-6
7.787907371772816e-6
0.000013642816033826924
0.000023067019011110507
0.00003777267536574336
0.00006008532388209222
0.00009309114172872945
0.00014080107756765314
0.00020833070602167703
0.0003020940393605659
0.0004300096545262067
0.0006017170323814696
0.0008288011836853344
0.0011250233542927234
0.0015065559077888277
0.00199221955402051
0.002603721194139387
0.0033658909455739103
0.004306917044274894
0.005458577569077301
0.00685646829024287
0.00854022595790154
0.01055374668694739
0.012945399075457704
0.015768232180632568
0.0190801782224239
0.022944250146050345
0.02742873415510746
0.03260737730104111
0.03855957030039599
0.04537052546974342
0.05313144975296766
0.06193971260011487
0.07189900831426932
0.08311951232268022
0.09571803079844952
0.10981814261076397
0.12555033283225586
0.14305211651238062
0.16246815169119438
0.18395034021272944
0.207657915230927
0.23375751408176462
0.26242323516430954
0.29383667797599683
0.32818696507581124
0.36567074535302824
0.40649217778864116
0.4508628955415389
0.49900194995554226
0.551135734794748
0.6074978908735036
0.6683291918629788
0.7338774118578277
0.8043971760481733
0.8801497956068063
0.9614030882576003
1.0484311863045477
1.1415143337625528
1.2409386745249118
1.346996033602701
1.4599836932714578
1.5802041663839204
1.7079649685718767
1.8435783914818253
1.987361278687314
2.139634806056871
2.300724268050726
2.4709588711567507
2.650671535637212
2.8401987061132172
3.0398801716000303
3.2500588949251035
3.4710808511267977
3.7032948741933285
3.947052510764432
4.2027078789825865
4.470617530394393
4.751140311767188
5.0446372236312005
5.351471271388314
5.672007304389865
6.006611837846187
6.355652851920137
6.719499561893232
7.098522153051224
7.493091473840888
7.903578681004188
8.3303548307748
8.773790411242654
9.23425481205793
9.712115729627998
10.20773850827656
10.721485420485692
11.253714893026846