9.050930812215851
9.405275159605644
9.777096415659399
10.166130523553358
10.572134394268815
10.994884224064961
11.434177624671841
11.889827520364024
12.361668349136325
12.849547373206882
13.353326106259436
13.87289426138251
14.408134369897839
14.95895587314647
15.525277209112454
16.107028340354837
16.704150243646563
17.316595098243415
17.944324269925044
18.58730964738926
19.245533020667118
19.918985775921698
20.607664737713336
21.31157793087334
22.03074878145704
22.765195503406268
23.514953512578977
24.280063391864065
25.060576011830708
25.856547321964023
26.668041774349938
27.49513140986461
28.337894107600995
29.19641718812257
30.07079336650465
30.96112003282714
31.86750465408256
32.79005872510514
33.72889928005579
34.68414977336888
35.65594036332588
36.64440520541569
37.64968377716817
38.67192085092705
39.71126435199778
40.767870255280364
41.84189426428382
42.93349908037233
44.04285027168129
45.17011676007883
46.315471834474984
47.479090319128595
48.66117959640017
49.86183548292916
51.08132256871257
52.31981111509348
53.57747527671961
54.85451225274328
56.15110940847776
57.46746298690213
58.803763361172486
60.160207985724895
61.53699218443881
62.93431234818039
64.35236282602307
65.79134733902745
67.25145695404753
68.73289079668518
70.23584572838001
71.76051820283372
73.30710409308014
74.87579853713416
76.4667957888335
78.08028907407962
79.71647045265601
81.37553068578926
83.05765910965829
84.7630435149974
86.49187003298809
88.24432302757769
90.02058499440392
91.8208364664552
93.64525592661376
95.494019727205
97.36730201667926
99.26527467351248
101.18810724744304
103.13596690809942
105.10901840110256
107.1074240117024
109.1313435359565
111.1809342594852
113.25635094388431
115.3577458206693
117.48526859284009
119.63906644399229
121.81928405495468
124.02606362788455
126.2595449177841
128.51986527134505
130.8071596730604
133.12156079850604
135.4631990746962
137.83220274742698