0.000736992193616508
0.0012840186900010585
0.002126705249892302
0.0033732149818365208
0.005154292956224804
0.0076245592211870855
0.010963636296953426
0.015377180833741351
0.021097884991435105
0.028386501682996015
0.03753293350401356
0.04885740904344707
0.06271175346591708
0.07948074377678499
0.09958352334322758
0.12347503588141648
0.15164742629877848
0.18463134544297452
0.2229970875761291
0.2673554834976898
0.31835846829521003
0.37669923958491264
0.44311191834437297
0.5183706182035476
0.603287817340818
0.6987119073041652
0.8055237625176261
0.9246321315841555
1.0569675991583063
1.2034748134445754
1.3651026390501593
1.5427919125625118
1.7374605994506034
1.9499864365274469
2.1811876361840534
2.431802906517228
2.7024727655666454
2.9937246262557755
3.3059640788036435
3.639474013414184
3.9944218438958177
4.3708735722373895
4.768812326889626
5.188158642796367
5.628790093880867
6.090558642402294
6.573304892426274
7.076869097827758
7.601099196974729
8.14585634947711
8.711018499442456
9.296482451117352
9.902164865542549
10.528002501475832
11.173951945268684
11.83998900923988
12.526107926791864
13.232320433863839
13.95865479788725
14.705154835026466
15.471878942009784
16.258899158766937
17.06630027128395
17.894178959311414
18.7426429905115
19.611810460675493
20.50180907837292
21.412775491636108
22.34485465403614
23.298199227218234
24.272969017095047
25.269330440943754
26.287456022821097
27.32752391493931
28.389717442791714
29.474224672075533
30.58123799566271
31.710953739018162
32.86357178270137
34.03929520074484
35.23832991381226
36.46088435627645
37.707169156403246
38.977396828977135
40.271781479837536
41.59053852186386
42.93388440203727
44.302036339285756
45.695212072917464
47.11362962145967
48.557507051820465
50.0270622587047
51.5225127542857
53.044075468133855
54.59196655745891
56.16640122775032
57.76759356388151
59.39575637179818
61.051101030896206
62.73383735720285
64.44417347748923
66.18231571442284
67.94846848285667
69.74283419739317