0.011533011587783998
0.01738199917086686
0.025334532556982647
0.03588531033182604
0.04959617783158815
0.06710157813518428
0.08911431947753354
0.11643123511760746
0.14993818718455348
0.19061376610463063
0.23953097633603723
0.29785619098131966
0.3668447051839022
0.44783230462993495
0.542222343774756
0.6514678183482506
0.7770477246552749
0.9204365786026437
1.0830654506883117
1.2662727616914893
1.4712444066783692
1.6989468147450622
1.9500635163545275
2.224952596365085
2.5236424754231903
2.8458723002963873
3.191165952968529
3.5589174976315783
3.9484674552433017
4.359159116496978
4.790373800862712
5.241549252472199
5.712186602546253
6.201850494492184
6.71016559234122
7.236811483948504
7.781517131686808
8.344055476924092
8.924238481899165
9.521912712466502
10.136955470510198
10.769271439245854
11.418789785983705
12.08546166242001
12.769258045182811
13.47016786484186
14.1881963784012
14.923363746667485
15.67570378397199
16.44526285300571
17.23209888200851
18.036280485372142
18.857886171898336
19.697003627649647
20.55372906242336
21.4281666108143
22.32042778023009
23.230630939511908
24.15890084285341
25.105368184504172
26.070169180509136
27.05344517431107
28.055342263512
29.07601094551889
30.11560578016666
31.174285067665338
32.25221054049282
33.34954706806455
34.4664623731791
35.603126759402194
36.759712848675306
37.93639532858768
39.13335070876584
40.350757086010184
41.58879391785177
42.847641804221645
44.127482277059386
45.42849759768541
46.750870561814764
48.09478431212475
49.46042215835246
50.84796740486771
52.25760318575201
53.68951230738357
55.14387709857265
56.62087926832318
58.12069977124261
59.64351868069363
61.18951506978005
62.758866900205284
64.35175091913185
65.96834256408695
67.60881587600971
69.27334342052829
70.96209621750923
72.67524367896975
74.41295355540353
76.17539189057715
77.96272298482913
79.77510936691128
81.61271177441142
83.47568914275661
85.3641986028023
87.27839548702445