0.028378671601980304
0.0410680459351741
0.057811944037296815
0.0794894966006517
0.10710667918336246
0.14180892144971777
0.1848920610173223
0.23780985108338856
0.3021759205384172
0.37975782385085366
0.47246047828404497
0.5822955095999114
0.7113312093955758
0.8616145873433937
1.0350539977073265
1.2332550456099156
1.457327049025201
1.7077248060314714
1.9842188415254705
2.2860330150060335
2.6120805842852977
2.9611862131501394
3.332230836990539
3.724219795199461
4.136301084095921
4.5677586996740995
5.017996473104217
5.4865200777865
5.972920423666146
6.476859465856068
6.998058503852765
7.5362886933469575
8.091363402514778
8.663132054909784
9.251475164405932
9.856300302541047
10.477538809014433
11.11514308684333
11.769084361091497
12.439350806141674
13.125945967097879
13.828887417024836
14.548205604082534
15.283942852285183
16.03615248716251
16.804898063412523
17.59025267628338
18.392298342036142
19.211125435684373
20.046832176506147
20.899524153604602
21.769313885281584
22.656320407074144
23.560668884323082
24.48249024582547
25.42192083579304
26.379102081744016
27.35418017648103
28.347305772531442
29.358633687751535
30.38832262102017
31.436534877102538
32.50343609996464
33.58919501390833
34.693983171986694
35.81797471140949
36.96134611543326
38.12427598161184
39.30694479612188
40.50953471404087
41.73222934545628
42.97521354732141
44.23867322104133
45.52279511574881
46.827766637310106
48.15377566309369
49.50101036254652
50.86965902367047
52.25990988548646
53.67195097657204
55.1059699598276
56.562153983531935
58.040689538878595
59.54176232408474
61.06555711522194
62.61225764391192
64.1820464820154
65.77510493345176
67.39161293328544
69.03174895420109
70.69568992049493
72.38361112969686
74.09568618191831
75.8320869170504
77.59298335987533
79.37854367319196
81.18893411899806
83.02431902783246
84.88486077627097
86.77071977265213
88.68205445104077
90.61902127344912
92.58177474031349
94.57046740921882