-0.11281046481266E-05
-0.18012615033353E-05
-0.28130607847290E-05
-0.43266836943419E-05
-0.66060117179423E-05
-0.11131988666262E-04
-0.16549398140134E-04
-0.25832299244714E-04
-0.36298149862816E-04
-0.42887397517832E-04
-0.80925370314113E-04
-0.16253282181447E-03
-0.12434470719582E-03
 0.10052383926328E-03
 0.30834906434583E-03
 0.31268183787806E-03
 0.15506954542790E-03
-0.70831920018239E-05
-0.84083256521586E-04
-0.88611785529323E-04
-0.64824156068371E-04
-0.41819820367113E-04
-0.25301163405244E-04
-0.15419346407614E-04
-0.94344095433958E-05
-0.59664681885273E-05
-0.41499560604819E-05
-0.29906412179129E-05
-0.20093005020507E-05
-0.15895985943970E-05
-0.12933684344110E-05
-0.56476740302562E-06
-0.61920698599690E-06
-0.36178605439812E-06
-0.27501697763148E-06
-0.21297067792515E-06
-0.16752575794638E-06
-0.13382471231698E-06
-0.10878520743706E-06
-0.89791568113701E-07
-0.75279811104168E-07
-0.64027298624062E-07
-0.72426434743587E-07
-0.37191050446723E-07
-0.56390252007713E-07
-0.47345484814922E-07
-0.75225576059258E-08
-0.40791425881385E-07
-0.39019175274249E-07
-0.47182018828491E-07
-0.24410370943238E-07
-0.22762562165584E-07
-0.21318566197772E-07
-0.20045773671696E-07
-0.18915948746184E-07
-0.17902216142340E-07
-0.16989029830884E-07
-0.16163316886849E-07
-0.15402499164507E-07
-0.14708500552307E-07
-0.13941721150548E-07
-0.13315926502338E-07
-0.12742804911493E-07
-0.12586660252261E-07
-0.53002929602630E-08
-0.11421276613156E-07
-0.10999908564259E-07
-0.10646390155339E-07
-0.10270041781117E-07
-0.10225498312903E-07
-0.96307974869867E-08
-0.93099158987351E-08
-0.90191447234492E-08
-0.87255566161002E-08
-0.84465835401996E-08
-0.81877820352271E-08
-0.79307213870071E-08
-0.76855263886330E-08
-0.74477102640062E-08
-0.72198205701218E-08
-0.69915664947717E-08
-0.67792246985237E-08
-0.65706858637876E-08
-0.63828828340021E-08
-0.62644530238730E-08
-0.60006812360696E-08
-0.89239503811512E-08
-0.56454994514112E-08
-0.54853094353464E-08
-0.53319589764494E-08
-0.50711825813565E-08
-0.50330367745254E-08
-0.48805178872870E-08
-0.47127959831840E-08
-0.44187588257583E-08
-0.43697482882815E-08
-0.43335416567390E-08
-0.42730946094746E-08
-0.41241516404275E-08
-0.39590811352190E-08
-0.38505795975498E-08
-0.36912909531361E-08
-0.34071241543535E-08
-0.35677013160757E-08
