 0.12666819207116E-14
 0.63334096035582E-15
 0.42222730690388E-15
 0.31667048017791E-15
 0.22888211951808E-15
-0.28348241303150E-14
-0.60385341502439E-13
-0.64926857479671E-12
-0.40332378723007E-11
-0.17093913334992E-10
-0.54988381257075E-10
-0.14395386784416E-09
-0.32204742149689E-09
-0.63712857349755E-09
-0.11433235225220E-08
-0.18965371547424E-08
-0.29502731092570E-08
-0.43532542293658E-08
-0.61476844612116E-08
-0.83675010014619E-08
-0.11044304252157E-07
-0.14201686682973E-07
-0.17862967474070E-07
-0.22051518877818E-07
-0.26792997444984E-07
-0.32118210750718E-07
-0.38064663237537E-07
-0.44667333169936E-07
-0.51987503673484E-07
-0.60076815956774E-07
-0.68999844937616E-07
-0.78819622296903E-07
-0.89647082753628E-07
-0.10148400616473E-06
-0.11452658665301E-06
-0.12868187470440E-06
-0.14417870408838E-06
-0.16103467805419E-06
-0.17930623396173E-06
-0.19903704468368E-06
-0.22026604239148E-06
-0.24299693445969E-06
-0.26720030388839E-06
-0.29282986541711E-06
-0.31977628400724E-06
-0.34789504877490E-06
-0.37694583044205E-06
-0.40657849000761E-06
-0.43632816212470E-06
-0.46553743672661E-06
-0.49341197044669E-06
-0.51893048671915E-06
-0.54090316675835E-06
-0.55797134821416E-06
-0.56858955181930E-06
-0.57135120244120E-06
-0.56507253326314E-06
-0.54939364108452E-06
-0.52659178870318E-06
-0.49124075887186E-06
-0.44812497597167E-06
-0.40830074110542E-06
-0.36317961006506E-06
-0.31864247103788E-06
-0.27654437879552E-06
-0.23806453081224E-06
-0.20386191073244E-06
-0.17414669780385E-06
-0.14878649045836E-06
-0.12742750006678E-06
-0.10963268226353E-06
-0.94907339614243E-07
-0.82777147530399E-07
-0.72808960278615E-07
-0.64622948340714E-07
-0.57894825238518E-07
-0.52337670076972E-07
-0.47776731003800E-07
-0.43981383926098E-07
-0.40818019286255E-07
-0.38166920567743E-07
-0.35930381592697E-07
-0.34032046275660E-07
-0.32409417113092E-07
-0.31012767921914E-07
-0.29799452230830E-07
-0.28736579908679E-07
-0.27798306190799E-07
-0.26962619956178E-07
-0.26213387060380E-07
-0.25536447320828E-07
-0.24918757051830E-07
-0.18646795756394E-07
-0.23826286179886E-07
-0.23337542605141E-07
-0.22879797167766E-07
-0.22448562750606E-07
-0.22040200546942E-07
-0.21651682881184E-07
-0.21280478179580E-07
-0.20924442133403E-07
-0.20581804586186E-07
-0.20251078884089E-07
-0.19930976219142E-07
-0.19623722025985E-07
-0.19318284584289E-07
-0.19023968184369E-07
-0.18736729621833E-07
-0.18455980006605E-07
-0.18181209987386E-07
-0.17911974070520E-07
-0.17647657633430E-07
-0.17388613202808E-07
-0.17133789577124E-07
-0.16883255846756E-07
-0.16636701862252E-07
-0.16393930357340E-07
-0.17807870590923E-07
-0.15919035571045E-07
-0.15686589235004E-07
