0.01499069718230007
0.022312701304618515
0.03217169935309631
0.04514596722153431
0.06189252645989849
0.08315414882087398
0.1097664607339389
0.142664501025179
0.18288793535359849
0.23158402064131958
0.2900073619732334
0.3595155222478934
0.44155961032177665
0.5376690180129641
0.6494293739205906
0.7784523832419632
0.9263354787470106
1.0946084475409463
1.284664550576801
1.4976772533056382
1.7345125298258979
1.9956588915488263
2.2812033472076045
2.5908698924495366
2.9241103554320955
3.2802158526617755
3.658416732796832
4.057954215248143
4.478122624832979
4.918289129441278
5.377899172219489
5.856474037366734
6.35360473471775
6.86894461514189
7.402201975785643
7.95313323309509
8.52153689014944
9.1072483141876
9.710135277635123
10.33009416967444
10.967046782748026
11.620937583459673
12.291731387743555
12.979411371611668
13.68397735996228
14.405444345708952
15.143841199864085
15.899209540310475
16.67160273276692
17.461085002269655
18.267730637345494
19.091623272278916
19.932855235418273
20.791526953599917
21.667746404468257
22.56162860990174
23.473295164870088
24.402873797014223
25.350497953002282
26.316306408383873
27.300442898142418
28.303055765644576
29.324297628008953
30.364325056238307
31.423298268762725
32.501380837144616
33.59873940301555
34.71554340538176
35.85196481759344
37.00817789341843
38.184358921708885
39.380685989272806
40.597338751608405
41.83449821128732
43.09234650370842
44.3710666901495
45.67084255792362
46.991858427636146
48.334298967459176
49.69834901442075
51.08419340271818
52.492016799092696
53.92200354530803
55.374337507794806
56.849201934541384
58.3467793193194
59.867251273307
61.41079840424781
62.97760020321201
64.56783493906536
66.18167956074917
67.81930960745824
69.48089912682318
71.16662060115544
72.87664488186967
74.61114113212572
76.37027677776712
78.15421746661937
79.96312703617792
81.79716748973807
83.65649898097696
85.54127980702656
87.45166641001951
89.38781338712518