1.3465564875183502
1.6230260277177355
1.9145628171792217
2.2210557006813607
2.542409526418381
2.878542488975847
3.2293841710035807
3.594874043410929
3.974960284089049
4.369598829859056
4.778752607472314
5.202390907810247
5.64048887887379
6.093027119893678
6.559991363268627
7.041372233518328
7.5371650740254195
8.047369833108425
8.571991001557459
9.111037593963626
9.664523166548948
10.232465864322123
10.81488849096864
11.41181859437572
12.02328856345433
12.649335728979477
13.290002464489735
13.945336285512854
14.615389936826796
15.300221474812401
15.999894328812363
16.714477360224503
17.444044894727824
18.188676743274925
18.94845820520126
19.72348005440568
20.513838508839765
21.319635183798876
22.140977029658224
22.977976254876047
23.830750235147814
24.699421409701447
25.584117165726383
26.48496971196659
27.402115942489974
28.335697291643932
29.2858595811314
30.252752860157834
31.236531239506274
32.23735272035576
33.25537901865293
34.29077538566532
35.343710425509904
36.41435591012672
37.50288659238339
38.60948001776198
39.73431633513599
40.87757810707913
42.039450120119966
43.22011919531881
44.4197739995296
45.63860485767346
46.8768035663613
48.13456320912637
49.41207797359881
50.7095429708476
52.0271540572054
53.36510765881087
54.72360059910726
56.1028299294987
57.50299276363515
58.92428611522044
60.36690673985088
61.83105098100813
63.3169146204607
64.82469273329323
66.35457954781151
67.9067683105284
69.48145115644157
71.07881898485716
72.6990613409035
74.34236630300782
76.00892037646561
77.6989083933337
79.41251341880445
81.14991666423195
82.91129740695953
84.69683291711358
86.50669839147619
88.34106689456775
90.2001093070546
92.08399428155585
93.99288820596422
95.92695517431761
97.8863569652865
99.87125302834134
101.88180047758578
103.9181540933138
105.98046633126282
108.06888733956262
110.1835649833792
112.32464487717534
114.49227042459773
116.68658286590082