1.6779486851300685
1.9628394981270325
2.2626477801999276
2.5772869589341827
2.9066808123597925
3.250762489049133
3.6094736419314555
3.9827636657589176
4.37058902934909
4.77291269522467
5.189703620441332
5.620936333423151
6.066590582227111
6.526651049913794
7.001107132705086
7.489952776408741
7.993186366141979
8.5108106641219
9.042832789827383
9.589264236564965
10.150120918370158
10.725423241101154
11.315196191851147
11.919469440221574
12.538277447752387
13.171659578534562
13.819660207513857
14.482328825321483
15.159720129068527
15.851894107262831
16.558916101977374
17.280856868649913
18.017792607493938
18.76980498344126
19.536981127723593
20.319413622156507
21.117200466569955
21.930445029876697
22.759255985548844
23.603747232358675
24.464037801317527
25.34025174984257
26.2325180441632
27.140970431034585
28.065747299751898
29.006991535510746
29.964850365038735
30.939475195464333
31.93102144724098
32.93964838199436
33.96551892601686
35.00879949015281
36.0696597866949
37.14827264393093
38.24481381887959
39.35946180873875
40.49239766151238
41.64380478627922
42.81386876346508
44.00277715554137
45.2107193184806
46.43788621428422
47.684470224936874
48.95066496803223
50.23666511439121
51.542666207931084
52.86886448803289
54.21545671472123
55.5826399968253
56.97061162336838
58.37956889859762
59.809708980638206
61.26122872418559
62.73432452740876
64.22919218331096
65.74602673576051
67.28502234043881
68.84637213090616
70.43026809001476
72.03690092688542
73.66645995963286
75.31913300406784
76.9951062685483
78.69456425516675
80.41768966745589
82.16466332476807
83.9356640834909
85.73086876523476
87.55045209212703
89.39458662932546
91.26344273487138
93.15718851695101
95.07598979867213
97.02001009038163
98.9894105696295
100.98435006876237
103.00498507021472
105.05146970947234
107.12395578574844
109.22259278031903
111.34752788252099
113.49890602336481
115.67686991672238
117.88156010803094