0.008935220587977513
0.009337405479225092
0.009753725287570101
0.01018453380197055
0.010630190056388291
0.011091058299006884
0.011567508083460923
0.012059914231351337
0.012568656931170246
0.013094121730605434
0.013636699573404448
0.014196786845175434
0.014774785392253622
0.01537110257557007
0.015986151270775784
0.016620349943707615
0.017274122667517034
0.017947899166609143
0.018642114825827692
0.01935721078304973
0.020093633904857782
0.020851836881244593
0.02163227822772319
0.022435422352228385
0.02326173956715658
0.0241117061553984
0.024985804407451063
0.02588452266759157
0.026808355337972718
0.027757803007213037
0.028733372377785647
0.02973557644711163
0.030764934413227623
0.031821971839122755
0.03290722061252327
0.034021219050651086
0.03516451190469219
0.036337650438489695
0.03754119245274752
0.03877570235950332
0.040041751187589854
0.04133991667572612
0.04267078329113557
0.044034942301784896
0.04543299179512632
0.04686553674139963
0.04833318906661561
0.04983656763964742
0.0513762983910149
0.052953014327779165
0.05456735556693128
0.05621996940216965
0.057911510376262916
0.05964264027149253
0.06141402820919827
0.06322635067025831
0.06508029153592518
0.06697654217557966
0.06891580144275898
0.07089877574677486
0.07292617909243246
0.0749987331247141
0.07711716719592902
0.07928221835963144
0.08149463142945416
0.08375515907170321
0.08606456176439778
0.08842360790351822
0.09083307381703178
0.09329374377742891
0.09580641009047015
0.09837187308389106
0.10099094117628965
0.10366443087600934
0.10639316686305916
0.10917798195535265
0.11201971719348294
0.1149192218351372
0.11787735339704979
0.12089497767957827
0.12397296877104774
0.12711220909590987
0.13031358941337765
0.13357800885342067
0.1369063749083247
0.14029960347911336
0.1437586188402974
0.14728435370181145
0.15087774918629987
0.15453975484500407
0.15827132863802737
0.16207343698795548
0.1659470547271048
0.16989316510695565
0.17391275979281512
0.17800683889360616
0.18217641088615347
0.18642249264410382
0.19074610942129377
0.1951482947946538
0.1996300907025617
0.20419254736552916
0.20883672329066996
0.21356368523011932
0.21837450816638748
0.2232702752324256
0.22825207772987147
0.23332101503446895
0.23847819459879863
0.24372473186489632
0.24906175023992516
0.25449038101884797
0.26001176334247406
0.2656270441458248
0.27133737805945685
0.27714392738612764
0.2830478619909472
0.289050359245276
0.2951526039608156
0.3013557882726869
0.3076611116050479
0.31406978053890466
0.32058300872634304
0.3272020168339296
0.3339280323854491
0.3407622897136218
0.34770602982356935
0.35476050027713374
0.3619269551115776
0.36920665469969915
0.37660086562198725
0.38411086056124194
0.3917379181652963
0.39948332290924127
0.4073483649750279
0.41533434010339043
0.42344254944018356
0.43167429939240176
0.4400309015010787
0.44851367224654054
0.4571239329267667
0.46586300945010717
0.4747322322250624
0.48373293592085287
0.49286645934888307
0.5021341452605473
0.51153734014876
0.521077394062517
0.5307556604567096
0.5405734959145884
0.5505322600299715
0.5606333151305785
0.5708780261083554
0.5812677601958085
0.5918038867194981
0.6024877769052929
0.6133208036355868
0.6243043411958444
0.635439765073647
0.6467284516548433
0.6581717780273139
0.6697711216808445
0.6815278602709234
0.6934433713305306
0.7055190319952092
0.7177562187632622
0.730156307121278
0.7427206713410675
0.7554506841187186
0.7683477163091004
0.7814131365651658
0.7946483110812683
0.8080546031867882
0.8216333730944138
0.8353859774835896
0.8493137692010114
0.8634180968891302
0.8777003046182557
0.8921617315141922
0.9068037113835158
0.9216275723217218
0.9366346363217463
0.9518262188554278
0.9672036284820285
0.9827681664206347
0.9985211261053059
1.0144637927829208
1.0305974430099887
1.046923344288725
1.0634427544959677
1.0801569215168956
1.097067082680771
1.1141744643494769
1.1314802813717553
1.1489857366064553
1.166692020428282
1.1846003101676355
1.2027117696620357
1.2210275486502857
1.2395487823142142
1.258276590700021
1.277212078184059
1.2963563329521426
1.315710426423377
1.3352754127336879
1.3550523281535671
1.375042190579547
1.395245998929108
1.4156647326652925
1.4362993511784568
1.4571507933153522
1.478219976801341
1.4995077977098998
1.5210151299615413
1.5427428248221149
1.5646917103622577
1.5868625909950418
1.6092562470040637
1.6318734340572605
1.654714882795571
1.6777812983760454
1.701073360067207
1.7245917208830197
1.7483370071915314
1.7723098183965036
1.7965107265913591
1.8209402763012592
1.8455989842136336
1.870487338909211
1.895605800715927
1.9209548014948155
1.9465347445271801
1.9723460043922125
1.998388926895498
2.0246638290522574
2.051170999062029
2.0779106963610454
2.1048831516670425
2.132088567138508
2.1595271164588343
2.1871989450504294
2.21510417028262
2.243242881721757
2.2716151414253813
2.300220984240988
2.329060418190676
2.3581334248219163
2.387439959663328
2.416979952647309
2.446753308590265
2.4767599076996443
2.506999606101207
2.5374722364057636
2.568177608264991
2.5991155089845943
2.6302857041348577
2.6616879381857776
2.6933219351603124
2.7251873992770843
2.757284015673512
2.789611451022073
2.8221693542845903
2.8549573573752913
2.8879750758689187
2.9212221097182796
2.9546980439452275
2.9884024493641697
3.02233488327007
3.0564948901331586
3.0908820023177213
3.1254957407485042
3.160335615601578
3.19540112696429
3.2306917655049006
3.266207013128813
3.301946343591363
3.3379092231536758
3.3740951111660378
3.4105034606856486
3.4471337190422435
3.4839853284136466
3.5210577263707856
3.558350346429413
3.59586261852959
3.63359396957077
3.671543823881107
3.7097116036945743
3.7480967295845247
3.7866986209058093
3.825516696223618
3.8645503736682176
3.903799071376208
3.9432622078137287
3.9829392021437395
4.022829474553203
4.062932446566861
4.10324754136586
4.143774184052252
4.184511801937202
4.225459824794943
4.266617685104193
4.307984818279517
4.349560662886553
4.39134466084793
4.433336257643353
4.475534902461275
4.5179400483998595
4.560551152621004
4.603367676455974
4.64638908559953
4.689614850186754
4.733044444940258
4.776677349257325
4.820513047325331
4.864551028197965
4.9087907858850865
4.9532318194146665
4.99787363291942
5.04271573567951
5.087757642178766
5.132998872162658
5.178438950669073
5.224077408051899
5.269913780036755
5.315947607723973
5.362178437618631
5.40860582164843
5.455229317162328
5.502048486938854
5.5490628992037365
5.596272127615502
5.6436757512588995
5.691273354646265
5.739064527701013
5.787048865748448
5.835225969494672
5.883595445009822
5.932156903713671
5.9809099623359145
6.029854242905988
6.078989372728865
6.128314984884521
6.1778307160441415
6.22753620966178
6.277431113805213
6.32751508165528
6.377787771461694
6.428248846513256
6.478897975097264
6.5297348304668725
6.580759090795536
6.631970439137417
6.683368563389652
6.734953156256232
6.786723915181598
6.838680542353249
6.890822744612618
6.943150233448871
6.995662724926666
7.048359939671879
7.101241602799614
7.154307443894839
7.207557196954921
7.2609906003541225
7.314607396787997
7.36840733324807
7.422390160970576
7.476555635380601
7.5309035160656475
7.585433566738523
7.640145555161995
7.695039253146684
7.750114436478199
7.805370884895924
7.860808382033175
7.916426715392142
7.97222567629225
8.028205059831674
8.08436466484999
8.14070429388075
8.197223753125925
8.253922852388497
8.310801405070473
8.367859228108719
8.425096141938841
8.482511970456084
8.540106540998822
8.597879684283896
8.655831234374462
8.713961028661377
8.772268907816398
8.83075471574068
8.889418299559185
8.94825950955515
9.007278199171818
9.066474224931643
9.125847446452916
9.185397726373184
9.245124930334484
9.305028926969062
9.365109587831231
9.425366787391669
9.485800402991359
9.546410314821369
9.607196405888208
9.668158561974991
9.72929667163274
9.79061062612503
9.852100319421409
9.9137656481511
9.975606511585257
10.037622811612255
10.09981445268582
10.162181341838172
10.224723388612267
10.287440505063897
10.350332605721109
10.41339960756124
10.476641429992178
10.540057994810649
10.603649226204334
10.667415050693656
10.73135539713165
10.795470196679647
10.859759382768532
10.924222891087707
10.988860659558657
11.053672628311233
11.11865873966119
11.183818938097032
11.249153170237438
11.314661384838457
11.380343532739893
11.446199566875729
11.51222944222596
11.57843311582617
11.644810546711161
11.711361695925758
11.778086526491055
11.844985003392487
11.912057093544592
11.97930276579944
12.046721990896
12.114314741471679
12.182080992026327
12.250020718903247
12.318133900283986
12.3864205161671
12.454880548333655
12.523513980359645
12.592320797579365
12.661300987070643
12.730454537644794
12.799781439827868
12.869281685844022
12.938955269594794
13.00880218665761
13.078822434256987
13.149016011257087
13.219382918137148
13.289923156991593
13.360636731505094
13.431523646941027
13.50258391012496
13.573817529432487
13.645224514779681
13.716804877597884
13.788558630837569
13.860485788938039
13.932586367823717
14.004860384886266
14.07730785897664
14.149928810391199
14.22272326085245
14.295691233507942
14.368832752912143
14.442147845008318
14.515636537130636
14.58929885797736
14.663134837610729
14.737144507436717
14.811327900203802
14.885685049981605
14.960215992150477
15.034920763403102
15.109799401712603
15.184851946347434
15.260078437833526
15.335478917963595
15.411053429778645
15.486802017559906
15.562724726818523
15.638821604279553
15.715092697885314
15.791538056770559
15.8681577312657
15.944951772875966
16.021920234275182
16.099063169310128
16.176380632965905
16.25387268137461
16.33153937180431
16.409380762645256
16.48739691339982
16.565587884684117
16.64395373820493
16.722494536759807
16.801210344230135
16.8801012255676
16.959167246782883
17.038408474945562
17.117824978175022
17.197416825624835
17.27718408747816
17.35712683494886
17.4372451402542
17.517539076629483
17.598008718298395
17.678654140484674
17.759475419392366
17.84047263220136
17.921645857062547
18.00299517308479
18.084520660332316
18.16622239981789
18.248100473491387
18.330154964237572
18.412385955863186
18.49479353309744
18.57737778157786
18.660138787846577