3.971889227456797e-12
3.971889227456797e-12
3.971889227456797e-12
3.971889227456797e-12
3.971889227456797e-12
3.971889227456797e-12
3.971889227456797e-12
3.971889227456797e-12
3.971889227456797e-12
3.971889227456797e-12
3.971889227456797e-12
3.971889227456797e-12
3.971889227456797e-12
4.096010765814822e-12
4.964861534320996e-12
1.0798573837148167e-11
3.996713535128402e-11
1.634680660175188e-10
6.13160399488643e-10
2.053466730595164e-9
6.184231527150233e-9
1.6957981056626795e-8
4.2815972899677404e-8
1.0055718842229223e-7
2.2152715679986852e-7
4.611204517508243e-7
9.124937632159312e-7
1.7257159889038827e-6
3.1334057862822203e-6
5.484009798226504e-6
9.283642410020803e-6
0.000015247431478494879
0.00002436096581668216
0.00003795235258757659
0.00005777511100467425
0.0000861018405267737
0.0001258284808401306
0.0001805887701626899
0.0002548781194082179
0.00035418632591403175
0.0004851380455096051
0.0006556402155154439
0.0008750351569229491
0.0011542585758996422
0.0015060011027582336
0.0019448725985877528
0.002487568031153289
0.0031530342189017707
0.00396263636408525
0.004940323897878504
0.00611279480612488
0.007509657961193749
0.009163593069587339
0.011110507778529656
0.01338969181257526
0.01604396794983541
0.019119839659086604
0.022667635543356032
0.026741650530902144
0.03140028393647061
0.03670617451334773
0.04272633269815695
0.049532270195110285
0.057200127002859515
0.06581079624054836
0.07545004670765373
0.08620864348940903
0.09818246662109091
0.11147262785783892
0.12618558564558163
0.14243325824999928
0.16033313488166812
0.18000838489148735
0.20158796464304732
0.2252067221634703
0.25100549898836
0.2791312292621754
0.3097370356160372
0.342982321597438
0.37903286034552397
0.4180608792128154
0.46024514003894995
0.5057710149035471
0.5548305569655968
0.6076225664009173
0.6643526511204249
0.7252332823181227
0.7904838447249323
0.8603306815867396
0.9350071345057953
1.0147535781516752
1.0998174501382034
1.190453276143418
1.2869226906235927
1.3894944533001783
1.4984444616973183
1.6140557599865013
1.7366185443893243
1.8664301652520585
2.0037951259073328
2.1490250783556952
2.3024388155766573
2.464362260189074
2.6351284489515896
2.815077512422348
3.004556648621143
3.203920089528149
3.4135290585772577
3.633751717106944
3.8649630972092717
4.107545017936189
4.361885981389073
4.628381044621203
4.907431662925011
5.199445499555255
5.504836196541946
5.824023101225655
6.157430942788337
6.505489453540403
6.86863292994181