0.9329883716443307
1.1964743053766915
1.475901869008022
1.7710396882388708
2.081721756844366
2.4078168600797034
2.7492265868429326
3.105872337819664
3.4776962958951723
3.8646485278595613
4.2666936494755845
4.683804933147213
5.115965731304725
5.563164067502093
6.025393568965063
6.502655824550732
6.994969156387624
7.502333780510267
8.024770392204205
8.562305866961864
9.114967296780623
9.682785094339964
10.265806063220515
10.864070569633196
11.477627958425252
12.106535568358046
12.750855221640771
13.410655360816545
14.08600822652943
14.776994454719365
15.483698046797766
16.206213079102582
16.944643579644975
17.69908644578691
18.46965834577615
19.256473459005772
20.059658991180292
20.879344752239913
21.715667137420127
22.5687706322529
23.438804052366375
24.325921239283513
25.230286087842625
26.15206193870928
27.09142470628578
28.048545880182708
29.023620912480176
30.016826642706725
31.028359627388323
32.058418549393274
33.10720532902217
34.174926958505644
35.26179444552906
36.368022764432716
37.493830652183284
38.63944040162099
39.80507765234647
40.99097117961486
42.19735268150397
43.424456564676404
44.67251972896169
45.941781351032745
47.23248266738205
48.54486675684251
49.87917832288889
51.23566347592476
52.61456951580912
54.01614471486907
55.44063810163432
56.888299245581216
58.35937804316158
59.85412450540393
61.372788547413954
62.91561978010322
64.48286730447046
66.07477950882598
67.69160386931132
69.33358675410639
71.00097323172976
72.69400688383193
74.41292962289509
76.15798151527936
77.92940060999936
79.72742277369282
81.55228153218205
83.4042079190267
85.28343033150341
87.19017439436698
89.12466283180271
91.08711534789333
93.07774851595475
95.096775677176
97.14440684839748
99.22084864009464
101.32630418397372
103.4609730708858
105.62505129906019
107.81873123283104
110.04220157194192
112.29564733151553
114.57924983272821
116.8931867041865
119.23763189398176
121.6127556923719