0.029230748653439012
0.030369228627059926
0.03154200678166634
0.032749824868316214
0.033993435300604134
0.03527360126413651
0.036591096861753804
0.03794670723169417
0.03934122864018819
0.04077546866019387
0.04225024625356505
0.04376639195003475
0.04532474794117508
0.04692616821084907
0.04857151870773952
0.05026167743235827
0.051997534595052866
0.05377999273565976
0.05560996690757654
0.05748838472840349
0.05941618659442566
0.06139432575868527
0.06342376852448721
0.06550549430882514
0.06764049584656143
0.06982977927123024
0.07207436430469531
0.07437528431139101
0.07673358651863806
0.07915033208280035
0.08162659624716756
0.08416346846781429
0.08676205253362573
0.0894234666951357
0.09214884380143279
0.09493933138766598
0.09779609183578207
0.10072030245644589
0.10371315560447333
0.10677585884714012
0.10990963497311865
0.11311572218424563
0.11639537416180314
0.11974986016085086
0.12318046509624238
0.12668848967419402
0.13027525044441585
0.13394207986676496
0.13769032643002982
0.1415213546988481
0.14543654537402995
0.14943729536951308
0.1535250178708243
0.157701142352208
0.16196711466984165
0.16632439706965538
0.17077446820185413
0.1753188231613814
0.17995897354625626
0.18469644739340263
0.1895327892361174
0.19446956006112454
0.1995083373113056
0.20465071488694117
0.20989830307384422
0.21525272850314492
0.22071563416928822
0.22628867927177887
0.23197353923218605
0.23777190556294694
0.2436854858082849
0.24971600343237585
0.25586519770788724
0.26213482362847235
0.26852665169354345
0.2750424678731455
0.2816840733631885
0.2884532844657942
0.29535193239417723
0.3023818630755398
0.3095449369298875
0.31684302869030095
0.32427802711795306
0.3318518347852684
0.33956636778212784
0.3474235554681217
0.35542534013543575
0.36357367673702506
0.3718705325099051
0.3803178866662132
0.38891772998609003
0.3976720644759728
0.4065829029203926
0.4156522684717527
0.42488219421627516
0.4342747226974988
0.4438319053913689
0.4535558022358165
0.4634484810708464
0.4735120170703085
0.4837484921448734
0.49415999434649716
0.504748617197172
0.5155164590048925
0.5264656221761467
0.5375982124623735
0.5489163381695575
0.5604221093894199
0.5721176371020198
0.5840050323127368
0.596086405133648
0.6083638638095459
0.62083951370188
0.633515456239805
0.6463937878338697
0.6594765987023232
0.672765971712441
0.6862639810809716
0.6999726911475684
0.7138941549487567
0.7280304128823862
0.7423834911895004
0.7569554005009976
0.7717481341922756
0.7867636668231484
0.8020039524223618
0.8174709227349983
0.8331664854683904
0.8490925223837528
0.8652508874682439
0.8816434049130264
0.8982718671382451
0.9151380327879678
0.9322436245781658
0.9495903272353033
0.967179785330045
0.9850136011037627
1.003093332293182
1.0214204899259836
1.0399965361412289
1.058822882022074
1.0779008854019214
1.0972318487779373
1.1168170172025984
1.1366575762749094
1.156754650185861
1.1771092998263208
1.1977225210410167
1.2185952429571152
1.2397283264189245
1.2611225626095264
1.2827786717930507
1.3046973022216624
1.3268790291942234
1.3493243543666735
1.3720337051558742
1.395007434461949
1.418245820487563
1.4417490668315096
1.4655173028013733
1.4895505839132426
1.5138488926118638
1.5384121392480978
1.5632401631908
1.5883327341955098
1.6136895539614307
1.6393102578527474
1.6651944168030233
1.6913415393884015
1.7177510740212063
1.7444224112985693
1.7713548864690978
1.7985477819638365
1.8260003300436565
1.8537117155121787
1.8816810784378846
1.909907516960751
1.938390090077663
1.9671278204491731
1.9961196971929813
2.025364678646756
2.054861695064302
2.084609651325879
2.114607429536934
2.144853891576812
2.175347881560336
2.2060882282336007
2.2370737472576825
2.268303243421108
2.299775512734157
2.331489344437396
2.3634435229131503
2.3956368294708685
2.428068044048208
2.4607359468196495
2.493639319660388
2.526776947576955
2.5601476199884052
2.593750131926567
2.6275832851540084
2.661645889184191
2.6959367622343513
2.7304547320514043
2.765198636736361
2.800167325412843
2.8353596588663144
2.870774510139239
2.9064107650109365
2.942267322444545
2.9783430950029506
3.0146370091460595
3.0511480055705182
3.087875039404833
3.124817080444704
3.1619731133024667
3.199342137541766
3.236923167755627
3.274715233648996
3.31271738004954
3.3509286669330893
3.389348169395093
3.4279749776279016
3.466808196835994
3.5058469471900517
3.5450903637152495
3.584537596178553
3.6241878089961244
3.6640401810673713
3.7040939056684516
3.7443481902618694
3.7848022563630463
3.8254553393735
3.8663066883926773
3.9073555660393438
3.948601248303877
3.9900430243036253
4.031680196146745
4.0735120787084105
4.115537999452201
4.157757298228282
4.200169327079526
4.242773450045771
4.285569042965727
4.328555493285328
4.371732199865592
4.41509857277224
4.458654033099438
4.502398012778403
4.546329954375334
4.590449310907094
4.634755545671776
4.6792481320396915
4.723926553295607
4.768790302438165
4.8138388820165385
4.859071803957408
4.904488589391564
4.950088768469581
4.9958718802314985
5.041837472408715
5.087985101279764
5.134314331513919
5.180824736004001
5.227515895735434
5.274387399616811
5.321438844344363
5.368669834253256
5.416079981187885
5.463668904344237
5.511436230153473
5.5593815921440175
5.607504630808386
5.655804993469377
5.704282334174695
5.752936313559669
5.801766598731698
5.850772863156308
5.899954786534767
5.949312054703421
5.998844359516649
6.048551398736768
6.098432875943546
6.148488500406856
6.198717987016793
6.249121056153847
6.299697433619015
6.350446850521851
6.401369043198172
6.452463753122175
6.503730726799449
6.555169715706528
6.606780476190721
6.658562769392416
6.710516361158938
6.762641021977396
6.8149365268804845
6.867402655398312
6.920039191443968
6.972845923281748
7.02582264343158
7.078969148613038
7.13228523966567
7.185770721488911
7.23942540298437
7.293249096985955
7.347241620189113
7.401402793106282
7.455732440002216
7.510230388824728
7.564896471168567
7.6197305221990925
7.674732380615025
7.729901888577957
7.785238891687644
7.840743238895995
7.896414782480382
7.952253377990639
8.00825888420215
8.06443116372528
8.120770080330185
8.177275502827975
8.233947302418967
8.290785353314298
8.347789532673987
8.404959720574531
8.462295799970812
8.519797656643705
8.577465179187678
8.635298258941521
8.693296789965268
8.751460669017726
8.809789795495035
8.868284071410569
8.926943401361404
8.985767692486265
9.044756854443161
9.103910799364101
9.1632294418377
9.222712698870716
9.28236048985688
9.34217273654861
9.402149363030318
9.462290295679441
9.522595463157742
9.583064796364155
9.643698228413433
9.704495694625962
9.765457132471795
9.826582481567792
9.887871683650433
9.94932468253759
10.010941424121958
10.07272185633517
10.134665929127324
10.196773594443407
10.259044806215703
10.321479520310074
10.384077694539716
10.446839288618005
10.509764264150427
10.57285258460975
10.636104215320511
10.69951912343283
10.763097277903539
10.8268386494932
10.890743210715966
10.95481093585237
11.019041800910955
11.08343578362854
11.147992863432723
11.212713021430718
11.277596240407114
11.34264250478975
11.407851800643124
11.473224115647557
11.538759439087139
11.604457761827764
11.670319076310804
11.736343376533494
11.8025306580318
11.868880917873975
11.935394154635475
12.002070368392014
12.068909560705162
12.135911734611557
12.203076894596453
12.270405046597698
12.337896197985758
12.405550357540987
12.473367535464192
12.541347743337399
12.609490994135033
12.677797302191271
12.746266683209722
12.814899154229419
12.883694733635117
12.952653441125529
13.02177529772113
13.091060325737361
13.160508548784124
13.230119991748285
13.299894680791313
13.369832643331282
13.439933908034684
13.510198504808104
13.580626464785695
13.651217820324451
13.72197260498783
13.792890853540536
13.863972601937354
13.935217887317803
14.006626747989763
14.078199223423638
14.149935354248871
14.221835182237452
14.293898750298569
14.366126102469176
14.438517283906428
14.511072340880974
14.583791320763796
14.6566742720184
14.729721244204155
14.802932287950489
14.876307454964568
14.949846798014184
15.023550370915832
15.097418228548603
15.171450426819078
15.245647022675954
15.32000807408982
15.394533640050437
15.469223780560386
15.544078556621555
15.619098030239357
15.694282264407954
15.769631323107037
15.845145271286299
15.920824174873147
15.99666810076003
16.072677116781723
16.148851291743885
16.225190695381848
16.30169539837426
16.378365472332543
16.45520098979085
16.532202024202068
16.60936864993461
16.686700942259996
16.764198977357076
16.841862832294282
16.9196925850316
16.997688314412905
17.07585010015909
17.1541780228624
17.23267216398343
17.311332605842434
17.39015943161512
17.469152725327056
17.548312571848694
17.627639056888817
17.707132266989802
17.786792289522783
17.866619212685052
17.946613125483168
18.026774117748364
18.10710228010785
18.18759770400035
18.268260481661326
18.349090706109944
18.43008847116272
18.511253871419505
18.592587002248465
18.674087959799976
18.75575684098888
18.837593743493613
18.919598765751246
19.00177200695661
19.084113567048146
19.166623546713616
19.24930204738167
19.33214917120954
19.415165021094733
19.49834970065813
19.58170331424225
19.66522596690729
19.748917764427013
19.83277881328641
19.916809220676715
20.001009094482257
20.08537854329201
20.16991767638294
20.254626603721654
20.339505435956656
20.42455428441666
20.509773261108936
20.59516247870581
20.680722050553822
20.766452090659353
20.852352713687495
20.938424034961553
21.02466617044853
21.11107923677451
21.197663351199477
21.284418631628455
21.371345196597645
21.458443165280727
21.54571265747385
21.63315379359886
21.720766694701197
21.80855148243871
21.89650827908625
21.98463720752154
22.072938391234963
22.16141195431528
22.250058021445685
22.33887671791434
22.42786816958804
22.517032502927538
22.606369844978662
22.695880323362434
22.785564066278166
22.87542120250033
22.96545186137028
23.05565617279709
23.14603426725136
23.23658627576299
23.327312329916943
23.418212561852513
23.509287104253147
23.600536090353007
23.69195965392756