0.00941870532354937
0.014284732635524298
0.020912426329967832
0.029702502592912593
0.04109988096941113
0.05559517909418269
0.07372716066624133
0.09608639955220695
0.12332049411872673
0.15614128836441085
0.1953347508104147
0.24177446404089498
0.2964401459926077
0.36044335005000483
0.4350636046481823
0.5217998786777704
0.6224442415310295
0.7391852460635555
0.8747397545737372
1.0324630142461344
1.216223124771752
1.4295891435106038
1.6743768087986308
1.9500778099412766
2.2548687831862093
2.586743995671168
2.9439870186668076
3.3252402648715362
3.7294527041961967
4.155812278511786
4.603689534839426
5.072595206942717
5.562149146401679
6.072057595772397
6.6020964198798895
7.15209857852566
7.7219446391037545
8.311555491725217
8.920886679707158
9.54992392951578
10.198679581954895
10.867189708229285
11.555511751882474
12.263722578507272
12.991916844517924
13.740205617713729
14.508715198092892
15.297586099141393
16.106972158629752
16.93703975460753
17.787967107380283
18.659943652195835
19.5531694703918
20.467854769082546
21.404219401415062
22.362492420740274
23.342911663356414
24.34572335529519
25.371181739382752
26.41954871944183
27.491093518930686
28.586092351721405
29.704828103071307
30.84759001903957
32.01467340289167
33.206379317183824
34.423014290362836
35.66489002689329
36.93232312000244
38.22563476627729
39.545150481391076
40.89119981638177
42.264116073923155
43.664236024173604
45.091899619769
46.54744970969104
48.031231751738424
49.54359352339893
51.08488483104331
52.655457217334565
54.255663666873986
55.88585831014594
57.54639612587744
59.237632641976695
60.95992363530868
62.71362483058846
64.49909159872789
66.31667865505887
68.16673975784589
70.04962740761897
71.96569254783869
73.91528426748332
75.89874950617956
77.91643276250294
79.96867580614997
82.05581739463493
84.17819299529557
86.3361345132334
88.52997002599093
90.76002352565202
93.02661466907746
95.3300585369919
97.67066540257153
100.04874051018633