0.011059739748144335
0.016633294592472224
0.024170954337593146
0.03410644018183758
0.04692027449844284
0.06314190665645207
0.08335305708830604
0.108192617834327
0.1383635654739241
0.17464253643003524
0.217893022569673
0.26908363198326596
0.3293136346879524
0.3998492488374285
0.48217605792058393
0.5780757287211742
0.6897379160545015
0.8199143981558155
0.9720819163492677
1.150405572671709
1.3589311611683372
1.599810891136033
1.872436874444684
2.174669084736497
2.5042353742937573
2.859253588548086
3.238271052220752
3.6401825561246834
4.064144687157294
4.509509454544922
4.975776369988296
5.462558295536112
5.9695569449553965
6.496545072768124
7.04335332229975
7.609860359475584
8.195985357416298
8.80168218782772
9.426934869111012
10.071753952052713
10.7361736135832
11.420249291203127
12.12405573456721
12.847685381937021
13.591246991853222
14.354864476982199
15.13867589927624
15.942832594842715
16.76749840374734
17.61284898530466
18.479071203405105
19.366362569537216
20.274930733630658
21.20499301464546
22.156775964416354
23.13051495935996
24.126453815594488
25.144844423808927
26.1859464007402
27.250026754641276
28.337359562518763
29.448225657176824
30.582912322446425
31.741712995111683
32.92492697228811
34.132859123112894
35.36581960378016
36.624123575030225
37.908090921321104
39.21804597099703
40.554317216844666
41.917237036510606
43.30714141231362
44.72436965006816
46.169264096580044
47.64216985555058
49.14343450169067
50.6734077928897
52.23244138036984
53.82088851677782
55.43910376228269
57.08744268872847
58.76626158203881
60.475917143042146
62.21676618700849
63.9891653421996
65.79347074782476
67.63003775179584
69.49922060878602
71.40137217909458
73.3368436288812
75.30598413236663
77.3091405766528
79.34665726980157
81.41887565289771
83.52613401675228
85.66876722406259
87.84710643766175
90.06147885565098
92.31220745414753
94.59961073833415
96.9240025025386
99.28569160000232
101.68498172298551