4.959151004487846
5.29300549579124
5.643239538095034
6.009674981811048
6.392155361921795
6.790546419002982
7.2047307055461385
7.634625019370099
8.08009328951273
8.541115500753003
9.01761597118887
9.50954586360263
10.016871117439884
10.539559926709593
11.077597136569732
11.630980965083218
12.199675241574388
12.783719936172407
13.383116209610389
13.997884756749755
14.628052443008979
15.273653552697596
15.934725735935972
16.611329594556683
17.30350966848882
18.01133167196729
18.734865949612264
19.474190376917413
20.229388507519385
21.00055182050784
21.787778763203892
22.591175279391834
23.410854012493594
24.24693368569537
25.099539222975196
25.968808417275742
26.854876703732916
27.75789169534998
28.67800508515173
29.615375482220077
30.570158050008352
31.542558554347433
32.53271540098777
33.5408255748329
34.56672161310747
35.61165247963039
36.674766029754764
37.75661033195579
38.85739198578377
39.977321340139945
41.116621462562804
42.27550333139727
43.454171978596044
44.652917359456985
45.871906522065885
47.111391919409115
48.37160997796084
49.65279540598149
50.95519616923484
52.279054097144524
53.62460798904235
54.992107429730936
56.38180036552394
57.793936007551366
59.22876460888136
60.68653724234252
62.16750557929387
63.67192166956399
65.20003772284079
66.75210589179672
68.32837805722394
69.92910561554112
71.55453926898417
73.20492881885659
74.88052296220202
76.58156909231671
78.308313103475
80.0609992003557
81.83986971230217
83.64516491366304
85.47712284931667
87.33597916713262
89.22196695701503
91.13531659721566
93.07625560829307
95.04500851511159
97.04179671728039
99.06683836839252
101.12034826438506
103.20253774138808
105.31361458330606
107.45378293940388
109.62324325215747
111.82219219550183
114.05082262372949
116.30932353107528
118.59788002209842
120.91667329311049
123.26588062373813
125.6456753811057
128.05622703253914
130.49770117070648
132.9702595486929
135.47406012565733