1.9859446137283985e-12
1.9859446137283985e-12
1.9859446137283985e-12
1.9859446137283985e-12
1.9859446137283985e-12
1.9859446137283985e-12
1.9859446137283985e-12
1.9859446137283985e-12
1.9859446137283985e-12
1.9859446137283985e-12
1.9859446137283985e-12
1.9859446137283985e-12
1.9859446137283985e-12
1.9859446137283985e-12
0.
1.9859446137283985e-12
3.971889227456797e-12
0.
1.241215383580249e-13
2.482430767160498e-12
2.1100661520864233e-12
1.0426209222074092e-11
2.3707213826382756e-11
9.42082476137409e-11
2.7430859977123506e-10
7.405090978439766e-10
1.854872269222324e-9
4.373298282506649e-9
9.77283344415745e-9
2.0721470221180468e-8
4.198857872498281e-8
8.163684584422507e-8
1.5282799538485382e-7
2.763917315494978e-7
4.843064792376417e-7
8.242637053756662e-7
1.365826457285558e-6
2.207977565797076e-6
3.488754579662793e-6
5.396973789585243e-6
8.186312064986713e-6
0.000012192149402035198
0.000017851118562421944
0.000025723779347745618
0.000036520526488213766
0.00005113072444309854
0.00007065537532078173
0.00009644315334728475
0.00013013006343547552
0.00017368249919496798
0.0002294437490383571
0.0003001838525760174
0.0003891527902948139
0.0005001366002709306
0.000637516598293523
0.000806331357582532
0.0010123411202956785
0.0012620947455832148
0.0015629987415191839
0.0019233882554223116
0.002352599736466384
0.0028610452253998715
0.003460287860160143
0.004163118482073361
0.004983633234778438
0.005937311814044346
0.007041096343532334
0.008313470658297411
0.009774539832312764
0.0114461099383497
0.01335176783801912
0.01551696091173817
0.01796907675034334
0.02073752261025202
0.02385380476945096
0.02735160751037539
0.03126687199368528
0.035637874743541215
0.040505305942229584
0.04591234740443005
0.0519047503753546
0.0585309130491166
0.06584195783438844
0.07389180850921863
0.08273726713691494
0.09243809082826501
0.10305706835046703
0.11466009661491755
0.12731625698465096
0.14109789142215848
0.1560806785101067
0.1723437092221997
0.1899695625400059
0.20904438073800863
0.22965794434556763
0.25190374686374123
0.2758790688787532
0.30168505180818417
0.3294267709992486
0.35921330825648523
0.3911578235712214
0.42537762614031815
0.4619942444840405
0.5011334956460494
0.5429255534411331
0.5875050156949476
0.6350109703595882
0.6855870606519521
0.7393815490760003
0.7965473803697548
0.8572422434897325
0.9216286325474223
0.989873906918987
1.0621503505589749
1.1386352306308665
1.2195108556635998
1.3049646333258036
1.3951891280788848
1.490382119009475
1.5907466579042842