6.523396460009513
6.8629781110591175
7.2191792353242885
7.59176883178273
7.98053804594335
8.385298923815698
8.805883043602575
9.242140113803478
9.693936599358102
10.161154417132572
10.643689726850793
11.141451832274273
11.654362199211718
12.182353590860595
12.725369316765823
13.283362588588274
13.856295974011216
14.444140938777393
15.04687746647632
15.664493745026316
16.296985910354348
16.94435783632825
17.606620962516022
18.283794151193703
18.9759035661613
19.682982566059206
20.405071611466955
21.142218171164156
21.89447662912758
22.661908200470105
23.444580830396223
24.24256909337663
25.05595408377232
25.88482329826865
26.729270509701205
27.5893956321059
28.465304577094848
29.35710910189894
30.26492664945574
31.188880181149898
32.12909800276406
33.08571358436031
34.05886537469958
35.0486966109473
36.05535512426686
37.07899314199673
38.119767086981646
39.17783737467129
40.253368208483415
41.34652737399874
42.457486032371605
43.58641851346765
44.73350210904701
45.89891686640958
47.082845382821766
48.28547260100606
49.50698560602532
50.74757342378148
52.007426821413006
53.286738109817264
54.585700948504275
55.9045101530306
57.2433615052056
58.60245156627495
59.981977493284
61.38213685884518
62.803127474468894
64.24514721769933
65.70839386322349
67.19306491816198
68.69935746184017
70.22746798991768
71.77759226362379
73.3499251637512
74.94466054995209
76.56199112539628
78.20210830702754
79.86520210160201
81.55146098768921
83.26107180382365
84.99421964298217
86.7510877535375
88.53185744686863
90.33670801176346
92.16581663573484
94.01935833341354
95.89750588208891
97.800429764534
99.72829811917629
101.68127669770188
103.65952883015413
105.66321539757008
107.6924948121868
109.74752300524004
111.82845342236305
113.9354370265778
116.06862230885443
118.22815530621881
120.41417962735773
122.6268364856687
124.8662647396977
127.13260094088714
129.4259793885592
131.7465321920405