1.9859446137283985e-12
1.9859446137283985e-12
1.9859446137283985e-12
1.9859446137283985e-12
1.9859446137283985e-12
1.9859446137283985e-12
1.9859446137283985e-12
1.9859446137283985e-12
1.9859446137283985e-12
1.9859446137283985e-12
1.9859446137283985e-12
1.9859446137283985e-12
1.9859446137283985e-12
1.9859446137283985e-12
1.9859446137283985e-12
1.9859446137283985e-12
2.1100661520864233e-12
2.730673843876548e-12
3.971889227456797e-12
1.9114716907135837e-11
6.888745378870382e-11
2.2503234904309916e-10
6.722422517470629e-10
1.870511583055435e-9
4.825224803668218e-9
1.163416003337439e-8
2.638550838107222e-8
5.662374931277753e-8
1.1566340024815566e-7
2.2596350882386105e-7
4.2396690343103997e-7
7.66825346406645e-7
1.341342987358284e-6
2.275703241986749e-6
3.7543270090782373e-6
6.036399547805828e-6
9.478397916333768e-6
0.000014561095970796492
0.000021921283624426014
0.00003238856938016123
0.00004702730920691297
0.00006718405137699364
0.00009454022965867481
0.00013117033883297256
0.00017960539046479616
0.00024290145951899223
0.00032471323654978835
0.00042937210871280603
0.0005619686813492308
0.0007284392780376501
0.000935655717082141
0.0011915189566204635
0.001505054934821661
0.0018865130347577106
0.0023474665765522585
0.0029009148806597904
0.0035613864857233484
0.004345043431643291
0.005269785929905259
0.006355357385916808
0.007623449415758595
0.009097806630828266
0.010804330992403228
0.012771183259028741
0.015028894769134151
0.017610460300327625
0.020551434949483992
0.023890050263338472
0.02766730211020563
0.0319270516198345
0.03671612239601804
0.042084396658530185
0.048084910390725266
0.05477394756106662
0.062211133367322244
0.07045952648406444
0.07958571050102116
0.08965988439898902
0.10075595210563325
0.11295161115115829
0.12632844033733628
0.14097198637831276
0.15697184947992485
0.1744217676941883
0.19341970007750087
0.21406790827994984
0.2364730367799566
0.2607461912333913
0.28700301514518495
0.31536376429756835
0.3459533791968353
0.3789015549949771
0.41434280887390035
0.45241654483997285
0.49326711554077013
0.5370438811643446
0.5839012652702109
0.6339988073602786
0.6875012123005732
0.7445783963872076
0.805405530235711
0.8701630782992165
0.9390368353620546
1.0122179598028371
1.0899030059206696
1.1722939443816935
1.2595981976645967
1.352028656148007
1.4498037004233242
1.5531472202366599
1.6622886320253492
1.7774628953837899
1.898910528745205
2.0268776248758607
2.1616158663180163
2.3033825413882014
2.4524405610140523
2.6090584768515876
2.7735105011056826
2.9460765282695816