1.9859446137283985e-12
1.9859446137283985e-12
1.9859446137283985e-12
1.9859446137283985e-12
1.9859446137283985e-12
1.9859446137283985e-12
1.9859446137283985e-12
1.9859446137283985e-12
1.9859446137283985e-12
1.9859446137283985e-12
1.9859446137283985e-12
1.9859446137283985e-12
1.9859446137283985e-12
1.9859446137283985e-12
1.9859446137283985e-12
3.971889227456797e-12
2.358309228802473e-12
3.847767689098772e-12
8.936750761777794e-12
3.9098284582777846e-11
1.3926436603770394e-10
4.473340242423218e-10
1.3102269589073108e-9
3.5522343062683147e-9
8.942336231003904e-9
2.1048282231677148e-8
4.669812225490135e-8
9.819900331502811e-8
1.968195233743201e-7
3.777591853741912e-7
6.971262618786181e-7
1.241437188769295e-6
2.1400793606690855e-6
3.5812798633379376e-6
5.8321550740069305e-6
9.263205302244002e-6
0.000014377794648286283
0.00002184689075980344
0.00003254949940896241
0.0000476188076672843
0.00006849440940824545
0.00009698039033946133
0.0001353094647045945
0.0001862129028756349
0.00025299599290396754
0.0003396189637914928
0.00045078280870771635
0.0005920198356238705
0.0007697881265342788
0.0009915702340629177
0.0012659747921954575
0.0016028410297175967
0.0020133457268617606
0.002510111979163396
0.003107319494590629
0.003820815899657912
0.004668228724732722
0.005669077679290179
0.006844886980415799
0.008219297359585225
0.009818177489796371
0.011669734873765844
0.01380462556575527
0.016256060169254995
0.019059922761801865
0.02225486538324504
0.025882407991565548
0.02998706252210565
0.03461642126731724
0.03982126187936317
0.045655647668760506
0.05217702674199093
0.0594463299779541
0.06752806781186135
0.07649042603199073
0.0864053602500793
0.09734868950832605
0.1094001885702099
0.1226436790775818
0.13716711951321087
0.1530626937629915
0.17042689830313218
0.18936062779312687
0.20996925898303223
0.23236273273173888
0.256655633998338
0.2829672695748484
0.3114217433586061
0.34214802904640207
0.3752800399444066
0.4109566956977709
0.4493219858806971
0.4905250301407713
0.5347201347760431
0.5820668456865149
0.6327299975138592
0.6868797589812784
0.7446916742892798
0.8063467006943397
0.8720312422362003
0.9419371796809509
1.0162618968546524
1.0952083034795905
1.1789848547239148
1.2678055699079958
1.3618900376761962
1.4614634396011894
1.5667565512528934
1.678005751427403
1.7954530279569965
1.9193459825910895
2.04993783516461
2.1874874276557774
2.3322592283832755
2.48452333748212
2.6445554897558483
2.81263706789658
2.989055105403983
3.1741023004557327
3.3680770283982326