5.998308026864568
6.031154683035631
6.064167735596575
6.0973469315025595
6.130692020133455
6.164202753296578
6.197878885208197
6.23172017249477
6.265726374175944
6.2998972516592175
6.334232568724918
6.368732091520868
6.403395588546744
6.438222830645393
6.473213590990039
6.508367645075973
6.543684770701439
6.579164747958445
6.614807359223333
6.650612389138902
6.6865796246011335
6.722708854750122
6.758999870951341
6.795452466783844
6.832066438030836
6.868841582654352
6.905777700793892
6.942874594738863
6.980132068925604
7.017549929916283
7.055127986386237
7.0928660491077125
7.130763930930998
7.168821446785294
7.207038413641107
7.245414650507261
7.283949978422841
7.322644220424295
7.361497201543448
7.400508748790125
7.439678691133287
7.479006859481046
7.518493086681284
7.5581372074990645
7.59793905858374
7.6378984784817385
7.678015307608011
7.7182893882240675
7.7587205644393356
7.799308682177531
7.840053589182113
7.880955134975825
7.922013170878192
7.963227549956123
8.004598127028752
8.04612475865738
8.087807303117053
8.129645620389372
8.171639572143983
8.213789021729898
8.256093834150175
8.298553876070727
8.341169015771541
8.383939123168407
8.426864069771328
8.469943728688248
8.513177974599236
8.556566683753008
8.600109733948186
8.643807004519022
8.687658376321874
8.731663731726265
8.775822954597253
8.820135930288863
8.8646025456205
8.909222688875827
8.953996249780554
8.998923119496226
9.04400319060583
9.089236357103989
9.134622514376101
9.180161559198355
9.225853389718228
9.271697905443572
9.317695007235782
9.363844597289695
9.410146579133581
9.456600857604325
9.503207338848545
9.549965930304094
9.596876540693849
9.643939080014185
9.691153459516338
9.738519591710885
9.786037390345891
9.833706770396613
9.881527648066864
9.92949994076493
9.9776235666761
10.025898446445625
10.074324501081444
10.122901651864682
10.171629822549713
10.220508937609077
10.269538922659095
10.318719704454033
10.3680512108758
10.417533370923778
10.467166114706613
10.51694937343342
10.566883079409678
10.61696716602271
10.667201567738573
10.717586220091398
10.768121059679531
10.818806024147165
10.869641052193279
10.920626083550662
10.971761058983672
11.023045920278811
11.074480610245347
11.126065072696061
11.177799252448256
11.22968309531556
11.28171654810159
11.333899558596109
11.386232075558148
11.43871404872047
11.491345428783612
11.544126167397023
11.59705621716899
11.650135531650253
11.703364065335377
11.756741773648216
11.810268612946524
11.863944540505681
11.917769514520806
11.971743494101675
12.025866439263154
12.08013831092272
12.13455907089426
12.189128681885332
12.243847107490097
12.298714312183606
12.35373026131981
12.408894921128718
12.464208258701861
12.519670242003347
12.575280839853098
12.63104002192835
12.686947758753584
12.743004021706502
12.799208783006344
12.855562015712902
12.912063693717336
12.968713791750359
13.025512285363506
13.082459150938064
13.139554365674764
13.19679790759218
13.254189755524735
13.311729889114632
13.369418288814844
13.427254935882893
13.485239812374772
13.54337290114893
13.601654185856324
13.660083650942042
13.718661281639468
13.777387063971526
13.836260984741243
13.89528303153857
13.954453192726124
14.013771457446992
14.073237815613819
14.132852257922577
14.192614775816574
14.252525361527914
14.312584008040254
14.372790709100475
14.433145459282605
14.493648253728523
14.554299088521207
14.615097960436223
14.676044866999211
14.737139806488107
14.79838277792558
14.859773781082998
14.921312816473726
14.982999885353626
15.044834989719938
15.10681813230706
15.16894931658754
15.23122854677009
15.293655827794502
15.35623116533288
15.41895456579548
15.481826036307748
15.54484558473874
15.608013219672953
15.671328950420989
15.734792787024407
15.798404740234737
15.862164821535579
15.926073043125475
15.990129417921505
16.05433395955743
16.11868668238368
16.183187601466997
16.24783673258435
16.312634092226276
16.377579697600485
16.44267356661462
16.50791571789187
16.57330617076404
16.638844945268076
16.70453206214853
16.770367542853855
16.836351409535894
16.902483685053987
16.968764392963305
17.035193557528235
17.10177120370466
17.168497357157438
17.235372044244517
17.302395292022165
17.36956712824358
17.436887581361148
17.50435668051649
17.5719744555555
17.639740937007492
17.707656156103916
17.775720144761266
17.843932935589745
17.912294561890292
17.9808050576562
18.049464457569133
18.11827279699231
18.187230111988754
18.256336439296074
18.325591816347096
18.394996281258425
18.464549872824993
18.53425263053694
18.604104594557135
18.674105805736836
18.74425630561021
18.814556136385907
18.885005340960948
18.955603962909812
19.026352045665853
19.09724963577105
19.168296778040226
19.239493518762156
19.310839904898096
19.382335984086012
19.45398180464196
19.525777415551243
19.59772286647638
19.669818207751018
19.742063490383018
19.81445876605014
19.887004087099776
19.959699506552546
20.032545078098337
20.10554085609271
20.178686895559977
20.25198325358376
20.325429983785803
20.399027144540344
20.472774793536217
20.54667298912966
20.620721790335878
20.694921256838082
20.769271448976475
20.84377242775915
20.918424254847576
20.993226992566655
21.06818070390037
21.143285452493156
21.218541302640098
21.29394831930045
21.369506568084358
21.44521611525808
21.521077027743853
21.597089373116916
21.67325321960142
21.74956863607799
21.826035692073926
21.902654457770154
21.97942500399601
22.05634740222663
22.133421724586935
22.21064804384888
22.28802643342391
22.365556967378314
22.44323972041229
22.521074767874683
22.59906218575742
22.6772020506868
22.755494439934573
22.833939431409338
22.912537103660174
22.991287535868675
23.07019080785716
23.149247000079466
23.22845619362705
23.30781847021831
23.387333912214462
23.467002602593983
23.546824624978417
23.626800063606826
23.70692900335587
23.787211529722203
23.867647728828924
23.948237687430655
24.028981492892825
24.10987923321425
24.190930997011876
24.27213687352065
24.353496952595506
24.43501132471049
24.516680080952945
24.59850331303292
24.680481113264197
24.76261357458054
24.844900790528758
24.92734285526161
25.009939863544535
25.092691910750403
25.17559909285732
25.25866150645194
25.34187924872615
25.42525241746774
25.508781111073684
25.59246542854196
25.67630546946545
25.76030133403792
25.844453123050524
25.92876093788437
26.01322488052107
26.097845053532048
26.182621560080676
26.267554503919406
26.352643989390636
26.43789012142398
26.52329300553206
26.608852747815575
26.694569454956248
26.78044323421842
26.866474193444596
26.952662441061513
27.03900808606489
27.125511238032693
27.21217200711311
27.29899050403385
27.385966840086994
27.473101127135592
27.560393477613776
27.64784400452403
27.735452821428616
27.823220042457052
27.911145782303343
27.999230156217564
28.08747328001405
28.17587527005922
28.26443624328066
28.353156317158778
28.44203560972683
28.531074239569172
28.620272325821002
28.70962998816515
28.799147346828843
28.88882452259053
28.978661636765107
29.068658811212998
29.15881616833467
29.24913383106729
29.3396119228861
29.430250567802414
29.521049890359166
29.612010015632762
29.70313106922588
29.794413177273935
29.88585646644047
29.97746106390761
30.069227097386868
30.161154695108447
30.253243985821886
30.345495098795915
30.43790816381934
30.530483311189244
30.623220671718553
30.716120376732203
30.80918255806241
30.90240734805364
30.99579487954957
31.089345285901054
31.183058700965343
31.276935259094078
31.370975095139226
31.46517834445284
31.559545142877884
31.654075626755898
31.748769932911898
31.843628198669354
31.93865056183396
32.0338371606992
32.12918813404289
32.224703621126785
32.32038376168952
32.41622869594884
32.51223856460507
32.60841350882511
32.704753670254846
32.801259191010224
32.89793021367473
32.9947668812998
33.09176933740421
33.188937725969545
33.28627219143965
33.383772878714865
33.481439933157915
33.57927350058801
33.6772737272727
33.7754407599383
33.87377474575819
33.972275832353354
34.07094416779557
34.16977990059699
34.26878317971341
34.36795415454358
34.4672929749217
34.566799791121085
34.66647475384899
34.76631801424659
34.86632972388517
34.966510034764944
35.06685909931449
35.167377070388
35.26806410125892
35.36892034562636
35.46994595760604
35.571141091732166
35.67250590295234
35.77404054663457
35.87574517854794
35.977619954875045
36.079665032211615
36.18188056755003
36.28426671828883
36.3868236422324
36.4895514975806
36.592450442929106
36.6955206372735
36.79876223999975
36.90217541088517
37.00576031009967
37.10951709819705
37.21344593611716
37.317546985187086
37.42182040711051
37.52626636397006
37.63088501823039
37.73567653273089
37.840641070680974
37.94577879566177
38.05108987162566
38.15657446289443
38.26223273414919
38.368064850439424
38.474070977174094
38.58025128011826
38.68660592540202
38.79313507950314
38.899838909255614
39.00671758184333
39.113771264802075
39.22100012601106
39.32840433369718
39.43598405642915
39.54373946311577
39.651670723006944
39.75977800569018
39.86806148108091
39.97652131943701
40.085157691339724
40.19397076770502
40.302960719768485
40.412127719096624
40.52147193757543
40.630993547413595
40.74069272113511
40.85056963158454
40.96062445191591
41.07085735560073
41.181268516418086
41.29185810845627
41.40262630610963
41.51357328407576
41.62469921735697
41.7360042812552
41.847488651365055
41.95915250358514
42.07099601410472
42.18301935940565
42.29522271625809
42.40760626172192
42.52017017314198
42.632914628148235
42.74583980465093
42.858945880838675
42.972233035184104
43.08570144643054
43.19935129359315
43.313182755962515
43.427196013099305
43.54139124483056
43.655768631246694
43.77032835270487
43.88507058982154
43.99999552347418
44.11510333479646
44.23039420517834
44.34586831626315
44.4615258499444
44.57736698836699
44.69339191392193
44.80960080924413
44.925993857214266
45.04257124095096