7.386533905119538
7.4202735519359155
7.45418485776073
7.488267547754017
7.522521349345746
7.556945992230736
7.591541208368895
7.6263067319868405
7.661242299570949
7.696347649869957
7.731622523885905
7.767066664872151
7.802679818332745
7.838461732010521
7.874412155889326
7.9105308421843405
7.946817545333513
7.9832720219981805
8.019894031047928
8.056683333556736
8.093639692802613
8.13076287424687
8.168052645531871
8.205508776473978
8.243131039053113
8.280919207403574
8.318873057802369
8.356992368666736
8.395276920532668
8.433726496056025
8.472340879998022
8.511119859209952
8.550063222630838
8.589170761270415
8.628442268201201
8.667877538544337
8.707476369463382
8.747238560144956
8.787163911794265
8.827252227623681
8.867503312832152
8.907916974602573
8.948493022087654
8.989231266394272
9.030131520570567
9.071193599603829
9.112417320395673
9.153802501758443
9.195348964395722
9.237056530898112
9.27892502572226
9.320954275184153
9.363144107446209
9.405494352503128
9.448004842166998
9.490675410060968
9.533505891602854
9.57649612399075
9.619645946198808
9.662955198948683
9.706423724717359
9.750051367710832
9.793837973852815
9.837783390783624
9.881887467829516
9.926150056008032
9.970571008001551
10.015150178160894
10.05988742247653
10.104782598573854
10.149835565707233
10.195046184737294
10.240414318128435
10.28593982992996
10.331622585765537
10.377462452827723
10.42345929985725
10.46961299714115
10.515923416492905
10.56239043124574
10.609013916238352
10.655793747809195
10.702729803779606
10.74982196344561
10.79707010756588
10.84447411835478
10.892033879463643
10.939749275978755
10.987620194404878
11.03564652266063
11.083828150060631
11.132164967309164
11.180656866495335
11.2293037410721
11.2781054858575
11.327061997012079
11.376173172044462
11.425438909791126
11.474859110407463
11.524433675362696
11.574162507430312
11.624045510668706
11.67408259043173
11.724273653343497
11.774618607290805
11.825117361423636
11.875769826135803
11.926575913065054
11.977535535077948
12.0286486062686
12.079915041942431
12.131334758610828
12.1829076739894
12.234633706980238
12.286512777666326
12.338544807315136
12.390729718353686
12.443067434368164
12.495557879526766
12.54820098086005
12.600996665429983
12.653944860198363
12.707045495041731
12.760298500351118
12.813703807635513
12.86726134950995
12.920971059677523
12.974832872937306
13.028846725171963
13.08301255333855
13.137330295470134
13.19179989065978
13.246421279058316
13.30119440187607
13.356119201365873
13.411195620819322
13.46642360456977
13.521803097973823
13.577334047415574
13.63301640029852
13.688850105037126
13.74483511105497
13.800971368780518
13.857258829634832
13.91369744603654
13.97028717138831
14.027027960081432
14.083919767475097
14.140962549913777
14.198156264702266
14.255500870109293
14.312996325368998
14.370642590665923
14.42843962713749
14.486387396867547
14.544485862878304
14.602734989136906
14.661134740541529
14.719685082918044
14.778385983022853
14.837237408532472
14.896239328039934
14.955391711057885
15.014694528007045
15.074147750214966
15.133751349918763
15.19350530024724
15.253409575232187
15.313464149801176
15.373668999767014
15.434024101832215
15.494529433583654
15.555184973545204
15.615990700952446
15.676946596080484
15.738052640019028
15.799308814730365
15.860715103043395
15.922271488648176
15.983977956095675
16.045834490794288
16.107841079009216
16.169997707856155
16.23230436530288
16.29476104016431
16.357367722097145
16.420124401605836
16.483031070029185
16.5460877195494
16.609294343178806
16.672650934766068
16.736157488991456
16.799814001358794
16.863620468204264
16.927576886685728
16.991683254783606
17.055939571295905
17.12034583584356
17.184902048860742
17.249608211595625
17.314464326106883
17.379470395268427
17.444626422759097
17.50993241306278
17.5753883714724
17.640994304079705
17.706750217779657
17.77265612026493
17.83871202002954
17.904917926358266
17.971273849332512
18.037779799828805
18.104435789510465
18.171241830832965
18.23819793703673
18.30530412215307
18.37256040098994
18.439966789149043
18.50752330300449
18.57522995971757
18.643086777221374
18.71109377422771
18.77925097023248
18.847558385493798
18.9160160410499
18.98462395870981
19.053382161049
19.1222906714156
19.191349513923814
19.260558713452323
19.329918295649968
19.399428286920877
19.46908871443501
19.53889960612554
19.60886099068081
19.678972897549144
19.74923535693751
19.81964839980517
19.890212057867533
19.96092636359281
20.031791350202006
20.102807051663213
20.173973502697816
20.245290738774294
20.31675879610659
20.388377711656368
20.460147523126405
20.532068268967205
20.604139987457593
20.67636272032016
20.748736507342933
20.821261389934968
20.89393741024285
20.966764611149824
21.039743036271954
21.112872729958855
21.18615373729768
21.259586104098457
21.33316987690751
21.40690510299814
21.48079183037212
21.55483010775497
21.629019984601303
21.703361511087007
21.777854739603782
21.85249971883631
21.927296502573164
22.00224514387468
22.077345696523352
22.15259821501163
22.22800275455709
22.30355937107872
22.37926812122299
22.45512906234087
22.53114225249195
22.607307750453113
22.68362561570204
22.760095908425264
22.83671868952227
22.913494020588498
22.990421963925137
23.067502582538392
23.144735940133398
23.222122101113712
23.299661130583942
23.377353094344137
23.455198058890428
23.533196091416627
23.61134725980431
23.689651632630508
23.7681092791626
23.84672026935748
23.92548467385966
24.004402564000678
24.083474011798323
24.162699089952326
24.242077871849173
24.321610431551562
24.401296843807593
24.481137184041213
24.56113152835233
24.64127995352277
24.72158253700115
24.80203935691664
24.882650492067057
24.9634160219191
25.044336026611226
25.12541058694978
25.206639784402057
25.288023701112436
25.3695624198752
25.45125602415451
25.53310459807262
25.61510822640876
25.697266994605844
25.779580988758163
25.862050295616875
25.944675002584386
26.027455197716375
26.110390969718893
26.19348240794456
26.276729602397754
26.360132643723315
26.443691623213496
26.527406632804016
26.61127776506831
26.695305113221153
26.779488771116807
26.863828833243783
26.94832539472622
27.032978551321776
27.117788399419883
27.20275503604089
27.287878558830467
27.37315906606569
27.458596656646968
27.544191430094212
27.62994348655848
27.715852926800896
27.80191985221212
27.88814436479089
27.974526567155436
28.061066562536023
28.147764454781175
28.234620348339657
28.32163434827713
28.40880656026297
28.49613709057091
28.583626046081516
28.67127353427733
28.759079663237184
28.847044541640532
28.9351682787636
29.023450984480768
29.111892769254116
29.200493744142015
29.289254020787812
29.378173711428044
29.467252928882726
29.556491786554762
29.645890398434517
29.735448879087166
29.825167343662738
29.91504590788496
30.005084688053973
30.09528380104349
30.185643364298173
30.27616349583676
30.366844314239007
30.457685938658116
30.5486884888072
30.639852084963383
30.731176847965685
30.82266289921105
30.914310360651996
31.006119354798336
31.098090004712986
31.19022243400932
31.28251676685084
31.37497312795002
31.46759164255977
31.560372436483473
31.65331563606283
31.74642136817897
31.83968976025482
31.933120940244546
32.02671503664062
32.12047217846714
32.21439249527396
32.308476117145936
32.40272317469106
32.49713379904026
32.59170812185063
32.6864462752977
32.781348392076815
32.87641460539833
32.97164504898595
33.067039857082314
33.16259916443341
33.25832310629956
33.35421181844602
33.450265437138505
33.54648409915386
33.642867941761196
33.73941710273555
33.83613172034198
33.933011933347004
34.030057881005185
34.12726970306446
34.22464753975498
34.32219153180514
34.419901820418076
34.5177785472815
34.61582185457105
34.7140318849282
34.81240878148282
34.91095268783026
35.00966374804384
35.10854210666497
35.20758790870408
35.30680129963447
35.40618242540198
35.505731432404986
35.60544846750879
35.705333678030414
35.805387211749064
35.9056092168933
36.0059998421482
36.106559236641424
36.2072875499562
36.30818493211462
36.409251533586996
36.51048750528154
36.611892998548576
36.713468165173225
36.81521315737604
36.91712812781236
37.01921322956935
37.12146861615792
37.22389444152092
37.326490860022105
37.42925802645133
37.53219609601539
37.63530522434283
37.73858556747453
37.84203728186929
37.94566052439588
38.0494554523333
38.15342222336666
38.2575609955928
38.36187192750337
38.46635517799667
38.57101090637138
38.67583927232191
38.78084043593637
38.886014557697955
38.99136179847736
39.09688231954036
39.20257628253379
39.30844384949162
39.41448518282762
39.5207004453401
39.62708980020096
39.73365341096219
39.84039144154874
39.947304056253095
40.05439141974431
40.16165369705427
40.2690910535805
40.37670365508833
40.48449166769616
40.59245525789096
40.70059459250859
40.808909838745834
40.9174011641473
41.02606873661044
41.134912724381635
41.24393329605368
41.35313062056232
41.46250486718599
41.57205620554225
41.68178480559009
41.791690837616684
41.90177447225168
42.012035880449766
42.12247523349917
42.23309270301232
42.34388846092869
42.45486267950689
42.56601553133345
42.6773471893062
42.78885782664728
42.900547616883095
43.012416733864335
43.12446535174097
43.236693644978864
43.349101788347085
43.46168995691734
43.57445832606454
43.68740707146609
43.800536369090466
43.91384639520689
44.02733732637525
44.141009339449035
44.254862611569756
44.36889732016247
44.48311364294376
44.59751175790927
44.71209184333412
44.826854077773
44.94179864005946
45.05692570929916
45.17223546487066
45.28772808642154
45.403403753869306
45.51926264739637
45.63530494744912
45.75153083473561
45.86794049022567
45.98453409514208
46.101311830968655
46.21827387943806
46.335420422537055
46.452751642501376
46.57026772181264
46.687968843197375
46.805855189628964
46.92392694431627
47.042184290710175
47.16062741249963
47.27925649360148