1.9859446137283985e-12
1.9859446137283985e-12
1.9859446137283985e-12
1.9859446137283985e-12
1.9859446137283985e-12
1.9859446137283985e-12
1.9859446137283985e-12
1.9859446137283985e-12
1.9859446137283985e-12
1.9859446137283985e-12
0.
1.9859446137283985e-12
0.
2.482430767160498e-12
5.9578338411851955e-12
2.3707213826382756e-11
1.1853606913191379e-10
4.8829413190047e-10
1.7455211939289041e-9
5.575167138427405e-9
1.602061519894699e-8
4.207794623260059e-8
1.0214308931789272e-7
2.3135956858243782e-7
4.930157152196092e-7
9.951456750008483e-7
1.9139424540561384e-6
3.5251665017908883e-6
6.244975615050343e-6
0.000010681425446815095
0.000017697454484354712
0.000028486165996429565
0.000044658888168745085
0.00006834593112805081
0.00010231002757387965
0.00015007195407745383
0.00021604751670039991
0.00030569514639844115
0.000425672751533542
0.0005840029575266425
0.0007902450494458291
0.001055672605939403
0.001393455370305904
0.0018188440471087937
0.002349356926108425
0.003004967116127254
0.003808289482264571
0.0047847663387928134
0.005962851161570609
0.007374189759067329
0.0090537982575601
0.011040237825658026
0.013375785535295264
0.016106601434162395
0.01928289179730449
0.022959068347375697
0.027193903731512405
0.03205068324737759
0.03759735302789357
0.04390666470278492
0.05105631676804577
0.05912909270801534
0.06821299598834948
0.07840138182841067
0.08979308577243932
0.10249254896058184
0.1166099397967943
0.13226127187125475
0.1495685177178772
0.16865971800601487
0.18966908572832777
0.21273710476793048
0.2380106224705937
0.265642935380704
0.29579386777296107
0.3286298421844419
0.36432394164529247
0.4030559627368373
0.4450124593620474
0.49038677654582086
0.5393790741543605
0.5921963401684833
0.6490523935184319
0.7101678763882151
0.7757702361011866
0.8460936968552122
0.9213792215843416
1.0018744644015165
1.087833714077097
1.179517829291235
1.2771941662202495
1.3811364992312818
1.4916249355564317
1.6089458245923103
1.7333916628008461
1.8652609949068049
2.004858312239145
2.152493948847868
2.308483976001087
2.4731500956645376
2.6468195331370716
2.8298249291947495
3.0225042315608266
3.2252005854480603
3.438262222639731
3.6620423482236473
3.8968990236247265
4.143195044511603
4.40129781132036
4.6715791901267005
4.954415360767106
5.250186648909473
5.559277338256851
5.882075458538546
6.218972544828033
6.5703633633090766
6.936645598476172
7.318219497008628
7.715487463702705
8.128853605484581