3.971889227456797e-12
3.971889227456797e-12
3.971889227456797e-12
3.971889227456797e-12
3.971889227456797e-12
3.971889227456797e-12
3.971889227456797e-12
3.971889227456797e-12
3.971889227456797e-12
3.971889227456797e-12
3.971889227456797e-12
3.971889227456797e-12
3.971889227456797e-12
3.971889227456797e-12
3.971889227456797e-12
3.971889227456797e-12
3.971889227456797e-12
3.971889227456797e-12
3.971889227456797e-12
3.971889227456797e-12
3.971889227456797e-12
3.971889227456797e-12
1.9859446137283985e-12
5.9578338411851955e-12
1.9859446137283985e-12
3.971889227456797e-12
3.971889227456797e-12
3.971889227456797e-12
6.206076917901245e-12
2.482430767160498e-12
5.213104611037046e-12
7.199049224765445e-12
1.241215383580249e-11
2.482430767160498e-11
5.237928918708651e-11
1.1170938452222241e-10
2.318590336527905e-10
4.78116165755112e-10
9.425789622908411e-10
1.8032377092653859e-9
3.3584805848914377e-9
6.085182539540529e-9
1.074371211719392e-8
1.8522905412244774e-8
3.121458095242953e-8
5.149827450782125e-8
8.328803466900187e-8
1.322048294220529e-7
2.061988915418826e-7
3.1632051334542917e-7
4.77734119660046e-7
7.10966185770153e-7
1.0434257262621226e-6
1.5113157667149937e-6
2.161874482197063e-6
3.056125978798977e-6
4.272080891621831e-6
5.908542944115533e-6
8.089510546072058e-6
0.000010969292338707332
0.000014738369951404037
0.00001963006680372451
0.00002592813143491827
0.00003397523511268108
0.00004418249865771007
0.00005704008298984263
0.00007312893425274501
0.00009313365372798169
0.00011785667350766807
0.00014823365079238691
0.00018535026501073125
0.0002304602879293447
0.0002850051551370898
0.00035063488821979665
0.00042923053419669644
0.0005229280725699248
0.0006341437937107405
0.0007656012257860567
0.0009203595687686914
0.0011018436375172809
0.0013138753345300312
0.0015607066655291939
0.0018470541923729519
0.0021781351266058034
0.0025597046510674446
0.0029980950367955823
0.003500255928408909
0.004073796202606459
0.004727027160973493
0.005469007128587939
0.006309587372287013
0.007259459377568215
0.00833020337986258
0.009534338170287888
0.010885372155029417
0.012397855622175009
0.01408743416883829
0.01597090330520231
0.018066264223319695
0.02039278062342832
0.02297103669633496
0.025822996149661128
0.028972062322882998
0.03244313934002742
0.036262694334777995
0.040458820698590935
0.04506130241090239
0.05010167936727306
0.05561331380873899
0.061631457826303214
0.06819332188744409
0.0753381445978812
0.0831072634702152
0.09154418697176422
0.10069466772697874
0.11060677703355903
0.12133098062624201
0.13292021590522257
0.14542997053164922
0.1589183625813418