-0.13811624570821E-07
-0.20540264149652E-07
-0.26522901314096E-07
-0.38379885421249E-07
-0.48133515931634E-07
-0.62619654867217E-07
-0.82904437617746E-07
-0.10753423321013E-06
-0.13844490850693E-06
-0.17684373183138E-06
-0.22393570907985E-06
-0.28083447668455E-06
-0.34843964885344E-06
-0.42727590923238E-06
-0.51737159130066E-06
-0.61811076348512E-06
-0.72817625229093E-06
-0.84553816542706E-06
-0.96755886376593E-06
-0.10911825342826E-05
-0.12131753796725E-05
-0.13303744805489E-05
-0.14397740623417E-05
-0.15384072770442E-05
-0.16228084056280E-05
-0.16881231977374E-05
-0.17266801930581E-05
-0.17263560381144E-05
-0.16688335860995E-05
-0.15283421794446E-05
-0.12716603906185E-05
-0.86057328044146E-06
-0.25823036153152E-06
 0.55930277024942E-06
 0.15864525809554E-05
 0.27696377181527E-05
 0.39947291585843E-05
 0.50918760175618E-05
 0.58665786308647E-05
 0.61538491080176E-05
 0.58756999479079E-05
 0.50735097370772E-05
 0.38968042196656E-05
 0.25535983031025E-05
 0.12475405057855E-05
 0.12945109475133E-06
-0.72223419365147E-06
-0.12946734399734E-05
-0.16195625228022E-05
-0.17499872374937E-05
-0.17426817489227E-05
-0.16476177665952E-05
-0.15037997538262E-05
-0.13389867632546E-05
-0.11713972182136E-05
-0.10119367536330E-05
-0.86641607867146E-06
-0.73724145238396E-06
-0.62474718223493E-06
-0.52807171902905E-06
-0.44576397623072E-06
-0.37614263156719E-06
-0.31750610924950E-06
-0.26824712690458E-06
-0.22693935955345E-06
-0.19231417986531E-06
-0.16329565474338E-06
-0.13895463183918E-06
-0.11851838698120E-06
-0.10133253984551E-06
-0.86866316458320E-07
-0.74660179554137E-07
-0.64341147359104E-07
-0.55606091584653E-07
-0.48191758278971E-07
-0.41885264871280E-07
-0.36511092475969E-07
-0.31934378248466E-07
-0.27989945378839E-07
-0.24619873670851E-07
-0.21720528009651E-07
-0.19223243083689E-07
-0.17065573322691E-07
-0.15197199777331E-07
-0.13583186602841E-07
-0.12171348792898E-07
-0.10947032917338E-07
-0.98748541521304E-08
-0.89390728449775E-08
-0.81195801955931E-08
-0.74004511852692E-08
-0.67676836632559E-08
-0.62086436290009E-08
-0.57139423681948E-08
-0.52773303283797E-08
-0.48891129933773E-08
-0.45427448660750E-08
-0.42328583574233E-08
-0.39608839358919E-08
-0.37139823897394E-08
-0.34926235965369E-08
-0.32940581882553E-08
-0.31143464803444E-08
-0.29510881083911E-08
