5.6686567915828245
5.994741508455801
6.336730894343239
6.6943682142620515
7.067458687707354
7.455816962898735
7.859276961064021
8.277689433631451
8.710911950801998
9.158853807691235
9.621381695391529
10.098412529869778
10.589864348502308
11.095664828393186
11.615756526802572
12.150083102650584
12.698602374788267
13.261278502898008
13.838083581395283
14.428996428717642
15.034004780691305
15.653101657114048
16.28628676326623
16.933566718652013
17.594955178950148
18.270471482658124
18.960141495308296
19.663997008691325
20.382076469057026
21.114423547528656
21.86108827996636
22.62212719772375
23.39760214890947
24.187579400522523
24.992132239663622
25.811339129373998
26.645283651181394
27.49405412749764
28.357745863492962
29.23645540727068
30.130289002292255
31.03935193148105
31.963759819075353
32.90362684285343
33.859074699768094
34.830228170651466
35.817215035506514
36.82017039364714
37.83922644891909
38.87452267679694
39.92620130630642
40.99440598290879
42.079284429902195
43.18098618246709
44.299662343636015
45.435466772500604
46.58855622584886
47.75908804726217
48.94722000183667
50.153114198660575
51.37693065088074
52.61883277454904
53.87898396162143
55.15754842714061
56.45469093947232
57.77057666827567
59.105371035652254
60.45923957151675
61.8323477733449
63.22486097043822
64.63694419286651
66.06876204523375
67.52047858539217
68.99225720825925
70.48426053483864
71.99665030658895
73.52958728524604
75.08323115821331
76.65774044962737
78.25327243718648
79.86998307486293
81.50802692154393
83.16755707572963
84.84872511633064
86.55168104962308
88.2765732624657
90.02354848180536
91.79275174047706
93.58432634943289
95.39841387635357
97.23515413069148
99.09468515518091
100.97714322381269
102.88266284628271
104.81137677893113
106.76341604213859
108.73890994421356
110.73798611171549
112.76077052622986
114.80738756754717
116.87796006324479
118.97260934462867
121.09145530900857
123.23461648827497