3.971889227456797e-12
3.971889227456797e-12
3.971889227456797e-12
3.971889227456797e-12
3.971889227456797e-12
3.971889227456797e-12
1.0922695375506191e-11
1.4323625526516074e-10
1.900548995338077e-9
1.5947383491315757e-8
9.314229184232218e-8
4.1332993583683397e-7
1.4825183286005483e-6
4.493188517622049e-6
0.000011890323181331527
0.000028160642243379502
0.000060833558800969756
0.00012165712432864322
0.000227895943649431
0.0004036918978868472
0.0006814313887625071
0.001103071398374346
0.0017213891647042542
0.00260113353660741
0.0038200682992483386
0.005469908287820515
0.007657157203337781
0.010503861272781545
0.014148296328841223
0.018745606402816938
0.024468411550399406
0.031507400292336916
0.04007191885189776
0.05039056574494985
0.06271179553492656
0.07730453139185733
0.0944587812557637
0.11448624818682294
0.13772092150288315
0.16451963191031274
0.19526255108872403
0.23035361438860982
0.27022084411780567
0.3153165507076255
0.36611738928423154
0.42312425020957334
0.4868619632086566
0.557878795797634
0.636745727098829
0.7240554782885502
0.8204212789676434
0.9264753461699545
1.0428670478574418
1.170260716615968
1.309333072042304
1.460770203185939
1.6252640570642487
1.8035083793406885
1.996194061698563
2.2040038731537956
2.4276065937838083
2.6676506326928098
2.9247572973641134
3.1995139820085092
3.4924676424974748
3.804119002687764
4.134917963195491
4.485260638535327
4.855488323885893
5.245888504786204
5.656697806884651
6.088106584465393
6.540264705918842
7.013288033175411
7.50726510942924
8.022263645763177
8.558336505098909
9.11552699563663
9.69387338640021
10.293412635727927
10.914183376915169
11.556228236797443
12.219595577178538
12.90434075148737
13.610526963803169
14.33822580814557
15.087517555250834
15.85849124308042
16.651244617202053
17.46588395829641
18.30252382638917
19.161286745136216
20.042302844289566
20.945709474404993
21.871650804473514
22.82027741064889
23.79174586222746
24.7862183094019
25.803862076178945
26.844849260935554
27.90935634631584
28.997563819769557
30.10965580551572
31.245819708529893
32.40624587090465
33.59112724073735
34.800659053755965
36.035038527583716
37.29446456875938
38.57913749239953
39.88925875448805
41.22503069678568
42.5866563042428
43.974338974966294
45.38828230266385
46.828689871577886
48.29576506391657
49.78971087975882
51.310729769483274
52.85902347871553