-0.45156399602753E-04
-0.38519840460997E-04
-0.33175967914331E-04
-0.28819912781921E-04
-0.25231140243260E-04
-0.22244254751616E-04
-0.19736215736208E-04
-0.17612775109052E-04
-0.15801479854777E-04
-0.14245699604660E-04
-0.12900871717477E-04
-0.11731526682346E-04
-0.10709209232844E-04
-0.98108674071281E-05
-0.90177649524432E-05
-0.83144445256400E-05
-0.76882059179407E-05
-0.71286315441545E-05
-0.66262497091853E-05
-0.61741531137425E-05
-0.57659740683372E-05
-0.53961616871592E-05
-0.50603181501909E-05
-0.47541312454248E-05
-0.44750643631889E-05
-0.42195557843243E-05
-0.39847328259706E-05
-0.37689576187498E-05
-0.35703211546324E-05
                  NaN
-0.32171222273974E-05
-0.30598851277051E-05
-0.29139536268813E-05
-0.27783930098061E-05
-0.26519416345407E-05
-0.25341099014810E-05
-0.24240872648582E-05
-0.23211787604125E-05
                  NaN
                  NaN
                  NaN
-0.19699758189890E-05
-0.18949760716708E-05
-0.18243146859261E-05
                  NaN
-0.16947920601278E-05
-0.16353007663003E-05
-0.15791556380769E-05
-0.15259685386406E-05
-0.14755374609215E-05
-0.14277120478146E-05
-0.13823302231876E-05
-0.13392142559516E-05
-0.12982318816008E-05
-0.12592383668959E-05
                  NaN
-0.11867210718532E-05
-0.11529826502639E-05
-0.11207939136517E-05
-0.10900563232959E-05
-0.10606876206486E-05
-0.10326064571099E-05
-0.10057455413643E-05
-0.98001865207532E-06
-0.95539644537425E-06
-0.93178797807952E-06
-0.90914877857780E-06
-0.88742629441364E-06
-0.86657160579160E-06
-0.84653957143695E-06
-0.82728738999274E-06
-0.80877505696466E-06
-0.79096502578527E-06
-0.77382202952863E-06
-0.75731291744386E-06
-0.74140650492665E-06
-0.72607343569732E-06
-0.71128605507567E-06
-0.69701829335891E-06
-0.68324555839962E-06
-0.66994463657884E-06
-0.65709360144269E-06
-0.64467172934144E-06
-0.63265942147391E-06
-0.62103813179611E-06
-0.60979030030122E-06
-0.59889929122804E-06
-0.58834933578755E-06
-0.57812547904324E-06
-0.56821353060436E-06
-0.55860001882689E-06
-0.54927214824225E-06
-0.54021775995438E-06
-0.53142529477436E-06
-0.52288375887255E-06
-0.51458269175620E-06
-0.50651213638683E-06
-0.49866261127468E-06
-0.49102508439416E-06
-0.48359094878724E-06
-0.47635199971137E-06
-0.46930041323347E-06
-0.46242872614468E-06
-0.45572981710313E-06
