 0.22349272475701E-03
 0.19522776847305E-03
 0.12853924996311E-03
 0.41092051129652E-02
-0.27455953035481E-03
-0.46267868052465E-03
-0.60291712346776E-03
-0.35081661225355E-04
 0.83608816784185E-03
 0.54120452188975E-03
 0.25469893328139E-02
-0.62619935309033E-03
-0.43762855126525E-04
-0.80441759167631E-04
 0.50928788965277E-03
-0.18703076789996E-03
-0.53209652074749E-03
-0.23740872887309E-01
-0.72347159425462E-02
 0.10739050605467E-01
-0.10105257229210E-02
-0.64848275350326E-03
-0.20474297895873E-02
 0.44168788645152E-02
 0.56870553648573E-01
-0.14577661002696E-01
-0.56391650171562E-03
 0.28034350485275E-01
 0.27380611190031E-01
                  NaN
 0.13323732480483E-01
 0.68790559292844E-03
-0.11968911241250E-01
-0.24297865461728E+00
-0.92810632329669E-01
-0.28114379583394E-02
 0.77074812449554E-02
 0.20551756889381E-01
                  NaN
                  NaN
                  NaN
-0.12152874092140E-02
-0.12667617726994E+01
-0.18768361366255E-01
                  NaN
 0.23220805565578E-02
 0.16951677142529E+00
 0.10457837826425E+00
-0.12777290701422E+00
 0.23215807920117E-01
 0.33561131845628E-01
 0.34670083335116E-01
-0.31521283380512E+00
 0.69494904316910E-01
 0.25062839639063E-01
                  NaN
-0.19433166009367E-01
 0.65260651569183E-01
 0.18560087383549E+00
-0.12487446067961E+00
-0.27079175288162E-01
 0.13043291774987E+00
 0.62253059446663E-01
 0.43262145391111E-01
 0.56446323485621E-01
 0.51430489246973E-01
 0.30096147180872E-02
 0.16845671550769E-01
-0.77538230909947E-08
-0.39167158450525E-08
-0.96729140934993E-08
 0.10207144303433E-07
-0.22204589295534E-07
 0.12830511206220E-07
-0.13058935698902E-07
-0.11889901350824E-07
 0.26574749450521E-08
 0.76595399134111E-08
-0.23276436448219E-07
 0.78137830817864E-08
-0.20963695039018E-07
-0.28563915191565E-07
-0.11325470361671E-07
-0.36126412109235E-08
-0.19585339934348E-07
-0.26245563857691E-07
-0.44511236654520E-07
-0.93657111153699E-08
-0.26930834784973E-07
-0.32657270376468E-07
-0.41148343263722E-07
-0.57464413113334E-07
-0.92520174641334E-07
-0.58731606729310E-07
-0.94398692784757E-07
-0.49513295170811E-07
-0.61472796814265E-07
-0.98127983273327E-07
-0.24643131733698E-06
-0.30192527464964E-06
-0.11032787587259E-06
-0.13480092058855E-06
-0.11579849100574E-06
-0.14097293073783E-06
