3.5833453872161507
3.902263515091465
4.236955551883578
4.5872905025653985
4.953157016563942
5.3344704111037204
5.731121437985344
6.143075337514655
6.570267890665265
7.012655934624882
7.470207528217729
7.942896623521929
8.430707009214009
8.933630151279118
9.451661473668183
9.984809019055477
10.533079377372589
11.096490202717979
11.675063959937743
12.268830481950209
12.877821735799941
13.502079646912627
14.141649650133653
14.796334001770882
15.466944005236776
16.15278286796152
16.854200029723515
17.571248191687523
18.304017749765578
19.052601230053355
19.81709640127829
20.59760632508308
21.394243227632646
22.207124122432706
23.036372796551063
23.882120718028453
24.744503115776077
25.623665341668666
26.519755413848138
27.43292621548464
28.363351509486765
29.311184845712965
30.276605437950998
31.25978759407588
32.26092650020158
33.28019940867915
34.317806838509675
35.37394564745764
36.44882293321288
37.54264181765579
38.65561436525544
39.78796493966427
40.939910355631945
42.11165986945717
43.30347594021069
44.51555540215903
45.7481435397792
47.001475623629275
48.2757907045443
49.571329649465454
50.888335455610786
52.22705297983253
53.587728718105396
54.97061058498606
56.37594769329816
57.80399013423015
59.254988758094335
60.72919495598308
62.22686044260648
63.74823704056863
65.29357646640088
66.86313011866098
68.45714886842316
70.07588285255238
71.7195812700716
73.38849218206789
75.08286231548743
76.80293687127516
78.54895933723242
80.32117130605815
82.11981229899102
83.94511959547101
85.79732806928294
87.6766700315732
89.58337508119169
91.51766996273432
93.4797784327064
95.4699211341756
97.4883154802125
99.5351755466387
101.61071197407571
103.7151318798936
105.848638780115
108.01143252153842
110.20370922431404
112.42566123505168
114.6774770906162
116.95934149269334
119.27143529313933
121.61393549021366
123.98701523550837
126.39084385168346
128.82558686085036
131.29140602343975