4.331812124878322
4.65934660896789
5.002983969381332
5.362570852448689
5.73796496687828
6.129050194301615
6.5357261049669715
6.957907225594726
7.3955239441624245
7.848515616624623
8.316836307916953
8.800448322874473
9.299323662990314
9.813443521386732
10.342791185297306
10.887377559917269
11.447191884998906
12.022250168973027
12.612569023782749
13.218173191263556
13.83909253060807
14.475365016744231
15.127034225358365
15.79414998316831
16.476773613258157
17.17496266554471
17.88879643353923
18.61834471662563
19.363687367668998
20.124939845645144
20.90217685377876
21.6955106328039
22.505052238764684
23.33092306703298
24.173255268606194
25.032153276532625
25.907787400626166
26.800288810531057
27.709809597869572
28.636509861026042
29.580550305051528
30.542103312106786
31.521340473226328
32.518444311299724
33.533601576028076
34.56700316845786
35.61884378708191
36.689327427711525
37.77865655492238
38.88704073580456
40.01470028613954
41.16184498261527
42.328702719761516
43.51549542115805
44.72245179190601
45.949808715393786
47.197793884470784
48.46664939374222
49.75661382917684
51.06792839273586
52.400837667809554
53.755587453316245
55.13242510190696
56.531599297934065
57.95335983577604
59.3979573987424
60.8656433387901
62.356669457288525
63.87128778710654
65.40975037629764
66.97230907368127
68.55921531665246
70.1707199216819
71.80707287692574
73.46852314015851
75.15531843766904
76.86770506929483
78.60592771711072
80.37022925921234
82.16085058882085
83.97803043919285
85.82200521473453
87.69300882881763
89.5912725485924
91.51702484721275
93.47049126444746
95.45189427481557
97.46145316507169
99.49938391988083
101.56589911831252
103.66120783803918
105.78551557140288
107.93902414784097
110.121931674778
112.33443247834394
114.5767170627419
116.84897207718916
119.15138029419583
121.48412059873239
123.8473679881851
126.2412935831696
128.66606464906096
131.12184462814815
133.6087931822943