3.227940051215454
3.5422295964540766
3.872139395838064
4.2175530302493325
4.578373436468138
4.954517033162602
5.345915695495693
5.752513614362757
6.174265611889339
6.611136414126883
7.063098808930843
7.530134354026027
8.01223182902694
8.50938609246981
9.021598349314251
9.548876233457872
10.09123312994569
10.648687928063586
11.221265372968166
11.80899313598813
12.411912352646773
13.030060761857905
13.663485470879523
14.312240594813225
14.976384500219568
15.65598378887817
16.35110821324756
17.061835899779275
17.788254309354087
18.53045001844918
19.288521172400454
20.062566812143004
20.8527119537019
21.659057750565292
22.481733083446677
23.320867139867765
24.176596398901815
25.049063165404505
25.938415775509437
26.844808081648
27.76840259693456
28.709364295694197
29.667867476848166
30.644085946190177
31.63816950151379
32.65041457963522
33.68090502123073
34.7298762780273
35.797528921164265
36.88407408311693
37.98972092503901
39.11468536229029
40.25918533147222
41.423445802797865
42.60769137268876
43.81215460700753
45.03706586179589
46.282660647781505
47.549177311486915
48.83685616682319
50.14593964999442
51.47667210000003
52.82929953885627
54.20406945173363
55.60123056722053
57.02103263793675
58.46372622174501
59.92956246378129
61.41879287961507
62.931669139755776
64.46844285585776
66.02936536892686
67.61468753983227
69.22465954252623
70.85953066029305
72.51954908563775
74.20496172278716
75.9160139974722
77.6529496673038
79.41601064027577
81.2054367975559
83.02146582243286
84.86433303562693
86.73427123740785
88.63151055692059
90.55627830916089
92.50879885993747
94.48929349928481
96.49798032358717
98.53507412682258
100.60078630121933
102.69532474759113
104.81889379562763
106.97169413433872
109.15392275290277
111.36577289197884
113.60743400571225
115.87909173443087
118.18092788816796
120.51312044093866
122.8758435358345
125.2692675008687
127.69355887542248
130.1488804472964