0.03621963688553551
0.051915023441436704
0.0725010895069563
0.09903234935145608
0.1327216652411275
0.17495596694291002
0.22730864184129243
0.2915457880162097
0.3696229031577708
0.4636676934147005
0.5759428397204774
0.7087785419890199
0.864457883071017
1.0450333282408018
1.252069268423311
1.4863715695018644
1.747853273935223
2.035660169903107
2.3484929173823224
2.684933304775306
3.0436512692155464
3.4234914793183737
3.823487463449613
4.2428442303291884
4.680911790345698
5.13715918057667
5.611152189050809
6.102535283767994
6.6110172989531995
7.1363601971342465
7.678370254790267
8.236891126218085
8.811798354102407
9.402994994117645
10.010408099457054
10.633985872038492
11.273695333053459
11.92952040028039
12.601460285713845
13.289528146709667
13.993749938886127
14.71416343039027
15.45081734584952
16.203770615073708
16.973091706804777
17.75885803182884
18.561155402987673
19.38007754209856
20.215725625764442
21.06820786362988
21.9376391038872
22.82414046180468
23.72783896786272
24.64886723274533
25.587363126872358
26.543469472691264
27.5173337481319
28.509107800094664
29.51894756683901
30.547012808554943
31.593466845357216
32.65847630219373
33.7422108602028
34.844843014167964
35.96654783576697
37.10750274241032
38.267887271483644
39.4478828598735
40.647672628701514
41.86744117319603
43.107374357692386
44.36765911579873
45.64848325568962
46.95003527066472
48.272504154970626
49.616079225029274
50.980949946134224
52.367305764754505
53.77533594656695
55.20522942033225
56.65717462778489
58.13135937964866
59.627970717966484
61.147194784847166
62.6892166978282
64.25422043197077
65.84238870885656
67.45390289261383
69.08894289313707
70.74768707658706
72.43031218338226
74.13699325369826
75.86790356066332
77.62321455131172
79.40309579541521
81.20771494222907
83.03723768527114
84.89182773515564
86.77164680054095
88.67685457723101
90.60760874544134
92.56406497524954
94.54637694023121
96.55469633926138