0.08242917548027771
0.1153126510593901
0.15807548298328983
0.2130118242839701
0.28285253949744704
0.3708075874207152
0.4805650650551722
0.6161647238937632
0.7815339558534712
0.9793868512880572
1.2098812838887167
1.4706735143842748
1.7585314639076353
2.070596353887932
2.404695082922599
2.759238628115529
3.1330612922958156
3.5252937374512623
3.9352753122490656
4.362495182921173
4.8065525974642975
5.267129621615666
5.743972063926634
6.236875867610061
6.745677223434628
7.270245265296674
7.810476591382914
8.366291097784622
8.937628769606585
9.52444717998278
10.126719518270182
10.744433017698855
11.377587686935957
12.026195274448769
12.690278412082465
13.369869897209773
14.065012082401166
14.775756348439442
15.50216264263464
16.244299067657426
17.00224150989499
17.776073298679226
18.565884889513658
19.371773566126524
20.193843157206306
21.032203764685033
21.88697150109488
22.758268234186726
23.646221337312326
24.550963444580404
25.47263220991665
26.411370069496595
27.367324007104617
28.340645322155655
29.33148940016145
30.340015485552
31.366386456808833
32.41076860386737
33.473331407855596
34.55424732320043
35.65369156216973
36.77184188197881
37.90887837452576
39.06498325887969
40.24034067667832
41.43513649051681
42.64955808550954
43.883794174146225
45.13803460461577
46.412470172723104
47.707292437617056
49.02269354143625
50.35886603309113
51.716002696358935
53.094296382444156
54.493939847222975
55.91512559335707
57.35804571743516
58.822891762395564
60.30985457535929
61.81912417110506
63.350889601372465
64.90533883016583
66.48265861526025
68.08303439607386
69.70665018810067
71.35368848405147
73.02433016187307
74.71875439980117
76.43713859855988
78.17965831090802
79.94648717856242
81.73779687668542
83.55375706598717
85.3945353525618
87.26029725549914
89.15120618236698
91.0674234125878
93.00910808875786
94.97641721593043
96.96950566887637
98.98852620731576
101.03362949912115
103.10496415147166