0.0006684785195525371
0.0007088272024026675
0.0007511669595614637
0.0007955730152596119
0.0008421224557991173
0.0008908943145765568
0.0009419695254133817
0.0009954310111786949
0.0010513636103093012
0.001109854201427731
0.0011709916361924888
0.0012348668106679373
0.0013015726310667529
0.0013712040980284502
0.0014438582505164465
0.001519634246621184
0.0015986333297990703
0.0016809588810035257
0.001766716420298562
0.0018560136026386507
0.001948960277819427
0.002045668452124132
0.0021462523639136327
0.002250828431867738
0.002359515318411306
0.002472433943119369
0.00258970744759074
0.002711461280098901
0.0028378231404820394
0.0029689230317776075
0.003104893289887373
0.003245868542493185
0.0033919857723589647
0.00354338430280848
0.0037002058188260094
0.0038625943828197776
0.00403069642854
0.004204660804273176
0.004384638761795275
0.004570783955502884
0.004763252503356886
0.004962202954859095
0.005167796300857867
0.005380196016866512
0.00559956805139587
0.005826080852019835
0.006059905338813343
0.006301214975722261
0.006550185738415906
0.00680699612533386
0.007071827201128513
0.007344862570227172
0.007626288399049815
0.007916293460072246
0.008215069084659894
0.008522809215198877
0.008839710405220113
0.009165971819771685
0.009501795259994911
0.00984738518832101
0.010202948691234646
0.010568695527805445
0.010944838132791034
0.011331591641213112
0.01172917386887036
0.012137805315565603
0.012557709253232106
0.012989111630980595
0.013432241169803991
0.013887329337256615
0.014354610337772706
0.014834321173982468
0.015326701613075127
0.01583199425121801
0.01635044444069721
0.016882300382636356
0.01742781310080699
0.017987236465211654
0.0185608271766928
0.019148844822787513
0.0197515518334161
0.020369213558458055
0.021002098222571826
0.021650476962555395
0.022314623836903632
0.022994815838344576
0.02369133290252794
0.024404457924657393
0.02513447673739694
0.025881678206568618
0.02664635414240558
0.02742879937725222
0.028229311760847513
0.02904819215933206
0.029885744503655495
0.030742275748740486
0.031618095916056424
0.03251351812266388
0.033428858561231005
0.034364436528953886
0.03532057443376258
0.036297597815794204
0.0372958353493788
0.03831561884154994
0.0393572833093724
0.0404211669089447
0.04150761097995865
0.04261696009646513
0.04374956201759783
0.04490576772878156
0.046085931469659634
0.04729041071559975
0.04851956622746673
0.04977376200470457
0.05105336536241591
0.052358746914853906
0.053690280568719606
0.05504834357566543
0.05643331651355277
0.057845583314627566
0.05928553126303795
0.06075355101382474
0.06225003661849059
0.06377538551035353
0.06532999854563128
0.06691427997141787
0.06852863749295751
0.07017348225204742
0.07184922882008708
0.07355629526547618
0.07529510308956788
0.0770660773170294
0.07886964643353288
0.08070624246693092
0.08257630092618884
0.0844802608546327
0.08641856483081826
0.08839165898206015
0.09039999299088626
0.0924440200861009
0.09452419708076612
0.0966409843621477
0.09879484589494247
0.10098624927005796
0.10321566564279995
0.10548356980883478
0.10779044015540966
0.11013675872130331
0.1125230111471774
0.11494968674471218
0.11741727842610553
0.11992628279281978
0.12247720006694253
0.12507053415945354
0.12770679262429968
0.13038648667577202
0.13311013121270948
0.13587824480621077
0.13869134970695768
0.1415499718331752
0.1444546407996759
0.14740588987714826
0.15040425604987298
0.15345027998270674
0.15654450600370523
0.15968748216035014
0.16287976014457972
0.16612189537545385
0.16941444691586838
0.1727579775249344
0.17615305365065523
0.17960024539939232
0.18310012655597302
0.1866532745531568
0.19026027052984804
0.19392169923018535
0.19763814909985988
0.20141021218520447
0.20523848419910218
0.20912356448374994
0.21306605599340545
0.2170665653120126
0.2211257026157168
0.2252440816893729
0.22942231989750111
0.2336610381826731
0.23796086106104372
0.24232241659330675
0.24674633637476484
0.2512332555393017
0.25578381272996514
0.26039865008916147
0.2650784132484776
0.26982375130062947
0.27463531680281345
0.2795137657304091
0.2844597574919974
0.2894739548968415
0.2945570241414813
0.2997096347605813
0.30493245966168464
0.3102261750488785
0.31559146045928566
0.3210289986694769
0.32653947575008463
0.3321235809843789
0.3377820068695089
0.3435154490931678
0.3493246065038038
0.35521018108256874
0.36117287792035535
0.3672134051917318
0.373332474113237
0.3795307989545516
0.38580909696961013
0.3921680883654469
0.3986084963118774
0.4051310468678941
0.411736468986383
0.41842549445628346
0.4251988578584003
0.43205729659333153
0.4390015507764615
0.44603236323125833
0.4531504794906391
0.46035664769245954
0.467651618590437
0.47503614549556483
0.4825109842795877
0.490076893269871
0.49773463325846123
0.5054849674783793
0.513328661486698
0.5212664832073631
0.5292992028588317
0.5374275929013197
0.5456524280070131
0.5539744849982553
0.5623945428584696
0.5709133826156096
0.5795317873479924
0.5882505421247204
0.597070433956281
0.605992251771212
0.6150167863135766
0.6241448301594721
0.6333771776472732
0.6427146248057661
0.6521579693531552
0.6617080105873395
0.6713655493869061
0.681131388145345
0.6910063307164368
0.7009911823624928
0.7110867496911777
0.72129384064558
0.7316132644033009
0.7420458313443069
0.7525923530005367
0.7632536419948331
0.7740305119829783
0.7849237776049142
0.7959342544419203
0.8070627589145863
0.8183101082892658
0.8296771205756762
0.8411646144753886
0.8527734093336684
0.8645043250848615
0.8763581821771774
0.8883358015266393
0.9004380044370264
0.9126656125642504
0.9250194478503233
0.9375003324374653
0.9501090886386876
0.9628465388310481
0.9757135054588789
0.9887108108975
1.00183927743845
1.0150997272027238
1.0284929820772235
1.0420198636589035
1.0556811931584513
1.0694777913804296
1.0834104786106962
1.097480074571598
1.111687398349979
1.126033268320847
1.1405185020799733
1.1551439163656994
1.1699103270110227
1.1848185488423162
1.1998693956235957
1.2150636799678987
1.230402213297316
1.2458858057273112
1.2615152659963438
1.2772914014366998
1.2932150178167343
1.3092869193488146
1.3255079085414916
1.3418787861762893
1.3584003511799836
1.3750734005742085
1.391898729382738
1.408877130566074
1.426009394908495
1.4432963109499142
1.460738664927914
1.4783372406448125
1.4960928194219867
1.5140061799840663
1.5320780983999773
1.5503093479675076
1.5687006991598116
1.5872529194896206
1.6059667734619532
1.624843022458185
1.643882424664679
1.6630857349583463
1.682453704829193
1.7019870822830094
1.7216866117471623
1.7415530339741516
1.7615870859547262
1.7817895008103943
1.8021610077066619
1.822702331739959
1.8434141938714825
1.8642973107889247
1.8853523948519835
1.9065801539399423
1.92798129140773
1.9495565059564623
1.9713064915160234
1.993231937191445
2.0153335271324546
2.037611940420773
2.0600678509908
2.08270192753603
2.1055148333740026
2.12850722638164
2.151679758866033
2.1750330774779303
2.1985678230991605
2.2222846307604622
2.2461841295240657
2.2702669423894846
2.2945336861927297
2.3189849715144586
2.3436214025587083
2.3684435770817753
2.3934520862937854
2.4186475147355657
2.444030440200574
2.469601433651361
2.495361059112085
2.5213098735771564
2.5474484269262145
2.5737772618204877
2.6002969136453227
2.627007910393263
2.653910772586599
2.681006013212821
2.7082941376171337
2.735775643450571
2.7634510205725618
2.791320750981669
2.819385308751048
2.8476451599538475
2.876100762596807
2.9047525665466507
2.9336010134970714
2.962646536864966
2.9918895617847254
3.02133050501055
3.050969774895723
3.080807771338368
3.110844885730683
3.141081500938711
3.1715179912374207
3.202154722297305
3.2329920511631536
3.264030326202296
3.2952698870964077
3.326711064841017
3.3583541816968445
3.3901995512064405
3.4222474781804038
3.454498258688818
3.486952180072424
3.5196095209393925
3.5524705511745065
3.585535531986207
3.618804715866871
3.652278346657978
3.685956659560409
3.719839881572971
3.7539282299453443
3.788221914545205
3.822721136382792
3.8574260880056137
3.8923369535906693
3.927453908950285
3.962777121648413
3.9983067509984
4.034042948181395
4.069985856295011
4.106135610421091
4.14249233772277
4.1790561574909
4.215827181268296
4.252805512902112
4.289991248656916
4.3273844773023225
4.36498528019578
4.402793731397508
4.440809897763586
4.479033839064989
4.51746560806839
4.5561052506612745
4.594952805971714
4.634008306462086
4.673271778056288
4.712743240259898
4.752422706277088
4.7923101831117885
4.832405671731527
4.8727091671464935
4.913220658565313
4.953940129510976
4.994867557942973
5.03600291638911
5.077346172080433
5.118897287068892
5.160656218366109
5.202622918065638
5.2447973334812374
5.287179407270495
5.329769077564905
5.372566278112983
5.415570938384032
5.458782983729866
5.5022023354902
5.545828911127933
5.589662624358862
5.633703385285728
5.677951100507447
5.722405673259983
5.767067003536131
5.8119349882146
5.857009521165392
5.902290493387828
5.947777793127342
5.993471305995635
6.03937091507481
6.085476501055273
6.13178794232696
6.178305115111157
6.2250278935632695
6.27195614988255
6.319089754418714
6.366428575783775
6.413972480952833
6.46172133536573
6.509675003025472
6.55783334661901
6.606196227574079
6.654763506192509
6.703535041726681
6.75251069246691
6.801690315852783
6.851073768526281
6.900660906459379
6.950451584999593
7.000445658980455
7.050642982786299
7.101043410433564
7.15164679565805
7.202452991966428
7.253461852738519
7.304673231275943
7.356086980873744
7.407702954906159
7.459521006865087
7.51154099044425
7.563762759590704
7.616186168572481
7.668811072032835
7.7216373250396355
7.77466478315687
7.827893302487212
7.881322739718816
7.934952952194454
7.988783797935345
8.04281513570893
8.09704682505828
8.151478726362926
8.206110700866036
8.260942610718352
8.315974319032312
8.371205689889122
8.426636588410373
8.48226688077654
8.538096434253168
8.594125117235057
8.650352799283008
8.706779351135607
8.763404644755532
8.820228553343446
8.877250951377595
8.934471714629945
8.991890720197334
9.049507846517734
9.107322973393709
9.165335982020716
9.223546755000257
9.281955176362729
9.340561131577584
9.39936450758574
9.45836519280045
9.51756307713844
9.576958052016204
9.636550010377428
9.696338846697701
9.756324457016174
9.816506738916072
9.876885591553606
9.937460915673874
9.998232613608863