3.971889227456797e-12
3.971889227456797e-12
3.971889227456797e-12
3.971889227456797e-12
3.971889227456797e-12
3.971889227456797e-12
7.943778454913594e-12
1.1915667682370391e-11
1.1915667682370391e-11
1.1915667682370391e-11
7.943778454913594e-12
7.943778454913594e-12
8.440264608345693e-12
1.625992152490126e-11
4.443551073217291e-11
1.599926629434941e-10
6.822960963540629e-10
2.5396507963435476e-9
8.362316282256854e-9
2.465326819174762e-8
6.602595584339791e-8
1.6261013794438813e-7
3.721842664788405e-7
7.988293403430316e-7
1.6199173961598077e-6
3.1235581075504327e-6
5.758304496385443e-6
0.000010196707504677798
0.000017414344178055433
0.00002878469728677598
0.0000461910678972073
0.00007215480818790049
0.0001099799484866924
0.00016391305575826616
0.00023931734037546437
0.00034285924132533975
0.0004827060921172995
0.0006687329103690481
0.0009127364620317719
0.0012286547188202874
0.0016327900726780323
0.0021440345081352057
0.002784095298708039
0.0035777198828547034
0.004552918879721718
0.005741186133917215
0.007177715378220533
0.008901612539129324
0.01095610383220408
0.013388738951881217
0.01625158968430444
0.019601443514582702
0.02349999278081561
0.028014018966650556
0.03321557266038454
0.03918214891561127
0.0459968581602493
0.05374859261882477
0.06253218785317817
0.0724485792197735
0.08360495282085192
0.09611489015716196
0.11009850598429081
0.12568257821702525
0.1430006692036659
0.16219323698646426
0.1834077356816896
0.20679870367269876
0.23252783848464023
0.26076405725696455
0.2916835417872544
0.3254697672343306
0.36231351359887326
0.40241285959727996
0.4459731582516751
0.49320699428308207
0.5443341229648091
0.5995813910967485
0.6591826401643865
0.7233785926740087
0.7924167223641442
0.8665511094853132
0.9460422824009609
1.0311570468574123
1.122168304674452
1.21935486328914
1.3230012380733955
1.4333974492072374
1.5508388148935424
1.6756257427204135
1.8080635210730736
1.948462112073197
2.0971359479277383
2.254403731866034
2.4205882451857983
2.5960161612702777
2.781017867567555
2.975927296080497
3.181081762427289
3.396821813689782
3.6234910842965906
3.861436159203429
4.111006443012158
4.3725540332088135
4.646433595243465
4.933002236551699
5.232619376160474
5.545646605932527
5.872447538904251
6.213387639704153
6.568834031490975
6.939155273560057
7.324721103349758
7.725902136645874
8.143069519826092
8.576594528466215
9.026848107483007
9.49420034921815
9.97901990764292
10.481673349060172