4.3484892830782576
4.670819884861189
5.008911817087077
5.362585273720878
5.731681699159955
6.116061810015775
6.515603716978411
6.930201189376007
7.359762085752248
7.804206952403378
8.263467797864061
8.737487027318766
9.226216532464568
9.729616923138757
10.247656888087077
10.780312671641262
11.327567653007835
11.889412015114445
12.465842490486546
13.05686217207946
13.66248037797982
14.282712558972262
14.917580240777355
15.56711099075724
16.231338402669536
16.910302092428093
17.604047698347134
18.312626886241283
19.03609734512775
19.774522776139023
20.52797288371846
21.29652334323621
22.080255763280732
22.879257634163498
23.69362226352684
24.523448699001722
25.36884163816426
26.229911326234493
27.106773442105894
27.99954897344769
28.908364081639654
29.833349957426197
30.774642668102906
31.732382997147777
32.70671627710028
33.6977922165509
34.70576472199728
35.73079171533529
36.773034947655745
37.8326598100404
38.90983514191831
40.004733037588295
41.11752865137569
42.24840000195608
43.39752777622525
44.56509513317569
45.75128750809925
46.95629241751283
48.18029926508711
49.423499148906046
50.68608467032334
51.96824974470718
53.270189414304625
54.59209966350168
55.93417723668238
57.29661945897125
58.679624060040645
60.0833890012416
61.50811230625689
62.953991895599096
64.42122542488394
65.91001012758598
67.42054266200437
68.95301896295621
70.50763409831913
72.08458213062654
73.68405598396339
75.30624731633186
76.95134639771415
78.61954199401664
80.3110212570879
82.02596962098828
83.76457070469148
85.52700622137924
87.31345589448071
89.12409738060053
90.95910619947374
92.818655671056
94.7029168598645
96.61205852665982
98.54624708755041
100.50564658058117
102.49041863987013
104.50072247731866
106.53671487192753
108.59855016673887
110.68638027338682
112.80035468425542
114.94062049221651
117.10732241791506
119.30060284454085
121.5206018600489
123.76745730674787
126.04130483818763