5.6022152903400055
5.935197933173295
6.2844499821698605
6.649758554872884
7.030932990317342
7.427803276117441
7.840218434633282
8.268044943077946
8.711165236385098
9.169476322618943
9.642888527342265
10.13132437374386
10.634717598679694
11.153012300130333
11.686162208439834
12.234130071624916
12.796887143836226
13.374412765388762
13.966694022620203
14.573725476140213
15.195508945939181
15.832053344057137
16.4833745439159
17.149495278605844
17.830445060100878
18.52626011197813
19.236983314266148
19.962664146743954
20.703358631531476
21.459129281901955
22.230045033867878
23.016181175641112
23.817619266970897
24.634447048637153
25.466758341616753
26.314652935848027
27.178236468710942
28.05762029357743
28.952921338938758
29.864261958693643
30.7917697743206
31.735577509614984
32.6958228187835
33.67264810862347
34.66620035553218
35.67663091806625
36.704095345717604
37.74875318457789
38.81076778046857
39.89030608012012
40.987538430917176
42.10263837968602
43.23578247097824
44.387150045255446
45.556923037349634
46.745285775548176
47.95242478162679
49.17852857212465
50.42378746114963
51.68839336496113
52.97253960859873
54.27642073480371
55.60023231537809
56.94417076537277
58.30843316014259
59.69321705561113
61.09872031187814
62.52514092044404
63.97267683520909
65.44152580748018
66.93188522528922
68.44395195688448
69.97792219920984
71.53399133096069
73.11235377080762
74.7132028408545
76.33673063555882
77.98312789630354
79.6525838918303
81.34528630469475
83.06142112395797
84.80117254424869
86.56472287139579
88.35225243476425
90.1639395064393
91.99996022740486
93.86048854082455
95.7456961325405
97.6557523788808
99.59082430186128
101.55107653185898
103.53667127778542
105.54776830484333
107.58452491984586
109.64709596415753
111.73563381422676
113.85028838971795
115.99120716920552
118.15853521340287
120.3524151958809
122.57298744121718
124.82038997050567
127.09475855416447
129.3962267719473