 0.00000000000000E+00
 0.00000000000000E+00
 0.00000000000000E+00
 0.00000000000000E+00
 0.00000000000000E+00
-0.30069030974734E-14
 0.00000000000000E+00
-0.10755330982052E-15
 0.98403003392128E-15
-0.13231832482535E-14
-0.98899881591346E-14
-0.50848592793342E-13
-0.21573620728639E-12
-0.71974606793363E-12
-0.20286929019002E-11
-0.49962414645470E-11
-0.11003266772611E-10
-0.22099313722318E-10
-0.41068577706747E-10
-0.71534710506638E-10
-0.11753372911161E-09
-0.18424037727623E-09
-0.27708997019686E-09
-0.40187313433317E-09
-0.56423415450557E-09
-0.77037270414710E-09
-0.10261975114792E-08
-0.13370968538970E-08
-0.17085234964627E-08
-0.21452761162965E-08
-0.26521051955637E-08
-0.32329592888202E-08
-0.38918465272252E-08
-0.46323950554219E-08
-0.54579940110565E-08
-0.63719588626558E-08
-0.73775929999607E-08
-0.84782363659672E-08
-0.96773217501749E-08
-0.10978460212734E-07
-0.12385469436993E-07
-0.13902384357046E-07
-0.15533466933528E-07
-0.17283185226812E-07
-0.19156203384303E-07
-0.21157285730158E-07
-0.23291211542783E-07
-0.25562247266117E-07
-0.27977158186085E-07
-0.30536100004108E-07
-0.33248672156731E-07
-0.36112310623125E-07
-0.39134680546461E-07
-0.42314547077757E-07
-0.45654838532522E-07
-0.49155029984532E-07
-0.52814368159166E-07
-0.56630746064013E-07
-0.60600384656376E-07
-0.64718540169994E-07
-0.68912142316220E-07
-0.73547107683889E-07
-0.77603133427457E-07
-0.82424149449240E-07
-0.87853823020733E-07
-0.92806219834920E-07
-0.97025621078207E-07
-0.10157198380980E-06
-0.10633051930119E-06
-0.11109368128048E-06
-0.11682140138861E-06
-0.12176639324299E-06
-0.12683283437156E-06
-0.13118017382231E-06
-0.13468720922882E-06
-0.13775663357065E-06
-0.14238687596541E-06
-0.14277702773748E-06
-0.14828412188553E-06
-0.14961616411298E-06
-0.15081401976735E-06
-0.15125559522620E-06
-0.15067168027514E-06
-0.14958739442333E-06
-0.14756992553335E-06
-0.14467037971037E-06
-0.14092580868956E-06
-0.13648752878208E-06
-0.13142640830481E-06
-0.12585971164512E-06
-0.11991651128261E-06
-0.11372998898405E-06
-0.10742951504262E-06
-0.10113445798573E-06
-0.94949231220875E-07
-0.88959869879549E-07
-0.83233542025624E-07
-0.77818162012077E-07
-0.72744358659338E-07
-0.68027622999485E-07
-0.63671052402480E-07
-0.59668046096734E-07
-0.56004891665220E-07
-0.52662961499126E-07
-0.49620588332355E-07
-0.46854718896658E-07
-0.44341438456797E-07
-0.42058054056304E-07
-0.39982129217503E-07
-0.38092548932055E-07
-0.36370477298467E-07
-0.34798206079360E-07
-0.49959936138942E-07
-0.32040429352141E-07
-0.30827637220889E-07
-0.29709846305368E-07
-0.28676717456334E-07
-0.27719253513656E-07
-0.26829437226135E-07
-0.26000180530108E-07
