2.6466555195050105
2.9490887620480315
3.266598276380959
3.5990701085506758
3.946405593414809
4.308519515428509
4.685338524188705
5.076799778584035
5.482849793150191
5.903443462276028
6.3385432408983995
6.788118463196786
7.252144783363216
7.730603724588166
8.223482323879939
8.730772861522793
9.252472664706483
9.788583975509601
10.339113873833137
10.904074246367607
11.483481793086101
12.07735806338897
12.685729513837849
13.308627582066423
13.946088768934743
14.598154724711401
15.264872333358383
15.946293794812481
16.64247669417461
17.353484059233185
18.07938441332575
18.820251803417886
19.576165817415536
20.34721158418377
21.133479757095216
21.93506648119468
22.752073344389995
23.584607313258076
24.4327806542105
25.296710840914223
26.17652044887269
27.0723370381816
27.984293025483538
28.912525546100948
29.857176307375994
30.81839143414596
31.796321307312112
32.7911203963577
33.80294708663479
34.83196350222052
35.87833532502681
36.942231610852765
38.02382460299158
39.123289543950605
40.2408044858002
41.3765500996798
42.53070948482144
43.70346797756931
44.89501296076262
46.10553367379783
47.335221023749504
48.58426739782394
49.85286647745662
51.141213054338756
52.44950284862815
53.77793232961481
55.12669853909288
56.49599891766968
57.886031134325236
59.296992919344945
60.72908190087806
62.1824954455845
63.657430503230124
65.15408345573441
66.67264997079396
68.21332486132229
69.77630194395823
71.3617739177355
72.96993222835214
74.60096695300521
76.25506668515673
77.93241842634247
79.63320748424344
81.35761737719301
83.10582974527364
84.87802426817272
86.67437858993698
88.49506825076946
90.34026662597861
92.2101448721948
94.10487188094473
96.02461423968492
97.96953620033408
99.93979965538053
101.9355641216107
103.95698673146032
106.00422223202848
108.07742299175044
110.17673901471694
112.30231796261593
114.45430518426355
116.6328437526884
118.83807450970922
121.0701361179435