3.971889227456797e-12
3.971889227456797e-12
3.971889227456797e-12
9.433236915209893e-12
8.489913223688904e-10
2.6683027708516402e-8
3.336918191247882e-7
2.3221976807972046e-6
0.000010877995982383469
0.000038491413669880876
0.0001107921295809166
0.008267747188134434
0.0005940784311805521
0.0011751018303264918
0.002149828200178663
0.0036893576792867058
0.006004045953020381
0.009345345526214197
0.014007541820185303
0.020329639935301305
0.028697592256629673
0.03954698846568975
0.053366375534051644
0.07070041227111654
0.09215515995367517
0.11840144898498509
0.15018009523535428
0.18830638633409377
0.23367599418261323
0.28726045777594067
0.35012613432880746
0.4234189706565265
0.5083715707119858
0.606297442603484
0.7185820798965766
0.8466675593324152
0.9920274267326504
1.1561284790267528
1.340376180871629
1.546043692827943
1.774191106643338
2.025591125523576
2.3006837419975765
2.5995775790695066
2.922098506229933
3.2678678911122363
3.636386086279501
4.027102933782609
4.4394680288688
4.872961749852532
5.327111644808152
5.801499102832259
6.295760213997807
6.809583483829621
7.342706061844524
7.894909448270733
8.466015202508183
9.05588091403442
9.664396546021512
10.29148118025431
10.937080149693521
11.601162525650059
12.283718919502375
12.984759558252067
13.70431259593315
14.44242262671111
15.199149369990973
15.974566501896419
16.768760611331068
17.581830262173607
18.41388514602429
19.26504531242003
20.135440465395952
21.02520931714543
21.934498990886517
22.863464466774833
23.812268062654763
24.7810789504025
25.770072697842846
26.779430836070237
27.80934044679077
28.85999377702093
29.931587854649642
31.02432413512373
32.138408153916785
33.274049192804064
34.43145995727164
35.61085626407418
36.812456738167334
38.03648251827467
39.283156970602704
40.552705410169935
41.84535482946936
43.16133363411435
44.500871385320465
45.86419854906511
47.251546251871844
48.66314604316607
50.09922966428393
51.56002882416113
53.04577498184036
54.55669913594154
56.093031621254056
57.65500191265353
59.24283843657571
60.85676839025755
62.49701756899488
64.16381020168114
65.85736879486582
67.57791398560484
69.32566440333912
71.10083654106862
72.90364463603413
74.73430056017075
76.59301372050692
78.47999096973132
80.39543652709963
82.33955190983457
84.31253587515685
86.31458437307911