3.971889227456797e-12
3.971889227456797e-12
3.1874411050340794e-10
5.375666589824551e-8
1.333064825479034e-6
0.000012337128199577367
0.00006425256092384303
0.00023196097367927167
0.0006530329771901828
0.0015404452224972544
0.0031895025985804386
0.005981734380141283
0.010388687135806261
0.016977853185130502
0.026422262402267718
0.03951480655854683
0.05718817794933812
0.08054133827983645
0.11087365491435719
0.14972825898431216
0.19894677095540075
0.26073815520855387
0.3377639334856389
0.4332356652973345
0.5509894684966523
0.6953910540942432
0.8706623628907704
1.0792474602950768
1.3204551240863394
1.59140744536304
1.8889456610625244
2.2105097920074157
2.554202082199258
2.9186344700013422
3.3027803699748066
3.7058674769208975
4.127305110850693
4.566634755315414
5.023497798650057
5.497610447035213
5.988750776240842
6.496741665185451
7.021445549340273
7.562757797283492
8.120600721880951
8.694920156762157
9.285682492567538
9.89287235302895
10.516490744874842
11.156553567196116
11.813090395436356
12.486143476605262
13.175766887360263
13.882025818908328
14.604995960180014
15.344762958879096
16.10142194063771
16.87507707810076
17.66584119568433
18.473835404119193
19.299188758252672
20.142037933330876
21.002526916022198
21.88080670727941
22.777035034720168
23.691376072783054
24.62400016922257
25.575083576557265
26.544808189500838
27.533361282925892
28.540935256231425
29.56772737885371
30.61393953854533
31.679777991826466
32.765453116386006
33.87117916530303
34.997174022917015
36.143658962300506
37.31085840424184
38.498999677702564
39.70831278175607
40.93903014898352
42.191386410415326
43.4656181620064
44.76196373278757
46.0806629547601
47.42195693468487
48.78608782790015
50.17329861434364
51.583832876998954
53.01793458295826
54.47584786735859
55.95781682047592
57.46408527820426
58.99489661629945
60.550493548633405
62.13111792986492
63.73701056280469
65.36841101089755
67.02555741614798
68.70868632287709
70.4180325077044
72.15382881608893
73.91630600586961
75.70569259810574
77.52221473572335
79.36609604970789
81.23755753490086
83.13681743291176
85.06409112523231
87.01959103517564
89.00352653947556
91.01610388965229
93.05752614342676
95.1279931062925
97.2277012834625
99.35684384227547
101.51561058516849
103.7041879336288
105.92275892081611