0.0006816038155487987
0.0007226634089782502
0.0007657445097039925
0.0008109232438238103
0.0008582776827923581
0.0009078877932760602
0.0009598355178321097
0.0010142047456157858
0.001071081345769148
0.0011305532171937717
0.001192710255782664
0.0012576444025794184
0.0013254496519702387
0.0013962220820937137
0.0014700598488829844
0.0015470632164755213
0.0016273345785620282
0.0017109784513115148
0.0017981015286053816
0.0018888126460421728
0.0019832228511903684
0.00208144536300064
0.0021835956341148635
0.0022897913423017336
0.002400152410812694
0.0025148010119814654
0.00263386159130362
0.002757460889281976
0.0028857279199535684
0.0030187940483414905
0.003156792927401153
0.003299860559832808
0.0034481352964679714
0.003601757880953175
0.0037608713726704915
0.003925621278554609
0.004096155465214781
0.004272624238744976
0.004455180295199384
0.004643978816414243
0.00483917737331716
0.0050409360458285235
0.005249417360180114
0.005464786328385768
0.0056872104488619735
0.005916859750118657
0.0061539067429723935
0.006398526492412771
0.006650896580986543
0.006911197148764757
0.0071796109087338324
0.007456323138727657
0.007741521666160636
0.008035396950072033
0.008338142055805173
0.00864995262732834
0.008971026963073038
0.009301565996695153
0.00964177329074475
0.009991855082839294
0.010352020266921285
0.010722480423295684
0.011103449818878149
0.011495145423827319
0.011897786924205216
0.012311596719991299
0.012736799941714744
0.013173624480864234
0.013622300973876266
0.014083062819512179
0.014556146198345225
0.015041790089516983
0.015540236241072312
0.016051729266898265
0.016576516535883566
0.017114848303859793
0.01766697764694813
0.018233160502519448
0.018813655672793857
0.01940872485065797
0.020018632606508022
0.020643646419280258
0.021284036667390056
0.021940076683593653
0.022612042720234118
0.023300213973817395
0.024004872607974813
0.02472630377443961
0.025464795588719127
0.026220639174654413
0.0269941286594554
0.027785561196539226
0.02859523697620473
0.029423459224142957
0.030270534228371546
0.031136771354998174
0.032022483047227566
0.03292798484273854
0.03385359539788765
0.03479963646189198
0.03576643294807485
0.03675431289700174
0.03776360752600479
0.038794651182513094
0.039847781447818295
0.04092333906421527
0.04202166798986381
0.04314311540462238
0.04428803173003166
0.045456770625218516
0.04664968900812082
0.04786714706231411
0.04910950826717315
0.050377139385459735
0.05167041049733203
0.052989694984829354
0.05433536958673392
0.05570781438802048
0.05710741280508589
0.05853455163874899
0.05998962106084547
0.06147301466424886
0.06298512941061538
0.06452636569467886
0.06609712735132571
0.06769782161798604
0.0693288592251183
0.07099065434122348
0.07268362461070206
0.07440819115931546
0.0761647786212445
0.07795381511749228
0.07977573230280204
0.08163096533549573
0.08351995293221155
0.08544313733513588
0.08740096435979006
0.08939388337119906
0.09142234731231533
0.09348681272462292
0.09558773971164586
0.09772559200013993
0.09990083690633171
0.10211394538420186
0.10436539199619234
0.10665565493815495
0.10898521602979389
0.111354560761832
0.11376417826721455
0.11621456131155185
0.11870620636113788
0.12123961352262723
0.12381528658387107
0.1264337330192544
0.12909546396400282
0.13180099425203967
0.13455084241176596
0.13734553065737165
0.14018558488883587
0.14307153471873707
0.1460039134583514
0.14898325811541854
0.15201010939203166
0.1550850116965531
0.15820851313641518
0.16138116555423979
0.16460352443921542
0.16787614901447884
0.17119960219987854
0.17457445059000534
0.17800126450930226
0.18148061792778603
0.18501308853427878
0.18859925769445499
0.19223971042750657
0.1959350354507026
0.19968582513780855
0.2034926755146179
0.20735618626131047
0.2112769607097217
0.2152556058140501
0.219292732173323
0.22338895398720965
0.2275448890634681
0.23176115881595952
0.23603838824652645
0.24037720592687092
0.24477824398539766
0.2492421381013804
0.25376952750223114
0.25836105492105055
0.26301736659849
0.26773911227927594
0.2725269451682708
0.27738152193742416
0.2823035026937491
0.28729355098391474
0.2923523337313166
0.29748052127331326
0.30267878730127534
0.3079478088473049
0.31328826627715994
0.31870084324135123
0.32418622670182773
0.3297451068437267
0.3353781771101275
0.34108613413800487
0.3468696777664211
0.35272951097396854
0.35866633987442553
0.36468087370422014
0.3707738247647135
0.37694590840196807
0.3831978429975627
0.3895303499129862
0.3959441534861617
0.4024399809677726
0.4090185625138151
0.4156806311637528
0.4224269227706365
0.4292581760037104
0.4361751322920613
0.4431785358053793
0.450269133407661
0.45744767463226066
0.4647149116281457
0.4720715991411545
0.47951849448035916
0.4870563574417311
0.4946859503272554
0.5024080378647486
0.5102233871594513
0.5181327676929106
0.5261369512758148
0.5342367119505569
0.5424328260251207
0.550726071990043
0.5591172304642967
0.5676070841880921
0.5761964179421971
0.5848860185442143
0.5936766747485389
0.6025691772417658
0.6115643185846014
0.620662893164076
0.6298656971415375
0.6391735284237309
0.6485871865721895
0.6581074727946705
0.6677351898932724
0.6774711421722124
0.6873161354398126
0.6972709769316687
0.7073364752406454
0.7175134403153868
0.7278026833463732
0.7382050167568599
0.7487212541323764
0.759352210161148
0.7700987006007066
0.7809615421783462
0.7919415525965837
0.8030395504281517
0.814256355066847
0.8255927866920317
0.8370496661831135
0.8486278150818122
0.8603280555230247
0.8721512101666821
0.8840981021591476
0.8961695550566338
0.9083663927717063
0.9206894394919839
0.9331395196560592
0.9457174578513468
0.9584240787725017
0.9712602071476922
0.9842266676808828
0.9973242849957316
1.0105538835313272
1.0239162875260546
1.0374123209247506
1.0510428073005087
1.0648085698251368
1.0787104311436715
1.0927492133596066
1.1069257379370867
1.121240825641203
1.1356952964518543
1.1502899695076434
1.1650256630381075
1.1799031942656608
1.1949233793530925
1.2100870333285967
1.225394969996405
1.2408480018909855
1.2564469401585074
1.2721925945146384
1.288085773153689
1.3041272826726498
1.3203179279907598
1.3366585122653538
1.3531498368243384
1.369792701078067
1.386587902426372
1.4035362362025867
1.420638495562704
1.4378954714138832
1.4553079523434516
1.4728767244980105
1.4906025715321738
1.5084862745034358
1.5265286117955883
1.5447303590125983
1.5630922889120764
1.5816151712939421
1.600299772931783
1.6191468574572982
1.6381571852840882
1.6573315135228783
1.6766705958612471
1.6961751824918825
1.7158460200140293
1.735683851328608
1.7556894155574094
1.7758634479213335
1.796206679679693
1.8167198379970306
1.8374036458629375
1.8582588219922587
1.879286080729272
1.900486131921083
1.9218596808626405
1.9434074281522582
1.9651300696129217
1.9870282961988255
2.009102793864796
2.031354243504357
2.0537833207930856
2.0763906961466607
2.0991770345753933
2.1221429955996975
2.1452892331475684
2.1686163954374096
2.192125124902692
2.215816058066841
2.239689825457589
2.263747051482982
2.28798835435864
2.312414345997915
2.337025631895087
2.361822811049033
2.386806475862066
2.4119772120297167
2.4373355984564538
2.4628822071437257
2.4886176031324942
2.5145423443627277
2.540656981615809
2.566962058417844
2.593458110937139
2.6201456679156836
2.6470252505756884
2.674097372528232
2.7013625397094603
2.7288212502894846
2.7564739945925676
2.784321255029233
2.812363506022658
2.840601213939539
2.86903483702195
2.8976648253172117
2.9264916206179423
2.9555156564102987
2.9847373578091836
3.014157141515551
3.043775415740439
3.073592580202492
3.1036090260413216
3.1338251358045977
3.1642412833935603
3.19485783405706
3.2256751443220533
3.2566935620029063
3.287913426168012
3.3193350671271253
3.350958806398349
3.3827849567215384
3.414813822044772
3.4470456975133046
3.479480869488806
3.512119615530867
3.5449622044476423
3.5780088962560046
3.6112599422647085
3.6447155850267277
3.6783760584338334
3.712241588076674
3.746312389800743
3.7805886719794164
3.815070634076752
3.849758467063169
3.884652353459638
3.919752467412401
3.955058974719782
3.990572032942903
4.026291791422068
4.062218391382143
4.098351965995732
4.1346926404627435
4.171240532086594
4.207995750368671
4.2449583970909925
4.282128566405456
4.319506344938594
4.357091811869396
4.394885039059517
4.432886091120052
4.4710950255560125
4.509511892835215
4.5481367365335075
4.586969593425616
4.62601049361325
4.665259460626997
4.704716511563606
4.744381657195462
4.784254902091355
4.824336244746062
4.8646256777018655
4.905123187683967
4.945828755709217
4.986742357230471
5.02786396226605
5.069193535514173
5.110731036497813
5.1524764196920465
5.194429634657353
5.236590626169952
5.278959334338719
5.321535694766543
5.364319638649258
5.407311092938731
5.450509980447377
5.493916219982458
5.537529726500734
5.581350411199826
5.625378181673605
5.669612942040541
5.7140545930392745
5.758703032199285
5.803558153927647
5.848619849654011
5.893888007941688
5.939362514618597
5.985043252884881
6.03093010344584
6.077022944606388
6.123321652408331
6.1698261007443085
6.216536161435499
6.263451704395207
6.310572597684843
6.357898707663242
6.405429899059155
6.453166035100823
6.501106977588345
6.549252587037663
6.597602722723995
6.646157242814775
6.69491600445741
6.7438788638557305
6.79304567638419
6.8424162966493
6.89199057860668
6.941768375612319
6.99174954053155
7.041933925806084
7.092321383536542
7.1429117655481225
7.193704923494237
7.244700708898716
7.295898973235244
7.347299568012011
7.3989023448195015
7.450707155399005
7.502713851728886
7.554922286043941
7.607332310936687
7.6599437793929805
7.712756544859047
7.765770461287776
7.81898538319544
7.872401165720167
7.92601766465929
7.979834736524464
8.033852238594413
8.08807002894621
8.14248796651387
8.197105911115889
8.251923723511483
8.306941265422436
8.362158399590431
8.417574989793817
8.47319090090011
8.529005998886104
8.585020150882169
8.641233225189895
8.697645091324155
8.754255620034337
8.811064683339593
8.868072154549314
8.925277908285977
8.98268182051195
9.040283768556304
9.098083631135166
9.156081288365872
9.214276621797254
9.272669514424528
9.331259850696874
9.390047516551313
9.449032399423638
9.508214388256844
9.567593373520873
9.627169247231356
9.686941902944636
9.74691123579328
9.807077142476892
9.867439521292393
9.927998272121613
9.988753296458595
10.049704497408605