3.971889227456797e-12
3.971889227456797e-12
3.971889227456797e-12
3.971889227456797e-12
3.971889227456797e-12
3.971889227456797e-12
3.971889227456797e-12
3.971889227456797e-12
3.971889227456797e-12
3.971889227456797e-12
3.971889227456797e-12
3.971889227456797e-12
3.971889227456797e-12
3.971889227456797e-12
3.971889227456797e-12
3.971889227456797e-12
3.971889227456797e-12
3.971889227456797e-12
3.971889227456797e-12
3.971889227456797e-12
3.971889227456797e-12
5.9578338411851955e-12
7.943778454913594e-12
3.971889227456797e-12
6.206076917901245e-12
6.702563071333345e-12
6.206076917901245e-12
1.2784518450876565e-11
2.4948429209963006e-11
5.548232764603713e-11
1.2983112912249405e-10
2.8833433360569185e-10
6.398465302356183e-10
1.3490770004133727e-9
2.746189036171301e-9
5.388736587813651e-9
1.02283594899314e-8
1.8803544210472266e-8
3.356916653508127e-8
5.832024249905501e-8
9.879056656684247e-8
1.6345404028368435e-7
2.645702721147411e-7
4.1956542955932606e-7
6.527557908325447e-7
9.975145345604112e-7
1.498975727492977e-6
2.2172833298923923e-6
3.231540494640379e-6
4.64446859330204e-6
6.587928142152024e-6
9.229344822458394e-6
0.000012779089498910323
0.000017498971732366394
0.000023711816128903533
0.00003181231676834642
0.00004227912453203743
0.00005568826997835923
0.00007272796806334403
0.00009421491716048303
0.00012111197458839633
0.00015454741034386297
0.0001958356639466806
0.00024649965193490375
0.00030829462538985327
0.00038323360814891645
0.0004736143597273248
0.0005820479737894421
0.0007114888577204109
0.0008652664183724636
0.001047118101356611
0.0012612239546709425
0.0015122425982535914
0.0018053486854765915
0.0021462716028762
0.0025413355806486256
0.0029975011082837327
0.0035224075031637155
0.004124416826873434
0.004812658880375163
0.005597077361209183
0.006488477133692208
0.007498572545460372
0.008640036796066392
0.009926552304010365
0.011372861988173956
0.012994821629980806
0.014809453008089406
0.016834998073720946
0.019090973916268992
0.021598228698422508
0.02437899839894772
0.027456964481789026
0.03085731236339552
0.0346067908613524
0.0387337724500506
0.04326831441660998
0.048242220985943426
0.053689106342102645
0.059644458582645526
0.06614570473238084
0.07323227673692832
0.08094567844453458
0.08932955385442495
0.09842975630761043
0.10829441898581137
0.11897402659574186
0.13052148833432844
0.1429922121799192
0.1564441806419209
0.1709380278225249
0.18653711817194746
0.20330762666188254
0.22131862070249003
0.24064214374036186
0.26135330065736756
0.2835303449991754
0.30725476822807174
0.33261139086987496
0.35968846108120744