 0.73358947458590E-07
 0.75483125227817E-07
 0.77645887203361E-07
 0.79853899910181E-07
 0.82115746961078E-07
 0.84428960337724E-07
 0.86787777141259E-07
 0.89190991247861E-07
 0.91660905830763E-07
 0.94178844651301E-07
 0.96737215408852E-07
 0.99365414182534E-07
 0.10204341017751E-06
 0.10478821632752E-06
 0.10758906448924E-06
 0.11045042787023E-06
 0.11337271759795E-06
 0.11634230773947E-06
 0.11939729124812E-06
 0.12250723630030E-06
 0.12569286958717E-06
 0.12893573153818E-06
 0.13225522043337E-06
 0.13565940490779E-06
 0.13911170351928E-06
 0.14265800107715E-06
 0.14628342249727E-06
 0.14997067700548E-06
 0.15374858524357E-06
 0.15759964725093E-06
 0.16155226412621E-06
 0.16556842454212E-06
 0.16968756895726E-06
 0.17389334709315E-06
 0.17818698942417E-06
 0.18257447111102E-06
 0.18705820747827E-06
 0.19162684649325E-06
 0.19630494732190E-06
 0.20109151414256E-06
 0.20597115251110E-06
 0.21096996863199E-06
 0.21605706054391E-06
 0.22125795415815E-06
 0.22658141319722E-06
 0.23201075142166E-06
 0.23756266935482E-06
 0.24322696213597E-06
 0.24901317057877E-06
 0.25492997244242E-06
 0.26097746306093E-06
 0.26714255286808E-06
 0.27343671439130E-06
 0.27987040558600E-06
 0.28644740414440E-06
 0.29315682875403E-06
 0.29999744722192E-06
 0.30700076925460E-06
 0.31414316955586E-06
 0.32143298237083E-06
 0.32887461815724E-06
 0.33647018509476E-06
 0.34422613982306E-06
 0.35214366074901E-06
 0.36021891437231E-06
 0.36847183410378E-06
 0.37688725848231E-06
 0.38547183714268E-06
 0.39424003898783E-06
 0.40317547269358E-06
 0.41229868431977E-06
 0.42160120358841E-06
 0.43109536940674E-06
 0.44077509159454E-06
 0.45065375629053E-06
 0.46071564893487E-06
 0.47098613098139E-06
 0.48145387000419E-06
 0.49213395962363E-06
 0.50300987756965E-06
 0.51410941609466E-06
 0.52540959204116E-06
 0.53693568954766E-06
 0.54868125406116E-06
 0.56063795666010E-06
 0.57282909632122E-06
 0.58524498906416E-06
 0.59790016038581E-06
 0.61077979604500E-06
 0.62390392245470E-06
 0.63726155105112E-06
 0.65087117412742E-06
 0.66472104922357E-06
 0.67881430293601E-06
 0.69316960120439E-06
 0.70777055732229E-06
 0.72263589272780E-06
 0.73775542647290E-06
 0.75314314370846E-06
 0.76878034859249E-06
 0.78469774717593E-06
 0.80088271099521E-06
 0.81734765351757E-06
 0.83407827238707E-06
 0.85109095810341E-06
 0.86837761044388E-06
 0.88594923902312E-06
 0.90381084262652E-06
 0.92194287288426E-06
 0.94037487065654E-06
 0.95909768018838E-06
 0.97810033293925E-06
 0.99740873005097E-06
 0.10170024438058E-05
 0.10369031666937E-05
 0.10570980621727E-05
 0.10775807442956E-05
 0.10983824462983E-05
 0.11194877401815E-05
 0.11408775557423E-05
 0.11625814593073E-05
 0.11845876384658E-05
 0.12069047394740E-05
 0.12295260307353E-05
 0.12524522130539E-05
 0.12756875646607E-05
 0.12992343192276E-05
 0.13230818787493E-05
 0.13472361994622E-05
 0.13716952449186E-05
 0.13964701477966E-05
 0.14215432442160E-05
 0.14469247324833E-05
 0.14726046982008E-05
 0.14985912490835E-05
 0.15248819979498E-05
 0.15514717135423E-05
 0.15783569018746E-05
 0.16055420364975E-05
 0.16330165577058E-05
 0.16607840274182E-05
 0.16888374244992E-05
 0.17171732185742E-05
 0.17458000754988E-05
 0.17747005910504E-05
 0.18038793006255E-05
 0.18333312256061E-05
 0.18630436300127E-05
 0.18930281919335E-05
 0.19232627080600E-05
 0.19537497766842E-05
 0.19844819150331E-05
 0.20154546541899E-05
 0.20466576821335E-05
 0.20780944410496E-05
 0.21097376830510E-05
 0.21415934273862E-05
 0.21736568248135E-05
 0.22059090884626E-05
 0.22383527477115E-05
 0.22709657666863E-05
 0.23037481448834E-05
 0.23366807018367E-05
 0.23697485546207E-05
 0.24029496794832E-05
 0.24362634798343E-05
 0.24696855661456E-05
 0.25031985297859E-05
 0.25367791582067E-05
 0.25704075351489E-05
 0.26040969949036E-05
 0.26377885176731E-05
 0.26714939061887E-05
 0.27051832689129E-05
 0.27388325920092E-05
 0.27724271432771E-05
 0.28059393221680E-05
 0.28393505228890E-05
 0.28726306694183E-05
 0.29057579927686E-05
 0.29387061008412E-05
 0.29714375987402E-05
 0.30039265885230E-05
 0.30361496866843E-05
 0.30680590710395E-05
 0.30996394708670E-05
 0.31308370299057E-05
 0.31616226294424E-05
 0.31919632463175E-05
 0.32218069349132E-05
 0.32511151377040E-05
 0.32798411432094E-05
 0.33079483198515E-05
 0.33353765045482E-05
 0.33620802409655E-05
 0.33880156537003E-05
 0.34131212282322E-05
 0.34373454824110E-05
 0.34606272915506E-05
 0.34828983360023E-05
 0.35041207365723E-05
 0.30934948024846E-05
 0.35431119304358E-05
 0.35607486475759E-05
 0.35770659084885E-05
 0.35919823993423E-05
 0.41136375028368E-05
 0.36173130606459E-05
 0.36275804813005E-05
 0.36361425915866E-05
 0.36429160311160E-05
 0.36478334839555E-05
 0.36508002745147E-05
 0.36517287438849E-05
 0.36505489264666E-05
 0.36471672609253E-05
 0.36414984481646E-05
 0.36334467555483E-05
 0.36229365920586E-05
 0.36098755003714E-05
 0.35941841602809E-05
 0.35757626258941E-05
 0.35545472273701E-05
 0.35304314364765E-05
 0.35033486239625E-05
 0.34732205209977E-05
 0.34399604784900E-05
 0.34035024343473E-05
 0.33637715790569E-05
 0.33207053158318E-05
 0.32742415738489E-05
 0.32243301828023E-05
 0.31708984528843E-05
 0.31139251954148E-05
 0.30533518367276E-05
 0.29891639823388E-05
 0.29213228208246E-05
 0.28498172261472E-05
 0.27746445799617E-05
 0.26957917660516E-05
 0.26132741409559E-05
 0.25271208884832E-05
 0.24373621777496E-05
 0.23440228642889E-05
 0.22471738328061E-05
 0.21468742281071E-05
 0.20431939458992E-05
 0.19362259665725E-05
 0.18260678695236E-05
 0.17128326825223E-05
 0.15966445491317E-05
 0.14776444728500E-05
 0.13559725786227E-05
 0.12317974636689E-05
 0.11052847770074E-05
 0.97662136324886E-06
 0.84600271439918E-06
 0.71362306026028E-06
 0.57971152007083E-06
 0.44448295909448E-06
 0.30816881519605E-06
 0.17100748738588E-06
 0.33251843586200E-07
-0.10485804967978E-06
-0.24305839882786E-06
-0.38109034320673E-06
-0.51869874526751E-06
-0.65560937311809E-06
-0.79156661907879E-06
-0.92630636568583E-06
                  NaN
-0.11911042938610E-05
-0.13206427383515E-05
-0.14479521261108E-05
-0.15727899703658E-05
-0.16949249835674E-05
-0.18141352621969E-05
-0.19302076206753E-05
-0.20429346483412E-05
-0.21521406669674E-05
-0.22576377141844E-05
-0.23592654536450E-05
-0.24568735535431E-05
-0.25503334261380E-05
-0.26395151200814E-05
-0.27243173807760E-05
-0.28046468499973E-05
-0.28804311373654E-05
-0.29516124857265E-05
-0.30181345966050E-05
-0.30799835445824E-05
-0.31371462118320E-05
-0.31896070094051E-05
-0.32373883487451E-05
-0.32805246073967E-05
-0.33190467728732E-05
-0.33530123326651E-05
-0.33824898417458E-05
-0.34075544306474E-05
-0.34282804932603E-05
-0.34447798503021E-05
-0.34571561271760E-05
-0.34655129542110E-05
-0.34699794020345E-05
-0.34706807035725E-05
-0.34677488185601E-05
-0.34613157996045E-05
-0.34515245095334E-05
-0.34385233593282E-05
-0.34224516670679E-05
-0.34034702543631E-05
-0.33817173679069E-05
-0.33573503703136E-05
-0.33305148440690E-05
-0.33013641841414E-05
-0.32700399758553E-05
-0.32366924021587E-05
-0.32014705148630E-05
-0.31645099665565E-05
-0.31259544078339E-05
-0.30859321064059E-05
-0.30445789634498E-05
-0.30020249207464E-05
-0.29583954070755E-05
-0.29138040317194E-05
-0.28683724972200E-05
-0.28222051962882E-05
-0.27754196855791E-05
-0.27281112124928E-05
-0.26803739029427E-05
-0.26323048906630E-05
-0.25839927266071E-05
-0.25355207363655E-05
-0.24869617367537E-05
-0.24383991716264E-05
-0.23898973034344E-05
-0.23415191584981E-05
-0.22933349435386E-05
-0.22453960865757E-05
-0.21977504469866E-05
-0.21504526050497E-05
-0.21035540532242E-05
-0.20570855334969E-05
-0.20110885620014E-05
-0.19656068207192E-05
-0.19206627061754E-05
-0.18761917125364E-05
-0.18326075796403E-05
-0.17891077518768E-05
-0.17466028777161E-05
-0.17051494237447E-05
-0.16640712059149E-05
-0.16233170667910E-05
-0.15830896924333E-05
-0.15439700236375E-05
-0.15059452389420E-05
-0.14684617332561E-05
-0.14312480441299E-05
-0.13949002724173E-05
-0.13594844393345E-05
-0.13246969370312E-05
-0.12906344143555E-05
-0.12572846951097E-05
-0.12246599897216E-05
-0.11927517598787E-05
-0.11615464739017E-05
-0.11310442943757E-05
-0.11012387108132E-05
-0.10721203549877E-05
-0.10436801783918E-05
-0.10159079160312E-05
-0.98880306047427E-06
-0.96234414175936E-06
-0.93653472352077E-06
-0.91135354565200E-06
-0.88679607552598E-06
-0.86284742258741E-06
-0.83950724168588E-06
-0.81675163030334E-06
-0.79457483997565E-06
-0.77296664399063E-06
-0.75190815275440E-06
-0.73140395921622E-06
-0.71142921698292E-06
-0.69197731301510E-06
-0.67303979882597E-06
-0.65460192284755E-06
-0.63664783666583E-06
-0.61917586027486E-06
-0.60217163769237E-06
-0.58562190846153E-06
-0.56951905927405E-06
-0.55385029096983E-06
-0.53860859802134E-06
-0.52377865507834E-06
-0.50934858034782E-06
-0.49531755667228E-06
-0.48167427776908E-06
-0.46840052148596E-06
-0.45549170188182E-06
-0.44293991618237E-06
-0.43073561087705E-06
-0.41886626689940E-06
-0.40732568902989E-06
-0.39610762379198E-06
-0.38519855239981E-06
-0.37459639846826E-06
-0.36428429145759E-06
-0.35426288940749E-06
-0.34452037713291E-06
-0.33505215923666E-06
-0.32584448971639E-06
-0.31690035098802E-06
-0.30820275516294E-06
-0.29974530401183E-06
-0.29153007104990E-06
-0.28354356964805E-06
-0.27578335589761E-06
-0.26823619750368E-06
-0.26090236966650E-06
-0.25377747259181E-06
-0.24684889916330E-06
-0.24011518645056E-06
-0.23357294890031E-06
-0.22721365426084E-06
-0.22102717971477E-06
-0.21502249703439E-06
-0.20918332132303E-06
-0.20350661009403E-06
-0.19799301017273E-06
-0.19262849346014E-06
-0.18741961372564E-06
-0.18235501515039E-06
-0.17743137254558E-06
-0.17264549818020E-06
-0.16799610090105E-06
-0.16347446900846E-06
-0.15907962557049E-06
-0.15481114975009E-06
-0.15065529944583E-06
-0.14661905963849E-06
-0.14269769080713E-06
-0.13888466851075E-06
-0.13517598530025E-06
-0.13156752320803E-06
-0.12806858251676E-06
-0.12466203731758E-06
-0.12135106677808E-06
-0.11813277273475E-06
-0.11499950752800E-06
-0.11195802632190E-06
-0.10900181402160E-06
-0.10612151163665E-06
-0.10332812370040E-06
-0.10060732214453E-06
-0.97964575200522E-07
-0.95391241171264E-07
-0.92893215568567E-07
-0.90462824917891E-07
-0.88099470420993E-07
-0.85799903070225E-07
-0.83565347114447E-07
-0.81388461679960E-07
-0.79277061856947E-07
-0.77220166232324E-07
-0.75221692003571E-07
-0.73275695675023E-07
-0.71385183205167E-07
-0.69545189621135E-07
-0.67755286219123E-07
-0.66018800543339E-07
-0.64323958602531E-07
-0.62680692593695E-07
-0.61077779672578E-07
-0.59518726417769E-07
-0.58006021791967E-07
-0.56529381023376E-07
-0.55095657474150E-07
-0.53702993626034E-07
-0.52344391736917E-07
-0.51024630794278E-07
-0.49738815943878E-07
-0.48495660047940E-07
-0.47276329841466E-07
-0.46094966020454E-07
-0.44944371589727E-07
-0.43822680317902E-07
-0.42733468567315E-07
-0.41675744497947E-07
-0.40645591971669E-07
-0.39640127099661E-07
-0.38666552565748E-07
-0.37714563760904E-07
-0.36791893988455E-07
-0.35892430495190E-07
-0.35016968485236E-07
-0.34164344114148E-07
-0.33336718387609E-07
-0.32529778626499E-07
-0.31745677239826E-07
-0.30980454712114E-07
-0.30235884801574E-07
-0.29515534655403E-07
-0.28809515909487E-07
-0.28126350250459E-07
-0.27458900847497E-07
-0.26810840518516E-07
-0.26176889510347E-07
-0.25563797791987E-07
-0.24962550637505E-07
-0.24382906421924E-07
-0.23816498481540E-07
-0.23265296311986E-07
-0.22726385591195E-07
-0.22204903454426E-07
-0.21695873289029E-07
-0.21202652310086E-07
-0.20719789003424E-07
-0.20252846464571E-07
-0.19795245749521E-07
-0.19352250558890E-07
-0.18918780042965E-07
-0.18496935622228E-07
-0.18087778929980E-07
-0.17689419037106E-07
-0.17301638783053E-07
-0.16924257405105E-07
-0.16555319969058E-07
-0.16197094911548E-07
-0.15850828961832E-07
-0.15510310354023E-07
