0.0005739237480626713
0.001013813948579901
0.0016999943989359522
0.0027264055522913705
0.004207770086045505
0.006280985657578637
0.009106345758862521
0.01286864839796836
0.017778249205528313
0.024072106202836206
0.032014849367073286
0.04189989145031318
0.05405057834315252
0.06882135840386436
0.08659893298599333
0.10780333392489387
0.13288886140590772
0.16234480611352797
0.1966958756760167
0.2365022463985173
0.2823591677219694
0.33489605883850115
0.39477505240556715
0.46268895928126913
0.5393586472084141
0.6255298445020704
0.7219693929530108
0.8294609817071371
0.9488003924400549
1.0807902758396577
1.2262344612019467
1.385931777089147
1.5606693389311217
1.7512152474795595
1.9583106542929578
2.182661200821288
2.4249279403657003
2.685718011740164
2.9655755376413824
3.2649734319655637
3.5843069535065593
3.9238898633650305
4.28395386787535
4.664651674362687
5.066063487645957
5.488206315868944
5.9310451108260365
6.394504651951607
6.878481175977915
7.382852993279405
7.907489625700865
8.452259274332752
9.017034635403865
9.60169721632249
10.206140371116405
10.830271292996144
11.474012189331816
12.137300836499584
12.820090678500824
13.522350600087186
14.244064475699211
14.98523057085743
15.74586085256545
16.52598024996151
17.325625894354456
18.144846359071284
18.98370091281905
19.84225879553983
20.72059852224951
21.618807217954103
22.536979984979197
23.475219302918156
24.433634460638043
25.412341019270034
26.41146030484041
27.4311189290492
28.471448336646
29.532584377850966
30.614666904366562
31.717839387558197
32.84224855751452
33.98804406178271
35.155378143178325
36.344405332346746
37.555282164158584
38.788166900556575
40.04321927574464
41.32060025314116
42.620471796864585
43.942996656811495
45.288338166877736
46.65666005600065
48.04812627165676
49.46290081554918
50.90114759128181
52.36303026373349
53.84871213002807
55.35835600187215
56.892124099158615
58.45017795469663
60.03267832994465
61.63978514165564
63.27165739932297
64.92845315334955