0.0008969276520460114
0.0015460684544601954
0.0025366013420215568
0.003989604403021426
0.006050501470791811
0.008890408186041882
0.012707353004386268
0.01772744687924485
0.024206061617610953
0.0324290573867075
0.04271407746522426
0.0554119041049257
0.07090784516186399
0.08962309862824873
0.11201602178882994
0.13858321588637784
0.1698603267274507
0.20642245710289203
0.24888409057373082
0.29789843617313316
0.3541561209575318
0.4183831792571916
0.49133831256925314
0.5738094184608069
0.6666094072218692
0.7705713375446518
0.8865429040225338
1.0153802977084119
1.1579414372960488
1.3150785362568997
1.4876299401779183
1.6764111531900152
1.8822049937749081
2.1057509027110233
2.3477335910100674
2.6087714674077906
2.8894055966902967
3.190090235807548
3.5111861594778144
3.8529578992004976
4.215575619878587
4.599121699613244
5.003601356878577
5.428956071193388
5.875078289290023
6.341825975779047
6.8290358983748485
7.336534970944738
7.8641493865703405
8.411711581437638
8.97906526046729
9.566068802575026
10.172597378896658
10.79854409029882
11.443820384429808
12.108355961638438
12.79209833170587
13.495012142875353
14.217078371895889
14.95829343847897
15.718668288435376
16.49822747545878
17.2970082614067
18.115059747507573
18.952442043728865
19.80922548011839
20.685489861347193
21.58132376420205
22.496823876745477
23.4320943771968
24.38724635035786
25.362397239158277
26.357670328997752
27.373194262543542
28.409102582796123
29.465533302414784
30.54262849739668
31.640533923428976
32.75939865335625
33.89937473438946
35.0606168638141
36.2432820821065
37.44752948248797
38.673519936053665
39.92141583173894
41.191380830452
42.48357963282581
43.798177760064334
45.13534134748294
46.49523695034485
47.87803136170977
49.283891441987166
50.71298395998465
52.16547544524472
53.64153205149817
55.141319431086075
56.66500262023205
58.212745935044424
59.78471287816225
61.381066055952424
63.00196710619022
64.64757663612986
66.31805417092627
68.01355811232477