4.98082382907885
5.30881440691123
5.652826615707551
6.012662550533483
6.388146255711099
6.779121937062094
7.185452198937339
7.60701636742253
8.043708936565903
8.495438157468346
8.962124778493237
9.443700936962138
9.940109197616012
10.451301729586042
10.977239611618844
11.517892253858763
12.073236923960785
12.643258365016747
13.227948492970752
13.827306161692208
14.441336983959811
15.070053198815833
15.713473574458268
16.371623338776345
17.04453412954402
17.73224395757897
18.43479717612293
19.15224445851087
19.884642759485512
20.632055291411575
21.394551478500976
22.172206907878792
22.965103269312444
23.773328283801348
24.59697562060887
25.43614480266929
26.290941100516157
27.16147541518813
28.047864150575812
28.950229075959506
29.86869717937687
30.803400512696395
31.75447602913859
32.72206541406085
33.706314909837204
34.70737513554316
35.72540090221562
36.760551024384434
37.81298812848943
38.882878458844175
39.97039168166035
41.0757006876907
42.198981393942454
43.340412544926394
44.500175513826676
45.67845410399026
46.87543435105499
48.091304326067224
49.32625393986732
50.58047474902919
51.8541597636401
53.147503257134574
54.4607005784641
55.79394796683148
57.14744236918663
58.521381260761295
59.91596246881815
61.331383999851376
62.76784387045801
64.22553994213357
65.7046697601172
67.2054303964937
68.728018298041
70.27262913860109
71.83945767651622
73.42869761719604
75.04054148107483
76.67518047712785
78.3328043821628
80.0136014260757
81.71775818324149
83.44545947024525
85.19688825009243
86.97222554307847
88.77165034445169
90.59533954902412
92.44346788284246
94.3162078420383
96.21372963895628
98.13620115565777
100.08378790486165
102.05665299838789
104.05495712315548
106.07885852476112
108.12851299866615
110.20407388898556
112.30569209489255
114.43351608460058
116.58769191690558
118.76836327024306
120.97567147920195
123.20975557845107
125.47075235398721
127.7587964016389