5.403068187289465
5.734504567712875
6.082131925606116
6.445741907469731
6.8251483293165744
7.220185533516367
7.630706724760673
8.05658235621467
8.49769861106676
8.953956006372751
9.425268133080017
9.911560537091924
10.41276973999073
10.928842393742595
11.459734560892706
12.005411109900496
12.565845214258973
13.141017943457648
13.73091793387303
14.33554112798345
14.954890570258513
15.588976250378813
16.23781498282949
16.901430315124763
17.57985245662148
18.273118220500027
18.98127097737895
19.704360607162798
20.44244344976011
21.195582261403846
21.963846153608525
22.74731052946645
23.54605700943793
24.36017334690172
25.189753332988058
26.03489669062466
26.89570895793969
27.772301361358405
28.664790678955402
29.573299094633764
30.497954043860254
31.438888051710517
32.39623856395545
33.37014777199621
34.36076243238166
35.36823368164305
36.39271684714774
37.43437125463044
38.4933600330261
39.56984991717102
40.66401104892689
41.776016777202614
42.90604345733506
44.05427025026128
45.22087892185421
46.40605364277491
47.609980789183325
48.832848744617685
50.07484770329128
51.33616947513604
52.617007292798945
53.917555620841576
55.2380099674064
56.57856669854941
57.93942285545917
59.32077597480724
60.722823912413425
62.14576467046686
63.58979622849396
65.05511637828197
66.54192256309588
68.05041172101204
69.58078013321659
71.13322327684956
72.70793568298045
74.3051107997898
75.92494086118154
77.56761676103476
79.23332793326657
80.92226223791845
82.63460585342897
84.37054317529032
86.1302567212217
87.91392704303978
89.72173264537683
91.55384991135332
93.4104530353551
95.29171396300639
97.19780233845512
99.12888545903543
101.08512823738873
103.06669317109831
105.07374031988586
107.10642729038416
109.16490922852186
111.24933881950716
113.35986629541178
115.4966394503267
117.65980366306032
119.84950192733079
122.06587488939991
124.3090608930802
126.57919603205578
128.87641420941534