3.453930179105829
3.7668905784163718
4.095238915009877
4.438826942368741
4.7975255078075785
5.171222448626922
5.559820697347919
5.963236603194305
6.381398464153017
6.814245257290911
7.26172555198369
7.723796589790526
8.200423514756539
8.691578738638992
9.197241426211765
9.717397086658362
10.252037257751367
10.801159270322632
11.364766081127177
11.942866162999103
12.535473442011337
13.14260727151214
13.764292435447592
14.400559171601977
15.051443208726022
15.716985811007408
16.39723382387124
17.09223972105351
17.80206164036524
18.526763410056134
19.266414573723427
20.021090390958292
20.790871829702198
21.57584554289021
22.37610383022206
23.19174458510391
24.022871227088984
24.869592620325523
25.732022978738588
26.61028175871408
27.504493540174547
28.41478789698749
29.3412992576331
30.28416675708654
31.243534080855024
32.21954930204261
33.212364712335486
34.222136647704964
35.24902530960938
36.29319458238512
37.354811847545676
38.43404779555069
39.53107623564757
40.64607390430871
41.77922027273194
42.930697353865654
44.10068950937027
45.289383256863815
46.496967077862955
47.72363122669007
48.96956754068559
50.23496925202336
51.520030801379384
52.82494765374552
54.14991611663174
55.49513316090531
56.86079624451295
58.247103139332935
59.654251761349514
61.082440004515725
62.53186557821416
64.00272584904405
65.49521768667002
67.00953731424919
68.54588016355811
70.104440736106
71.68541246312897
73.28898758660999
74.91535702499355
76.5647102603321
78.23723522513251
79.93311819641251
81.65254369608445
83.39569439784918
85.16275104076932
86.95389234964749
88.76929496236909
90.60913336433782
92.47357983010093
94.36280437228005
96.27697469790473
98.21625617218842
100.1808117898557
102.1708021540275
104.18638546272201
106.22771750298219
108.29495165263933
110.3882388897119
112.5077278094113
114.6535646487392
116.82589331862765
119.02485544357116
121.25059040869857
123.50323541420632