0.028516907279117872
0.04125990580949811
0.058072363271347655
0.07983647444484879
0.10756181034924664
0.14239798278480054
0.18564562824788106
0.2387639053802888
0.3033723865801335
0.38124495795474733
0.4742929907781611
0.5845342421300657
0.7140420696615607
0.8648662560209552
1.038913757971923
1.2377823154318282
1.462565442186887
1.7136956766480265
1.9909200024814289
2.293443470979714
2.6201682354443037
2.969914810011938
3.3415645188839367
3.734125389793471
4.146748953999016
4.5787228191492675
5.0294541606232865
5.498451609893498
5.985308636841822
6.489689390865651
7.011317047071236
7.549964366040041
8.10544609363596
8.677612841395433
9.266346152882976
9.871554497000263
10.493169999837711
11.131145757320311
11.785453608319512
12.456082273722455
13.143035787594943
13.846332162494468
14.56600224330697
15.302088713621663
16.05464522608675
16.823735634031184
17.609433306200724
18.411820510053474
19.23098785195971
20.06703376477058
20.920064035191466
21.790191364693584
22.67753495890158
23.582220141329543
24.504377988070324
25.444144980622635
26.40166267460496
27.37707738241699
28.37053986829832
29.382205054491195
30.412231737418374
31.460782313001896
32.52802251035971
33.61412113330186
34.71924980908201
35.84358274408075
36.98729648597791
38.15056969223795
39.3335829046724
40.53651832991471
41.75955962572711
43.002891693036126
44.26670047368008
45.55117275384735
46.85649597322021
48.18285803988887
49.530447151052094
50.89945161961824
52.2900597067895
53.70245946071341
55.13683856134416
56.59338417162242
58.07228279509591
59.57372014013246
61.09788099084211
62.64494908486463
64.21510699815055
65.80853603685999
67.42541613654771
69.06592576870675
70.73024185485092
72.41853968821329
74.13099286317805
75.86777321254503
77.62905075272765
79.41499363694481
81.22576811648648
83.06153851011442
84.92246718163719
86.80871452570348
88.72043896183142
90.65779693669582
92.62094293466643
94.61002949660296