1.9859446137283985e-12
1.9859446137283985e-12
1.9859446137283985e-12
3.971889227456797e-12
1.9859446137283985e-12
2.1100661520864233e-12
1.340512614266669e-11
2.9416804590851905e-10
3.6687844307865e-9
2.886074009900795e-8
1.597318835914039e-7
6.777076954455818e-7
2.340067334553071e-6
6.864772544951913e-6
0.000017660290758068782
0.00004080526939032812
0.00008624905127781863
0.00016917837184617042
0.00031148315280659104
0.0005432532784496988
0.0009042468363976874
0.0014452843409595217
0.0022295396022188447
0.0033337132591839055
0.004849088430988864
0.00688247792198994
0.009557079404890718
0.013013258411429472
0.017409279712089616
0.022922006169636917
0.029747580304884707
0.03810209909783527
0.04822228640370175
0.06036616090887079
0.07481369081045314
0.09186741999082636
0.11185304459966529
0.13511991427980047
0.16204142873665034
0.19301529861029207
0.22846363954667903
0.2688328704117733
0.31459338981095714
0.3662390105613911
0.4242861380349848
0.48927268516151323
0.5617567242996558
0.6423148830467931
0.7315404968690147
0.830041535674529
0.9384383240206161
1.0573610743333457
1.1874472501779738
1.329338771746041
1.483679068870579
1.6511099790910924
1.8322684807380534
2.027783245319274
2.2382709925140603
2.464332636673714
2.7065492292302302
2.9654777286458143
3.24164666914662
3.5355518496447327
3.8476522192371427
4.178366186538065
4.52806861300956
4.8970887537361865
5.285709371519312
5.6941671713255815
6.12265459050068
6.57132285460226
7.040286093023152
7.529626223955863
8.039398278002595
8.569635834768134
9.12035628938748
9.691565731258716
10.283263290622504
10.895444877580442
11.528106295304914
12.181245751185745
12.854865816899322
13.54897490315704
14.263588319921691
14.998728991624814
15.754427891494643
16.530724251802233
17.32766559862566
18.14530765190129
18.983714124190726
19.84295644518016
20.72311343344505
21.624270932459243
22.546521424120602
23.48996362992243
24.454702107642994
25.440846849414932
26.448512885524806
27.477819897237087
28.528891840900616
29.601856585029545
30.69684556142547
31.813993431084587
32.95343776533181
34.115318742345
35.299778859173465
36.506962659163875
37.7370164746661
38.99008818485397
40.26632698841305
41.565883190896024
42.888908006489764
44.23555337394722
45.60597178647992
47.00031613533547
48.41873956689453
49.861395353024626
51.328436774540606
52.82001701754736