3.971889227456797e-12
3.971889227456797e-12
3.971889227456797e-12
3.971889227456797e-12
3.971889227456797e-12
5.0889830726790214e-12
6.566029379139518e-11
1.2639296250997676e-9
1.359428736712432e-8
9.382707036944341e-8
4.6653872926476714e-7
1.8102812342025886e-6
5.795776912937269e-6
0.0000159360775086298
0.00003875981036078012
0.00008526766608892476
0.0001725946302624383
0.00032578298175177313
0.0005795723467444067
0.0009801290567079239
0.001586658521803197
0.0024728695487753302
0.0037282809826619328
0.005459378593010564
0.007790642754663736
0.010865474203536138
0.014847047706201905
0.019919122118386416
0.026286830541810635
0.03417746774738267
0.04384128368952976
0.05555228263280964
0.06960901795996136
0.08633536347518436
0.10608123358485905
0.12922321755302235
0.1561650882924339
0.18733814269453924
0.22320133072716478
0.26424113271257377
0.3109711491545619
0.36393137486651606
0.4236871379369377
0.4908276942035802
0.565964477951389
0.649729018840302
0.7427705427256518
0.8457532789214507
0.9593534980117016
1.0842563022178515
1.2211521843255004
1.3707333620018929
1.5336898832058599
1.7107054874457315
1.9024531998177268
2.109590634137964
2.3327549928254445
2.572557778890836
2.829579283153444
3.104362977675416
3.397410029307744
3.709174232810757
4.040057731233958
4.390407918524604
4.760515884591408
5.150616657344765
5.560891329815965
5.991470963154991
6.442441970042547
6.913852547078142
7.405719663202021
7.918036126371867
8.450777326153831
9.003907359083586
9.577384359865874
10.171164965274448
10.785207918030729
11.41947687216345
12.073942492431883
12.748583952818112
13.443389939267952
14.158359253928001
14.893501106546527
15.648835165560644
16.424391428757826
17.220209961652778
18.036340541822998
18.87284223885294
19.729782952803475
20.60723892848384
21.505294258569542
22.424040385049075
23.363575606008006
24.324004592668967
25.305437920094683
26.307991613864733
27.331786714153864
28.37694885802007
29.443607880310786
30.53189743319908
31.641954624231484
32.773919672549184
33.92793558291357
35.10414783704776
36.30270410185766
37.52375395403018
38.76744862055024
40.03394073468591
41.32338410701267
42.6359335111072
43.97174448350126
45.33097313760222
46.71377599124489
48.120309807609885
49.550731449240736
51.005197744926484
52.48386536924497
53.9868907345525
55.51442989525664
57.06663846418953