0.00020716998792409734
0.0003870597388473271
0.0006822630192053059
0.0011441717899328481
0.0018380707969853022
0.0028444969886560812
0.004260384399737837
0.00620000089429002
0.008795696903249982
0.01219849443624245
0.01657854950630041
0.022125522688015296
0.029048892473779772
0.03757824472844233
0.047963569659769306
0.060475596079981854
0.0754061908911754
0.0930688512306946
0.1137993162840695
0.13795632678520514
0.16592256202452102
0.1981057871909669
0.2349402479395671
0.276888354463268
0.3244427035522026
0.3781284939268367
0.43850639675334385
0.5061759473770951
0.5817795228743111
0.666006956014312
0.7596007977679758
0.8633621568495339
0.9781568812916486
1.1049215487204045
1.2446682239460378
1.3984861423183539
1.5675373663156706
1.7530422518912496
1.9562499870204522
2.1783910029486044
2.420613359093719
2.683913952401301
2.9690828706912016
3.2766781439602894
3.6070366154514537
3.960312383521187
4.336527074966571
4.73561823932297
5.157478521030964
5.601983904655258
6.069012404074478
6.558455541511373
7.07022484140985
7.604255071837668
8.16050545544099
8.738959663780227
9.339625117225218
9.962531916710175
10.607731606371274
11.275295885391236
11.965315336913845
12.677898210823747
13.413169278291077
14.171268764693627
14.952351361018584
15.756585310188004
16.58415156296631
17.43524299727901
18.310063694635772
19.208828267574884
20.131761232407612
21.079096422033455
22.051076434087854
23.04795211019647
24.069982042531763
25.11743210436148
26.190575001604756
27.289689842809313
28.415061725264216
29.566981335231954
30.745744560572074
31.951652114220227
33.18500916721018
34.44612499009961
35.73531260185633
37.052888425337834
38.399171948740666
39.77448539242442
41.1791533806907
42.61350261816302
44.0778615705497
45.57256014961867
47.097929402344
48.65430120419989
50.24200795670149
51.86138228934792
53.512756766119765
55.19646359684955
56.91283435370931
58.662199693197685
60.44488908399006
62.261230541021575
64.11155036639927
65.99617289733165