0.00014107715067921369
0.0002692532911201556
0.00048373366355122403
0.0008252408305892421
0.0013463799831175943
0.0021130207039490364
0.003205502034052445
0.004719653693184111
0.006767640301715872
0.009478645618985307
0.012999420315724076
0.017494720471621615
0.02314766568880166
0.030160045458781183
0.03875260180235606
0.04916531456767362
0.06165771461171226
0.07650924876551515
0.09401971973110017
0.1145098239380667
0.1383218107875918
0.1658202880656732
0.19739320037236402
0.23345301019902961
0.27443811536156165
0.3208145404956865
0.3730779455177225
0.4317559981740248
0.4974111609565321
0.5706439416278991
0.6520966472642673
0.7424576572032693
0.8424661768522786
0.9529173322368438
1.0746672814557174
1.2086377082648248
1.355818570351045
1.5172672640684841
1.6941014947366966
1.8874823999133126
2.0985845797121474
2.32855176040327
2.5784416625447553
2.84917016550791
3.1414690820123474
3.455869330470059
3.7927121411944964
4.152181055489219
4.534342929226148
4.939187777614948
5.366661791461486
5.816691924658061
6.289202821528284
6.784127734262183
7.301415115634449
7.841032270608202
8.402967087942914
8.98722856086564
9.593846570606033
10.22287124116642
10.874372062017354
11.548436901574426
12.245170986676927
12.964695892523258
13.707148568225755
14.472680410845642
15.261456393406704
16.073654247713577
16.909463700275705
17.769085758096608
18.652732040478746
19.560624152631256
20.492993097030762
21.450078718535302
22.432129179612094
23.439400462310807
24.472155893895856
25.530665693443588
26.615206536894824
27.726061138426697
28.863517846190017
30.02787025073612
31.21941680463922
32.43846045201444
33.685308266840835
34.960271099111736
36.26366322801557
37.59580202146156
38.957007601404364
40.3476025145464
41.76791140802839
43.21826070994371
44.698978314446585
46.21039327145982
47.75283548092034
49.326635391682615
50.9321237051907
52.56963108412623
54.239487866276264
55.94202378390093
57.67756768895218
59.44644728449911
61.24898886275677
63.085517050151985