0.0004756157847793172
0.0008488849894329237
0.0014366066647405048
0.002323068810437155
0.003611961100742606
0.005427790200930652
0.007917113663886222
0.011249644471539425
0.015619278786523949
0.02124509371656828
0.028372351082769847
0.03727352939150986
0.04824939040189564
0.06163006990124724
0.07777616619550652
0.09707978447841119
0.11996548214348927
0.14689105036149863
0.1783480609075456
0.21486210602583378
0.25699266211467403
0.30533251641766307
0.36050670799563184
0.4231709498986144
0.4940095167614947
0.5737325989148544
0.6630731393141396
0.7627831799006634
0.8736297484320313
0.9963903137704
1.1318478263368206
1.2807853431976939
1.4439802160639315
1.6221978015921164
1.8161846457273463
2.0266611072902903
2.254313434457352
2.4997854001173603
2.7636697427795758
3.046499836159747
3.348742190504102
3.6707905193160513
4.012962119262779
4.3754971769287705
4.758561297602746
5.1622511539494536
5.586602733233876
6.0316013595499784
6.497192538981825
6.983292729288125
7.48979932309252
8.0165993811562
8.563576894440892
9.130618548280346
9.71761809411344
10.324479507035946
10.951119134971671
11.597467042207814
12.26346772997968
12.949080389444795
13.654278813432478
14.379051066868522
15.123398992698604
15.887337611115596
16.670894454996205
17.474108872504885
18.297031319019172
19.139722653753044
20.002253451475312
20.88470333610517
21.787160340296566
22.709720293309516
23.652486238090532
24.615567877651724
25.59908105018489
26.60314723200577
27.627893067192247
28.673449922642146
29.73995346726783
30.827543274053365
31.936362443708457
33.066557248794865
34.218276797652216
35.39167271398815
36.586898840703874
37.80411095132338
39.04346648407854
40.305124288533634
41.589244387308824
42.89598775192812
44.2255160923365
45.57799165968637
46.95357706202522
48.3524350926019
49.774728570475624
51.220620193235014
52.690272401582696
54.1838472556238
55.7015063226749
57.24341057645756
58.80972030755932
60.400595045006455
62.01619348886742
63.65667345377241