0.0005006204899500425
0.0008909974568442585
0.0015040902262302965
0.0024267246491255306
0.0037654981462490423
0.005648189007302985
0.008224986271825526
0.011669594527308234
0.016180267323775546
0.02198081619413769
0.02932163093050531
0.03848073162730178
0.04976485705127436
0.06351057638954895
0.08008539481903859
0.09988880801858158
0.12335324751705513
0.1509448491779786
0.18316397138844193
0.22054538874704277
0.26365809113209226
0.31310462706516434
0.3695199435077302
0.4335696907535408
0.5059479787015755
0.5873745884438375
0.6785916574822529
0.7803598670753376
0.8934541628901129
1.0186590354878935
1.1567633741721983
1.308554888298051
1.4748140684602538
1.656307642134511
1.853781474259696
2.0679528849833515
2.299502417387545
2.549065196994868
2.817222182722211
3.104491798016695
3.4113226112296964
3.73808784461938
4.085082464183952
4.4525234122326545
4.840553172839142
5.249246432521599
5.6786191844262595
6.1286393601633185
6.599238001020192
7.090320087918738
7.601774373812023
8.133481825204663
8.685322518849935
9.257181020947979
9.848950391414629
10.460535012888803
11.091852459797938
11.742834611385375
12.413428187954498
13.103594859821383
13.813311048811558
14.542567515894753
15.291368806080845
16.059732603697473
16.84768903688294
17.655279959218774
18.482558228128582
19.329586993477037
20.196439005346566
21.083195946589907
21.989947793474716
22.91679220602974
23.86383394858502
24.83118434022863
25.81896073434742
26.827286026194457
27.85628818717083
28.90609982450414
29.976857764932817
31.068702661105675
32.18177861940695
33.31623284804345
34.472215324759375
35.64987847997258
36.84937690403275
38.07086706178249
39.31450702969667
40.58045624534587
41.86887527179841
43.17992557601485
44.513769320765995
45.87056916968181
47.25048810510834
48.653689258435406
50.080335752657746
51.530590556934975
53.004616352928096
54.50257541275883
56.024629488416366
57.57093971248096
59.1416665100288
60.73696952160815
62.35700753717913
64.00193844090767