0.011088711550706407
0.011574717108457849
0.012077302755766984
0.012596870150428423
0.013133826729087363
0.013688585730698555
0.014261566254491057
0.01485319325959588
0.015463897649200382
0.016094116270548273
0.01674429201237502
0.017414873756376327
0.018106316518086082
0.01881908141348766
0.019553635765510204
0.02031045311234477
0.021090013231399786
0.02189280225001745
0.022719312635544033
0.02357004328482148
0.02444549951587129
0.025346193192512516
0.026272642710211944
0.02722537309004406
0.028204915977077496
0.02921180977231622
0.030246599607254603
0.03130983742902483
0.03240208206767073
0.033523899261592736
0.03467586173549617
0.035858549230304564
0.03707254859327188
0.038318453782326775
0.0395968659940419
0.04090839363682364
0.042253652454164826
0.043633265542021724
0.045047863431230746
0.04649808411804237
0.0479845731471584
0.04950798364921672
0.05106897640521035
0.052668219906934634
0.05430639042475759
0.05598417201730144
0.057702256646999676
0.05946134421001045
0.06126214257233585
0.06310536767011218
0.06499174353679252
0.06692200235676725
0.06889688452419766
0.07091713870706272
0.07298352187943052
0.07509679940933653
0.07725774506052113
0.07946714109185107
0.08172577827544113
0.08403445597025826
0.08639398213440957
0.08880517342729444
0.09126885520041936
0.09378586156864384
0.09635703547968846
0.09898322867813952
0.10166530184086577
0.10440412456373728
0.10720057538657397
0.11005554188276132
0.11296992064373518
0.11594461734029779
0.11898054673316814
0.1220786327278437
0.12523980839756285
0.12846501597995363
0.13175520691786982
0.13511134190792223
0.13853439087677175
0.14202533302779882
0.14558515682682963
0.14921486004892986
0.1529154497651237
0.15668794235728833
0.1605333635018942
0.1644527482143162
0.16844714080117124
0.17251759489581667
0.17666517340907442
0.1808909485785069
0.185196001886497
0.1895814240911544
0.1940483151955331
0.19859778441002296
0.20323095015495615
0.20794894001108247
0.21275289069151815
0.21764394799147643
0.22262326678218572
0.2276920109460981
0.23285135331954515
0.23810247566431422
0.243446568598885
0.24888483155436636
0.2544184726888526
0.2600487088416225
0.2657767654695891
0.2716038765413
0.2775312844932465
0.28356024011827824
0.2896920025268775
0.2959278389861735
0.3022690248763755
0.3087168436002886
0.31527258644529027
0.32193755247385525
0.32871304845690236
0.335600388708961
0.3426008949925976
0.3497158963923082
0.35694672917488157
0.3642947366620506
0.3717612690950758
0.37934768346879455
0.3870553434140783
0.3948856190301442
0.40283988672332116
0.4109195290535117
0.4191259345457753
0.42746049754274795
0.4359246180149844
0.44451970138433333
0.45324715830858636
0.4621084045314151
0.4711048606673927
0.48023795196318403
0.4895091081303539
0.49891976314354564
0.5084713549418441
0.5181653253061446
0.5280031195332086
0.537986186269714
0.5481159772173421
0.5583939469067523
0.5688215524358099
0.5794002532109164
0.5901315106694743
0.601016788011536
0.6120575499053874
0.6232552622237901
0.6346113917030192
0.6461274056817112
0.6578047717580413
0.6696449575003952
0.6816494300891549
0.6938196559901344
0.7061571006389391
0.7186632280370743
0.7313395004494605
0.7441873779852757
0.7572083182490491
0.7704037759514164
0.7837752024867338
0.7973240455628241
0.8110517487744944
0.8249597511528509
0.8390494867636422
0.853322384225543
0.867779866301422
0.8824233493800104
0.897254243021369
0.9122739494858467
0.9274838631876977
0.9428853702380657
0.9584798478745218
0.9742686639719008
0.9902531764559518
1.0064347327823997
1.02281466935978
1.039394310965199
1.0561749701721335
1.0731579467382628
1.0903445270171332
1.1077359833198008
1.1253335733236407
1.1431385393855822
1.1611521079556348
1.1793754888962056
1.1978098748482107
1.2164564405259406
1.2353163421096092
1.2543907165407164
1.2736806808583703
1.293187331518479
1.3129117437153044
1.3328549707509239
1.353018043294348
1.3734019687684857
1.3940077306721916
1.4148362879201877
1.4358885742099197
1.4571654973691737
1.4786679387658792
1.5003967526631725
1.52235276566234
1.5445367761103854
1.566949553573135
1.5895918382605536
1.6124643405990222
1.635567740677384
1.6589026878550923
1.682469800344169
1.706269664781854
1.730302835938673
1.7545698363752382
1.7790711561921473
1.8038072527895566
1.8287785506634997
1.8539854412837513
1.879428282983111
1.9051074009101119
1.931023086980491
1.9571755999702782
1.9835651655422364
2.010191976426704
2.0370561925583806
2.064157941338715
2.0914973178672724
2.1190743852802103
2.146889175138657
2.1749416877839476
2.2032318928204537
2.2317597296200185
2.2605251078159547
2.289527907909507
2.31876798185831
2.3482451537171043
2.377959220331948
2.4079099520083624
2.438097093281384
2.4685203636439073
2.4991794583323745
2.53007404913543
2.561203785206044
2.5925682938700425
2.6241671815029006
2.656000034365206
2.6880664194615784
2.720365885398847
2.752897963278732
2.78566216753008
2.8186579968035312
2.8518849348087203
2.8853424511841195
2.919030002333494
2.9529470322648383
2.9870929734058573
3.021467247432846
3.0560692660516664
3.0908984317728834
3.12595413870118
3.16123577324682
3.1967427148678955
3.2324743367821656
3.268430006648977
3.304609087219415
3.3410109369982437
3.3776349108615324
3.414480360640527
3.4515466357201596
3.4888330835916417
3.5263390503590024
3.5640638812810024
3.60200692124652
3.640167515238892
3.6785450087859735
3.717138748379798
3.755948081881458
3.7949723589048916
3.834210931183412
3.873663152895525
3.913328381001179
3.953205975561248
3.993295299992357
4.033595721358691
4.074106610626568
4.114827342885622
4.155757297587244
4.196895858726665
4.2382424150643905
4.27979636027676
4.321557093127729
4.363524017633457
4.405696543170294
4.448074084631293
4.490656062522656
4.533441903072713
4.576431038330101
4.619622906241215
4.663016950728531
4.7066126217513
4.750409375373068
4.794406673797553
4.838603985431816
4.883000784896818
4.9275965530692405
4.972390777104087
5.017382950444351
5.062572572833443
5.107959150318528
5.1535421952684075
5.199321226339756
5.245295768484569
5.291465352937747
5.337829517195133
5.384387804998239
5.431139766310792
5.478084957282113
5.525222940231484
5.572553283608671
5.6200755619532154
5.667789355876686
5.715694252003967
5.763789842941111
5.812075727231771
5.860551509324934
5.909216799497214
5.9580712138455345
6.007114374212405
6.056345908144957
6.105765448852504
6.1553726351366524
6.20516711136288
6.255148527395748
6.305316538545026
6.355670805510215
6.406210994346413
6.4569367769671295
6.507847828802981
6.558943832166133
6.610224473931207
6.661689446041826
6.713338445470274
6.765171174132842
6.817187338876675
6.86938665138978
6.921768828164787
6.974333590437505
7.027080664147452
7.080009779867482
7.133120672765302
7.186413082531483
7.239886753356997
7.293541433856257
7.347376877024176
7.401392840186512
7.4555890849543225
7.509965377157432
7.564521486818736
7.619257188076754
7.674172259166016
7.729266482351527
7.784539643887433
7.839991533951734
7.8956219466464095
7.951430679890674
8.007417535424322
8.063582318734756
8.119924839032898
8.176444909177972
8.233142345680612
8.290016968612125
8.347068601597792
8.40429707175741
8.461702209665207
8.519283849316935
8.577041828078134
8.63497598666065
8.693086169070773
8.751372222569747
8.809833997642382
8.868471347968002
8.927284130350941
8.986272204727488
9.045435434099488
9.104773684505298
9.164286824992224
9.223974727576564
9.283837267206364
9.343874321736596
9.404085771886958
9.464471501218663
9.525031396092361
9.585765345641205
9.646673241751113
9.707754978997102
9.769010454658789
9.830439568648043
9.892042223509222
9.953818324373383
10.015767778936675
10.07789049742869
10.140186392588635
10.20265537963964
10.26529737624841
10.328112302519775
10.391100080949764
10.454260636413442
10.517593896133139
10.581099789661938
10.644778248845446
10.708629207801938
10.772652602906588
10.836848372763297
10.901216458177018
10.9657568021314
11.03046934977143
11.09535404837971
11.16041084734779
11.225639698169227
11.291040554397487
11.356613371640258
11.422358107540441
11.488274721739424
11.554363175874094
11.620623433547049
11.687055460310097
11.753659223648357
11.820434692949238
11.887381839496355
11.95450063645314
12.021791058829583
12.08925308346622
12.15688668904108
12.224691856017309
12.292668566648878
12.360816804956132
12.429136556707668
12.497627809409535
12.56629055228004
12.63512477624255
12.704130473898797
12.773307639531993
12.84265626906909
12.91217636007594
12.981867911746992
13.051730924879607
13.121765401866472
13.191971346683825
13.262348764862269
13.332897663497462
13.403618051210142
13.474509938146374
13.545573335965516
13.616808257814894
13.688214718335013
13.75979273362717
13.831542321253199
13.903463500219829
13.975556290955476
14.047820715322045
14.120256796577301
14.192864559376874
14.265644029755999
14.338595235121954
14.411718204243131
14.485012967232162
14.558479555535364
14.632118001929259
14.705928340497874
14.779910606629498
14.854064837006637
14.92839106958529
15.002889343600645
15.077559699538789
15.152402179137946
15.22741682537818
15.302603682463516
15.377962795817966
15.4534942120766
15.52919797906928
15.60507414581607
15.681122762519664
15.757343880550119
15.833737552435048
15.910303831860867
15.987042773650195
16.063954433759505
16.14103886927304
16.218296138385178
16.295726300400073
16.37332941572036
16.45110554583349
16.529054753312227
16.607177101800517
16.685472656003284
16.763941481682487
16.842583645652986
16.921399215756523
17.000388260878434
17.079550850924594
17.158887056813576
17.23839695047196
17.318080604828335
17.397938093801308
17.47796949230257
17.558174876208607
17.638554322377463
17.71910790862242
17.799835713717954
17.880737817382617
17.961814300281013
18.043065244006414
18.12449073108351
18.206090844956854
18.28786566998292
18.36981529142799
18.45193979545426
18.534239269120693
18.616713800373116
18.69936347803439
18.782188391806777
18.86518863225146
18.948364290801706
19.031715459734055
19.115242232182734
19.198944702117675
19.282822964348
19.36687711451506
19.451107249077058
19.53551346531884