0.01861881579598229
0.019384331998886936
0.0201742141117415
0.020989012716961845
0.021829286130480397
0.022695600428059917
0.02358852951231914
0.02450865522357329
0.025456567384890213
0.026432863881900526
0.027438150728582023
0.02847304216395036
0.029538160712382126
0.03063413726826572
0.03176161116563355
0.032921230296325724
0.034113651114954915
0.035339538825336914
0.03659956735070147
0.03789441950125634
0.0392247870224706
0.04059137069511658
0.04199488039944071
0.043436035209495884
0.044915563496658845
0.04643420299715226
0.04799270090066753
0.049591813938366966
0.0512323084851599
0.05291496062958316
0.05464055626565095
0.056409891157273996
0.05822377111116079
0.06008301193275448
0.06198843963388819
0.06394089043936345
0.06594121092894528
0.06799025805312556
0.07008889931434052
0.07223801276101291
0.07443848711738311
0.07669122186915299
0.07899712732368487
0.08135712469043227
0.08377214618383665
0.08624313507657559
0.0887710458058108
0.09135684401092105
0.09400150662435916
0.09670602195642702
0.0994713897363598
0.10229862122713838
0.1051887392124566
0.10814277816279581
0.11116178419955387
0.11424681522648977
0.1173989409191733
0.12061924287020728
0.12390881452691854
0.12726876134427567
0.13070020075323793
0.13420426226216275
0.13778208742068618
0.14143482994173437
0.14516365568216072
0.14896974264746246
0.15285428107705207
0.15681847344177494
0.16086353441920914
0.16499069096069105
0.16920118226524988
0.17349625980592137
0.17787718730070343
0.18234524074209693
0.1869017083273496
0.1915478905144346
0.19628509995266685
0.20111466146396043
0.2060379120305407
0.2110562007236985
0.21617088869435683
0.22138334911820934
0.22669496711715112
0.23210713972154598
0.23762127580593137
0.24323879600821535
0.2489611326384471
0.2547897296106744
0.260726042362761
0.2667715377277966
0.27292769383591703
0.27919600003772094
0.28557795673124453
0.2920750752775588
0.2986888778337023
0.30542089724134347
0.31227267687125704
0.31924577044458846
0.3263417419073675
0.3335621652280656
0.3409086242115379
0.3483827123494569
0.3559860325955281
0.3637201971659026
0.37158682731662745
0.3795875531251914
0.3877240133019845
0.39599785487229866
0.4044107329793467
0.412964310608961
0.42166025832893783
0.4305002539933805
0.439485982480678
0.44861913536383896
0.4579014106054004
0.46733451224973066
0.4769201500983273
0.48666003932119273
0.4965559001593148
0.5066094574980611
0.5168224405494278
0.5271965823807501
0.5377336195866491
0.5484352918148877
0.5593033413621062
0.5703395126855288
0.581545551984922
0.5929232067010191
0.6044742250269783
0.6162003553662201
0.6281033458596474
0.640184943783781
0.6524468950197673
0.6648909434695105
0.6775188304370513
0.6903322940207433
0.7033330684725375
0.7165228835231342
0.7299034637179319
0.7434765276993573
0.7572437874904352
0.7712069477267249
0.7853677049040191
0.7997277465814842
0.8142887505465697
0.8290523839920836
0.8440203026182961
0.8591941497899066
0.8745755555737297
0.890166135819202
0.9059674911827877
0.9219812061664087
0.9382088480707271
0.9546519659813216
0.9713120897132813
0.988190728712606
1.0052893709895059
1.0226094819803309
1.0401525034219132
1.0579198521900368
1.0759129191712975
1.0941330680483254
1.1125816341409864
1.1312599232149385
1.1501692102944108
1.1693107384669121
1.1886857176796242
1.2082953236146134
1.2281406964596544
1.2482229397934943
1.2685431194361156
1.2891022623690027
1.309901355637535
1.3309413453083656
1.352223135483773
1.3737475873400908
1.3955155182197596
1.4175277007774936
1.4397848621969505
1.4622876834707021
1.485036798732461
1.5080327946835141
1.5312762100962372
1.554767535400521
1.5785072123430595
1.6024956337475442
1.6267331433747823
1.651220035870563
1.6759565568104675
1.7009429028193965
1.7261792218621392
1.7516656135315838
1.7774021295195106
1.8033887741370325
1.8296255049527055
1.8561122335037439
1.882848826114602
1.9098351047870499
1.9370708481996004
1.964555792729277
1.9922896336104123
2.0202720261018885
2.048502586767325
2.07698089477488
2.1057064932396248
2.1346788906644716
2.16389756233865
2.1933619518339915
2.223071472488804
2.2530255089066387
2.2832234184935354
2.3136645329740415
2.344348159924365
2.3752735842824326
2.406440069882656
2.4378468609064146
2.469493183402668
2.501378246711632
2.5335012448857195
2.5658613581022944
2.598457753982709
2.631289588952677
2.6643560094877095
2.697656153371334
2.731189150881077
2.764954125951481
2.7989501972539634
2.833176479284741
2.8676320833638855
2.9023161185997455
2.9372276928178747
2.97236591342926
3.0077298882630545
3.0433187263271932
3.0791315385842766
3.115167438621208
3.1514255433030636
3.187904973389978
3.22460485409929
3.2615243156491966
3.298662493752877
3.336018530055405
3.3735915725742527
3.4113807760949917
3.449385302513001
3.4876043211700805
3.526037009142045
3.5646825515263116
3.6035401416623394
3.6426089813700684
3.6818882811358513
3.7213772602838677
3.7610751471345023
3.8009811791189088
3.8410946029147977
3.8814146745170652
3.921940659340065
3.9626718322584464
4.0036074776661135
4.044746889510106
4.086089371307734
4.127634236173257
4.169380806791826
4.211328415423201
4.253476403885121
4.295824123515324
4.338370935144734
4.381116209037516
4.424059324864628
4.467199671618063
4.510536647575595
4.554069660215876
4.5977981261503
4.641721471053739
4.685839129567106
4.7301505452446095
4.774655170430867
4.819352466195621
4.8642419022389065
4.909322956789029
4.954595116522499
5.000057876450961
5.045710739833565
5.091553218074936
5.137584830629478
5.18380510488842
5.230213576097655
5.276809787242049
5.323593288950621
5.370563639401831
5.417720404199463
5.465063156301876
5.512591475896763
5.560304950326305
5.608203173956971
5.65628574810405
5.704552280927636
5.753002387340037
5.801635688890337
5.85045181369452
5.899450396325124
5.948631077717528
5.99799350508754
6.047537331833085
6.097262217440129
6.147167827403235
6.19725383312652
6.247519911847561
6.297965746539717
6.3485910258503155
6.399395443976283
6.45037870062256
6.501540500910134
6.552880555270779
6.604398579411557
6.6560942942015
6.707967425608551
6.760017704636636
6.812244867221029
6.864648654196455
6.917228811186496
6.969985088561017
7.0229172413518866
7.076025029188563
7.129308216239874
7.182766571141038
7.2363998669185685
7.290207881584198
7.344190395538997
7.398347195265002
7.45267807077488
7.507182816193947
7.561861229667192
7.616713113336693
7.671738273253731
7.726936519357202
7.782307665386849
7.837851528851119
7.893567930970934
7.949456696621726
8.005517654290987
8.061750636022666
8.11815547737372
8.17473201736497
8.23148009843244
8.28839956638503
8.345490270353382
8.402752062753885
8.460184799229093
8.517788338627996
8.575562542958345
8.633507277319145
8.691622409889721
8.749907811887402
8.808363357516743
8.866988923931308
8.925784391205362
8.984749642298748
9.043884562994457
9.103189041905074
9.16266297040067
9.222306242599117
9.282118755309495
9.342100408020041
9.402251102857447
9.462570744547262
9.523059240397757
9.583716500250272
9.644542436470903
9.705536963899743
9.766699999832372
9.828031463990706
9.889531278488976
9.951199367815606
10.013035658798348
10.075040080572613
10.137212564571305
10.199553044479764
10.262061456226448
10.324737737944345
10.387581829957059
10.450593674748282
10.513773216941688
10.577120403270145
10.640635182558839
10.704317505710131
10.768167325659865
10.832184597377863
10.896369277828208
10.96072132596329
11.025240702693631
11.089927370863826
11.154781295245451
11.219802442507527
11.28499078119679
11.350346281720178
11.415868916333677
11.481558659105318
11.547415485912202
11.613439374419777
11.679630304061227
11.745988256014888
11.812513213204737
11.879205160262048
11.946064083516319
12.013089970988585
12.080282812361736
12.147642598970847
12.21516932378481
12.282862981396265
12.35072356799853
12.418751081377032
12.486945520889932
12.555306887456604
12.623835183540486
12.692530413139657
12.761392581766602
12.830421696436051
12.899617765656535
12.96898079941152
13.038510809145512
13.108207807761065
13.178071809585283
13.248102830382717
13.318300887323597
13.388665998977372
13.459198185304027
13.529897467639561
13.60076386868071
13.671797412483349
13.742998124436165
13.814366031258427
13.885901160995274
13.95760354298904
14.029473207885081
14.101510187609941
14.173714515369607
14.246086225629154
14.318625354112996
14.391331937783283
14.464206014843512
14.537247624712695
14.610456808027479
14.683833606628365
14.757378063553256
14.83109022301859
14.90497013042045
14.979017832322167
15.053233376440526
15.127616811643668
15.202168187938668
15.276887556461368
15.351774969469792
15.42683048033359
15.502054143531076
15.57744601463146
15.653006150295976
15.72873460826038
15.804631447336556
15.880696727398007
15.956930509372768
16.033332855235592
16.10990382800311
16.186643491723395
16.263551911464685
16.340629153317856
16.417875284379775
16.495290372748244
16.572874487517993
16.65062769877177
16.72855007756816
16.806641695943085
16.88490262689602
16.963332944387396
17.041932723326415
17.120702039572194
17.19964096991997
17.27874959209738
17.35802798475863
17.437476227473315
17.51709440072657
17.59688258590922
17.67684086531199
17.75696932211431
17.837268040393493
17.917737105092748
17.998376602044093
18.07918661793886
18.16016724033647
18.241318557648082
18.322640659142646
18.40413363492421
18.485797575944815
18.567632573989858
18.64963872166505
18.731816112403504
18.814164840453678
18.896685000875795
18.979376689534377
19.062240003093294
19.145275039011782
19.228481895539613
19.31186067170716
19.39541146732563
19.47913438297754
19.563029520017935
19.647096980555638
19.731336867470283
19.81574928438014
19.9003343356605
19.985092126429024
20.07002276253346
20.15512635056181
20.24040299782956
20.325852812367998
20.411475902936765
20.497272379000623
20.583242350735194
20.669385929021722
20.75570322543976
20.842194352261707
20.928859422451445
21.015698549659493
21.10271184821259
21.189899433119642
21.27726142005646
21.36479792536725
21.452509066063126
21.540394959807212
21.628455724917988
21.716691480369676