0.0014665291291835673
0.0024610907690280244
0.003942873408666549
0.006071060857770977
0.009033656223916437
0.013048840336678335
0.018366300470438177
0.025268605503042836
0.03407267470120203
0.045131355824193
0.05883509464791894
0.07561364583596192
0.09593774477602551
0.120320634152597
0.14931931937139217
0.18353541486580474
0.22361544116865162
0.27025044050689956
0.32417479666698734
0.38616417164193856
0.45703250416950136
0.5376280486820827
0.6288284630393572
0.7315349721775134
0.8466656377957089
0.9751477472955773
1.1179092990754718
1.2758695132052609
1.4499282530371502
1.640954232778771
1.8497719483102975
2.0771474467301334
2.3237733762835115
2.590254218538006
2.8770931079091815
3.1846820067970136
3.5132969994135004
3.8630999396594277
4.234146689534961
4.626401011541872
5.039752236281214
5.47403443751737
5.929045013062625
6.404561166289396
6.900353477118498
7.416196365152287
7.951875663350995
8.507193738930294
9.081972665451554
9.676055925033056
10.289309049894507
10.921619529902628
11.572896234358792
12.243068530063603
12.932085224896147
13.639913426314996
14.36653737472237
15.111957290661264
15.876188260003088
16.659259171134646
17.461211711226614
18.282099424161466
19.121986829776876
19.980948602293807
20.859068804711796
21.756440175523792
22.673163463823396
23.609346808946157
24.565105160925253
25.54055973830516
26.535837520043668
27.55107076863992
28.58639658176621
29.641956470083695
30.717895959087954
31.814364213107222
32.93151367979113
34.069499753610884
35.22848045709392
36.408616138640234
37.61006918596321
38.83300375479695
40.07758550843191
41.343981378571584
42.632359328385824
43.94288813584728
45.2757371858263
46.63107627429101
48.00907542379262
49.40990471001718
50.83373409915964
52.280733295969824
53.75107160233738
55.244917786269
56.76243996118451
58.303805475444676
59.869180812028546
61.45873149832367
63.07262202595567
64.71101578063191
66.37407498194246
68.06196063308721
69.77483248047808
71.51284898317759