0.0015254290866647496
0.002554474641227005
0.004084734151526057
0.006278880025420265
0.009328792980839447
0.013456927120313883
0.01891765498792635
0.02599866786593418
0.035022476846288945
0.046348026685688416
0.060372401346850645
0.07753256580189544
0.09830705916469176
0.12321752762797579
0.1528299662956186
0.18775552785728683
0.22865075465711776
0.27621710012264794
0.33119962489399435
0.39438478164388785
0.46659723596053104
0.5486957052178328
0.6415678262606374
0.7461240803286572
0.8632908032152181
0.994002288029913
1.1391919477856582
1.2997824543499625
1.476674729373993
1.6707356621710698
1.8827845137505554
2.11357817987679
2.363795855843221
2.6340241447475625
2.924744162564255
3.2363225086757845
3.569007853658145
3.9229342220313987
4.298130931733607
4.6945379478364675
5.11202455551118
5.550408986626306
6.009476966979137
6.4889978086916225
6.988737398370931
7.508468017255544
8.047975302728377
8.60706283674933
9.18555488275881
9.783297748256032
10.400160170710642
11.036033038431746
11.69082867995162
12.364479890822986
13.056938816483841
13.768175772190535
14.498178053672174
15.246948772674587
16.014505738110053
16.80088039435218
17.60611682191417
18.43027080187019
19.273408942772793
20.135607867317997
21.01695345517337
21.91754013798196
22.837470242509372
23.77685337792055
24.73580586344812
25.71445019292902
26.712914532987416
27.731332251950896
28.769841476871637
29.8285846762798
30.90770826661176
32.0073622404141
33.1276998147259
34.26887709815982
35.43105277544127
36.61438780830777
37.81904515176311
39.04518948543842
40.292986955540364
41.56260493802799
42.854211803758396
44.167976703817416
45.50406936348159
46.86265988815725
48.243918580527755
49.64801576864281
51.075121644762646
52.52540611480658
53.999038658243336
55.49618819833963
57.01702298264713
58.561710473665
60.13041724963499
61.72330891534831
63.34055002300647
64.98230400300946
66.64873310469758
68.33999834695493
70.0562594786773
71.79767494903523