 0.79104603075678E-29
 0.19776150768920E-29
 0.87894003417420E-30
 0.49440376922299E-30
 0.31641841230271E-30
 0.21973500854355E-30
 0.16143796546057E-30
-0.26533639354596E-16
 0.97660003797134E-31
 0.33613308058309E-16
 0.66600850323583E-16
 0.69001025844593E-16
 0.40061541183207E-15
 0.23875550221965E-14
 0.97910520364835E-14
 0.33613012456045E-13
 0.99492120063161E-13
 0.25946501627752E-12
 0.60937638602476E-12
 0.13087304389177E-11
 0.26047911090976E-11
 0.48549383951515E-11
 0.85482146086375E-11
 0.14321097284004E-10
 0.22968633272540E-10
 0.35446561587195E-10
 0.52868239604210E-10
 0.76492268340798E-10
 0.10770605285888E-09
 0.14800376318645E-09
 0.19896091188219E-09
 0.26220732269178E-09
 0.33940105310488E-09
 0.43220007794967E-09
 0.54223976288081E-09
 0.67110975626808E-09
 0.82033623721772E-09
 0.99136653302247E-09
 0.11855576237987E-08
 0.14041686611055E-08
 0.16483563181367E-08
 0.19191736003459E-08
 0.22175710139426E-08
 0.25444005380450E-08
 0.29004210092114E-08
 0.32863052434027E-08
 0.37026479517511E-08
 0.41499743562973E-08
 0.46287489307406E-08
 0.51393839427945E-08
 0.56822475874743E-08
 0.62576711922133E-08
 0.68659557844751E-08
 0.75073768521323E-08
 0.81821886397362E-08
 0.88906262646636E-08
 0.96329069223619E-08
 0.10409229467047E-07
 0.11219772616899E-07
 0.12064692054256E-07
 0.12944116104299E-07
 0.13858140866171E-07
 0.14806824050223E-07
 0.15790178811080E-07
 0.16808166641077E-07
 0.17860690666542E-07
 0.18947588810904E-07
 0.20068626992703E-07
 0.21223493379404E-07
 0.22411792550530E-07
 0.23633040929505E-07
 0.24886662676563E-07
 0.26171986393067E-07
 0.27488242778078E-07
 0.28834562656124E-07
 0.30209975926008E-07
 0.31613410649911E-07
 0.33043692467471E-07
 0.34499543922266E-07
 0.35979583472618E-07
 0.37482223136998E-07
 0.39006169474045E-07
 0.40549412423285E-07
 0.42110276575901E-07
 0.43686661102478E-07
 0.45276627971727E-07
 0.46877891535037E-07
 0.48488051766831E-07
 0.50104525910040E-07
 0.51724527050956E-07
 0.53345040186996E-07
 0.54962796354501E-07
 0.56574245752549E-07
 0.58175531226351E-07
 0.59762464086761E-07
 0.61330504384257E-07
 0.62874748733090E-07
 0.64389928802896E-07
 0.65870424331794E-07
 0.67310293732088E-07
 0.68703326546651E-07
 0.70043119462204E-07
 0.71323177695430E-07
 0.72537041056283E-07
 0.73678431831403E-07
 0.74741419174294E-07
 0.75720591937178E-07
 0.76611229967226E-07
 0.77409462577275E-07
 0.78112402702911E-07
 0.78718246548869E-07
 0.79226330978673E-07
 0.79637144363350E-07
 0.79952290501499E-07
 0.80174409307546E-07
 0.80307061143866E-07
 0.80354584176369E-07
 0.80321935275017E-07
 0.80214524962741E-07
 0.80038055893204E-07
