 0.78503222377970E-17
-0.11641687051011E-29
-0.26057350012110E-14
 0.17272404263464E-13
 0.13083703296585E-12
 0.26438559811401E-11
 0.23313532766560E-10
 0.11374012221132E-09
 0.41118237350516E-09
 0.11376835890328E-08
 0.27453737690181E-08
 0.61155729944795E-08
 0.12876238530558E-07
 0.26063071995858E-07
 0.51088568167397E-07
 0.91298192120295E-07
 0.80194269623244E-07
 0.45386389946231E-06
 0.26564058505003E-06
 0.39041708506623E-06
 0.68291526984781E-06
 0.69952469004659E-06
 0.20350503076323E-05
 0.27095124910456E-05
 0.44788176335621E-05
-0.11751025441619E-03
 0.11170394076663E-04
 0.16145683704230E-04
 0.26359917301372E-04
 0.41485189030961E-04
 0.58228407782764E-04
 0.82225608395907E-04
 0.10969705678447E-03
 0.13343551023984E-03
 0.13204409231054E-03
 0.57340459476779E-04
-0.16916591522663E-03
-0.63589065437177E-03
-0.13542707185401E-02
-0.21020609956436E-02
-0.23113615553215E-02
-0.13064570056370E-02
 0.10218626032749E-02
 0.37867938672197E-02
 0.54631258276765E-02
 0.49770959461584E-02
 0.25250912502386E-02
-0.60965516576589E-03
-0.29905266585894E-02
-0.38738977810225E-02
-0.33969304829097E-02
-0.22058730122112E-02
-0.32797286729283E-03
-0.41503852084032E-04
 0.10340380792859E-02
 0.67329095243277E-03
 0.65475703906956E-03
 0.54277503033224E-03
 0.40966362967631E-03
 0.28986005265552E-03
 0.19475708970315E-03
 0.12525747748956E-03
 0.77169825723411E-04
 0.44712747930456E-04
 0.23825079264658E-04
 0.10609484122056E-04
 0.26186166504580E-05
 0.37383392195530E-04
 0.43016665614456E-05
 0.92982779269527E-05
-0.36068572162322E-04
-0.12446238175171E-04
 0.18339109174684E-04
 0.23007655401016E-05
-0.27613915381255E-04
-0.29331319719024E-04
 0.16926504634086E-04
 0.11429710025134E-04
 0.47472830085060E-05
-0.25987739744278E-05
-0.44030128537700E-05
-0.20257632605387E-05
-0.17045281820795E-05
-0.14230504206232E-05
-0.12137068274977E-05
-0.10830739595581E-05
-0.98264924110313E-06
-0.87321984814051E-06
-0.92829049560528E-06
-0.67196190768283E-06
-0.59296244279825E-06
-0.52305297309836E-06
 0.26450611785830E-06
-0.84963590647538E-08
-0.24870452000559E-06
-0.45242538920132E-06
 0.26584657751408E-03
-0.64036956890428E-06
-0.53297633344163E-06
-0.20118586090662E-03
-0.38612566814591E-06
-0.16999497030631E-06
-0.15007194268265E-06
 0.15665518432536E-07
-0.22464842792993E-08
-0.19314021752545E-08
 0.11060395733836E-06
-0.51589261395075E-04
 0.81626803806707E-07
 0.10210561366003E-06
 0.85807026247465E-07
 0.68976731437381E-06
 0.73217161150602E-05
-0.27290159590634E-05
-0.16756108858998E-07
-0.44040863305305E-07
-0.33490139165884E-07
-0.33882417924334E-07
-0.24866497551669E-07
-0.32886474400836E-06
