3.971889227456797e-12
3.971889227456797e-12
3.971889227456797e-12
3.971889227456797e-12
3.971889227456797e-12
3.971889227456797e-12
3.971889227456797e-12
3.971889227456797e-12
3.971889227456797e-12
3.971889227456797e-12
3.971889227456797e-12
3.971889227456797e-12
3.971889227456797e-12
3.971889227456797e-12
3.971889227456797e-12
3.971889227456797e-12
3.971889227456797e-12
3.971889227456797e-12
5.9578338411851955e-12
5.9578338411851955e-12
6.206076917901245e-12
7.199049224765445e-12
1.1170938452222241e-11
2.358309228802473e-11
5.908185225841986e-11
1.6185448601886448e-10
4.2573687656802544e-10
1.0508129437390388e-9
2.4553722717984486e-9
5.445211887766553e-9
1.1517485787317846e-8
2.3312259091327523e-8
4.533216472527129e-8
8.495672463068716e-8
1.539603561792941e-7
2.705052675928684e-7
4.6193046891014877e-7
7.683619710515173e-7
1.247367591750503e-6
1.9798921992749847e-6
3.0775200636365196e-6
4.691472178662841e-6
7.0232705363305e-6
0.000010337499558609612
0.000014976666176279151
0.000021378383462940313
0.000030095000456307845
0.00004181584697207148
0.000057392080998173685
0.00007786432162465124
0.0001044930685020129
0.00013879189640897182
0.0001825634996506984
0.00023793845298106201
0.0003074167744444792
0.0003939120600160371
0.0005007982441568819
0.0006319587745335288
0.0007918381294070866
0.0009854955314772254
0.0012186606891273512
0.001497791411905011
0.0018301330468652637
0.002223779378058747
0.0026877349762557978
0.003231978784176364
0.00386752880143675
0.004606507657710086
0.005462209000124092
0.00644916450126653
0.0075832113606979015
0.008881560186276042
0.010362863178089028
0.012047282364270896
0.013956558044845047
0.016114077100771666
0.01854494128338395
0.021276035330798887
0.024336094898145744
0.027755774283738748
0.03156771386803252
0.035806607327421025
0.040509268537484495
0.045714698306686216
0.05146415076352211
0.057801199630471374
0.06477180430605527
0.07242437579174399
0.08080984263872293
0.08998171683756313
0.09999615981736684
0.11091204865467848
0.12279104248173486
0.13569764933211967
0.14969929342133984
0.16486638305893217
0.18127237929760395
0.1989938654050508
0.21811061742903723
0.23870567587535088
0.26086541879006775
0.2846796363116648
0.3102416069816865
0.3376481759619181
0.3669998353837187
0.3984008070834671
0.43195912792643754
0.4677867380400851
0.5059995721694835
0.5467176545277781
0.5900651974176981
0.6361707039205332
0.6851670751743787
0.7371917224429763
0.7923866845547967
0.8508987510504727
0.9128795915971276
0.9784858921757686
1.0478794985436914
1.121227567631479