3.971889227456797e-12
3.971889227456797e-12
3.971889227456797e-12
6.33019845625927e-12
4.3467362732980323e-10
1.5218417696539076e-8
2.0619603674650035e-7
1.5239122410352577e-6
7.48045596295076e-6
0.00002747842632953922
0.00008154781495421931
0.00020585790783062235
0.0004582391598955534
0.0009231231588998113
0.001715601349319152
0.0029845749384855144
0.004915153373903946
0.007730549744058896
0.011693741751119245
0.017109144976516395
0.02432445735580045
0.03373294303766026
0.045775952611188456
0.06094607350688526
0.0797905648277529
0.10291516221201669
0.13098807900771228
0.16474404030360967
0.2049881453603725
0.2525993105965617
0.308533031120335
0.3738229297309952
0.44958116083356237
0.5369963358710097
0.6373287648218614
0.7519015500375704
0.8820858451765234
1.0292779824788034
1.1948657442717874
1.3801815119713632
1.5864422992818301
1.814681677005372
2.06568559055643
2.3399492166412097
2.6376697351421683
2.9587785033046754
3.3030018855137064
3.6699322716587552
4.059092936816767
4.469988030682265
4.90213622684813
5.355090650251975
5.828448914921564
6.321856747675943
6.8350077998264895
7.3676413945996195
7.919539301564186
8.490522180336903
9.080446049479614
9.689198962107433
10.31669796800046
10.962886384618967
11.627731369139152
12.311221768683364
13.013366220098291
13.734191469348335
14.473740882148139
15.232073119919649
16.0092609580497
16.805390226531806
17.620558855701375
18.454876012261213
19.308461313066516
20.181444105895906
21.07396280812221
21.98616429549145
22.91820333463122
23.870242052932326
24.8424494418474
25.83500088980516
26.84807773981916
27.881866869943966
28.936560292416313
30.01235477684063
31.109451476809333
32.22805558306234
33.36837598349322
34.53062493621554
35.7150177522881
36.92177249094282
38.1511096604763
39.40325193036241
40.678423850422
41.9768515779288
43.29876261215536
44.644385536176465
46.01394976577817
47.40768530538017
48.82582251097826
50.268591860098496
51.73622372884424
53.22894817615691
54.74699473539201
56.29059221341233
57.859968497370375
59.45535036938331
61.07696332934393
62.72503142606767
64.3997770970532
66.10142101706406
67.83018195581244
69.58627664493869
71.3699196545565
73.18132327956691
75.02069743595577
76.88824956726381
78.78418456141823
80.70870467807471
82.66200948661259
84.64429581489449