3.971889227456797e-12
3.971889227456797e-12
3.971889227456797e-12
1.1046816913864217e-11
1.045972203743076e-9
3.177548618426945e-8
3.875899835767618e-7
2.6472759616460994e-6
0.0000122215896655968
0.000042745702856072935
0.00012187374260272258
0.00029757510878061766
0.0006440557122894342
0.0012667522520270274
0.0023062264274928473
0.0039410764265586954
0.0063901447509856395
0.009914358141977586
0.014818488072294557
0.021453165635264435
0.03021721380958937
0.04156052642019857
0.05598750184380859
0.07406097768154875
0.0964066493016544
0.12371780400089046
0.15676019978159272
0.19637685462975704
0.24349246079117873
0.29911707964846496
0.3643486988163687
0.4403739970886796
0.5284668594929469
0.6299829501664516
0.7463491799185578
0.879045226681327
1.029573767479203
1.1994154756230224
1.3899659473748274
1.6024562068642214
1.8378672981519097
2.0968598159607232
2.379742769428266
2.6864953055111416
3.016833597047671
3.3702988433831487
3.7463412855040175
4.144385462639388
4.563873423419168
5.004289370246337
5.465171228000743
5.946114055638372
6.446768862706995
6.966839122751434
7.506076344356943
8.06427545437933
8.6412703801779
9.236930005870285
9.851154561045325
10.483872439576823
11.135037417240419
11.804626225183068
12.492636433861446
13.19908460438519
13.92400466821125
14.667446501063996
15.429474661746443
16.211473907481935
17.00961506836732
17.827920209928887
18.665196056233885
19.521565825511534
20.397162217291424
21.29212672667745
22.206609066147603
23.140766627106558
24.094763976964796
25.068772386755
26.062969385023354
27.07753833525269
28.11266803389908
29.1685523266041
30.245389739745477
31.343383130696616
32.46273934253252
33.6036688789093
34.76638558535535
35.95110634110517
37.15805075990572
38.38744089913408
39.639500976718665
40.914457095447574
42.212536974332664
43.53396968678242
44.87898540540418
46.24781515333733
47.6406905620501
49.057843635616145
50.499506521506085
51.96591128798302
53.457289708245845
54.97387305143737
56.515891880749855
58.083575858791384
59.677153560463196
61.296852293580756
62.94289792748287
64.61551472989564
66.31492521230498
68.04134998409516
69.79500761572369
71.5761145111626
73.38488478986162
75.2215301784615
77.08625991245832
78.97928064803033
80.90079638419773
82.85100839547754
84.83011517515564
86.83831238931694