3.971889227456797e-12
3.971889227456797e-12
3.971889227456797e-12
2.730673843876548e-11
2.7239712808052144e-9
7.067989292413206e-8
7.691285456724165e-7
4.822070627135464e-6
0.000020827640682053463
0.00006907008013828844
0.00018855190102725657
0.00044405456886198593
0.0009323069544689738
0.0017868462346732603
0.003181603414884191
0.005333520721183122
0.008504617635228627
0.013003912114949319
0.01918955888804382
0.02747142462040356
0.038314325365165
0.05224193012029954
0.06984139600981273
0.0917686282300862
0.11875403760579697
0.1516085929301463
0.19122990029494447
0.23860797295504255
0.29483026870837203
0.36108543008091815
0.4386650254047352
0.5289620353125515
0.6334645801398993
0.753741865870841
0.8914184759291721
1.0481312593795842
1.2254629086640374
1.4248496965444466
1.6474712667897553
1.8941471032131967
2.1652765508530076
2.460850357039322
2.7805302255779125
3.123762982259659
3.489890605794561
3.878233437191211
4.288142342678308
4.719025940741676
5.17036133361873
5.6416953102124285
6.132640694376168
6.642870620641547
7.172112255820172
7.720140725370503
8.286773578666656
8.87186590204685
9.475306076780708
10.097012128691079
10.736928597969685
11.39502385554622
12.071287797622372
12.76572985784329
13.478377285316295
14.209273644736877
14.958477502103838
15.726061265737897
16.51211015750405
17.316721404220555
18.140002857000592
18.98207334965727
19.843060908793504
20.723102681387743
21.622344246412588
22.54093907835752
23.47904804708356
24.436838948265365
25.414486060838147
26.41216972793617
27.430075958371244
28.46839604619936
29.52732620627974
30.607067224012283
31.70782411772353
32.82980581243229
33.97322482384057
35.1382969516718
36.3252409815138
37.534278394273464
38.76563308435665
40.019531081929564
41.296200284541484
42.59587019361241
43.91877165727347
45.26513661916612
46.63519787312429
48.02918882370219
49.44734325262042
50.88989509118576
52.35707819877829
53.8491261475986
55.36627201381812
56.9087481753549
58.476786116491
60.07061623959041
61.69046768414839
63.33656815348772
65.009143749317
66.70841881448145
68.43461578416435
70.18795504579698
71.96865480798817
73.77693098786273
75.61299705285667
77.47706400990174
79.36934022100887
81.2900313666388
83.2393403644238
85.2174673074141
87.22460941301831
89.26096098267601