3.971889227456797e-12
3.971889227456797e-12
3.971889227456797e-12
5.697178610633343e-11
5.25245113869654e-9
1.222293055057568e-7
1.2300060915726742e-6
7.272048080390719e-6
0.00003000942697175306
0.00009595828583869373
0.0002542774699633096
0.0005842444658928087
0.001201443206177507
0.002262409826842184
0.003967948366876228
0.006565566199387324
0.010351533796134783
0.01567302171651215
0.022930668146591397
0.03258182023342754
0.0451445885334791
0.061202760341362114
0.08141153386847076
0.10650395774286031
0.13729788569679974
0.17470318162769918
0.21972882829057833
0.2734894930049778
0.3372109442128935
0.41223351681671055
0.5000122872707554
0.6021119815646925
0.720193239398629
0.8559849818233639
1.011235398751032
1.1876332199997393
1.38669540650317
1.609632317831177
1.8572254958075616
2.1297684889670294
2.4271025731764553
2.7487314453713574
3.093963625848973
3.4620354251559546
3.8521943440625406
4.263745204668705
4.696070037568498
5.148632478999393
5.620974244631187
6.112708205901374
6.62351050094538
7.153112864918548
7.701295682866843
8.267881919739773
8.852731915981478
9.455738966945
10.076825581715704
10.715940316890482
11.37305509073351
12.048162895152828
12.74127583708952
13.452423451352505
14.181651237957558
14.929019385228708
15.694601647086165
16.478484348650703
17.280765607358422
18.10155399421029
18.940968895014965
19.7991387698069
20.676201090877164
21.57230167725202
22.487594177109067
23.422239584171685
24.376405783421976
25.350267122280822
26.344004003894373
27.357802499760666
28.39185397934424
29.44635475466839
30.52150573814821
31.617512112289763
32.73458300992818
33.87293120404993
35.03277280625479
36.2143269731404
37.41781561999596
38.64346314127555
39.89149613746209
41.162143147964166
42.45563438984312
43.77220150212804
45.112077295681715
46.47549550846965
47.86269056631708
49.27389734911798
50.709350962628676
52.169286515945224
53.65393890482632
55.16354260104376
56.698331447975264
58.258538462675794
59.8443956446615
61.4561337917141
63.09398232290987
64.75816910927296
66.44892031221181
68.16646023013527
69.9110111534844
71.68279322847812
73.48202432984753
75.30891994282487
77.16369305509593
79.0465540556967
80.95771065086804
82.89736778071112
84.86572755318926
86.86298918579001
88.8893489582626
90.94500017605938