 0.17606520530429E-07
 0.23765771602192E-07
 0.31097120652034E-07
 0.39676243775998E-07
 0.49593514967559E-07
 0.60963605695214E-07
 0.73927344814971E-07
 0.88655029824938E-07
 0.10534356930140E-06
 0.12421416444451E-06
 0.14550485977438E-06
 0.16946009466658E-06
 0.19632004457011E-06
 0.22630637495911E-06
 0.25960662860223E-06
 0.29635541628394E-06
 0.33662232218556E-06
 0.38039319204964E-06
 0.42755692126032E-06
 0.47789300429252E-06
 0.53106063340704E-06
 0.58658592555380E-06
 0.64384236185685E-06
 0.70202737134212E-06
 0.76011738730852E-06
 0.81681201622538E-06
 0.87045643812311E-06
 0.91896259585193E-06
 0.95975009171873E-06
 0.98976019520400E-06
 0.10056059919628E-05
 0.10039297597194E-05
 0.98199247379707E-06
 0.93842502726915E-06
 0.87392987278846E-06
 0.79163115816330E-06
 0.69681752631130E-06
 0.59606058100830E-06
 0.49598533587184E-06
 0.40217227008074E-06
 0.31841954478852E-06
 0.24667230929994E-06
 0.18728148850653E-06
 0.13949185122829E-06
 0.10192765290209E-06
 0.72975910890786E-07
 0.51039435263137E-07
 0.34676111897290E-07
 0.22657237054306E-07
 0.13975702311189E-07
 0.78279524467180E-08
 0.35853993507067E-08
 0.76248509439384E-09
-0.10116756412362E-08
-0.20184372389047E-08
-0.24700206834852E-08
-0.25254479860282E-08
-0.23037498011635E-08
-0.18933413377961E-08
-0.13596559652485E-08
-0.75091222495430E-09
-0.10222317215554E-09
 0.56096636178690E-09
 0.12204949916341E-08
 0.18636995891295E-08
 0.24818651110640E-08
 0.30694263395724E-08
 0.36228805857162E-08
 0.41404794285432E-08
 0.46783676238236E-08
 0.50662513879556E-08
 0.54754457134193E-08
 0.58503423764684E-08
 0.61923750255977E-08
 0.65031693638352E-08
 0.67844626843474E-08
 0.70379848186070E-08
 0.72654624261799E-08
 0.74685886190277E-08
 0.76490042961095E-08
 0.78082761463916E-08
 0.79458391578305E-08
 0.80692900556560E-08
 0.81737514545693E-08
 0.82625453398779E-08
 0.83368615444296E-08
 0.83977435756197E-08
 0.84462484884994E-08
 0.84832665865347E-08
 0.85097478981845E-08
 0.85264606871453E-08
 0.85341848632407E-08
 0.85335839461648E-08
 0.85253942500609E-08
 0.85101542373119E-08
 0.84884422625146E-08
 0.84608020942407E-08
 0.84277021981681E-08
 0.83896058273343E-08
 0.83469129768697E-08
 0.83000622053300E-08
 0.82493597938526E-08
 0.81951585524638E-08
 0.81377930865005E-08
