6.599121971268272
6.632374593441158
6.665795957192018
6.699385798929032
6.733143857436062
6.76706987385131
6.801163591675881
6.835424756757269
6.869853117286884
6.904448423804762
6.939210429170148
6.974138888571183
7.009233559511368
7.044494201804231
7.079920577554709
7.115512451164731
7.151269589312117
7.187191760945122
7.22327873727188
7.259530291751713
7.295946200080126
7.33252624018072
7.3692701921913075
7.406177838462908
7.443248963528598
7.480483354108725
7.5178807990908
7.555441089521795
7.59316401858507
7.631049381602219
7.669096976015332
7.707306601362045
7.745678059280994
7.7842111534855105
7.822905689757286
7.861761475931107
7.9007783218728855
7.939956039484247
7.979294442669399
8.018793347336985
8.058452571372282
8.09827193463932
8.138251258951819
8.178390368065143
8.218689087667965
8.259147245359195
8.299764670638785
8.34054119489209
8.381476651379826
8.422570875218936
8.463823703368213
8.505234974620214
8.546804529584636
8.588532210669454
8.630417862074955
8.672461329777478
8.714662461506956
8.757021106750258
8.799537116721659
8.842210344355626
8.88504064429678
8.928027872881016
8.971171888122479
9.014472549699166
9.057929718949444
9.101543258845615
9.145313033982504
9.189238910580672
9.233320756450805
9.277558440991726
9.321951835183812
9.366500811562807
9.411205244215726
9.456065008768567
9.501079982368317
9.54625004367748
9.591575072855843
9.63705495155141
9.682689562888608
9.728478791459109
9.77442252329712
9.820520645889822
9.866773048144834
9.913179620386257
9.959740254348459
10.006454843161555
10.053323281333777
10.100345464749251
10.147521290653092
10.194850657642844
10.242333465651969
10.289969615948861
10.337759011116233
10.385701555049014
10.433797152938329
10.4820457112658
10.530447137790999
10.57900134154116
10.627708232802346
10.676567723111528
10.725579725243536
10.774744153204233
10.824060922221095
10.873529948733019
10.923151150382138
10.972924446003637
11.022849755619806
11.072926999936342
11.123156102287966
11.173536986230458
11.224069575429315
11.274753796202521
11.325589575503182
11.376576841411435
11.427715523124998
11.47900555095435
11.530446856313027
11.582039371709074
11.633783030738588
11.685677768081119
11.737723519487012
11.789920221774187
11.842267812825025
11.894766231564905
11.947415417972866
12.00021531306636
12.053165858891546
12.10626699852393
12.159518676058179
12.212920836603278
12.266473426271864
12.320176392180464
12.374029682443917
12.428033246162588
12.48218703341715
12.536490995272938
12.590945083764794
12.645549251893106
12.700303453620949
12.75520764386688
12.81026177850011
12.865465814333664
12.920819709127619
12.976323421571596
13.031976911284142
13.087780138817447
13.143733065636114
13.199835654130577
13.256087867598218
13.312489670239904
13.369041027168794
13.425741904390359
13.482592268809945
13.539592088214912
13.596741331290762
13.654039967594949
13.71148796756979
13.769085302532288
13.826831944666681
13.884727867024944
13.94277304352827
14.00096744895144
14.059311058929273
14.117803849949922
14.17644579934991
14.235236885309664
14.294177086860714
14.353266383868307
14.412504757034903
14.47189218790176
14.531428658833569
14.591114153028743
14.65094865451172
14.710932148124284
14.771064619532257
14.8313460552162
14.891776442528993
14.952355769463743
15.013084024991628
15.073961198835509
15.134987281525037
15.196162264383002
15.257486139543321
15.318958899925235
15.380580539251174
15.442351052034343
15.504270433575007
15.566338679966563
15.62855578808276
15.690921755588503
15.753436580925943
15.81610026331795
15.878912802767632
15.941874200051862
16.00498445672452
16.068243575109907
16.131651558306217
16.19520841017599
16.25891413535442
16.322768739237446
16.386772227991177
16.45092460853774
16.515225888565357
16.57967607651751
16.644275181595713
16.70902321376394
16.7739201837304
16.83896610296616
16.90416098368975
16.969504838867522
17.03499768222086
17.100639528216018
17.166430392064573
17.232370289725083
17.298459237898975
17.36469725402805
17.43108435629947
17.497620563637668
17.564305895706852
17.631140372908256
17.69812401637717
17.76525684799225
17.832538890354297
17.899970166806714
17.967550701419903
18.03528051899607
18.103159645068637
18.17118810589638
18.239365928468413
18.307693140498344
18.376169770423033
18.444795847411545
18.51357140134862
18.582496462842133
18.651571063225944
18.72079523454625
18.790169009579206
18.85969242180585
18.92936550543706
18.999188295392816
19.06916082731126
19.139283137542886
19.20955526315534
19.27997724192229
19.35054911233543
19.421270913592473
19.49214268560581
19.563164468990248
19.63433630507317
19.705658235036115
19.777130303292747
19.848752552463797
19.920525026695945
19.992447770839643
20.064520830450718
20.136744251781323
20.209118081787384
20.281642368122885
20.35431715914309
20.427142503897233
20.500118452133975
20.573245054296926
20.646522361524408
20.719950425649202
20.79352929919421
20.867259035381874
20.941139689564697
21.015171313493656
21.08935396386003
21.16368769664251
21.238172568501078
21.312808636790944
21.387595959547976
21.462534595490116
21.537624604024153
21.612866045237208
21.688258979898066
21.763803469454583
21.839499576038033
21.915347362454778
21.991346892191004
22.06749822941047
22.1438014389493
22.220256586319096
22.296863737709273
22.37362295997766
22.450534320653315
22.527597887939788
22.604813730706656
22.682181918492272
22.759702521506597
22.837375610619436
22.915201257371333
22.993179533961687
23.071310513262123
23.149594268794047
23.228030874749127
23.30662040597513
23.38536293797941
23.46425854692654
23.54330730963708
23.622509303589304
23.7018646069109
23.7813732983895
23.861035457454822
23.94085116419728
24.020820499350982
24.100943544300936
24.1812203810741
24.26165109235081
24.342235761450628
24.422974472338296
24.50386730962213
24.584914358546946
24.666115705002486
24.747471435514246
24.82898163724385
24.910646397991766
24.992465806190246
25.074439950906303
25.156568921840215
25.238852809319194
25.321291704303103
25.403885698378623
25.48663488375837
25.56953935328203
25.652599200412748
25.73581451923527
25.81918540445657
25.90271195140285
25.986394256019317
26.070232414868933
26.15422652512595
26.238376684586967
26.322682991652936
26.407145545344175
26.491764445283977
26.576539791705947
26.66147168545673
26.74656022797775
26.831805521324466
26.917207668147256
27.002766771706302
27.08848293585223
27.17435626504238
27.260386864319567
27.34657483933282
27.43292029631925
27.519423342111132
27.606084084124614
27.692902630372988
27.7798790894518
27.867013570543076
27.95430618341494
28.04175703841528
28.129366246474873
28.217133919103265
28.305060168388906
28.393145106995433
28.481388848158794
28.56979150569137
28.658353193976247
28.747074027966352
28.83595412317763
28.924993595699213
29.014192562182394
29.103551139839105
29.19306944644505
29.28274760033498
29.3725857204013
29.46258392609214
29.55274233741118
29.643061074911827
29.73354025970568
29.824180013445744
29.914980458333652
30.00594171712175
30.097063913102573
30.188347170112802
30.279791612524946
30.371397365258396
30.463164553760805
30.555093304022858
30.647183742564497
30.73943599643603
30.83185019321987
30.92442646102671
31.01716492849176
31.11006572477651
31.203128979561914
31.296354823054557
31.389743385973542
31.48329479956175
31.577009195571716
31.670886706271443
31.764927464443055
31.859131603372973
31.953499256859
32.04803055920437
32.14272564521488
32.237584650200745
32.332607709972045
32.42779496083668
32.5231465395967
32.61866258355163
32.7143432304935
32.81018861870252
32.90619888695265
33.00237417449833
33.098714621085385
33.195220366938024
33.29189155276464
33.38872831975186
33.485730809561844
33.58289916433285
33.68023352667918
33.77773403968491
33.87540084690193
33.97323409235132
34.07123392052222
34.169400476358916
34.267733905278604
34.366234353149544
34.46490196630283
34.56373689152186
34.6627392760452
34.76190926756407
34.86124701421852
34.960752664595304
35.06042636772964
35.16026827309726
35.26027853061872
35.36045729065238
35.46080470399535
35.56132092188154
35.66200609597568
35.76286037837567
35.86388392161175
35.965076878636786
36.06643940283619
36.16797164801169
36.26967376839014
36.3715459186199
36.47358825376427
36.57580092930037
36.678184101125346
36.78073792554223
36.883462559266256
36.986358159417534
37.08942488352343
37.19266288951545
37.29607233572488
37.39965338088145
37.50340618411617
37.60733090495105
37.71142770329991
37.815696739477026
37.92013817417449
38.02475216847412
38.12953888384898
38.23449848214934
38.33963112560714
38.444936976832885
38.55041619881405
38.656068954913934
38.76189540886945
38.86789572478008
38.974070067125346
39.08041860074238
39.186941490838066
39.29363890297713
39.40051100308723
39.50755795745301
39.614779932716424
39.722177095872716
39.82974961426664
39.937497655596324
40.04542138790606
40.15352097958696
40.26179659937207
40.37024841633441
40.47887659989331
40.58768131979763
40.69666274613447
40.805821049327406
40.915156400124985
41.02466896961001
41.13435892918948
41.24422645059745
41.35427170588749
41.464494867440706
41.57489610794713
41.68547560042029
41.79623351818771
41.90717003488686
42.01828532446937
42.129579561190816
42.24105291961525
42.35270557461302
42.46453770135104
42.57654947530277
42.68874107223511
42.801112668212596
42.91366443959432
43.026396563028314
43.1393092154564
43.25240257410441
43.36567681648252
43.47913212039124
43.59276866390923
43.706586625389455
43.82058618346888
43.93476751705505
44.04913080533403
44.16367622775714
44.27840396404829
44.39331419419622
44.50840709845856
44.62368285735085
44.73914165165263
44.8547836624005
44.97060907088936
45.08661805866719
45.20281080753494
45.31918749954538
45.43574831699831
45.55249344244001
45.66942305866191
45.78653734869849
45.90383649582188
46.02132068354405