1.9859446137283985e-12
5.9578338411851955e-12
1.9859446137283985e-12
3.971889227456797e-12
3.8465264737151917e-10
1.3790771762345073e-8
1.8951708090810242e-7
1.4155079648364329e-6
7.005366625030047e-6
0.00002590292036453314
0.00007728512236751581
0.00019596844755483602
0.000437867780307024
0.0008849178175726211
0.0016491444655882088
0.002875842038598219
0.00474599802163828
0.007478202585201634
0.01133030436221658
0.016601057910990914
0.02363191692303204
0.032809231075847524
0.0445667282610218
0.05938859717265868
0.07781239697540626
0.10043364336815681
0.12790880851238554
0.1609597118069939
0.20037722178352607
0.24702466401343995
0.30184055341985877
0.3658403006137196
0.4401166390857264
0.52583794079441
0.6242439120417719
0.7366374948566847
0.8643714005679779
1.0088271587981166
1.1713841224780752
1.3533761019169737
1.5560351044970127
1.780425939663282
2.0273819216259574
2.2974575206182637
2.590913379628397
2.9077398062767568
3.2477111172886812
3.610453967262421
3.9955128686523453
4.402402693754131
4.830645293289871
5.2797920427697544
5.749435869805831
6.239216254969782
6.748819935696345
7.277979200629337
7.826468980312092
8.394103459873813
8.980732625958327
9.586238966184295
10.210534424112355
10.85355764648149
11.515271523509623
12.195661004614095
12.894731163747975
13.612505486136948
14.349024348715538
15.10434366866363
15.878533697088846
16.671677937764976
17.483872173392925
18.31522358447904
19.16584994791063
20.035878904315197
20.92544728489433
21.834700489726487
22.76379191091896
23.712882394836804
24.682139736948145
25.671738209322655
26.681858112087728
27.712685347100884
28.764411020261658
29.837231046013187
30.931345783858017
32.04695968183646
33.184280934708944
34.34352115412136
35.52489504974952
36.7286201205227
37.954916355235625
39.204005941899815
40.476112985388816
41.77146323294943
43.09028380730495
44.432802947093755
45.79924975452102
47.18985395010485
48.604845634501544
50.04445505742202
51.50891239368261
52.998447526508976
54.51328983822491
56.0536680084469
57.619809820039535
59.21194197296334
60.83028990627911
62.47507762852077
64.14652755667353
65.84486036401026
67.57029483700882
69.32304774160265
71.10333369897657
72.91136507115647
74.74735185657701
76.61150159582549
78.50401928775685
80.42510731610713
82.37496538679397
84.35379047595619