-0.18548536063921E-30
-0.18548536063921E-30
-0.18548536063921E-30
-0.18548536063921E-30
-0.18548536063921E-30
-0.18548536063921E-30
-0.18548536063921E-30
-0.18548536063921E-30
 0.10337080101192E-15
-0.24110645847593E-17
-0.59197264662773E-15
-0.56553712453120E-15
-0.43856900664231E-16
 0.24144183182060E-14
 0.97811391098473E-14
 0.33741943495473E-13
 0.99927491227486E-13
 0.25964248649960E-12
 0.60913673152920E-12
 0.13086265441784E-11
 0.26053193654335E-11
 0.48544518543356E-11
 0.85495570127504E-11
 0.14325163567530E-10
 0.22972774710647E-10
 0.35455954387521E-10
 0.52884293787715E-10
 0.76530979518036E-10
 0.10777377253359E-09
 0.14814295944072E-09
 0.19921413554431E-09
 0.26267311606353E-09
 0.34022366733081E-09
 0.43359447032854E-09
 0.54456250312875E-09
 0.67484582318822E-09
 0.82619924630940E-09
 0.10003527567569E-08
 0.11990135329394E-08
 0.14239058526787E-08
 0.16767552736090E-08
 0.19593048412586E-08
 0.22733308976620E-08
 0.26206664795120E-08
 0.30032081933024E-08
 0.34229336661342E-08
 0.38819078087021E-08
 0.43822909497754E-08
 0.49263475855506E-08
 0.55164281106719E-08
 0.61549641036260E-08
 0.68444648586664E-08
 0.75874470316077E-08
 0.83864500686389E-08
 0.92439482165003E-08
 0.10162339822506E-07
 0.11143862484010E-07
 0.12190551416391E-07
 0.13304169841233E-07
 0.14486147466498E-07
 0.15737524225618E-07
 0.17058886686475E-07
 0.18450328323656E-07
 0.19911397818286E-07
 0.21441063508698E-07
 0.23037698142026E-07
 0.24699059208653E-07
 0.26422273144078E-07
 0.28203873801772E-07
 0.30039788243330E-07
 0.31925375074616E-07
 0.33855490085229E-07
 0.35824399217207E-07
 0.37826020127694E-07
 0.39853809346254E-07
 0.41900758750547E-07
 0.43959644461897E-07
 0.46022800705679E-07
 0.48082280639074E-07
 0.50129761350272E-07
 0.52156534718653E-07
 0.54153444229243E-07
 0.56110760519388E-07
 0.58018065742812E-07
 0.59864056073090E-07
 0.61636321533326E-07
 0.63321104656131E-07
 0.64902961408549E-07
 0.66364443507890E-07
 0.67685720142215E-07
 0.68844210491742E-07
 0.69814206633172E-07
 0.70566556634491E-07
 0.71068424666950E-07
 0.71283665131735E-07
 0.71173089478316E-07
 0.70685310087602E-07
 0.69785865648411E-07
 0.68419362566753E-07
 0.66539453743924E-07
 0.64102111239382E-07
 0.61066889160390E-07
 0.57402567595815E-07
 0.53090400779109E-07
 0.48128143576510E-07
 0.42533946996702E-07
 0.36349671217436E-07
 0.29643143323452E-07
 0.22508860349976E-07
 0.15066691560969E-07
 0.74583577537513E-08
-0.15831380561958E-09
-0.76170222232366E-08
-0.14751988738416E-07
-0.21407364236975E-07
-0.27446177065021E-07
-0.32757865430019E-07
-0.37263614861712E-07
-0.40919088389551E-07
-0.43714376558318E-07
