0.004754713019093815
0.004985741235920491
0.005225628884354933
0.005474621365711238
0.005732968126052071
0.0060009226666148776
0.006278742553369241
0.006566689445688959
0.00686502911956277
0.007174031453072133
0.007493970495154561
0.007825124457659843
0.0081677757249074
0.008522210886950857
0.008888720770608434
0.009267600442441857
0.009659149224519789
0.010063670729916603
0.010481472886667826
0.010912867933922382
0.011358172474445994
0.011817707479337806
0.012291798299449564
0.012780774714165383
0.013284970936987214
0.013804725648054687
0.01434038199166268
0.014892287659546873
0.015460794816907307
0.016046260249864778
0.01664904527323853
0.017269515839524966
0.01790804252127239
0.018565000545710912
0.019240769833974863
0.019935735013514942
0.020650285433861652
0.02138481523799519
0.022139723322502428
0.022915413448293318
0.023712294174692377
0.024530778979340067
0.02537128621053015
0.026234239174715342
0.0271200661264535
0.028029200324014052
0.028962080032108675
0.029919148581097267
0.030900854368601537
0.03190765092715123
0.032939996908917184
0.03399835616949337
0.035083197734632324
0.03619499590016296
0.03733423020666981
0.03850138550031256
0.039696951976640964
0.04092142516545199
0.04217530602201919
0.04345910091815591
0.04477332166517782
0.04611848560302211
0.04749511556189401
0.0489037399570956
0.050344892761719086
0.051819113606564625
0.05332694773359478
0.05486894609498347
0.05644566535311597
0.058057667918570165
0.059705521965135164
0.061389801499319434
0.06311108635551001
0.06486996223593967
0.06666702075115054
0.06850285943637813
0.07037808178642949
0.0722932973006152
0.07424912147306795
0.07624617586522939
0.07828508811342169
0.08036649193046101
0.0824910271894396
0.08465933990684524
0.08687208227495699
0.08912991269573034
0.09143349580810395
0.0937835025025219
0.09618060994066899
0.09862550159270721
0.10111886723442091
0.10366140301511138
0.10625381140695513
0.10889680129176495
0.11159108794026154
0.11433739303218127
0.11713644468755476
0.1199889774715476
0.1228957324063761
0.12585745698086456
0.1288749051982321
0.13194883752470637
0.13508002094612293
0.13826922896271213
0.14151724159034038
0.14482484536845394
0.14819283338155181
0.1516220052213289
0.15511316704712294
0.15866713152869466
0.16228471788060939
0.16596675183120665
0.16971406566678746
0.1735274981824622
0.17740789466886947
0.18135610694271034
0.18537299331199392
0.18945941856387363
0.1936162539485115
0.1978443771842911
0.20214467241425088
0.20651803019789236
0.21096534750758034
0.21548752767368134
0.22008548037463388
0.22476012161733716
0.2295123737263526
0.2343431652496956
0.23925343100835988
0.24424411200136473
0.24931615539892807
0.25447051451540825
0.25970814872378395
0.2650300234612401
0.2704371101802635
0.2759303862699502
0.2815108350429724
0.28717944565477554
0.29293721310966025
0.2987851381295857
0.30472422716112063
0.3107554922845862
0.3168799511605598
0.32309862697923325
0.3294125483873054
0.335822749416488
0.3423302694446556
0.3489361530667595
0.35564145009383435
0.362447215415844
0.3693545089792156
0.3763643956560155
0.38347794521403566
0.39069623218435645
0.39802033582448215
0.4054513399795733
0.4129903330442171
0.42063840783421
0.4283966615114641
0.4362661954818552
0.44424811529170527
0.4523435305333261
0.46055355474832865
0.4688793053110728
0.47732190333656926
0.4858824735425805
0.49456214418209865
0.5033620468895589
0.5122833165939544
0.5213270913723731
0.5304945123572783
0.5397867236040719
0.5492048719628758
0.5587501069514327
0.5684235806299902
0.5782264474610447
0.5881598641978794
0.5982249897245719
0.608422984921571
0.6187550125419468
0.6292222370345177
0.6398258244472848
0.650566942222133
0.661446759089826
0.6724664449107575
0.6836271704700264
0.6949301073967584
0.7063764279421761
0.7179673048491476
0.7297039111610392
0.7415874200773621
0.7536190047632461
0.7657998381921768
0.778131092938093
0.7906139410332671
0.8032495537635044
0.8160391014774926
0.8289837534070738
0.8420846774728702
0.8553430400896617
0.8687600059624535
0.8823367378790701
0.8960743965208691
0.9099741402446597
0.9240371248621394
0.9382645034308725
0.9526574260497386
0.9672170396041103
0.9819444875528611
0.9968409097209584
1.011907442025899
1.0271452162523058
1.0425553598354578
1.058138995584128
1.0738972414275
1.089831210206146
1.1059420093506773
1.1222307406663927
1.138698500064928
1.1553463772586687
1.1721754555393176
1.1891868114477306
1.2063815145374663
1.223760627057034
1.2413252036825362
1.2590762912256104
1.27701492830699
1.2951421451065233
1.3134589630133982
1.3319663943546898
1.350665442057004
1.3695570993674526
1.388642349523987
1.4079221654172904
1.4273975093168416
1.447069332507984
1.4669385749953994
1.4870061651682276
1.5072730194829358
1.5277400421252123
1.5484081247011512
1.5692781458938088
1.590350971154885
1.6116274523686034
1.6331084275270074
1.6547947204274782
1.6766871403352466
1.6987864816629121
1.7210935236942726
1.7436090302365348
1.7663337493245337
1.7892684129407141
1.8124137367142599
1.835770419620347
1.859339143725199
1.883120573896262
1.9071153575446536
1.9313241243910688
1.955747486176081
1.9803860364707322
2.005240350445418
2.0303109846323206
2.0555984767573467
2.0811033455405408
2.106826090527032
2.1327671919203377
2.1589271104624634
2.1853062872724194
2.211905143764301
2.238724081528754
2.2657634822593677
2.293023707715317
2.3205050996216903
2.348207979691834
2.3761326495966926
2.404279390979208
2.4326484654639993
2.4612401147364302
2.490054560574632
2.5190920049367587
2.5483526300766717
2.5778365986575085
2.607544053876054
2.637475119638372
2.6676299007166935
2.698008482946896
2.728610933435786
2.7594373007795525
2.7904876153170988
2.8217618893748107
2.8532601175406165
2.8849822769493434
2.91692832758942
2.9490982126022596
2.98149185861689
3.014109176096129
3.0469500596558268
3.0800143884637885
3.113302026566343
3.1468128233029042
3.180546613658977
3.2145032186832014
3.2486824458648096
3.283084089560974
3.317707931368057
3.352553740577259
3.387621274570567
3.422910279217944
3.45842048932789
3.494151629054808
3.5301034123103427
3.566275543193961
3.6026677164088796
3.639279617673405
3.6761109241314047
3.713161304771961
3.750430420819484
3.787917926161064
3.8256234677139958
3.8635466858350034
3.90168721470316
3.940044682694856
3.97861871276324
4.017408922799162
4.056414925994233
4.095636331194319
4.135072743226479
4.174723763265123
4.214588989134127
4.254668015639719
4.2949604348838974
4.335465836549527
4.376183808224425
4.4171139356613995
4.458255803067446
4.499608993372474
4.541173088479414
4.58294766953256
4.624932317151178
4.667126611658003
4.70953013331545
4.752142462544436
4.7949631801173895
4.837991867379686
4.8812281064275105
4.924671480306081
4.968321573171132
5.012177970485523
5.0562402591443485
5.100508027654921
5.144980866294897
5.189658367219394
5.23454012462285
5.279625734860035
5.324914796555532
5.370406911241966
5.416101681466284
5.461998713839542
5.5080976172074845
5.554398003199528
5.600899486330664
5.647601684080033
5.694504216960928
5.741606708595882
5.788908785787675
5.836410078575925
5.8841102202950575
5.932008847623828
5.980105600647012
6.028400122888545
6.076892061357695
6.125581066589524
6.174466792680641
6.22354889730347
6.272827041769059
6.322300891021494
6.371970113665576
6.421834382000336
6.471893372025861
6.52214676345943
6.572594239742961
6.623235488059892
6.674070199345235
6.725098068282097
6.776318793304293
6.827732076610741
6.879337624155529
6.931135145640225
6.98312435453187
7.035304968032449
7.087676707090801
7.1402392963863655
7.192992464323837
7.245935943015425
7.299069468281467
7.352392779625484
7.40590562023815
7.459607736952862
7.513498880266956
7.567578804293057
7.62184726676566
7.676304029005003
7.730948855917818
7.785781515955995
7.840801781116833
7.89600942691747
7.951404232355532
8.00698597991895
8.062754455543619
8.11870944858958
8.174850751837168
8.2311781614422
8.287691476923193
8.344390501146972
8.401275040286952
8.458344903810493
8.515599904450463
8.573039858189361
8.630664584216236
8.688473904930174
8.746467645882943
8.804645635782974
8.863007706457124
8.92155369282201
8.980283432869113
9.03919676763846
9.09829354118226
9.157573600555098
9.21703679577844
9.276682979825729
9.336512008583417
9.396523740844763
9.456718038261293
9.517094765348142
9.577653789433286
9.638394980644017
9.699318211886705
9.7604233588118
9.82171029979993
9.883178915935588
9.94482909097771
10.006660711345779
10.06867366608383
10.13086784684518
10.193243147876785
10.25579946597792
10.318536700485767
10.381454753267729
10.444553528666438
10.507832933509194
10.57129287706675
10.634933271040161
10.698754029536456
10.76275506903636
10.826936308396782
10.891297668806878
10.95583907377625
11.020560449121554
11.085461722924904
11.150542825532401
11.215803689525195
11.281244249705347
11.346864443068636
11.412664208785829
11.478643488186163
11.544802224743576
11.611140364039208
11.677657853757202
11.744354643672393
11.811230685604897
11.87828593343314
11.945520343045937
12.012933872355662
12.080526481245363
12.1482981315854
12.216248787186156
12.284378413799393
12.352686979098278
12.421174452655407
12.489840805925063
12.558686012225207
12.627710046743948
12.696912886478211
12.76629451026031
12.835854898720335
12.905594034276964
12.975511901112522
13.045608485171487
13.115883774134796
13.186337757412272
13.256970426112225
13.327781773049628
13.398771792707157
13.469940481248834
13.5412878364648
13.612813857804081
13.684518546327167
13.75640190469858
13.828463937187477
13.900704649631793
13.973124049442948
14.045722145582639
14.118498948555771
14.191454470386121
14.264588724619445
14.33790172629617
14.411393491945562
14.48506403957269
14.558913388646637
14.632941560083127
14.707148576238804
14.781534460891882
14.856099239242011
14.930842937877513
15.005765584792016
15.08086720934585
15.156147842271134
15.231607515654652
15.307246262929906
15.383064118857256
15.459061119524295
15.535237302324125
15.611592705956479
15.688127370402515
15.764841336931031
15.841734648069792
15.918807347613594
15.9960594805941
16.073491093289903
16.151102233196482
16.228892949037128