3.971889227456797e-12
3.971889227456797e-12
3.971889227456797e-12
3.971889227456797e-12
3.971889227456797e-12
3.971889227456797e-12
4.344253842530871e-12
1.750113690848151e-11
2.4650537517903744e-10
2.5088686548307573e-9
1.7318057639403425e-8
8.840779988319368e-8
3.5701996577302554e-7
1.1978648192148636e-6
3.4619275709697817e-6
8.856259309489537e-6
0.00002047804603906963
0.000043503959844443646
0.00008601970682241144
0.00015996223777552563
0.00028213967202155184
0.000475291681224909
0.0007691552394986989
0.001201505645269135
0.0018191498213873895
0.002678856290294393
0.003848213479423442
0.005406414397458008
0.0074449708419514855
0.010068364164953273
0.013394642149903649
0.017555972799984842
0.022699165973532325
0.028986173304755336
0.03659457516318987
0.04571806157327351
0.056566911523070904
0.06936847241784912
0.08436763864953525
0.10182732539084607
0.1220289312013505
0.1452727804197189
0.17187853441586431
0.20218555912983638
0.23655323518290636
0.2753611961668413
0.3190094808570011
0.36791858525600346
0.4225294012141333
0.4833030293797982
0.5507204551705711
0.6252820775559478
0.707507080921684
0.7979326404908725
0.8971129510254919
1.0056180673803057
1.1240325427645965
1.2529538476959123
1.392990548594439
1.5447602209406086
1.708887068788952
1.8859992203623428
2.0767256718045055
2.2816928580180464
2.501520844637504
2.736819159753409
2.9881823192856443
3.2561851457889066
3.541378032494868
3.8442823571010214
4.165386291779181
4.505141276681875
4.863959412514358
5.242211979074053
5.640229203052784
6.058301292318472
6.496680642619709
6.95558502664553
7.435201509402856
7.935690805902635
8.45719180559584
8.99982602452629
9.563701799296512
10.148918095215098
10.755567855629906
11.383740864980492
12.033526132414371
12.705013826091596
13.398296802008995
14.113471777439726
14.850640200265513
15.609908863027501
16.39139030617615
17.195203049892537
18.021471688206127
18.87032687405288
19.74190521901324
20.636349127343895
21.55380658024669
22.494430883256143
23.458380387131403
24.445818190531817
25.456911831043282
26.491832969783673
27.550757073696037
28.633863098752553
29.7413331766426
30.87335230689885
32.03010805604812
33.21179026497538
34.41859076549888
35.65070310685422
36.90832229271312
38.19164452920879
39.50086698429461
40.83618755879749
42.197804669356934
43.58591704349448
45.00072352694165
46.44242290341289