1.0720822327719217
1.0981418992704832
1.124358219446677
1.150730911157972
1.1772597010790598
1.2039443242116967
1.2307845234913646
1.2577800494065885
1.2849306596217323
1.3122361186544063
1.3396961975673978
1.3673106736633325
1.3950793302041586
1.4230019561868605
1.451078346076349
1.4793082995738496
1.5076916214315899
1.5362281212242919
1.564917613184462
1.5937599160001978
1.6227548526761717
1.6519022503465794
1.6812019401446887
1.7106537570551343
1.7402575397776328
1.7700131306037301
1.79992037528697
1.829979122943969
1.8601892259310402
1.890550539745268
1.9210629229325342
1.9517262369713402
1.9825403462277509
2.0135051178182404
2.0446204215620285
2.075886129894198
2.1073021177873716
2.138868262683445
2.17058444442917
2.2024505452112373
2.2344664494863964
2.26663204393131
2.2989472173818597
2.33141186076612
2.3640258670776704
2.396789131303484
2.4297015503839585
2.462763023164756
2.495973450348646
2.529332734458144
2.5628407797945507
2.5964974923937656
2.6303027799808585
2.6642565519482226
2.6983587193158587
2.73260919468073
2.76700789221329
2.801554727585985
2.8362496179845533
2.8710924820422377
2.9060832398381713
2.9412218128462437
2.9765081239296345
3.011942097287817
3.0475236584666106
3.0832527342935134
3.1191292528883774
3.1551531436226963
3.1913243370981315
3.227642765121317
3.264108360700259
3.3007210580068516
3.337480792358506
3.3743875002080985
3.4114411191145506
3.448641587732282
3.485988845793582
3.523482834088631
3.561123494443152
3.598910769714444
3.636844603765314
3.674924941465195
3.713151728644841
3.751524912102161
3.7900444396063158
3.828710259842978
3.867522322426375
3.9064805778925846
3.945584977659071
3.9848354740433036
4.024232020228252
4.063774570270329
4.103463079059797
4.143297502345463
4.183277796689258
4.22340391948783
4.263675828933197
4.304093484020071
4.344656844538037
4.3853658710477275
4.426220524889004
4.467220768156142
4.508366563692741
4.549657875100281
4.591094666701393
4.632676903555118
4.674404551436928
4.716277576838229
4.758295946951214
4.800459629664153
4.842768593558408
4.88522280790397
4.927822242632645
4.970566868361511
5.013456656360034
5.056491578563712
5.099671607557449
5.142996716564257
5.18646687945258
5.230082070722767
5.27384226551203
5.317747439566029
5.361797569259842
5.405992631572649
5.4503326041024955
5.494817465039244
5.539447193180699
5.584221767908289
5.629141169202699
5.674205377627364
5.719414374325492
5.764768141014725
5.810266659989251
5.855909914116573
5.901697886821128
5.947630562093597
5.993707924487426
6.039929959103313
6.086296651599885
6.132807988181405
6.1794639555997595
6.226264541148379
6.273209732659133
6.320299518504067
6.367533887586219
6.414912829345701
6.462436333743935
6.510104391273833
6.557916992956813
6.605874130323569
6.653975795438388
6.702221980876445
6.75061267972752
6.7991478856001
6.847827592610948
6.896651795387587
6.945620489063336
6.994733669287983
7.043991332204203
7.093393474465307
7.142940093220347
7.192631186130254
7.242466751345119
7.292446787522071
7.342571293801445
7.392840269831978
7.443253715753925
7.493811632201052
7.544514020297404
7.595360881660532
7.646352218399137
7.697488033110711
7.748768328887493
7.80019310930555
7.851762378427503
7.903476140806502
7.955334401483868
8.007337165988595
8.059484440328166
8.111776231000343
8.164212544989445
8.216793389764485
8.26951877327917
8.322388703971038
8.37540319075921
8.428562243053715
8.481865870738972
8.535314084190796
8.58890689426982
8.642644312318271
8.696526350154633
8.750553020097342
8.804724334935143
8.859040307947422
8.913500952899259
8.968106284035215
9.02285631608591
9.077751064273981
9.132790544297825
9.187974772346363
9.243303765095824
9.298777539707995
9.354396113829607
9.41015950559432
9.466067733628558
9.522120817038845
9.5783187754272
9.634661628884306
9.691149397986784
9.747782103801535
9.80455976788996
9.861482412304857
9.91855005958595
9.975762732770448
10.033120455383974
10.090623251452982
10.1482711454916
10.20606416251429
10.264002328026661
10.322085668033916
10.380314209038858
10.438687978041642
10.497207002540902
10.555871310533988
10.614680930518334
10.673635891630232
10.732736223106262
10.791981955081393
10.851373118060609
10.910909743055297
10.970591861584639
11.03041950566876
11.090392707836317
11.150511501125733
11.210775919078497
11.271185995752438
11.331741765707838
11.392443264018336
11.453290526271317
11.514283588566787
11.5754224875129
11.63670726023665
11.698137944380242
11.75971457809517
11.821437200057701
11.883305849457846
11.945320566002085
12.007481389918954
12.069788361958175
12.132241523384325
12.194840915988877
12.25758658208325
12.32047856413712
12.383516906227285
12.446701651885526
12.510032845519428
12.57351053206955
12.637134756994167
12.700905566286389
12.764823006466349
12.828887124583558
12.89309796821231
12.957455585471173
13.02196002499606
13.086611335962555
13.151409568082451
13.216354771593199
13.281446997274037
13.346686296433825
13.412072720923474
13.477606323124501
13.543287155960101
13.609115272888548
13.675090727911401
13.741213575563942
13.8074838709251
13.873901669613614
13.940467027784676
14.007180002144947
14.07404064993593
14.141049028943398
14.208205197497154
14.275509214471269
14.342961139284709
14.41056103295885
14.478308953918818
14.546204964242385
14.614249125535789
14.682441499944945
14.750782150164884
14.81927113944273
14.887908531565035
14.956694390877773
15.025628782265725
15.094711771171227
15.163943423580518
15.233323806035274
15.302852985622323
15.372531029981571
15.442358007306632
15.512333986341229
15.582459036374223
15.65273322725749
15.723156629386192
15.79372931371031
15.86445135173564
15.935322815515978
16.006343777662916
16.077514311338163
16.148834490255513
16.220304388684326
16.291924081448297
16.363693643921223
16.43561315203433
16.507682682269937
16.579902311666448
16.652272117814586
16.724792178858547
16.79746257349684
16.87028338098567
16.943254681126735
17.016376554282658
17.089649081367273
17.163072343850605
17.236646423748073
17.310371403639348
17.38424736664987
17.458274396461878
17.53245257731008
17.606781993979304
17.681262731812282
17.75589487669578
17.83067851507835
17.905613733955402
17.980700620873463
18.055939263933876
18.131329751786353
18.206872173629844
18.28256661921812
18.358413178853702
18.4344119433866
18.510563004220167
18.58686645330339
18.663322383133377
18.739930886760565
18.81669205777831
18.89360599032957
18.970672779102692
19.047892519334894
19.125265306805677
19.20279123784366
19.280470409321847
19.35830291865443
19.436288863801476
19.514428343268072
19.592721456097866
19.67116830188201
19.749768980747735
19.828523593365055
19.907432240946402
19.986495025238785
20.065712048533626
20.14508341365556
20.22460922396978
20.304289583378793
20.384124596316237
20.464114367757027
20.544259003206953
20.624558608703794
20.70501329082376
20.785623156671452
20.86638831388321
20.94730887062474
21.028384935592758
21.10961661801558
21.19100402764159
21.272547274753272
21.354246470158895
21.436101725187033
21.51811315169205
21.600280862054074
21.682604969175923
21.765085586479117
21.84772282790561
21.930516807918302
22.013467641494817
22.09657544414068
22.17984033186571
22.263262421198682
22.34684182918807
22.430578673384666
22.51447307186529
22.598525143204736
22.682735006495758
22.767102781336284
22.851628587836622
22.936312546607276
23.02115477876791
23.10615540594386
23.191314550257676
23.276632334341194
23.362108881323724
23.447744314829453
23.533538758989597
23.61949233842603
23.705605178258477
23.791877404104756
23.878309142066897
23.96490051875072
24.051651661244403
24.13856269712763
24.225633754470742
24.312864961827906
24.400256448240466
24.487808343235574
24.575520776819623
24.663393879482083
24.751427782195258
24.839622616407944
24.92797851404645
25.016495607514326
25.10517402968814
25.194013913918738
25.28301539403111
25.372178604317558
25.46150367954007
25.55099075492992
25.640639966183734
25.730451449464205
25.820425341394138
25.910561779058824
26.00086090000789
26.0913228422455
26.181947744236794
26.27273574489873
26.36368698360539
26.454801600184656
26.546079734913228
26.63752152852048
26.729127122179516
26.820896657515004
26.912830276593965
27.004928121929034
27.097190336472345
27.189617063619902
27.282208447204365
27.374964631496045
27.467885761200918
27.560971981460877
27.65422343784554
27.74764028398349
27.84122264344243
27.934970685948883
28.028884551164527
28.122964386806284
28.21721034100489
28.31162256231608
28.406201199715863
28.500946402597044
28.595858320766997
28.690937104448775
28.78618290428038
28.8815958713099
28.977176156991682
29.072923913190902
29.16883929217826
29.26492244662969
29.36117352962169
29.45759269463389
29.55418009554212
29.650935886623618
29.74786022254846
29.84495325838207
29.942215149582694
30.03964605199659
30.137246121861747
30.235015515798946
30.332954390822792
30.431062904323873
30.529341214076176
30.62778947823177
30.726407855329224
30.82519650427341
30.92415558434999
31.023285255216376
31.12258567689899
31.222057009797613
31.321699414676203
31.42151305266425
31.521498085258028
31.621654674315245
31.721982982052452
31.822483171045654
31.923155404227828
32.02399984488607
32.125016656662964
32.22620600354752
32.32756804988458
32.42910296036035
32.53081090001155
32.63269203421734
32.734746528698096
32.83697454951614
32.939376263070805
33.041951836099386
33.14470143567246
33.24762522919534
33.350723384402286
33.4539960693577
33.557443452455296
33.66106570241198
33.7648629882664
33.86883547938687
33.97298334545372
34.07730675646557
34.18180588274495
34.28648089491878
34.3913319639353
34.49635926104475
34.60156295781437
34.706943226112294
34.81250023811617
34.918234166304565
35.024145183453655
35.13023346264633
35.23649917725743
35.34294250095817
35.44956360771694
35.55636267179019
35.663339867725576
35.77049537035846