1.9859446137283985e-12
0.
5.461347687753096e-12
9.892486607134585e-10
5.454508590989568e-8
8.598723129075082e-7
6.548759604778535e-6
0.00003141898020578677
0.0001102342004112019
0.00030967688342875126
0.000738464167572182
0.0015549113002032778
0.0029719808568561454
0.005260602181998766
0.008752254039874485
0.013841710992451158
0.020990644050560617
0.03073254799710791
0.04367928157806979
0.06052935893793128
0.08207800965696448
0.10922891832669147
0.1430074495391831
0.18457504918647888
0.2352442653216023
0.2964937975093171
0.3699818878103582
0.45755577541541065
0.5612516016920088
0.6832743815370352
0.8259393871819279
0.9915418815007246
1.1821291536032064
1.399190511024085
1.643388391784127
1.9145103176887508
2.2116891089025366
2.5337369383816046
2.879415867226535
3.247586403653597
3.637262485671519
4.047616515702057
4.477963943988108
4.927742296146148
5.396490885173842
5.883833295338869
6.389462976374261
6.913131647216405
7.454640037373981
8.01383050286045
8.590581119970816
9.18480093622276
9.796426125879663
10.425416853840957
11.07175469592651
11.735440498041855
12.416492583198766
13.114945235562423
13.830847406232538
14.564261597447821
15.31526289105852
16.083938094298663
16.870384981319305
17.674711613450814
18.497035724591512
19.33748416153793
20.196192362629912
21.07330388058834
21.968969953242887
22.883349056265516
23.816606523607078
24.76891416658877
25.740449913791075
26.73139746555273
27.74194596120813
28.772289657441956
29.82262761646487
30.89316340281214
31.984104787881627
33.09566346136585
34.22805474889811
35.38149733539407
36.55621299356218
37.75242631723826
38.97036445922066
40.21025687337518
41.47233506081216
42.756832320023335
44.063983500924344
45.39402476273271
46.747193335749316
48.12372728707588
49.52386529037301
50.94784639979675
52.39590982827582
53.868294730316784
55.36523998958967
56.88698401150087
58.43376452103965
60.00581836619914
61.60338132724064
63.22668793214813
64.87597127856087
66.5514628625589
68.25339241457888
69.981987742835
71.73747458456386
73.52007646540551
75.33001456723869
77.16750760478551
79.03277171125657
80.92602033332656
82.84746413567328
84.79731091533259
86.77576552606376
88.78302981291947
90.81930255717303
92.88477943174509
94.97965296723112
97.10411252859872