1.9859446137283985e-12
0.
0.
2.556903690175313e-11
2.9277788467890913e-9
7.514640648194558e-8
8.106457107947156e-7
5.049077377489224e-6
0.000021697048880388404
0.00007166021749448065
0.00019497192065535631
0.00045790582753240365
0.000959153158185528
0.0018346645626244721
0.0032612071841876564
0.005458960027504118
0.008693573915787591
0.013278112595179165
0.019575222706173914
0.02799978388322343
0.039022213359622235
0.0531724803265332
0.07104484653234694
0.09330324631164723
0.12068716544622697
0.1540178108009153
0.19420429530976382
0.24224949128143064
0.29925511488396445
0.3664254495785832
0.445068971080625
0.5365965720141826
0.6425146377704892
0.7644099683660538
0.9039221576108223
1.0626974882841453
1.2423183153202957
1.4442060794029503
1.66950785478928
1.9189939900230055
2.1930052908212527
2.491475396342062
2.8140196841031955
3.16005356644072
3.528901683525578
3.9198776968983364
4.33233272061335
4.765679576980046
5.21940151293987
5.6930521722491525
6.186251250870411
6.698678415704972
7.2300668657815885
7.7801972077469905
8.348891929423889
8.936010546460736
9.541445408434612
10.165118097725822
10.806976346889856
11.466991399067407
12.145155741485233
12.841481152035861
13.555997007221247
14.288748808201685
15.039796888873928
15.809215276202107
16.597090678074984
17.403521578366224
18.228617422343355
19.07249787855323
19.935292165575618
20.81713843407458
21.718183196208408
22.638580795597253
23.578492912388132
24.53808809857566
25.517541339704067
26.517033639550338
27.536751624847614
28.57688716798192
29.637637024992188
30.71920248776408
31.821789048497198
32.945606075355165
34.09086649816614
35.25778650329292
36.44658523687391
37.65748451580778
38.89070854597051
40.1464836472184
41.42503798483139
42.726601307181326
44.05140468938236
45.39968028285406
46.77166107069372
48.167580628889866
49.58767289337591
51.032171933028984
52.50131172873188
53.99532595864153
55.51444778985746
57.05890967668323
58.62894316573372
60.22477870810829
61.84664547890643
63.49477120436713
65.16938199687293
66.87070219814439
68.5989542308624
70.35435845902745
72.13713305731477
73.94749389955818
75.7856543974068
77.65182549707632
79.54621548822549
81.46902997135682
83.4204717761801
85.40074090036957
87.41003445890381
89.44854664413901