1.9859446137283985e-12
0.
2.2788714442533372e-10
4.162788153451439e-8
1.0865165042477248e-6
0.000010404001148187997
0.000055517690368801484
0.0002040951590636555
0.0005826736167196788
0.0013897229712283997
0.002903019052652385
0.0054837230684120246
0.009579936197886975
0.015731892922231944
0.024579339541306144
0.0368785069086848
0.053510956943952484
0.07551768107073067
0.10412072765571694
0.14076488300393586
0.18716403591441336
0.24535951079221754
0.3177912086353966
0.4073792617463809
0.5175961367238969
0.6524450962273468
0.816090886246108
1.0117355073569312
1.2400865390284685
1.4992356560817859
1.786224323394393
2.0983324508058723
2.433441856542392
2.7899763273282625
3.166765011012843
3.5629274827118844
3.9777916524500387
4.410837331354364
4.861657447793058
5.32993105027731
5.815404194053008
6.3178761690693435
6.837189407974153
7.373221973728557
7.92588188601666
8.495102778258735
9.08084053176701
9.683070633690868
10.301786080755257
10.93699569440166
11.588722751038272
12.257003853850696
12.941887991751894
13.643435743400584
14.36171859449255
15.09681834359928
15.8488265776455
16.617844202207934
17.4039810151139
18.20735531442848
19.028093533733582
19.86632989927531
20.72220610458037
21.595870999253673
22.487480289192455
23.397196246224897
24.325187425416384
25.27162838883067
26.236699434667045
27.220586330936822
28.223480053085932
29.24557652497958
30.287076362873655
31.34818462201092
32.4291105455955
33.53006731591469
34.6512718074401
35.79294434179845
36.955308444481844
38.138590603262045
39.3430200282427
40.56882841357825
41.816249700829054
43.08551984401476
44.37687657644425
45.69055917938981
47.026808252732444
48.385865487705736
49.767973441928696
51.17337531689935
52.60231473814319
54.05503553829068
55.531781543316036
57.03279636221572
58.558323180430776
60.108604557324384
61.68388222804244
63.28439691010751
64.91038811509614
66.56209396576193
68.23975101898561
69.94359409491028
71.67385611266087
73.43076793299055
75.21455820825946
77.0254532400803
78.8636768449801
80.72945022845671
82.6229918677007
84.54451740332166
86.49423954035372
88.47236795880715
90.47910923399716
92.51466676686805
94.57924072449921
96.67302799094782
98.79622212855409
100.94901334980635
103.13158849985469
105.34413104965105