0.016702624508142423
0.01739857143145852
0.018116985670395186
0.01885838169333784
0.0196232811715689
0.02041221301662836
0.02122571350902782
0.022064326268585444
0.022928602414046262
0.023819100548435813
0.024736386869155975
0.025681035239975433
0.026653627220694743
0.027654752182827588
0.028685007331818554
0.029744997821359056
0.030835336790623797
0.03195664547871084
0.03310955324400454
0.03429469768593881
0.035512724688439634
0.03676428851053379
0.038050051869634414
0.03937068598920367
0.040726870714309894
0.042119294566241076
0.04354865480977873
0.04501565756180424
0.046521017847029444
0.048065459704989384
0.04964971621610782
0.05127452964145812
0.05294065146037206
0.05464884248041149
0.05639987289558137
0.05819452235608606
0.06003358008723775
0.0619178449294236
0.06384812544472614
0.0658252399643377
0.0678500166951808
0.06992329378296193
0.07204591938391372
0.07421875176570585
0.07644265933437935
0.07871852077497632
0.08104722504496154
0.08342967151261786
0.08586676999328986
0.08835944084396431
0.09090861497468945
0.09351523399938261
0.09618025021969442
0.09890462674267603
0.10168933751032005
0.10453536736745501
0.10744371214403796
0.11041537866123638
0.11345138481272789
0.11655275962539553
0.11972054327993209
0.12295578718990544
0.12625955398860164
0.1296329176473128
0.13307696343003278
0.13659278800851765
0.14018149940792077
0.14384421711316459
0.14758207203952417
0.151396206571477
0.15528777459584356
0.15925794148465852
0.16330788412533223
0.16743879093095293
0.17165186181757233
0.17594830822940244
0.18032935312392093
0.1847962309407166
0.18935018762308653
0.19399248057335236
0.1987243786246847
0.2035471620411031
0.20846212244188603
0.21347056280554277
0.21857379739546473
0.22377315172703302
0.22906996249773817
0.23446557754522704
0.23996135577829125
0.24555866708799606
0.2512588922923223
0.2570634230522601
0.2629736617771043
0.26899102152143334
0.27511692590529935
0.28135280899507137
0.28770011519296707
0.2941602991156621
0.30073482548779373
0.30742516897352784
0.31423281406509784
0.3211592549529736
0.32820599531708883
0.33537454823213664
0.34266643595854857
0.35008318978225395
0.3576263498486051
0.3652974649326283
0.37309809231142715
0.38102979747969573
0.38909415400747543
0.39729274329638015
0.40562715431981006
0.41409898344359597
0.4227098341578966
0.4314613168103375
0.44035504837129724
0.44939265213502244
0.45857575747610174
0.4679059995360585
0.4773850189289348
0.48701446145233646
0.4967959777330659
0.5067312229447457
0.5168218564327235
0.5270695413904869
0.5374759444916432
0.5480427355111003
0.5587715869492271
0.56966417364869
0.5807221723664818
0.5919472613802084
0.6033411200163022
0.6149054282587924
0.6266418662384189
0.6385521137907614
0.6506378499626068
0.6629007525016859
0.6753424973271712
0.6879647580379072
0.7007692053157579
0.7137575063797208
0.7269313243948595
0.7402923178844647
0.7538421400884696
0.7675824383478071
0.7815148534257135
0.7956410188393335
0.8099625601779211
0.8244810943818174
0.8391982289761243
0.8541155613704103
0.8692346780347927
0.8845571537374578
0.9000845507003872
0.9158184177934361
0.9317602896508363
0.9479116858003599
0.9642741097944676
0.9808490482515949
0.9976379699622283
1.0146423249131857
1.0318635433257994
1.0493030346820575
1.0669621867287775
1.0848423644569545
1.1029449090731664
1.1212711369884796
1.1398223387979214
1.158599778173813
1.1776046908770172
1.1968382836943334
1.2163017333945116
1.2359961856863768
1.2559227541827853
1.2760825194079022
1.2964765277704662
1.3171057905987464
1.337971283171152
1.3590739437883002
1.3804146728705273
1.4019943321101411
1.4238137436128695
1.4458736891504025
1.468174909399774
1.4907181032975587
1.5135039273709805
1.5365329952049345
1.5598058769391705
1.5833230988147542
1.6070851428352133
1.6310924464608283
1.6553454023958862
1.6798443584749867
1.7045896175776458
1.7295814376790621
1.754820031950406
1.780305568956298
1.806038172926883
1.832017924124609
1.8582448592939198
1.8847189721502935
1.9114402140284057
1.9384084945407178
1.965623682313022
1.9930856058495674
2.0207940543795697
2.048748778844226
2.076949492902966
2.105395873994322
2.1340875644541373
2.1630241727005557
2.192205274418388
2.221630413789159
2.2512991048004625
2.281210832499715
2.311365054318656
2.3417612014103857
2.37239867998727
2.403276872648917
2.4343951397337387
2.465752820664176
2.497349235249359
2.5291836850385243
2.561255454593512
2.593563812777392
2.6261080140114474
2.65888729951378
2.6919008984988206
2.725148029346185
2.7586279007350156
2.792339712784043
2.8262826580714893
2.860455922718277
2.8948586873396707
2.9294901280469356
2.964349417314701
2.9994357249162147
3.034748218717969
3.0702860654975384
3.1060484317044437
3.142034484184278
3.1782433908595134
3.214674321369718
3.25132644770073
3.288198944739977
3.325290990820624
3.362601768229605
3.400130463683874
3.437876268761109
3.4758383803134096
3.51401600083966
3.5524083388544185
3.5910146092029396
3.629834033334114
3.668865839619713
3.708109263561545
3.7475635480442913
3.787227943522434
3.8271017082035823
3.867184108230188
3.9074744177990723
3.9479719193137255
3.9886759034720596
4.029585669387923
4.070700524641494
4.112019785374234
4.153542776321409
4.195268830875263
4.237197291097063
4.279327507743161
4.321658840274801
4.364190656867676
4.406922334387848
4.449853258395349
4.4929828231011095
4.536310431355912
4.5798354945980115
4.623557432822354
4.66747567453068
4.7115896566795135
4.75589882462506
4.800402632048726
4.845100540919142
4.8899920214050265
4.9350765518122595
4.9803536184971176
5.02582271582172
5.071483346041816
5.1173350192384
5.163377253258128
5.209609573593792
5.256031513328093
5.302642613035086
5.34944242070273
5.396430491636321
5.4436063883901005
5.490969680649219
5.538519945172635
5.586256765682278
5.634179732805703
5.682288443944646
5.730582503222522
5.779061521387237
5.8277251157209475
5.876572909952191
5.92560453417942
5.974819624774437
6.024217824303828
6.073798781442323
6.123562150903415
6.17350759332628
6.2236347752168255
6.27394336887371
6.324433052280731
6.37510350905519
6.425954428346113
6.476985504782494
6.528196438375853
6.579586934440436
6.631156703558203
6.682905461447885
6.73483292893929
6.786938831879962
6.839222901069277
6.891684872183716
6.944324485723743
6.99714148692717
7.050135625712805
7.10330665724508
7.156654339381491
7.21017843629633
7.263878715982112
7.317754950802791
7.371806917413575
7.426034396720709
7.480437173807254
7.53501503788778
7.589767782238979
7.644695204164051
7.6997971049121405
7.7550732896442085
7.8105235673728295
7.8661477509053475
7.921945656804649
7.977917105324627
8.03406192036673
8.090379929443479
8.146870963606963
8.203534857420921
8.260371448900667
8.317380579484407
8.37456209396238
8.431915840465802
8.489441670399469
8.547139438403406
8.60500900231774
8.66305022314
8.721262964977958
8.77964709502256
8.83820248348959
8.896929003603423
8.955826531546123
9.014894946422315
9.074134130222207
9.13354396779291
9.193124346795374
9.252875157667637
9.31279629360684
9.372887650513244
9.43314912697173
9.493580624224995
9.554182046121177
9.614953299110116
9.67589429217796
9.737004936856954
9.798285147165506
9.859734839585334
9.921353933047698
9.983142348884364
10.045100010817682
10.107226844920744
10.16952277959925
10.23198774555987
10.294621675781316
10.357424505502308
10.420396172179741
10.48353661547801
10.5468457772355
10.610323601444353
10.673970034229864
10.737785023821186
10.801768520533956
10.86592047673964
10.930240846859071
10.994729587327697
11.05938665657374
11.124212015006401
11.189205624989796
11.25436745082446
11.319697458719796
11.385195616793073
11.450861895019417
11.516696265255012
11.5826987011748
11.648869178278554
11.715207673873255
11.781714167047902
11.848388638653518
11.915231071296704
11.982241449306994
12.04941975873784
12.116765987336588
12.184280124530563
12.251962161420748
12.319812090747275
12.387829906893892
12.456015605859168
12.524369185243833
12.592890644244699
12.66157998362263
12.730437205705028
12.799462314360268
12.868655314991356
12.938016214517077
13.007545021357714
13.077241745423997
13.147106398104945
13.217138992253842
13.287339542169613
13.357708063589131
13.428244573677786
13.498949091011728
13.569821635566457
13.640862228708507
13.712070893170361
13.783447653061513
13.854992533835318
13.926705562288749
13.998586766550599
14.070636176061255
14.142853821578534
14.215239735143786
14.287793950094697
14.36051650103858
14.433407423851405
14.506466755653701
14.579694534821241
14.653090800955873
14.72665559488812
14.800388958655713
14.87429093550657
14.948361569876198
15.022600907394285
15.097008994855763
15.171585880230136
15.246331612636267
15.321246242347227
15.396329820770681
15.471582400443676
15.547004035028424
15.622594779296035
15.69835468912379
15.774283821480001
15.850382234426613
15.926649987098976
16.00308713970348
16.079693753513226
16.15646989084814
16.23341561508146
16.310530990622823
16.387816082911968
16.46527095840865
16.542895684594026
16.620690329954886
16.698654963976455
16.776789657141645
16.855094480911564
16.93356950773584
17.012214811025775
17.09103046516468
17.17001654549073
17.249173128291503
17.32850029079654
17.40799811117721
17.487666668532825
17.567506042882297
17.64751631516665
17.727697567234365
17.808049881839743
17.88857334263003
17.96926803415024
18.05013404182119
18.131171451953893
18.21238035172027
18.293760829163823
18.375312973188098
18.45703687354761
18.538932620850463
18.62100030654183
18.703240022903106
18.78565186305324
18.86823592092456
18.9509922912774
19.033921069682503
19.11702235251663
19.200296236961496
19.283742820994167
19.367362203381383
19.45115448367817
19.53511976221942
19.61925814011044
19.703569719232544
19.78805460222817
19.872712892499113
19.957544694201847
20.042550112238555
20.127729252260377
20.21308222065436
20.298609124537645
20.38431007176365
20.47018517090224
20.55623453124602
20.642458262800936
20.728856476280665
20.81542928310452
20.902176795390748
20.989099125948567
21.07619638828514
21.163468696586946
21.25091616572264