0.04070237983234084
0.05809092970258388
0.08084205857899869
0.11011291844782248
0.1472383955389201
0.1937486198926552
0.25138194552739823
0.32208980238794566
0.40802879291128147
0.5115335602995078
0.6350598945297672
0.7810794976329872
0.9518978426086209
1.1493729049942225
1.3745778710679222
1.6275780496526473
1.9075173523527018
2.212985307280137
2.5424189590245105
2.8943590536884374
3.26755213800685
3.6609626318118385
4.073748450617249
4.505227857306589
4.954848449308522
5.422161389977381
5.906800997142179
6.408468880054023
6.9269216776001805
7.461961566081763
8.013428873128973
8.58119628935585
9.165164295003633
9.765257514533511
10.381421784083734
11.01362176985496
11.661839014884944
12.326070320955976
13.00632639417197
13.70263069911322
14.41501847885715
15.143535907600684
15.888239349725668
16.64919470484016
17.426476822491267
18.22016897371969
19.0303623691438
19.85715571543294
20.700654803540303
21.560972123491222
22.438226501420047
23.33254275548609
24.24405136786214
25.17288817054434
26.11919404324473
27.083114621774012
28.064800015810523
29.06440453501749
30.082086422768466
31.11800759678194
32.17233339620312
33.24523233466836
34.336875859034066
35.44743811354051
36.57709570914169
37.726027497925024
38.894414352449054
40.08243894997914
41.29028556155817
42.5181398459103
43.766188648193406
45.03461980365881
46.323621946246675
47.63338432223288
48.96409660898738
50.31594873896645
51.68913072907823
53.083832515501506
54.5002437941567
55.93855386691884
57.39895149376517
58.881624750986695
60.38676089563515
61.91454623635121
63.46516601074232
65.03880426946068
66.63564376713201
68.25586586029128
69.89965041246627
71.56717570651605
73.25861836442844
74.97415327460318
76.71395352680068
78.47819035482175
80.26703308703128
82.08064910479084
83.91920380887088
85.78286059390832
87.67178083094241
89.58612385806649
91.5260469792328
93.49170547118611
95.4832525985639
97.50083963712312