1.9859446137283985e-12
1.9859446137283985e-12
1.9859446137283985e-12
1.9859446137283985e-12
1.9859446137283985e-12
1.9859446137283985e-12
1.9859446137283985e-12
1.9859446137283985e-12
1.9859446137283985e-12
1.9859446137283985e-12
1.9859446137283985e-12
1.9859446137283985e-12
1.9859446137283985e-12
1.9859446137283985e-12
1.9859446137283985e-12
1.9859446137283985e-12
1.9859446137283985e-12
1.9859446137283985e-12
1.9859446137283985e-12
0.
5.9578338411851955e-12
1.241215383580249e-13
3.723646150740747e-13
1.365336921938274e-12
8.688507685061743e-12
1.7004650755049412e-11
4.542848303903712e-11
1.211426214374323e-10
2.981399351359758e-10
7.07741011717458e-10
1.5990577786664348e-9
3.439035463285796e-9
7.084609166399345e-9
1.4012328708314147e-8
2.6737517063855576e-8
4.931770732194747e-8
8.818165044030536e-8
1.532110344522267e-7
2.592216267838171e-7
4.2793295894619396e-7
6.905000335533749e-7
1.0907452009380442e-6
1.6892350552004606e-6
2.568215258330495e-6
3.837707886657931e-6
5.642707128795694e-6
8.171783887164982e-6
0.00001166702853382544
0.00001643565081296394
0.000022863201018917408
0.0000314285261450588
0.000042720633035998456
0.0000574574527093884
0.00007650657187998818
0.00010090805344922117
0.00013189922854124625
0.00017094170783213525
0.00021975029243507345
0.0002803241393291829
0.0003549798795925084
0.0004463867431837933
0.000557603684191088
0.0006921184303365683
0.0008538883220656941
0.0010473829731199424
0.0012776285954552492
0.0015502539363751126
0.001871537784063455
0.0022484578249251583
0.002688741394648912
0.003200915197695955
0.0037943605701808397
0.00447936557181926
0.005267180230190587
0.0061700721491729955
0.007201383173404643
0.008375586678689765
0.009708345693026107
0.011216571626448494
0.012918483673735272
0.014833668752575059
0.016983142038013363
0.019389407991027046
0.02207652184374194
0.025070151624703257
0.02839764061348241
0.03208807027513771
0.036172323599311246
0.04068314902493124
0.045655224729831655
0.05112522342418119
0.057131877768864164
0.06371604612402476
0.07092077906319284
0.07879138629713503
0.08737550428521494
0.09672316448535877
0.10688686218255132
0.11792162608229313
0.12988508859082207
0.14283755680915775
0.15684208425896687
0.17196454349105633
0.18827369938485153
0.20584128329227291
0.22474206805257377
0.24505394380403814
0.2668579946833959
0.29023857639334416
0.3152833945896427
0.34208358497525365
0.3707337908257849
0.4013322479944986
0.43398086450723333
0.4687853042712105
0.5058550707190501
0.5453035923407984
0.5872483083469041
0.6318107557767141
0.6791166582137222