-0.25528580962481E-32
-0.20422864769985E-31
-0.68927168598698E-31
-0.14705025248470E-15
 0.36782682841532E-15
-0.55141734878958E-30
 0.11520617096219E-14
-0.24850599328369E-14
 0.10152724211317E-14
 0.17763540628987E-14
 0.34581893142958E-14
 0.21789938346693E-13
 0.10875239095091E-12
 0.34991049983562E-12
 0.10675584497724E-11
 0.26151500541748E-11
 0.60172252096832E-11
 0.12622051865595E-10
 0.24104805499094E-10
 0.42959193625339E-10
 0.72175846001031E-10
 0.11585427849929E-09
 0.17769003839410E-09
 0.26297710067941E-09
 0.37540473337869E-09
 0.53507539166653E-09
 0.71947607430865E-09
 0.97602105784855E-09
 0.12851086132772E-08
 0.16646279709578E-08
 0.21389163361225E-08
 0.27090129626496E-08
 0.34133261681493E-08
 0.42721804309726E-08
 0.53184531666286E-08
 0.65907832972865E-08
 0.81371988030427E-08
 0.10006626784602E-07
 0.12259347111417E-07
 0.14957654565000E-07
 0.18173034691584E-07
 0.21981192911436E-07
 0.26450184385329E-07
 0.31652773030393E-07
 0.37658971644283E-07
 0.44522584549113E-07
 0.52299640038432E-07
 0.61009533412103E-07
 0.70669572643235E-07
 0.81278669086094E-07
 0.92791232918013E-07
 0.10514881743640E-06
 0.11827204200296E-06
 0.13203661719549E-06
 0.14629231550891E-06
 0.16087250339117E-06
 0.17556112401309E-06
 0.19011617525377E-06
 0.20425312708810E-06
 0.21762720722257E-06
 0.22984263394724E-06
 0.24039536075721E-06
 0.24864977253194E-06
 0.34200766651420E-06
 0.25474108737149E-06
 0.25011923602642E-06
 0.23790599376263E-06
 0.21567757647540E-06
 0.18016732858530E-06
 0.12696594385880E-06
 0.50937720320979E-07
-0.54688078010804E-07
-0.19757043247557E-06
-0.38667427448462E-06
-0.63140059918501E-06
-0.94099902376747E-06
-0.13229240912709E-05
-0.17807505050096E-05
-0.23091370349798E-05
-0.29007544989705E-05
-0.35215764295656E-05
-0.41285794750404E-05
-0.46576755453287E-05
-0.50274829331359E-05
-0.51451795210748E-05
-0.49187892266419E-05
-0.42683249017138E-05
-0.31538329233919E-05
-0.15834224898641E-05
 0.39197463015677E-06
 0.25690326224623E-05
 0.48415032401182E-05
 0.68860751188678E-05
 0.86278014759888E-05
 0.97343317192355E-05
 0.10166962132333E-04
 0.98906872678549E-05
 0.89532065249371E-05
 0.74833412231903E-05
 0.56588032908456E-05
 0.36762319152014E-05
 0.17223395813482E-05
-0.48906428642129E-07
-0.15297487111614E-05
-0.26621984019896E-05
-0.34372417581530E-05
-0.38701332104071E-05
-0.40176758457267E-05
-0.39374370075127E-05
-0.36922967627774E-05
-0.33406062572757E-05
-0.29319295317429E-05
-0.25050561500965E-05
-0.20883288514383E-05
-0.17004473484830E-05
-0.13523427254058E-05
-0.10489812760120E-05
-0.79103612834252E-06
-0.57633977722350E-06
-0.40107391898985E-06
