0.
0.
0.
0.
0.
0.
0.
1.241215383580249e-13
2.9789169205925978e-12
4.8531521497987737e-11
4.801021103688404e-10
3.305108323397487e-9
1.7187109416435707e-8
7.16186241187338e-8
2.4974308550710653e-7
7.529835606920348e-7
2.0127328965014424e-6
4.863910632379033e-6
0.000010792367760230266
0.00002226267470257515
0.000043128138941012454
0.00007911702445660652
0.00013838602568110413
0.0002321279203755232
0.0003752175854973308
0.0005868792285415653
0.0008913642433132773
0.0013186199636193191
0.0019049435604808448
0.002693609778000926
0.0037354673790611992
0.0050895005913512495
0.006823355524313922
0.00901383052952847
0.011747334258587478
0.015120313957373588
0.01923965808542369
0.024223077578817063
0.03019946978681389
0.0373092689676206
0.04570478656609781
0.05555054355687484
0.06702359652826323
0.08031385755500443
0.09562440755054065
0.11317180089292099
0.13318635867720277
0.1559124488314498
0.18160873322360063
0.2105484218955194
0.24301945295879587
0.2793246676656927
0.3197819293005747
0.3647241950421834
0.41449953311959187
0.4694710801464193
0.5300169343293895
0.5965299805692923
0.6694176446254919
0.7491015769420015
0.83601724376507
0.930613458814124
1.03335185999976
1.1447122195241244
1.2651617618509932
1.395214328767124
1.5353694872208343
1.686141511222971
1.8480522615006674
2.0216299415478125
2.2074077200003437
2.4059222072105633
2.6177117749247536
2.8433147103170016
3.083267201185581
3.3381011564779133
3.6083418780736127
3.8945056135177225
4.197097036645546
4.516606720597332
4.853508684158019
5.2082580999147075
5.581289249090692
5.9730140013810615
6.383820454382298
6.814072366147202
7.264109018253765
7.734245654404016
8.224774434575826
8.735965837138284
9.26807041847757
9.82132082765795
10.395933971193253
10.992113230069805
11.610050644063683
12.249928995467673
12.911923742359559
13.59620476889294
14.302937935185502
15.032286421902201
15.784411873558852
16.559475352437868
17.35763811684445
18.179062242623207
19.02391110529887
19.892349741219665
20.78454510560515
21.700666239618133
22.64088436554033
23.605372924476512
24.594307557844264
25.607866050218497
26.646228245341263
27.70957592581644
28.79809268621299
29.911963785929395
31.051375992837652
32.21651742373806
33.407577379548904
34.62474618178104