0.
0.
0.
0.
0.
0.
0.
8.688507685061743e-13
1.9859446137283983e-11
2.6326178285737083e-10
2.233318839675942e-9
1.3524903427182183e-8
6.31071137473706e-8
2.39636365124766e-7
7.709949612447062e-7
2.1664430236594067e-6
5.441920308690836e-6
0.000012443900898154475
0.000026279535025202134
0.00005185156251130046
0.00009648753486514774
0.0001706474756153914
0.00028868896683840377
0.0004696665883077432
0.0007381454031057463
0.0011250076624754796
0.0016682372842288181
0.00241366981009991
0.003415699603228679
0.004737940144707474
0.006453835896289877
0.008647228401970746
0.01141287972961413
0.014856958760522327
0.019097496467362703
0.024264816127115178
0.030501945185753294
0.03796501315540447
0.046823640481047715
0.0572613212095747
0.06947580060499414
0.08367944805036902
0.1000996231325024
0.11897903161890998
0.14057606657024532
0.16516512845756692
0.19303691691373784
0.22449868629234995
0.25987445645154106
0.2995051700660048
0.34374878802457115
0.3929803145501712
0.44759174469704743
0.5079919273079148
0.5746105385248358
0.647876757152122
0.7282608322684209
0.816231583663573
0.9122767318890794
1.0168979674211365
1.1306100793544942
1.2539399634709087
1.3874254971732196
1.5316142710583036
1.6870621641282955
1.8543317478719665
2.0339905027303162
2.22660883026283
2.432757846475794
2.65300694653016
2.887921140181657
3.1380581712682973
3.4039654532981674
3.6861768772231875
3.9852095742497244
4.301560744054796
4.635704679129452
4.988090046013771
5.3591379832363115
5.749240291710585
6.158758787783307
6.58802523269725
7.037342059424003
7.506983803129583
7.997199128700499
8.508213316094238
9.04023104891295
9.593439352895343
10.168010546016069
10.764105085767023
11.381874227579182
12.0214624365098
12.683009519973528
13.366652470170374
14.07252702102893
14.80076893540096
15.55151504539886
16.324904072223134
17.121077253002227
17.940178801580835
18.782356228517013
19.647760543213117
20.536546361575834
21.448871919261574
22.384899047568343
23.344793072462377
24.328722696220296
25.33685981513195
26.369379348355785
27.426459031628365
28.50827920291838
29.61502258077749
30.746874038939072
31.904020380168664
33.086650112331704
34.29495322548502
35.52912097966151
36.78934569416048
38.07582054728464
39.3887393844174