0.
0.
0.
0.
1.9859446137283985e-12
0.
3.847767689098772e-12
1.1245411375237057e-10
1.5638072617727558e-9
1.3404381413436541e-8
7.954130191212653e-8
3.5765273737557473e-7
1.2971696213151234e-6
3.969101830069891e-6
0.000010590541422241659
0.000025264523449744007
0.00005492653150495911
0.00011046830244517436
0.00020798744964504946
0.00037010822477109184
0.0006273182347592805
0.0010192736794604955
0.0015960367649331358
0.002419222761965402
0.003563042876605919
0.005115244229028038
0.007177951845762784
0.00986842631891789
0.013319752401938719
0.01768147652823904
0.023120209880147083
0.02982021258194454
0.037983971357410044
0.04783277977393146
0.05960732597747703
0.07356828846046437
0.08999693635448001
0.10919572591656385
0.13148888167469194
0.15722294681954174
0.18676728478682758
0.22051451206575376
0.2588808408305632
0.30230630973622197
0.35125488204878347
0.406214386176525
0.467696285377204
0.5362352616229753
0.6123885706982666
0.6967351875351089
0.7898746967970769
0.8924259178106185
1.005025238007004
1.1283246251170067
1.2629892819160329
1.4096961799685694
1.5691244685058165
1.7419645633370444
1.9289011262358147
2.1306146165156847
2.3477746120575533
2.581033862704597
2.831021929196525
3.098338612896487
3.3835474807229184
3.687169873562464
4.009679839469655
4.351500424383238
4.713001674382935
5.094500554993816
5.496262799540199
5.918506498505081
6.361407077029231
6.82510320815139
7.30970318550259
7.815291321583662
8.341934024963034
8.889685315186965
9.458591637276635
10.04869592413749
10.66004091961317
11.292671816637048
11.946638288289446
12.621995998309705
13.318807677212053
14.03714384357821
14.777083241023162
15.53871305110754
16.32212893235759
17.12743492646018
17.95474326480103
18.80417411271737
19.675855194261757
20.569921547450434
21.486515032785086
22.42578399431951
23.387882846738908
24.3729716719187
25.3812158178845
26.41278550330303
27.467855429647397
28.546604402713516
29.649214964580516
30.775873036832433
31.926767575574818
33.10209023858296
34.30203506480866
35.52679816636532
36.77657743303786
38.05157224937051
39.351983224306174
40.67801193335543
42.029860673315866
43.407732231956764
44.811829657839276
46.242356067519346
47.699514440245444
49.18350743775196
50.69453723407398
52.23280535790936