0.026505219109508777
0.03846513045688625
0.05427619766741889
0.07477606148416914
0.10092208439690496
0.133803206899132
0.1746504759858754
0.22484465041819388
0.28591901386238067
0.3595553189637519
0.44757057466077166
0.5518919292340427
0.6745157301465939
0.8174445069599524
0.9825926943632893
1.1716523095461904
1.3859229234721369
1.626144456197002
1.8924092759372182
2.18421845955817
2.500665471569997
2.840656272179387
3.2030824604091928
3.5869209178030967
3.991274533437147
4.4153783222672
4.8585894183612535
5.320371520418215
5.800278869481908
6.297941811008789
6.813054533928775
7.345364951137617
7.894666457058929
8.460791246521636
9.04360489886272
9.64300197433933
10.25890241582638
10.8912485901312
11.54000283790561
12.205145428848452
12.88667284103032
13.584596300337152
14.298940529631961
15.029742667689753
15.777051326184372
16.540925759532893
17.321435127330783
18.118657833252566
18.93268092730555
19.763599560966718
20.61151648657918
21.476541594152213
22.358791479816603
23.258389041338372
24.17546309689859
25.11014802397218
26.062583415737404
27.032913752895052
28.021288089118766
29.02785974864022
30.05278603481153
31.096227948567527
32.15834991598697
33.23931952423001
34.33930726530955
35.45848628717403
36.59703215175695
37.75512259966912
38.9329373212663
40.130657733934804
41.34846676542582
42.58654864314481
43.84508868934132
45.12427312215578
46.42428886252549
47.74532334697624
49.08756434633455
50.4511997904419
51.83641759892098
53.24340551812155
54.67235096432502
56.12344087333687
57.596861556581054
59.09279856383046
60.61143655269855
62.15295916503105
63.717548910325185
65.30538705631864
66.9166535268486
68.5515268071686
70.21018385676133
71.89280002983124
73.5995490035383
75.33060271409853
77.08613130082468
78.86630305819104
80.67128439599624
82.50123980767754
84.3563318468133
86.23672111188509
88.1425662392813
90.07402390458921
92.03124883216141
94.01439381295688