0.0007385427825550533
0.000782669082455598
0.000828947234892968
0.0008774573362405952
0.0009282814906619155
0.000981503739857579
0.0010372101858216508
0.0010954889523639342
0.0011564301904471972
0.0012201261524118522
0.0012866711395966666
0.0013561615905891766
0.0014286960524294912
0.0015043752125095263
0.001583301901924287
0.0016655811392867702
0.0017513200999458235
0.0018406282013817632
0.0019336170587708641
0.0020304005163881084
0.0021310946704455476
0.0022358178877105363
0.0023446908129530213
0.0024578363709314875
0.002575379801146989
0.002697448657594906
0.002824172840912422
0.002955684602722779
0.0030921185330990016
0.0032336116045029225
0.003380303191396383
0.003532335054974287
0.0036898513802769385
0.0038529987615437016
0.0040219262496274276
0.0041967853296525776
0.004377729972649783
0.0045649165914927
0.00475850410891661
0.00495865393207351
0.005165530004663151
0.00537929875989098
0.005600129187245529
0.005828192807798221
0.006063663699524175
0.00630671851455509
0.006557536495811537
0.00681629943455339
0.007083191764960441
0.007358400520938101
0.007642115354859755
0.007934528550847765
0.00823583504872893
0.008546232441179684
0.008865920990606636
0.009195103631008379
0.009533985991558597
0.009882776400577943
0.010241685896084374
0.010610928248755638
0.01099071994678644
0.011381280221705729
0.01178283110522436
0.012195597330806707
0.012619806448855467
0.013055688788606329
0.013503477491889048
0.013963408498605211
0.014435720574531477
0.014920655321373405
0.015418457190046473
0.01592937348638566
0.01645365437784802
0.01699155292578425
0.01754332507253011
0.01810922967516741
0.018689528496214955
0.019284486224729166
0.019894370497901253
0.020519451890010386
0.021160003978952832
0.021816303236766785
0.022488629209732686
0.023177264393258734
0.023882494312063393
0.024604607506397903
0.02534389555116099
0.026100653084198587
0.026875177787064986
0.027667770429706605
0.02847873485842218
0.02930837802031472
0.03015700996924935
0.031024943902965625
0.031912496131178324
0.03281998612721198
0.03374773651906415
0.03469607312229763
0.03566532492812477
0.036655824128728254
0.03766790614506437
0.038701909603031624
0.03975817638547771
0.040837051625372794
0.041938883709781404
0.04306402433013168
0.04421282843616625
0.04538565429874776
0.046582863517057885
0.04780482100879178
0.04905189502827975
0.05032445719230463
0.051622882492389714
0.052947549289337474
0.05429883935257607
0.0556771378633865
0.0570828333801486
0.05851631794198247
0.059977987006936004
0.061468239504364176
0.0629874778205309
0.06453610780456688
0.06611453884405966
0.0677231837941802
0.06936245904197784
0.07103278449049269
0.0727345835913997
0.07446828335195936
0.0762343143206197
0.07803311063281705
0.07986511000737655
0.08173075375743487
0.08363048678559944
0.08556475762267438
0.0875340184192202
0.08953872496280678
0.0915793366688283
0.09365631663511673
0.0957701315845977
0.09792125193119902
0.10011015176197718
0.10233730885983164
0.10460320467681858
0.10690832439174343
0.10925315687664797
0.11163819473292973
0.11406393425795326
0.1165308755135653
0.11903952227148118
0.12159038203575097
0.12418396609029789
0.126820789421963
0.12950137081521004
0.1322262327795141
0.13499590159913463
0.13781090732008244
0.14067178376774514
0.1435790685147395
0.14653330291852043
0.14953503211219593
0.15258480498417104
0.15568317422171468
0.1588306962671447
0.16202793134079024
0.16527544344546027
0.16857380033491665
0.1719235735503658
0.17532533838520833
0.1787796739109803
0.1822871629407374
0.18584839206020956
0.18946395159627394
0.19313443561447255
0.19686044194607077
0.2006425721277343
0.2044814314401308
0.20837762887019726
0.21233177711126378
0.2163444925933394
0.22041639539784058
0.22454810931357005
0.22874026179451537
0.23299348394929875
0.23730841054452823
0.24168567998804127
0.24612593430532173
0.25062981912299165
0.25519798369450436
0.25983108081077716
0.26452976687056795
0.26929470178924625
0.2741265490395047
0.2790259755873125
0.2839936519296486
0.2890302519970658
0.2941364532238198
0.29931293644447593
0.30456038592568396
0.3098794893443331
0.31527093774460585
0.32073542549974815
0.3262736503475689
0.33188631330094753
0.3375741186653358
0.3433377739981697
0.34917799007895617
0.3550954808974816
0.3610909636106177
0.36716515853239146
0.3733187890546718
0.3795525817120849
0.38586726605640326
0.39226357467814305
0.398742243151702
0.4053040100374699
0.41194961679866676
0.41867980782505043
0.42549533032344106
0.43239693437829246
0.439385372838866
0.4464614013011082
0.45362577811000976
0.46087926426241776
0.468222623422179
0.4756566218431843
0.4831820283555911
0.4907996143047558
0.49851015354391043
0.5063144223420646
0.5142131993956726
0.5222072657485755
0.5302974047668041
0.5384844020957572
0.5467690456011198
0.555152125343666
0.5636344335226602
0.5722167644209947
0.5808999144033286
0.5896846817913451
0.5985718668829907
0.6075622718892969
0.6166567008541982
0.6258559596621033
0.6351608559181173
0.6445721989590898
0.6540907997747962
0.6637174709575455
0.6734530266383812
0.6832982824682153
0.6932540555289568
0.7033211643153902
0.7135004286369951
0.7237926695963499
0.7341987095263253
0.7447193719259135
0.7553554814228688
0.7661078636922823
0.7769773453986183
0.7879647541789573
0.7990709185332728
0.8102966677828505
0.8216428320272181
0.8331102420690518
0.8446997293509988
0.8564121258969669
0.8682482642547812
0.880208977421711
0.8922950988071089
0.9045074621357205
0.9168469014126818
0.929314250837255
0.9419103447398987
0.95463601753535
0.9674921036378497
0.9804794374037976
0.9935988530557909
1.0068511846061645
1.020237265819135
1.0337579301230453
1.0474140105219913
1.061206339563426
1.075135749232407
1.0892030708987221
1.1034091352401814
1.117754772173233
1.1322408107531707
1.1468680791571275
1.1616374045368687
1.1765496129980635
1.1916055295053314
1.2068059777985851
1.222151780316571
1.237643758139773
1.253282730855618
1.2690695165716315
1.2850049317280137
1.3010897911003716
1.3173249076556128
1.3337110925363067
1.350249154907642
1.366939901911131
1.3837841385682887
1.4007826677046729
1.4179362898544328
1.435245803172805
1.452712003342773
1.4703356835151167
1.4881176341610802
1.5060586430399763
1.5241594950739474
1.5424209722808164
1.5608438536348217
1.5794289150300016
1.5981769291476329
1.6170886653721992
1.6361648897026464
1.6554063646360784
1.6748138490805011
1.694388098267068
1.714129863646563
1.7340398927646579
1.7541189291963768
1.7743677124196158
1.7947869777465038
1.8153774561617966
1.8361398742881228
1.8570749542310794
1.8781834135148137
1.899465964941021
1.920923316507148
1.942556171303124
1.9643652273846333
1.9863511776895801
2.0085147099303526
2.030856506463991
2.0533772442107634
2.076077594550153
2.0989582231820894
2.122019790074693
2.14526294928157
2.1686883489187245
2.192296631003323
2.216088431367434
2.2400643795432114
2.2642250986772527
2.288571205408464
2.313103309765659
2.3378220150814166
2.3627279178639915
2.3878216077213485
2.4131036672505726
2.438574671938321
2.4642351900550734
2.4900857825809073
2.516127003093663
2.5423593976631946
2.5687835048120204
2.5953998553648905
2.6222089723829995
2.6492113710885232
2.676407558776243
2.7037980347161095
2.7313832901008657
2.75916380793781
2.7871400630059773
2.815312521752122
2.8436816422521187
2.872247874119733
2.9010116584696295
2.929973427816963
2.959133606065956
2.988492608426861
3.0180508413741323
3.0478087025986413
3.0777665809593895
3.107924856465638
3.1382839002047906
3.1688440743343285
3.1996057320573557
3.2305692175782887
3.261734866105588
3.293103003808066
3.3246739478335074
3.3564480062703113
3.3884254781746783
3.420606653545164
3.4529918133383175
3.485581229485439
3.518375164886
3.551373873446371
3.584577600094964
3.6179865808033296
3.651601042616201
3.685421203704364
3.7194472733853874
3.75367945217439
3.788117932234599
3.8227628958418456
3.8576145178061734
3.8926729639497375
3.9279383915948496
3.963410949603078
3.999090778465109
4.03497801037125
4.071072769289129
4.107375171052441
4.143885323446343
4.180603326307498
4.217529271598299
4.254663243524412
4.292005318627617
4.329555565888955
4.3673140468513605
4.405280815689417
4.443455919369473
4.481839397736901
4.520431283642203
4.559231603042544
4.598240375156409
4.637457612564257
4.676883321341219
4.716517501176989
4.756360145510754
4.796411241662628
4.836670770953808
4.877138708870292
4.917815025152241
4.958699683956459
4.999792643992176
5.041093858638972
5.082603276106391
5.124320839548007
5.166246487213108
5.208380152577887
5.250721764484335
5.293271247271684
5.336028520926724
5.378993501194264
5.42216609974073
5.465546224269346
5.509133778672431
5.552928663137155
5.5969307743067676
5.641140005397771
5.6855562463288845
5.730179383860428
5.775009301705539
5.820045880679985
5.865288998800843
5.91073853143929
5.956394351416922
6.002256329140674
6.048324332717635
6.094598228078297
6.1410778790840475
6.187763147645703
6.234653893829261
6.281749975990947
6.329051250845104
6.376557573601848
6.424268798067604
6.472184776732861
6.520305360884747
6.568630400714153
6.6171597453852335
6.665893243163131
6.714830741480506
6.76397208704701
6.8133171259206575
6.86286570360861
6.9126176651407825
6.962572855171623
7.012731118032988
7.063092297835795
7.113656238535316
7.164422784009742
7.2153917781313055
7.266563064835172
7.317936488196014
7.369511892491821
7.42128912225205
7.473268022359655
7.525448438057916
7.57783021506885
7.630413199607858
7.683197238457698
7.736182179017146
7.78936786935697
7.84275415827107
7.896340895321536
7.950127930886804
8.004115116208451
8.058302303443826
8.112689345689125
8.167276097046932
8.222062412633152
8.277048148644544
8.332233162384407
8.387617312292624
8.443200457988604
8.498982460298837
8.554963181292893
8.611142484297815
8.667520233954596
8.724096296217063
8.78087053840103
8.837842829196338
8.895013038692417
8.952381038402127
9.009946701287445
9.06770990177697
9.12567051578578
9.183828420728835
9.242183495552512
9.300735620738937
9.359484678328586
9.418430551928724
9.477573126732262
9.536912289529434
9.596447928722442
9.656179934343452
9.716108198042303
9.776232613125236
9.836553074541246
9.897069478903544
9.957781724502599
10.018689711288506
10.079793340914803
10.14109251670335
10.202587143685781
10.26427712858848