75.2959498472117
75.34585344119043
75.42900635863354
75.54537895856303
75.69492922129507
75.87760274205296
76.0933317368199
76.34203446940643
76.62361274587238
76.93795742416734
77.28492815254688
77.66438727981088
78.07615198986915
78.52003553730005
78.995829012272
79.50330858894799
80.04223538631939
80.61236333701608
81.21343862148274
81.84520661984696
82.50741334976782
83.19981120253635
83.92216172002507
84.67423394502846
85.45581242159217
86.26669848767015
87.10670765640126
87.97567709277551
88.87345767498725
89.7999262607242
90.75500661915657
91.73851812231264
92.75049388455405
93.79084225064366
94.85956704604182
95.9566383700541
97.08207380105554
98.23590399555405
99.41818376045455
100.62898173827135
101.86837856512115
103.13647514162004
104.4333893697903
105.75925445018423
107.11421693342561
108.49843860948431
109.91208578136899
111.3553760853112
112.82848109053907
114.33162448336883
115.8650340628402
117.4289437591441
119.02360264947662
120.64926907301572
122.30620928975613
123.99470403082141
125.71503746873483
127.46750552350468
129.25240946505008
131.07006652850546
132.92078889538166
134.80490327500146
136.7227430299238
138.6746434750148
140.66094542652613
142.68200852977932
144.73816910407095
146.82979166245198
148.95723572430427
151.12086272503083
153.32103851455855
155.55812788089665
157.83249789013587
160.14452204974955
162.4945629848539
164.882984799617
167.31016520652346
169.77646529030298
172.28223655672818
174.8278451436362
177.41364189274074
180.0399756768155
182.70718533711056
185.41561114777465
188.16557843147743
190.9574119803038
193.7914174614226
196.6678983658971
199.58714285733708
202.54942565497487
205.55503508274123
208.6041980821626
211.69716427612246
214.8341564445351
218.01538128147587
221.24103026519217
224.5112848672463
227.82629428240924
231.18618922772043
234.591105937619
238.04112337894063
241.53633901099693
245.07679717887518
248.66250252788993
252.2935566579764
255.96986697755935
259.6914240253963
263.4581874982221
267.27006479308704
271.1269628633557
275.02880419771236
278.9753935904163
282.9665949592901
287.00223228738514
291.0821129893193
295.2060297189721
299.3737624391011
303.5850807304183
307.83974630365196
312.1375156642687