80.52053538623265
80.57101194271695
80.65511890379939
80.77283171812576
80.92410119026135
81.10888227377768
81.32710673189905
81.57869533552771
81.8635543286447
82.18157384465474
82.53262699520518
82.91656777585987
83.33323182341358
83.78243449739777
84.26397595430856
84.77763860598493
85.32319255939922
85.90040031408512
86.50901690629296
87.14879734259955
87.81949640232118
88.52087756150259
89.25270757837683
90.014768680199
90.80685598833107
91.62877769780398
92.4803596915456
93.36144681975767
94.27190150959728
95.21160879866738
96.18046911709762
97.17840471967935
98.20535874238458
99.26129204523504
100.34618843864666
101.46004730243327
102.60288556333154
103.77475190258956
104.97568845692062
106.20577909548281
107.46510770246924
108.75377796148535
110.07192308206062
111.41967004984858
112.79717175994769
114.20459785784445
115.64212479229197
117.1099459900442
118.60826721437996
120.1373038251825
121.69728627426151
123.28845418496027
124.91105824925434
126.56535949407706
128.25162798223153
129.9701451145768
131.72119942702733
133.5050883928071
135.32211892664048
137.17259793517957
139.0568566793142
140.97521419071396
142.92800552019975
144.91556851736007
146.93824912638925
148.99639400826854
151.09035815996435
153.2204966767064
155.38717088190737
157.5907139468584
159.831572216192
162.11003197237505
164.4264845611391
166.78129459010796
169.17483264822172
171.60745778637914
174.07953560567708
176.59142943406948
179.1434898471907
181.73606893150796
184.3695201077601
187.04417743297077
189.76037902853508
192.51842635974668
195.31871232246368
198.1614719066083
201.04702811838692
203.97562692747604
206.94767085918502
209.96330288853198
213.02280282992126
216.12641381436788
219.27435632391652
222.46683121848326
225.70402356212745
228.98610339252687
232.31321666751228
235.685491921212
239.10305000493864
242.56596952715702
246.07432035420487
249.62814783222407
253.22747337434535
256.8722954328303
260.56260386963237
264.2983369095626
268.0794263799244
271.90579488338545
275.7773156123346
279.6938567101365
283.65525909091343
287.66134976147544
291.71193335045666
295.8067993156565
299.9457228562573
304.12846723765745
308.3547863515082
312.62442746238156
316.93713407832064
321.2926488712491