0.02847913798122331
0.02959173002662382
0.030737939684437054
0.0319184954024986
0.03313413610264007
0.034385611210974755
0.03567368085512672
0.03699911595992854
0.0383626983540417
0.03976522093193518
0.041207487708374825
0.04269031404866882
0.044214526694484925
0.045780963959714295
0.04739047582467971
0.04904392406633909
0.05074218243069029
0.05248613670277566
0.054276684863944026
0.056114737247747355
0.05800121662881177
0.05993705840815098
0.06192321066566975
0.0639606343662056
0.06605030347967847
0.06819320505246064
0.07039033942769239
0.07264272028996581
0.07495137486031973
0.07731734399404748
0.0797416822868208
0.08222545825963093
0.08476975443214446
0.08737566744446658
0.09004430822321559
0.09277680205736132
0.09557428872818023
0.09843792263151525
0.10136887290015952
0.10436832345635984
0.10743747319837135
0.11057753605420219
0.11378974109146094
0.11707533260374535
0.12043557024829304
0.12387172907527423
0.1273850996736345
0.1309769881840035
0.13464871644143458
0.13840162202455716
0.14223705829368177
0.1461563945124394
0.15016101583462435
0.1542523234275713
0.15843173446172903
0.16270068217259695
0.16706061590118879
0.1715130011255595
0.17605931944082173
0.1807010686428036
0.18543976264625275
0.1902769315626604
0.19521412167630606
0.2002528953608477
0.20539483115118828
0.2106415236533633
0.2159945835003538
0.2214556373411634
0.22702632773258452
0.23270831311822174
0.23850326769543348
0.24441288138641182
0.25043885968104446
0.2565829235741094
0.2628468094176943
0.26923226880625983
0.2757410684021252
0.28237498983952175
0.2891358294886382
0.2960253983216933
0.30304552171409327
0.3101980392386383
0.31748480440759796
0.32490768453828744
0.3324685603836821
0.34016932597081107
0.34801188826240187
0.35599816690789277
0.36413009391029055
0.37240961329700006
0.38083868082193273
0.3894192635515609
0.39815333951489557
0.40704289730691756
0.4160899356959815
0.42529646312869485
0.4346644973539537
0.44419606486352703
0.4538932004573832
0.4637579467040094
0.473792353367963
0.48399847685144903
0.49437837962025794
0.504934129550762
0.5156677992705819
0.5265814655146442
0.5376772083553796
0.5489571105112414
0.560423256521174
0.572077731976672
0.5839226226413868
0.5959600135606786
0.6081919881623553
0.6206206272715206
0.6332480081099056
0.6460762032466699
0.659107279498312
0.6723432967959364
0.6857863069924454
0.6994383526271575
0.7133014656287375
0.7273776660153958
0.741668960457188
0.7561773408602854
0.7709047828756543
0.7858532443415791
0.8010246636755435
0.8164209582550651
0.8320440226422608
0.8478957268986493
0.8639779147317672
0.8802924016455108
0.8968409730215888
0.9136253822248078
0.9306473485304898
0.9479085551914043
0.9654106473203785
0.9831552298573109
1.0011438654311773
1.0193780723073096
1.0378593222260666
1.0565890383471335
1.0755685931184795
1.094799306241881
1.1142824426338536
1.1340192104658966
1.1540107592183917
1.1742581778295784
1.1947624929639347
1.2155246673027749
1.2365455980075009
1.2578261152846333
1.2793669810779422
1.3011688878995957
1.3232324578576669
1.3455582417982055
1.3681467186892233
1.3909982951075759
1.4141133050097092
1.4374920096359631
1.4611345976528134
1.485041185460818
1.5092118177881666
1.5336464683871254
1.558345040999083
1.5833073705073917
1.6085332242878079
1.6340223036774728
1.6597742457278792
1.6857886250304523
1.7120649557136645
1.738602693617396
1.76540123852278
1.792459936537196
1.8197780825819159
1.8473549228901716
1.8751896576502007
1.9032814436199907
1.9316293968358589
1.96023259527821
1.9890900815824764
2.0182008657246095
2.0475639276581683
2.077178219956617
2.107042670372835
2.1371561843671025
2.167517647555892
2.198125928083832
2.2289798789259136
2.2600783401236617
2.29142014086703
2.323004101567723
2.3548290357920187
2.3868937520839895
2.419197055729269
2.4517377503978004
2.4845146396867928
2.517526528575299
2.550772224797623
2.584250540103772
2.617960291420366
2.6519003019621477
2.6860694022230893
2.7204664308983717
2.7550902357467772
2.78993967433058
2.8250136147296177
2.860310936191066
2.895830529650129
2.9315712982691013
2.9675321578914007
3.0037120373958137
3.040109879078169
3.0767246389319762
3.1135552868910814
3.15060080705942
3.187860197859835
3.2253324721893546
3.263016657508063
3.3009117959222625
3.339016944223074
3.3773311739003384
3.415853571146963
3.4545832368259033
3.4935192864259763
3.5326608499962004
3.572007072067474
3.6115571115551406
3.65131014164939
3.691265349694984
3.7314219370635344
3.7717791190075385
3.812336124524587
3.853092196179872
3.8940465899602223
3.935198575100576
3.9765474339169176
4.018092461620342
4.059832966138568
4.101768267944403
4.143897699858388
4.186220606874659
4.2287363459556415
4.271444285864498
4.314343806972236
4.357434301053401
4.400715171116662
4.444185831211913
4.4878457062496855
4.531694231802178
4.575730853936068
4.619955029021728
4.6643662235536345
4.70896391398242
4.753747586520384
4.79871673699651
4.843870870643853
4.889209501972062
4.934732154580208
4.980438360993683
5.026327662502229
5.072399609007884
5.118653758864491
5.1650896787271465
5.211706943394308
5.258505135655381
5.305483846169446
5.352642673299935
5.399981222975609
5.447499108566069
5.495195950734543
5.5430713773104205
5.591125023160778
5.639356530056581
5.687765546553033
5.736351727877115
5.785114735787085
5.834054238474047
5.883169910430261
5.932461432355922
5.98192849102971
6.0315707792142
6.081387995554213
6.131379844452444
6.181546035991637
6.231886285819029
6.282400315064678
6.333087850229381
6.383948623109828
6.434982370687391
6.486188835057992
6.537567763347581
6.589118907598932
6.640842024720138
6.692736876385183
6.744803228962703
6.797040853431331
6.8494495253110586
6.902029024581564
6.954779135614815
7.007699647098858
7.060790351970295
7.11405104735036
7.167481534468092
7.221081618603732
7.274851109019587
7.328789818902316
7.382897565297516
7.437174169049276
7.491619454742459
7.546233250647222
7.60101538866291
7.655965704258977
7.71108403642819
7.766370227614517
7.821824123702325
7.877445573916713
7.933234430802535
7.989190550176116
8.045313791750328
8.101604016391754
8.158061090089596
8.214684881258515
8.27147526134546
8.32843210479951
8.385555289016887
8.442844694318609
8.500300203891165
8.557921703749278
8.61570908271046
8.673662232353305
8.731781046964617
8.790065423525629
8.848515261656523
8.907130463601035
8.965910934181903
9.024856580759028
9.083967313213599
9.143243043911834
9.202683687659938
9.262289161686223
9.32205938561566
9.381994281422722
9.442093773415113
9.502357788204488
9.562786254678263
9.62337910396028
9.684136269404473
9.745057686546954
9.806143293102048
9.867393028916235
9.928806835956989
9.99038465828459
10.052126442027316
10.114032135348783
10.176101688449817
10.238335053515451
10.300732184713805
10.363293038168909
10.426017571928552
10.488905745964903
10.551957522129953
10.615172864150297
10.6785517376017
10.742094109900266
10.805799950253679
10.869669229679436
10.933701920966868
10.997897998649835
11.062257439012805
11.126780220050398
11.191466321462906
11.256315724641906
11.321328412636118
11.38650437015017
11.451843583531685
11.517346040738763
11.583011731338122
11.648840646481135
11.714832778898627
11.780988122873433
11.847306674235691
11.913788430343226
11.980433390067153
12.047241553782444
12.114212923352035
12.181347502103877
12.24864529483626
12.316106307787901
12.383730548634855
12.451518026471376
12.519468751800261
12.587582736524515
12.655859993926509
12.72430053866425
12.792904386747558
12.861671555547366
12.930602063763324
12.999695931420213
13.068953179859983
13.138373831729606
13.207957910963186
13.277705442783462
13.347616453677228
13.417690971399049
13.487929024947938
13.558330644568219
13.628895861735252
13.699624709141656
13.770517220693465
13.841573431496592
13.9127933778515
13.984177097240536
14.055724628318744
14.127436010905308
14.199311285980071
14.27135049566194
14.343553683214964
14.41592089302687
14.488452170610417
14.561147562589628
14.634007116694324
14.70703088174461
14.780218907657696
14.853571245423709
14.927087947109642
15.000769065842373
15.074614655807405
15.148624772239943
15.222799471419295
15.297138810650889
15.371642848276563
15.44631164364987
15.521145257142166
15.59614375012534
15.67130718497444
15.746635625049786
15.822129134704548
15.897787779255701
15.973611625009344
16.049600739218494
16.125755190106187
16.202075046837162
16.278560379527306
16.355211259231353
16.43202775793049
16.509009948535077
16.586157904874963
16.66347170169253
16.740951414638747
16.81859712026607
16.89640889601901
16.974386820236134
17.052530972135532
17.130841431816805
17.209318280252745
17.28796159927619
17.366771471588823
17.44574798074033
17.524891211138936
17.604201248027096
17.683678177492904
17.763322086459294
17.843133062672248
17.923111194705147
18.00325657194759
18.083569284600557
18.164049423676545
18.244697080983414
18.325512349134073
18.40649532152924
18.48764609235879
18.568964756593697
18.650451409985166
18.732106149052214
18.81392907108999
18.895920274147066
18.978079857037958
19.060407919328252
19.142904561329374
19.225569884104555
19.3084039894486
19.391406979897567
19.47457895871549
19.557920029894248
19.641430298145995
19.725109868901054
19.808958848301714
19.892977343201473
19.977165461154005
20.061523310416753
20.146050999940496
20.230748639368617
20.315616339031507
20.40065420994149
20.48586236379057
20.57124091294548
20.656789970442464
20.742509649986655
20.82840006594389
20.914461333335606
21.00069356784457
21.08709688579774
21.173671404170356
21.260417240581226
21.34733451328727
21.434423341176934
21.521683843775914
21.60911614123113
21.696720354317797
21.784496604421204
21.872445013550703
21.960565704327827
22.048858799976713
22.13732442432834
22.225962701814666
22.314773757463442
22.403757716899072
22.492914706329824
22.582244852554044
22.67174828295307
22.76142512548268
22.85127550868116
22.941299561647064
23.03149741406295
23.121869196159874
23.21241503874306
23.3031350731655
23.39402943134083
23.485098245731308
23.576341649346322