0.011641435427895577
0.012148608609124248
0.0126729691535979
0.013214930490797843
0.013774911949205621
0.014353338799869669
0.014950642331250602
0.015567259831595952
0.016203634683893155
0.016860216377536964
0.01753746056219821
0.018235829093997
0.018955790062561217
0.01969781788151113
0.02046239328175682
0.0212500033836128
0.0220611417555075
0.022896308430615554
0.023756010004913813
0.02464075964326331
0.025551077140352912
0.02648748898313249
0.027450528424168712
0.028440735470722373
0.029458656992858236
0.03050484678376812
0.03157986554847582
0.03268428104930757
0.03381866808119182
0.03498360857641788
0.03617969165900108
0.037407513660446264
0.038667678248710015
0.039960796402755794
0.041287486544246854
0.04264837455988814
0.04404409383580793
0.04547528539744283
0.0469425978687018
0.048446687602790195
0.049988218710509555
0.05156786314130891
0.05318630071915594
0.05484421919665395
0.05654231434378876
0.05828128999583965
0.0600618580935947
0.0618847387673811
0.06375066036809553
0.06566035954726256
0.06761458132120542
0.06961407907650746
0.07165961469388536
0.07375195856519381
0.0758918896399711
0.07808019550773163
0.08031767242725871
0.08260512540380806
0.08494336820772608
0.08733322344135136
0.0897755225963588
0.09227110609409919
0.0948208233029761
0.09742553266430524
0.10008610163943861
0.1028034068053381
0.10557833389541153
0.10841177782048908
0.11130464271387953
0.11425784199268621
0.1172722983085308
0.12034894371536561
0.12348871956272911
0.12669257661242012
0.12996147502472033
0.13329638439004537
0.13669828376531232
0.14016816167393972
0.14370701613129253
0.14731585465287414
0.15099569427058634
0.1547475615617736
0.1585724925982093
0.1624715330112594
0.1664457379704096
0.1704961721593096
0.17462390980804493
0.17883003465143207
0.1831156399446577
0.18748182843125538
0.19192971232113606
0.19646041329815944
0.20107506245596315
0.20577480029535625
0.21056077668931694
0.21543415083855694
0.22039609125191045
0.22544777568402508
0.23059039108025176
0.23582513356386045
0.24115320833736334
0.24657582966526198
0.2520942207875347
0.25770961384714947
0.26342324985233095
0.26923637855107385
0.27515025842195767
0.2811661565081962
0.2872853484095699
0.293509118124543
0.29983875801476495
0.3062755686519043
0.3128208587323772
0.31947594498934545
0.3262421520468734
0.33312081230734986
0.34011326585045315
0.34722086027663396
0.3544449505860965
0.36178689904834727
0.3692480750389747
0.3768298549237201
0.38453362186546836
0.3923607657033537
0.40031268277030096
0.4083907757247169
0.4165964533870219
0.42493113055148196
0.43339622781889287
0.44199317137949135
0.4507233928501078
0.4595883290354807
0.4685894217845235
0.4777281176947918
0.487005867978059
0.49642412816925197
0.5059843579629826
0.515688020889963
0.5255365841966076
0.5355315184777579
0.5456742974933542
0.5559663978769989
0.5664092989057108
0.5770044821806843
0.5877534313604286
0.598657631902222
0.6097185707154409
0.6209377359068619
0.6323166164416862
0.6438567018195828
0.6555594817762992
0.6674264459384804
0.6794590834555243
0.6916588826764927
0.7040273307889182
0.7165659134332827
0.7292761143389687
0.742159414916644
0.7552172938850287
0.7684512268529777
0.7818626858892758
0.795453139119366
0.809224050254185
0.8231768781873884
0.8373130764751573
0.8516340929150543
0.866141369058846
0.8808363396622723
0.8957204322732114
0.9107950666274561
0.9260616541686114
0.9415215974956298
0.9571762898139456
0.9730271143447812
0.9890754438045801
1.0053226397650377
1.0217700520754383
1.0384190182481303
1.0552708628601364
1.0723268968542243
1.0895884170003438
1.1070567051466778
1.124733027615294
1.1426186345052027
1.160714759030913
1.1790226168268563
1.1975434052547866
1.2162783027118054
1.2352284679288235
1.2543950392545073
1.2737791339646638
1.2933818475456889
1.3132042529848384
1.333247400059635
1.3535123146535835
1.3739999980499207
1.3947114262539113
1.41564754928548
1.4368092905495422
1.4581975461566865
1.4798131842874256
1.5016570445818886
1.5237299375246773
1.546032643878373
1.5685659141167985
1.591330467898992
1.6143269935704851
1.6375561477034337
1.6610185546443188
1.6847148061235835
1.7086454608879862
1.7328110443641067
1.7572120484303344
1.7818489310947734
1.8067221163562264
1.8318319940478016
1.8571789197209825
1.882763214598587
1.90858516555168
1.9346450251888165
1.9609430119058153
1.987479310048606
2.014254070120511
2.041267408991517
2.0685194102537556
2.096010124503014
2.123739569759009
2.151707731928484
2.1799145652436085
2.2083599928338034
2.23704390725661
2.265966171150198
2.2951266178436684
2.324525052077706
2.3541612507000305
2.3840349634144706
2.4141459135835346
2.444493798992129
2.4750782927140507
2.5058990439344186
2.5369556788097096
2.5682478013711156
2.5997749943895463
2.631536820279483
2.6635328220171064
2.695762524034589
2.728225433136736
2.7609210394049617
2.7938488171113187
2.8270082256055966
2.8603987102242643
2.894019703142189
2.9278706242750037
2.961950882115683
2.9962598745806823
3.0307969898285174
3.0655616070829392
3.1005530973985156
3.1357708244484317
3.171214145253453
3.2068824109264082
3.2427749673593276
3.2788911559111975
3.3152303140672945
3.3517917760610363
3.3885748735041448
3.425578935960957
3.4628032915047386
3.5002472672661757
3.537910189956423
3.5757913863406303
3.613890183725735
3.6522059103958853
3.69073789603892
3.7294854721464104
3.768447972407377
3.807624733053718
3.8470150932086185
3.8866183952030604
3.926433984883769
3.9664612118804454
4.006699429895963
4.047147996922834
4.087806275487113
4.128673632887326
4.1697494413441625
4.211033078224391
4.252523926190923
4.294221373355729
4.33612481344765
4.378233645912692
4.420547276049935
4.463065115104003
4.505786580381247
4.548711095318253
4.591838089564389
4.635166999045353
4.678697266025977
4.722428339149822
4.766359673503725
4.810490730612332
4.85482097850761
4.899349891720283
4.944076951304777
4.989001644846794
5.034123466468647
5.0794419168297615
5.124956503099363
5.1706667389686425
5.216572144628417
5.262672246745297
5.308966578438597
5.355454679261225
5.402136095151522
5.449010378425812
5.496077087722925
5.543335787975642
5.590786050371232
5.6384274523063915
5.686259577337222
5.734282015141254
5.782494361474619
5.830896218101306
5.879487192778014
5.9282668991707475
5.97723495680789
6.0263909910556395
6.075734633013735
6.125265519511741
6.174983293021663
6.2248876016100345
6.274978098879337
6.32525444392728
6.375716301267126
6.426363340781381
6.47719523766893
6.5282116729603805
6.579412331158145
6.630796903616766
6.682365086203224
6.73411657981527
6.786051090315638
6.8381683284853825
6.8904680099552325
6.942949855164508
6.995613589290994
7.048458942205141
7.101485648409984
7.154693446986286
7.208082081557907
7.261651300195484
7.315400855408738
7.369330504061697
7.4234400073453894
7.477729130709828
7.532197643813736
7.586845320480364
7.641671938637538
7.69667728029271
7.751861131446199
7.807223282081629
7.862763526083892
7.918481661220029
7.974377489072574
8.030450815006542
8.086701448118543
8.143129201188485
8.199733890643593
8.25651533650627
8.31347336235426
8.370607795286258
8.42791846586482
8.485405208080744
8.543067859320908
8.600906260317025
8.658920255106908
8.717109690998596
8.775474418536724
8.834014291457839
8.892729166646081
8.951618904106383
9.010683366929582
9.06992242125321
9.129335936216918
9.188923783941886
9.248685839487374
9.308621980817083
9.368732088779057
9.429016047039761
9.489473742102955
9.550105063221325
9.61090990240342
9.671888154373324
9.733039716536021
9.79436448893929
9.85586237426862
9.9175332777911
9.979377107343508
10.041393773296068
10.10358318852986
10.165945268403055
10.22847993072845
10.291187095749272
10.354066686099696
10.417118626790822
10.480342845189462
10.543739270975548
10.60730783613693
10.671048474922959
10.734961123840748
10.799045721627504
10.863302209207582
10.927730529696703
10.992330628366453
11.057102452614991
11.122045951960477
11.187161078004072
11.252447784422007
11.317906026931066
11.383535763279658
11.449336953220879
11.51530955849091
11.581453542795625
11.647768871784633
11.714255513032922
11.780913436022727
11.847742612130258
11.914743014595652
11.981914618510826
12.049257400806546
12.116771340224641
12.184456417304716
12.252312614364914
12.320339915497694
12.388538306530858
12.456907775027926
12.525448310265167
12.594159903214976
12.663042546532086
12.732096234540297
12.80132096320603
12.870716730140442
12.940283534566657
13.010021377315917
13.079930260810949
13.150010189046482
13.22026116758552
13.290683203530914
13.361276305520784
13.432040483715218
13.502975749777299
13.5740821168649
13.645359599617045
13.716808214132664
13.788427977965648
13.860218910117888
13.932181031010481
14.004314362481864
14.076618927778016
14.14909475153061
14.221741859753532
14.294560279825513
14.367550040487142
14.440711171814806
14.514043705222425
14.58754767344333
14.661223110526048
14.735070051809718
14.809088533929552
14.883278594797364
14.957640273587891
15.032173610734722
15.106878647921093
15.18175542806178
15.256803995300608
15.332024394993075
15.407416673707226
15.482980879202918
15.558717060428098
15.634625267505406
15.710705551728188
15.786957965548718
15.863382562566525
15.939979397518956
16.01674852627858
16.09369000583642
16.17080389429973
16.24809025087783
16.32554913587604
16.403180610687482
16.480984737785874
16.55896158070829
16.63711120406383
16.715433673507462
16.793929055743334
16.872597418511774
16.951438830584056
17.030453361753594
17.109641082826393
17.18900206561582
17.268536382933185
17.348244108579294
17.42812531734457
17.508180084987213
17.58840848824016
17.668810604799138
17.7493865133057
17.83013629335787
17.91106002549017
17.99215779117163
18.073429672792642
18.154875753668172
18.23649611802437
18.318290850992845
18.40026003860546
18.482403767783165
18.564722126335745
18.64721520295275
18.72988308719557
18.812725869493203
18.89574364112971
18.97893649425193
19.062304521849363
19.145847817752927
19.22956647662863
19.31346059397335
19.397530266108376
19.4817755901711
19.566196664107697
19.65079358667596
19.735566457428064