0.01267487270186609
0.013221293318448226
0.013786017938580466
0.014369481494559425
0.014972125105768041
0.015594396090715362
0.016236748042502448
0.016899640841110394
0.01758354074314021
0.018288920394473208
0.019016258880788485
0.01976604179520914
0.02053876127181511
0.021334916039636023
0.022155011477388804
0.022999559663746904
0.023869079421527547
0.024764096389930493
0.025685143076917303
0.02663275887894668
0.027607490186974254
0.028609890409166828
0.029640520047733605
0.030699946733680226
0.03178874532188586
0.03290749790426009
0.034056793903454695
0.03523723013430376
0.03644941082542088
0.037693947739721144
0.0389714601741729
0.040282575083671036
0.04162792707818222
0.04300815852651045
0.04442391964280984
0.04587586846424266
0.04736467101246153
0.04889100128876863
0.05045554135417413
0.05205898143080345
0.05370201990239378
0.05538536341309481
0.05710972694889243
0.05887583384195305
0.06068441589089732
0.06253621340461503
0.06443197524719714
0.06637245892022835
0.0683584306085879
0.07039066525814976
0.07246994662257632
0.07459706731160175
0.07677282888710209
0.07899804188643
0.08127352587640775
0.08360010954058457
0.08597863069475185
0.08840993637295946
0.09089488288808693
0.09343433580726748
0.09602917010070969
0.09868027013015424
0.10138852970807982
0.10415485214747598
0.10698015030603028
0.1098653466182758
0.11281137312935224
0.11581917158424929
0.11888969336661467
0.12202389964397639
0.12522276132107302
0.12848725908999872
0.1318183834660746
0.13521713481205208
0.138684523358345
0.14222156920253295
0.14582930237651115
0.1495087627996965
0.15326100033339288
0.15708707476775846
0.16098805585631132
0.16496502327956203
0.16901906665494318
0.173151285576032
0.1773627895548336
0.1816546980057695
0.18602814028812711
0.19048425564859148
0.19502419318686354
0.19964911188085693
0.20436018051917576
0.20915857767331147
0.2140454916714531
0.21902212058222742
0.22408967210050715
0.2292493635816684
0.23450242193484624
0.23985008360307525
0.2452935944603927
0.2508342097929721
0.2564731942056597
0.2622118215451434
0.26805137483168545
0.27399314618936677
0.28003843672022716
0.28618855645672714
0.29244482423315776
0.2988085675986316
0.3052811227246122
0.3118638342538579
0.31855805522532865
0.3253651469261089
0.33228647879595796
0.33932342824683753
0.34647738057118577
0.3537497288022805
0.36114187352619537
0.3686552227555677
0.3762911917853699
0.384051202997914
0.39193668573351736
0.39994907605665747
0.40808981665009647
0.4163603565753264
0.42476215109842674
0.4332966614907253
0.4419653548231288
0.4507697037819263
0.4597111864061485
0.46879128590312247
0.47801149039278196
0.4873732927141614
0.49687819012738044
0.5065276841166628
0.51632328010374
0.5262664872070549
0.5363588179525595
0.5466017879951851
0.5569969158712209
0.5675457226616955
0.5782497317330875
0.5891104683814691
0.6001294595688714
0.611308233569415
0.622648319643117
0.6341512476930687
0.6458185479248456
0.6576517504778663
0.6696523850530279
0.6818219805567257
0.6941620646722614
0.7066741635145368
0.7193598011618675
0.7322204993012437
0.7452577767354432
0.7584731489819951
0.7718681278033795
0.7854442207573354
0.7992029306947886
0.8131457552968793
0.8272741865617182
0.8415897102827051
0.8560938055486904
0.8707879441778573
0.8856735901719591
0.900752199165468
0.9160252178180004
0.9314940832598652
0.9471602224453916
0.963025051573777
0.9790899754270239
0.99535638674238
1.0118256655444413
1.0284991784819706
1.0453782781408836
1.0624643023511562
1.0797585734777166
1.0972623977199039
1.1149770643479964
1.1329038450096205
1.1510439929639211
1.1693987423183376
1.1879693072934328
1.2067568814462633
1.225762636886802
1.2449877235373032
1.2644332683528199
1.2841003745199997
1.3039901207201747
1.3241035603460307
1.3444417207663113
1.3650056025349149
1.3857961786769484
1.4068143939619953
1.4280611641755219
1.449537375415605
1.4712438834625183
1.4931815130541122
1.5153510573275129
1.5377532771425373
1.5603889005920335
1.5832586223869825
1.6063631033961312
1.6297029701791714
1.653278814530097
1.6770911931208505
1.7011406271606098
1.7254276020806438
1.7499525673161058
1.7747159360919251
1.7997180853113448
1.8249593554174028
1.8504400504114256
1.8761604378474428
1.9021207488949934
1.928321178515749
1.9547618856159372
1.9814429933104702
2.008364589214384
2.0355267258197944
2.062929420880798
2.0905726578928285
2.1184563866184396
2.1465805236227604
2.174944952926501
2.203549526622216
2.232394065615807
2.261478360334883
2.2908021715303386
2.3203652310841347
2.350167242852956
2.3802078835409066
2.410486803619749
2.441003628224315
2.4717579581160636
2.5027493706322352
2.533977420660086
2.5654416416178156
2.5971415464415855
2.629076628576254
2.6612463629770398
2.693650207079779
2.7262876018091626
2.759157972544405
2.792260730085281
2.825595271628091
2.859160981676717
2.8929572330101476
2.926983387546861
2.9612387972914993
2.9957228051513414
3.030434745810862
3.065373946562105
3.100539728096828
3.1359314052878466
3.171548287942948
3.2073896815144964
3.2434548878348495
3.279743205755587
3.316253931821242
3.3529863608731505
3.3899397866370458
3.4271135023277757
3.4645068011511277
3.5021189768420196
3.53994932414187
3.5779971392811842
3.6162617204074006
3.6547423680011937
3.6934383852830974
3.732349078571471
3.7714737576390993
3.810811736030574
3.850362331388358
3.890124865717167
3.930098665656662
3.9702830627489325
4.01067739363585
4.051281000307684
4.092093230266196
4.133113436729935
4.174340978785548
4.215775221549255
4.257415536286881
4.29926130055845
4.341311898315503
4.383566720012805
4.426025162673756
4.468686630002102
4.511550532410357
4.554616287112898
4.5978833181434595
4.641351056423531
4.685018939776628
4.728886412947904
4.772952927651315
4.817217942535985
4.861680923230267
4.906341342316052
4.951198679333732
4.996252420760976
5.041502060007144
5.086947097379527
5.13258704006572
5.178421402102346
5.224449704344273
5.270671474423152
5.317086246708083
5.363693562276307
5.41049296884731
5.457484020758114
5.504666278901225
5.552039310675594
5.599602689925685
5.647355996912794
5.695298818238097
5.743430746785927
5.791751381674002
5.840260328188755
5.888957197732334
5.9378416077558285
5.986913181695964
6.03617154892198
6.085616344668479
6.135247209974479
6.185063791618634
6.235065742050456
6.285252719347256
6.335624387128865
6.386180414507371
6.436920476021577
6.487844251567993
6.5389514263572694
6.590241690824209
6.641714741169926
6.693370276987281
6.745208004623334
6.797227634857398
6.8494288834070876
6.901811470859056
6.954375122606565
7.007119568814478
7.060044544326792
7.11314978863375
7.166435045812377
7.219900064452388
7.273544597620808
7.327368402792221
7.381371241802589
7.43555288078931
7.489913090148887
7.544451644455753
7.599168322447504
7.654062906951041
7.709135184829203
7.764384946941544
7.819811988093188
7.875416106974518
7.931197106125169
7.987154791880665
8.04328897432686
8.099599467254013
8.156086088109259
8.212748657946447
8.269587001399348
8.326600946616477
8.383790325227961
8.441154972306562
8.498694726313557
8.556409429066102
8.614298925711033
8.672363064643324
8.730601697512293
8.789014679148242
8.847601867548931
8.906363123820004
8.965298312157973
9.024407299802565
9.083689956995014
9.14314615695448
9.202775775834226
9.262578692697673
9.322554789473093
9.382703950917607
9.443026064603664
9.503521020860205
9.564188712770052
9.625029036104378
9.686041889327171
9.74722717353504
9.808584792438838
9.87011465234232
9.931816662101427
9.99369073310517
10.055736779225244
10.117954716821728
10.180344464689346
10.242905944041706
10.305639078482248
10.368543793976817
10.431620018829836
10.494867683662328
10.558286721373818
10.621877067134635
10.685638658350037
10.749571434642341
10.813675337819278
10.87795031186641
10.942396302897858
11.00701325917381
11.07180113102939
11.136759870896633
11.201889433252967
11.267189774622844
11.332660853533902
11.398302630514005
11.46411506806355
11.530098130638727
11.59625178462717
11.662575998334322
11.72907074195314
11.795735987568815
11.862571709109865
11.929577882352731
11.996754484890745
12.064101496126309
12.131618897246819
12.199306671203313
12.267164802706127
12.335193278203546
12.403392085849784
12.471761215513547
12.54030065874203
12.609010408758074
12.677890460443779
12.746940810304498
12.816161456483375
12.88555239873068
12.955113638387788
13.024845178370445
13.09474702317433
13.164819178830383
13.23506165291871
13.305474454533073
13.376057594278665
13.446811084261803
13.517734938066475
13.58882917074403
13.660093798807596
13.731528840209618
13.803134314333906
13.874910241982985
13.946856645368154
14.018973548090004
14.09126097513247
14.16371895285275
14.236347508959748
14.30914667251403
14.38211647391123
14.45525694486812
14.52856811841605
14.60205002888679
14.675702711906697
14.749526204376977
14.823520544473073
14.897685771624799
14.97202192651448
15.046529051060809
15.121207188412534
15.19605638293367
15.271076680199533
15.34626812698173
15.42163077124442
15.497164662126824
15.57286984993925
15.648746386151798
15.724794323390384
15.801013715420238
15.877404617136596
15.95396708456407
16.03070117483866
16.107606946205888
16.184684458007887
16.26193377067708
16.33935494572586
16.416948045741275
16.4947131343695
16.572650276322047
16.65075953734857
16.729040984245326
16.80749468483903
16.886120707979146
16.964919123532454
17.043890002377317
17.12303341638755
17.20234943843441
17.281838142377417
17.361499603048824
17.441333896257223
17.521341098772535
17.601521288325618
17.681874543590915
17.762400944190656
17.843100570680704
17.923973504549345
18.005019828199984
18.086239624959394
18.167632979059178
18.249199975630447
18.33094070070172
18.412855241193448
18.494943684904857
18.577206120509626
18.65964263755635
18.742253326452918
18.825038278464664
18.907997585709875
18.991131341145778
19.07443963857598
19.157922572631495
19.24158023877146
19.325412733277453
19.40942015323945
19.493602596565136
19.577960161956835
19.662492948920175
19.747201057752683
19.832084589532357
19.917143646122398
20.00237833016151
20.087788745054848