-0.12649693845078E-33
-0.20239510152125E-32
-0.10246252014513E-31
-0.32383216243401E-31
-0.79060586531740E-31
-0.16394003223222E-30
-0.30371914922033E-30
-0.51813145989441E-30
-0.82994641317559E-30
-0.12649693845078E-29
-0.18520416758579E-29
-0.26230405157154E-29
-0.36128790590928E-29
-0.48595063875253E-29
-0.64039075090709E-29
-0.82901033583105E-29
-0.10565150796348E-28
-0.13279142610809E-28
-0.16485207515845E-28
-0.20239510152125E-28
-0.20101733821871E-13
 0.55702982806823E-13
-0.64078915952481E-13
-0.60076015378388E-13
-0.14971507845657E-12
-0.33995155466449E-13
 0.54407956138391E-14
 0.60446409008877E-13
 0.90908846771045E-13
-0.23409339374343E-12
-0.53779485912548E-14
 0.29320139111672E-13
-0.94398690692636E-13
-0.17455678359687E-12
-0.43924455070540E-12
-0.20590385785788E-12
-0.71867271910386E-12
 0.23763951565076E-12
 0.53139737203178E-13
 0.70563587889853E-12
-0.89347141301195E-12
-0.21055267423008E-12
-0.16138978686310E-11
 0.17641578912289E-11
 0.12851704298766E-11
-0.31098085265086E-11
 0.33512893652910E-11
 0.52863845337768E-11
-0.40429512301491E-11
-0.15320001776193E-11
 0.10900921427148E-11
 0.32500842306113E-11
-0.45699496570486E-11
 0.65896840900984E-11
-0.16318726664938E-11
 0.18414962655573E-11
 0.40699367667858E-11
 0.11834777610087E-10
-0.40318853606974E-13
 0.43679858725511E-11
 0.21771567621355E-11
 0.18499588384434E-10
 0.28679714090264E-10
-0.13994624093473E-11
 0.11430970262028E-10
 0.26584163396431E-10
 0.26046599583449E-10
 0.44005631562002E-10
 0.13816549084851E-10
 0.35347920462494E-10
 0.33822955696317E-10
 0.81572215194312E-10
-0.89532227910958E-11
 0.40469996012479E-10
 0.76980408273510E-10
 0.64856850441706E-10
 0.71990760625919E-10
 0.84725711080096E-10
 0.61185974914570E-10
 0.96581063627189E-10
 0.15747206700938E-09
 0.23116328150497E-09
 0.15297130944184E-09
 0.16937286622678E-09
 0.17569390938405E-09
 0.25941376702083E-09
 0.23803406858916E-09
 0.22592421791632E-09
 0.31759874782818E-09
 0.30584858604318E-09
 0.39919209077170E-09
 0.27894808459310E-09
 0.39727258189042E-09
 0.49457864375195E-09
 0.51610560268165E-09
 0.50665775038694E-09
 0.75086725088485E-09
 0.58773985852177E-09
 0.77660832509939E-09
 0.77969920576617E-09
 0.76960475021051E-09
 0.10014825986867E-08
 0.91379212831170E-09
 0.12425901618952E-08
 0.10603127555103E-08
 0.12092142670513E-08
 0.15638737620914E-08
 0.15598123647984E-08
 0.17906536346660E-08
 0.17918425225691E-08
 0.18293275010085E-08
 0.19983907095568E-08
 0.20671409981162E-08
 0.20371867954392E-08
 0.23189913973258E-08
 0.25611522052501E-08
 0.26892680161225E-08
 0.24532799427254E-08
 0.29508796139180E-08
 0.31322460309408E-08
