1.9859446137283985e-12
1.9859446137283985e-12
1.9859446137283985e-12
1.9859446137283985e-12
1.9859446137283985e-12
1.9859446137283985e-12
1.9859446137283985e-12
1.9859446137283985e-12
1.9859446137283985e-12
1.9859446137283985e-12
1.9859446137283985e-12
1.9859446137283985e-12
1.9859446137283985e-12
1.9859446137283985e-12
1.9859446137283985e-12
1.9859446137283985e-12
3.971889227456797e-12
1.9859446137283985e-12
5.9578338411851955e-12
1.241215383580249e-13
2.358309228802473e-12
5.337226149395071e-12
1.1170938452222241e-11
2.358309228802473e-11
5.883360918170381e-11
1.6123387832707435e-10
4.241232965693711e-10
1.0426209222074092e-9
2.4439530902695103e-9
5.426966021627923e-9
1.1475905071967909e-8
2.3234931372930472e-8
4.517490273617167e-8
8.467769941245832e-8
1.5346920725201138e-7
2.6966620599356817e-7
4.6053832173592516e-7
7.661042002687849e-7
1.2437982286719413e-6
1.97436519129344e-6
3.0691433492558133e-6
4.678998088179398e-6
7.005032489848787e-6
0.000010311270071002256
0.000014939519082279361
0.000021326517043949724
0.00003002357248287203
0.000041718711317975566
0.000057261559132690234
0.00007769092371144354
0.00010426516435293682
0.00013849539326456217
0.00018218145628630625
0.00023745072968411646
0.0003067996071534893
0.0003931376894454352
0.0004998345287860671
0.0006307688415771012
0.0007903800791573426
0.0009837222096652565
0.001216519604506343
0.0014952248376575391
0.001827078219694242
0.0022201690692706254
0.002683498373644092
0.0032270427749418774
0.0038618197811348715
0.004599954782731582
0.005454745034576362
0.00644073207158205
0.007573767310934878
0.008871081912537002
0.01035135623853646
0.012034789819645373
0.013943171494235324
0.01609994987076935
0.018530303866444556
0.021261213455848367
0.02432153047013225
0.027742049457749732
0.0315555786541731
0.03579701096216045
0.040503394971121036
0.045714006085086925
0.05147041766731698
0.057816572313987194
0.0647988531924243
0.07246615551984488
0.08086995819712231
0.09006439559894687
0.10010632951119394
0.1110554213460763
0.12297420448836859
0.13592815691196872
0.14998577400845864
0.16521864165261335
0.18170150948760477
0.19951236441004158
0.21873250426874605
0.23944661173208817
0.26174282830029366
0.2857128284864331
0.3114518939900877
0.33905898804428936
0.36863682967855393
0.4002919680897762
0.43413485678747227
0.470279927849614
0.5088456669239373
0.5499546834780019
0.5937337900010218
0.6403140721851607
0.6898309633704045
0.7424243179907505
0.7982384851613993
0.857422381415838
0.920129565133459
0.9865183093498748
1.0567516766342293
1.1309975921699729