 0.64340353002462E-32
 0.25736141200985E-31
 0.57906317702215E-31
 0.10294456480394E-30
 0.16085088250615E-30
 0.23162527080886E-30
 0.31526772971206E-30
 0.41177825921575E-30
 0.52115685931994E-30
 0.64340353002462E-30
 0.77851827132979E-30
 0.92650108323545E-30
 0.10873519657416E-29
-0.77284336768928E-15
 0.10030279435890E-14
 0.22350396051278E-14
 0.57760940719016E-14
 0.40241430931714E-14
 0.14742261031549E-14
-0.38942577189886E-14
 0.52334238751336E-14
 0.61499120984293E-14
-0.67504648103494E-15
 0.24894630463226E-14
 0.20393080285903E-14
 0.12180357712860E-13
 0.22016133674914E-13
 0.40189341896545E-13
 0.71981320609174E-13
 0.17580541212476E-12
 0.20721171947770E-12
 0.37714836801630E-12
 0.58239346887871E-12
 0.94310534565102E-12
 0.13983301537819E-11
 0.18692287838448E-11
 0.28333090953764E-11
 0.39437603686887E-11
 0.53437652562503E-11
 0.73484914277091E-11
 0.97922412476423E-11
 0.12870730840920E-10
 0.16618940370702E-10
 0.21251109128917E-10
 0.27033949239670E-10
 0.33951983158210E-10
 0.42061481308193E-10
 0.51494351305774E-10
 0.62821736137046E-10
 0.75616833612640E-10
 0.90839059267005E-10
 0.10818629766198E-09
 0.12784065826465E-09
 0.15010154155995E-09
 0.17529725374281E-09
 0.20347431492171E-09
 0.23526694159793E-09
 0.27061541161719E-09
 0.30977014008763E-09
 0.35306631225089E-09
 0.40135256580212E-09
 0.45395808950087E-09
 0.51207791293734E-09
 0.57582009734465E-09
 0.64485377066623E-09
 0.72130048634520E-09
 0.80422030609922E-09
 0.89476768233460E-09
 0.99302203419666E-09
 0.10997552814981E-08
 0.12151827784713E-08
 0.13402091259842E-08
 0.14756937909129E-08
 0.16218408483349E-08
 0.17795731384291E-08
 0.19487868659932E-08
 0.21307078622122E-08
 0.23264082056745E-08
 0.25353504469626E-08
 0.27581757404682E-08
 0.29962294376589E-08
 0.32496253650965E-08
 0.35179277770193E-08
 0.38018094581358E-08
 0.41014339122581E-08
 0.44165788625706E-08
 0.47478604959620E-08
 0.50939914479420E-08
 0.54559131610274E-08
 0.58320964449466E-08
 0.62214258210946E-08
 0.66253376591811E-08
 0.70418492725806E-08
 0.74685200452098E-08
 0.79065010546801E-08
 0.83532592505976E-08
 0.88098066481616E-08
 0.92716998835103E-08
 0.97395385336310E-08
 0.10211499840838E-07
 0.10686813672096E-07
 0.96571988094608E-08
 0.11639109151787E-07
 0.12980703700448E-07
 0.12586164290390E-07
 0.13053824478180E-07
 0.13514934177821E-07
 0.13968852570822E-07
 0.14414273542751E-07
 0.14849615720771E-07
 0.15271480216737E-07
 0.15681575683135E-07
 0.16072789029703E-07
 0.16447026351590E-07
 0.16800456897538E-07
 0.17128847285957E-07
 0.17429020523111E-07
 0.17694602292141E-07
 0.17921548960431E-07
 0.18099983225333E-07
