0.44917957435794437
0.47053158446660875
0.49219515300307615
0.5141519746067756
0.5363871726290389
0.558888418778127
0.5816453306873999
0.6046490456887809
0.6278919107160688
0.6513672512291122
0.6750691955300734
0.6989925387527841
0.7231326359192564
0.7474853167117518
0.7720468166828875
0.7968137211355723
0.8217829188887257
0.846951563807422
0.8723170425912399
0.8978769475423698
0.9236290534273732
0.9495712976713571
0.9757017633073976
1.0020186642136493
1.0285203322955614
1.05520520627038
1.0820718218218282
1.1091188029325734
1.1363448542088015
1.1637487540728937
1.1913293486942569
1.2190855465765063
1.2470163136721668
1.2751206690427632
1.3033976809017005
1.3318464630591764
1.3604661717009778
1.3892560024486627
1.4182151877070828
1.4473429942348288
1.476638720903588
1.5061016966861347
1.5357312787715436
1.5655268508731661
1.595487821621132
1.6256136231317235
1.655903709652219
1.6863575563150812
1.7169746579863618
1.7477545282034659
1.778696698193973
1.8098007159073644
1.8410661452192807
1.8724925650748334
1.90407956877317
1.935826763264697
1.9677337684810718
1.999800216738675
2.032025752152384
2.064410030116869
2.0969527167829254
2.1296534885889127
2.1625120317989013
2.195528042096295
2.228701224201664
2.262031291458053
2.2955179654983366
2.32916097592846
2.3629600599743137
2.3969149621999777
2.43102543424446
2.465291234512137
2.4997121279411427
2.5342878857743654
2.5690182852928323
2.6039031096316405
2.63894214755455
2.6741351932638295
2.7094820462020364
2.744982510886063
2.780636396732501
2.8164435178828753
2.8524036930656234
2.8885167454346115
2.9247825024344634
2.9612007956606754
2.9977714607404593
3.0344943371912447
3.071369268313437
3.108396101080695
3.14557468601767
3.1829048771125006
3.220386531700884
3.258019510379686
3.2958036769109964
3.3337388981443032
3.3718250439153357
3.4100619869667486
3.448449602890779
3.486987770026971
3.525676369408181
3.5645152846766734
3.6035044020350906
3.6426436101658997
3.6819328001740486
3.7213718655335914
3.760960702017563
3.80069920766074
3.840587282682066
3.8806248294601993
3.9208117524555646
3.961147958186522
4.001633355168671
4.042267853871532
4.083051366686773
4.123983807868875
4.1650650935073354
4.206295141480242
4.247673871424978
4.289201204694913
4.330877064325133
4.372701375002041
4.4146740630227645
4.456795056270827
4.499064284184375
4.541481677723783
4.5840471693395015
4.626760692951832
4.669622183919641
4.71263157900946
4.755788816381331
4.79909383555716
4.842546577387199
4.886146984051168
4.929894999008851
4.973790567001959
5.017833634010194
5.06202414725149
5.106362055154467
5.150847307326152
5.195479854555705
5.2402596487807855
5.285186643076377
5.330260791639645
5.375482049757421
5.420850373816869
5.466365721271237
5.512028050616145
5.557837321407706
5.603793494218589
5.649896530629827
5.696146393231189
5.742543045584066
5.789086452240587
5.835776578699807
5.882613391412915
5.9295968577761595
5.976726946101439
6.024003625618401
6.071426866464895
6.118996639672442
6.166712917154697
6.214575671696647
6.262584876953867
6.310740507438621
6.359042538505708
6.407490946347748
6.4560857079872385
6.5048268012763035
6.553714204871625
6.602747898242507
6.651927861651391
6.701254076158198
6.750726523598487
6.800345186598965
6.850110048545592
6.900021093595249
6.950078306658477
7.000281673407557
7.050631180250061
7.101126814341399
7.151768563568671
7.202556416555147
7.253490362641766
7.304570391896942
7.355796495096582
7.407168663732902
7.458686889998159
7.510351166790863
7.562161487707461
7.614117847030913
7.666220239741126
7.718468661498684
7.77086310864188
7.8234035781944025
7.876090067849453
7.928922575971853
7.981901101592713
8.03502564440967
8.08829620477734
8.14171278371265
8.195275382886525
8.248984004622272
8.3028386518895
8.356839328311564
8.410986038148563
8.46527878631124
8.519717578347334
8.574302420433629
8.629033319393582
8.683910282677338
8.738933318373032
8.794102435186918
8.849417642465848
8.904878950170449
8.960486368894493
9.016239909848764
9.072139584860928
9.128185406389681
9.184377387501051
9.240715541879068
9.297199883825506
9.353830428248484
9.41060719068206
9.467530187253839
9.52459943471328
9.581814950415431
9.639176752321793
9.696684859003927
9.754339289629797
9.81214006398202
9.870087202444457
9.928180726001342
9.986420656235795
10.044807015345466
10.103339826112737
10.162019111930425
10.220844896785138
10.279817205264488
10.338936062553602
10.3982014944355
10.457613527288991
10.517172188086926
10.576877504407124
10.636729504411894
10.696728216862306
10.756873671113599
10.817165897121765
10.877604925424672
10.938190787162302
10.998923514067696
11.05980313846148
11.120829693259443
11.182003211971672
11.243323728695595
11.304791278125661
11.366405895544414
11.42816761682546
11.490076478437073
11.55213251743226
11.614335771462548
11.676686278766057
11.739184078167634
11.801829209088154
11.864621711539685
11.927561626117294
11.990648994013567
12.053883857005578
12.11726625746383
12.180796238345547
12.24447384320175
12.308299116167818
12.372272101972197
12.436392845930909
12.50066139395242
12.565077792530918
12.629642088749673
12.694354330283646
12.759214565397622
12.824222842940252
12.889379212357708
12.954683723673828
13.020136427512695
13.085737375078043
13.151486618168772
13.217384209169506
13.283430201055937
13.349624648365335
13.415967603328166
13.482459121628455
13.549099258595362
13.61588807014527
13.682825612782894
13.74991194360042
13.817147120278985
13.884531201087947
13.952064244884122
14.019746311111053
14.087577459800992
14.155557751574774
14.223687247637846
14.291966009787094
14.360394100400915
14.42897158244865
14.497698519488592
14.566574975659057
14.635601015689177
14.704776704898537
14.774102109181644
14.843577295028174
14.91320232951266
14.982977280292141
15.05290221560715
15.122977204291391
15.193202315756489
15.263577620000284
15.334103187604866
15.404779089735316
15.475605398145426
15.546582185167521
15.617709523718037
15.6889874872953
15.760416149984597
15.83199558644913
15.903725871936961
15.975607082273195
16.0476392938668
16.119822583710743
16.192157029371174
16.264642709001595
16.337279701330313
16.41006808566503
16.483007941894964
16.556099350486367
16.629342392479188
16.702737149498606
16.776283703738024
16.849982137974717
16.923832535555928
16.99783498040817
17.071989557031653
17.146296350496296
17.220755446454028
17.295366931124764
17.370130891301976
17.445047414348483
17.520116588202658
17.595338501369863
17.670713242929146
17.74624090252592
17.821921570375817
17.897755337260957
17.97374229453368
18.049882534110324
18.126176148474592
18.202623230675563
18.279223874326817
18.355978173602217
18.432886223245728
18.50994811855997
18.587163955405497
18.664533830207244
18.74205783995378
18.819736082185152
18.897568655003173
18.975555657069567
19.053697187596423
19.13199334635884
19.210444233682143
19.289049950446863
19.367810598085114
19.44672627858335
19.525797094477994
19.60502314885671
19.684404545354894
19.76394138815793
19.84363378199871
19.923481832153023
20.003485644447267
20.083645325247513
20.16396098146759
20.24443272056137
20.32506065052242
20.40584487988956
20.486785517732976
20.567882673669242
20.64913645784679
20.730546980954227
20.81211435420768
20.893838689366305
20.975720098714174
21.057758695073414
21.139954591788094
21.22230790274022
21.30481874233299
21.38748722550071
21.470313467703473
21.553297584921932
21.636439693662645
21.71973991095298
21.80319835434349
21.88681514190019
21.9705903922119
22.0545242243818
22.13861675802632
22.22286811328157
22.307278410794687
22.39184777172281
22.47657631773521
22.561464171011043
22.646511454236386
22.73171829060385
22.817084803810356
22.902611118058118
22.98829735805205
23.07414364899652
23.160150116598107
23.246316887055393
23.33264408707475
23.41913184384699
23.505780285066994
23.592589538913327
23.67955973405845
23.76669099966907
23.85398346539621
23.94143726137697
24.029052518237833
24.116829367083554
24.20476793950617
24.292868367578194
24.381130783848523
24.46955532134603
24.558142113576707
24.646891294520202
24.735802998630547
24.824877360831827
24.914114516519913
25.00351460155886
25.093077752282277
25.18280410548327
25.272693798426484
25.362746968833953
25.45296375489192
25.54334429524178
25.633888728986303
25.724597195683646
25.815469835345137
25.90650678843602
25.99770819587185
26.089074199020107
26.180604939691882
26.272300560148707
26.364161203095474
26.456187011681173
26.5483781294942
26.640734700562454
26.733256869354097
26.82594478077122
26.918798580152945
27.01181841326959
27.105004426322928
27.198356765946663
27.291875579199502
27.38556101356712
27.479413216960072
27.573432337711907
27.66761852457819
27.76197192672857
27.856492693757666
27.951180975670454
28.04603692289045
28.14106068624878
28.23625241698928
28.33161226676526
28.427140387637756
28.522836932069985
28.618702052932136
28.714735903494326
28.810938637425476
28.907310408796906
29.003851372072656
29.10056168211135
29.19744149416657
29.29449096388312
29.391710247293446
29.489099500815506
29.586658881257257
29.68438854580944
29.782288652041867
29.88035935790912
29.978600821737913
30.077013202238476
30.17559665849317
30.274351349950877
30.373277436446006
30.472375078165598
30.57164443567625
30.67108566990514
30.770698942142864
30.870484414043702
30.97044224762288
31.07057260524875
31.170875649650473
31.271351543910104
31.372000451463684
31.472822536097404
31.573817961940897
31.674986893482878
31.776329495543592
31.877845933298158
31.979536372253698
32.08140097826378
32.18343991751584
32.28565335653308
32.38804146217518
32.49060440163125
32.59334234241907
32.69625545239006
32.79934389971884
32.90260785290463
33.006047480765005
33.109662952447714
33.213454437409055
33.31742210542955
33.42156612659903
33.52588667132742
33.63038391033
33.735058014631115
33.83990915556676
33.944937504773684
34.0501432341956