0.07398369224130596
0.10372920779966703
0.14239841236137687
0.19201955705521642
0.2549893401081219
0.3341081671946145
0.43258916596720703
0.554002918002128
0.7020629164880082
0.8800610537979735
1.0898447132929787
1.330967766976702
1.6011292400369548
1.8974918667301917
2.2175624003370342
2.5594055443413306
2.921571475385697
3.302974253592973
3.702790548740622
4.120386632194421
4.555267667818799
5.007042562595045
5.475399335600659
5.960087589519902
6.4609058300073805
6.977692144027209
7.510317243673391
8.058679202276164
8.622699419251374
9.202319489015023
9.797498743037826
10.408212299287651
11.034449491586267
11.676212601304181
12.33351580751299
13.006384315935426
13.694853623282212
14.398968887729964
15.118784382417155
15.854363014040473
16.60577589260239
17.373101941411505
18.156427538859447
18.955846185303248
19.771458189864635
20.60337037309153
21.45169578230965
22.316553417210983
23.198067963766785
24.09636953500816
25.01159341753253
25.943879822897376
26.893373643246395
27.860224210702153
28.844585060161986
29.84661369528558
30.866471357454788
31.904322797678308
32.9603360512992
34.034682215585825
35.12753523013553
36.23907166019444
37.36947048291125
38.51891287663278
39.687582013335756
40.87566285424905
42.0833419488111
43.31080723716091
44.558247856147545
45.82585394911312
47.11381647955971
48.422327048855195
49.751577718154735
51.10176083468284
52.47306886258414
53.865694218473806
55.279829111924435
56.715665391836026
58.173394393252856
59.65320680174789
61.15529250733876
62.679840476329304
64.22703862436153
65.7970736964704
67.39013115353784
69.00639506529981
70.64604801008252
72.30927098143536
73.99624330178717
75.70714254329177
77.44214445598276
79.20142290336057
80.98514980553458
82.79349508999096
84.62662665011347
86.48471031149377
88.36790980612322
90.2763867545056
92.21030065571566
94.16980888546179
96.15506670213233
98.16622726084609
100.20344163550206
102.2668588487841