0.03166350233016182
0.032885355717065475
0.03414369385850587
0.035439301528796825
0.03677297484224416
0.03814552146278695
0.03955776071918232
0.04101052373049234
0.04250465354087999
0.04404100528121541
0.045620446331426874
0.04724385640043507
0.048912127704763976
0.05062616513995271
0.052386886390403106
0.054195222081925065
0.05605211592075269
0.057958524893007596
0.05991541932961447
0.061923783122272556
0.06398461383653035
0.06609892287984623
0.06826773561379422
0.07049209153937755
0.07277304443616886
0.0751116624799774
0.0775090284195981
0.07996623971272472
0.08248440864125867
0.0850646624966225
0.08770814368464268
0.09041600987201284
0.0931894341202211
0.09602960503797116
0.09893772687625954
0.10191501969333297
0.10496271944430426
0.1080820781356835
0.11127436393584637
0.11454086126464974
0.11788287093269613
0.12130171025602199
0.12479871312796406
0.1283752301561896
0.1320326287221505
0.13577229308373184
0.13959562450371785
0.14350404123787588
0.1474989786958183
0.15158188946830892
0.15575424337554655
0.1600175275618695
0.16437324652393123
0.1688229221576185
0.17336809377071136
0.17801031814717855
0.18275116954432233
0.18759223970295674
0.19253513785199985
0.19758149071852782
0.20273294248780763
0.20799115480019403
0.2133578067163756
0.2188345946505974
0.22442323234943592
0.23012545078666852
0.23594299815458455
0.24187763969307033
0.24793115767210772
0.2541053512124187
0.2604020362251422
0.2668230452333474
0.27337022724778787
0.2800454475892841
0.286850587726372
0.29378754509061034
0.3008582328452181
0.3080645797165177
0.31540852969058136
0.3228920418336279
0.3305170899765054
0.33828566245726316
0.34619976179942885
0.354261404397236
0.3624726201834752
0.3708354522720235
0.3793519565712064
0.38802420136674903
0.39685426695114945
0.40584424511788336
0.4149962387302059
0.4243123612180869
0.4337947360523081
0.4434454962086305
0.4532667836020481
0.4632607484514101
0.47342954869096043
0.4837753492711612
0.49430032148086517
0.5050066422142536
0.5158964931924703
0.5269720601764427
0.5382355321023757
0.5496891002325115
0.5613349571820173
0.5731752959859634
0.5852123090814024
0.5974481871992124
0.6098851183019889
0.6225252864004213
0.6353708703064931
0.6484240424008298
0.6616869672587984
0.6751618002805775
0.6888506862376943
0.7027557577404958
0.7168791336762036
0.7312229175510225
0.7457891957745322
0.760580035884998
0.7755974847165921
0.7908435664824601
0.8063202807849295
0.822029600573461
0.8379734700455063
0.8541538024913845
0.8705724780345269
0.8872313413902129
0.9041321995018003
0.921276819193711
0.9386669247385243
0.9563041954219613
0.9741902631158119
0.9923267097261197
1.0107150647740542
1.0293568029263875
1.048253341506114
1.0674060381335195
1.0868161883167344
1.1064850231788201
1.1264137072418268
1.1466033362866905
1.1670549353765969
1.1877694569285058
1.208747779011692
1.229990703769169
1.2514989560189618
1.2732731820379652
1.2953139485937957
1.3176217421152865
1.3401969682025803
1.3630399512612197
1.3861509344691292
1.4095300799344996
1.4331774691663313
1.4570931037288042
1.4812769062059492
1.5057287213846517
1.5304483176865167
1.5554353888354422
1.5806895557260205
1.6062103685261577
1.6319973089549509
1.6580497927237874
1.684367172176534
1.7109487390189697
1.7377937272017554
1.7649013158768865
1.7922706324509579
1.8199007557063238
1.8477907189067437
1.8759395129999652
1.9043460897603581
1.933009364932044
1.9619282213684253
1.9911015120649733
2.0205280632174563
2.050206677086542
2.080136134908447
2.110315199649567
2.1407426186035945
2.1714171260269914
2.2023374455092166
2.233502292336741
2.264910375680568
2.296560400695873
2.3284510704461345
2.360581087822551
2.392949157191753
2.4255539860539446
2.458394286515355
2.4914687766914336
2.524776181956382
2.558315236137699
2.5920846825681103
2.6260832750787904
2.6603097788651087
2.69476297129702
2.7294416426250683
2.7643445966153912
2.799470651112364
2.834818638554075
2.870387406361697
2.9061758173309653
2.942182749951541
2.978407098656251
3.014847774021167
3.051503702958867
3.0883738288240603
3.125457111511023
3.1627525274940633
3.2002590698574327
3.237975748282543
3.275901589023886
3.3140356348156943
3.352376944838304
3.390924594569458
3.42967767570375
3.468635295996109
3.50779657910652
3.5471606644695757
3.586726707079124
3.626493877348632
3.6664613608911165
3.7066283583335857
3.7469940851032986
3.7875577712335176
3.828318661147658
3.8692760134199844
3.9104291005873177
3.951777208909108
3.9933196381539444
4.035055701364097
4.076984724644762
4.119106046932568
4.161419019781598
4.203923007115264
4.246617385050058
4.289501541633905
4.33257487665402
4.37583680140902
4.419286738510209
4.462924121649346
4.506748395412458
4.550759015069959
4.594955446360668
4.639337165311718
4.68390365803251
4.728654420520834
4.7735889584833915
4.818706787135464
4.864007431035953
4.9094904238905235
4.955155308376844
5.001001635991912
5.047028966858059
5.093236869566921
5.139624921023672
5.186192706268662
5.232939818346465
5.279865858124911
5.326970434166124
5.374253162575839
5.421713666850362
5.469351577746608
5.517166533134778
5.5651581778732355
5.613326163670367
5.661670148962564
5.710189798778936
5.758884784626867
5.807754784358212
5.856799482077203
5.906018567994105
5.95541173834305
6.004978695239295
6.054719146601404
6.104632806032953
6.154719392717771
6.204978631320777
6.2554102518999635
6.306013989796066
6.35678958554306
6.4077367847827755
6.458855338168196
6.510145001287631
6.561605534554363
6.613236703156506
6.665038276941575
6.7170100303677005
6.769151742403717
6.821463196458655
6.873944180311745
6.92659448603508
6.979413909925358
7.032402252432258
7.085559318087937
7.138884915445227
7.192378857015938
7.246040959187076
7.2998710421909365
7.353868930013744
7.408034450356433
7.462367434571099
7.516867717592478
7.571535137900717
7.626369537453475
7.681370761644715
7.736538659233955
7.791873082320206
7.847373886269479
7.903040929680035
7.9588740743238
8.01487318511384
8.071038130050626
8.127368780169022
8.183865009515456
8.240526695763313
8.297353717484613
8.354345958118065
8.411503303286288
8.468825641395954
8.52631286362015
8.583964863844274
8.6417815386263
8.69976278718637
8.757908511338632
8.816218615481704
8.874693006548261
8.933331593984068
8.992134289707892
9.051101008078476
9.110231665869351
9.169526182239412
9.228984478686009
9.288606479042453
9.348392109420065
9.40834129821139
9.468453976032363
9.528730075712875
9.589169532263265
9.649772282852464
9.710538266786525
9.771467425465442
9.832559702376674
9.89381504306289
9.955233395102848
10.016814708082974
10.07855893357886
10.140466025121885
10.202535938200576
10.264768630212451
10.32716406045545
10.389722190119125
10.452442982235988
10.515326401681875
10.57837241515858
10.641580991158717
10.704952099954559
10.768485713590705
10.832181805842389
10.89604035221844
10.960061329930024
11.024244717884793
11.088590496659092
11.153098648487157
11.217769157241754
11.282602008424494
11.347597189137408
11.412754688078241
11.478074495523186
11.543556603309018
11.609201004817079
11.675007694963723
11.740976670181825
11.807107928405749
11.873401469062305
11.939857293052615
12.00647540274293
12.073255801942171
12.140198495905889
12.207303491298669
12.274570796210252
12.342000420116081
12.409592373885477
12.477346669760422
12.545263321337812
12.613342343574043
12.681583752758577
12.749987566509352
12.81855380375949
12.887282484748876
12.956173631009985
13.025227265358097
13.09444341188458
13.163822095938526
13.233363344123777
13.303067184286379
13.372933645507633
13.442962758080643
13.51315455352496
13.583509064552313
13.654026325072586
13.724706370182261
13.795549236145305
13.866554960401492
13.93772358153959
14.00905513930269
14.080549674567743
14.152207229350632
14.224027846781482
14.296011571110737
14.368158447692286
14.440468522979357
14.51294184450988
14.585578460916038
14.658378421887532
14.731341778194166
14.804468581655689
14.877758885152344
14.95121274259496
15.024830208942562
15.098611340175832
15.172556193298451
15.24666482633451
15.320937298309383
15.395373669247133
15.46997400017695
15.544738353099905
15.6196667910083
15.694759377864566
15.770016178595315
15.845437259091957
15.921022686200148
15.996772527707497
16.07268685234929
16.14876572978985
16.225009230630505
16.301417426386987
16.377990389494506
16.454728193304803
16.531630912064774
16.60869862092566
16.68593139593277
16.763329314015998
16.84089245298826
16.918620891540375
16.996514709228173
17.074573986477063
17.152798804572388
17.23118924564959
17.309745392693095
17.388467329534347
17.467355140841736
17.54640891211303
17.625628729676997
17.70501468068123
17.78456685309637
17.864285335698487
17.94417021807354
18.02422159061218
18.104439544498916
18.18482417171216
18.265375565019113
18.34609381796396
18.42697902487573
18.508031280854357
18.589250681764238
18.670637324240822
18.75219130567061
18.833912724202957
18.91580167873058
18.997858268893292
19.080082595074504
19.162474758388342
19.24503486069105
19.327763004555795
19.41065929328608
19.4937238309001
19.576956722133847
19.660358072432903
19.74392798794539
19.82766657553065
19.911573942730183
19.995650197797087
20.07989544966179
20.164309807944463
20.248893382944225
20.333646285640494
20.418568627685314
20.503660521394405
20.588922079757587
20.674353416419923
20.75995464568593
20.845725882511882
20.931667242506947
21.01777884191876
21.104060797647588
21.190513227224127
21.277136248812816
21.363929981211754
21.45089454384869
21.538030056765542
21.62533664063277
21.712814416729156
21.800463506950745
21.88828403379531
21.976276120375285
22.064439890394787
22.152775468161785
22.241282978573704
22.32996254712002
22.418814299877933
22.50783836350578
22.59703486524551
22.686403932910412
22.77594569489019
22.86566028014377
22.955547818193224
23.045608439124745
23.13584227358755
23.226249452780955
23.316830108457747
23.40758437292217
23.49851237902362
23.589614260152533
23.68089015023779
23.77234018374807
23.863964495681188
23.955763221562098
24.04773649744799