0.0005168461267477401
0.0009182626639680463
0.0015476940259647922
0.0024935811168284236
0.003864369162811579
0.005789913148327575
0.008422705438908438
0.011938980991033446
0.016539754722710253
0.022451838191630248
0.02992887058788856
0.039252383898232435
0.05073290518984861
0.06471108159287703
0.08155879650331169
0.1016802300265345
0.12551280359273967
0.1535279391659343
0.18623155811545947
0.22416424428103376
0.26790100058307675
0.31805053806148825
0.37525405005654855
0.4401834413236121
0.5135389998299305
0.596046516767935
0.68845387460843
0.7915271324693762
0.9060461402010261
1.0327997063468477
1.1725803312654912
1.326178496049449
1.4943764758262406
1.6779416290991416
1.877619113739869
2.0941240075526215
2.3281328806260535
2.5802749864999366
2.851123408209297
3.1411866911545756
3.4509016726850104
3.780628312922124
4.13064727375075
4.501160766562437
4.892296784176072
5.304116390801538
5.736623338227312
6.189775041448457
6.663493911433628
7.157678183509914
7.672211624267149
8.206971769499194
8.761836580744982
9.336689579767091
9.931423624162752
10.545943535367453
11.180167798433496
11.834029537230963
12.507476941535401
13.200473291279556
13.912996693825194
14.645039623709511
15.396608332554209
16.167722179410188
16.958412917921464
17.76872396643779
18.59870967917866
19.448434630786995
20.317972922356276
21.207407513903696
22.11682958608556
23.04633793242526
23.99603838225486
24.966043253877924
25.956470837028377
26.9674449033976
27.999094243904104
29.051552231279814
30.12495640659937
31.21944808840713
32.33517200314715
33.472275935737095
34.6309103996326
35.81122832216724
37.01338475395758
38.23753658540336
39.48384228571628
40.75246165414316
42.04355558603065
43.357285852800764
44.693814895338946
46.053305630465125
47.435921270107734
48.84182515290431
50.27118058795582
51.72415071052864
53.20089834947602
54.701585906230136
56.22637524519605
57.775427595423274
59.34890346340018
60.94696255690856
62.56976371977269
64.21746487745858