0.05030728927096093
0.07159795204913313
0.09950322488205797
0.13548790085303922
0.18122281710622606
0.23857376621340137
0.3095695852584144
0.3963482277130166
0.501084543007975
0.6259068034177979
0.7728068193504589
0.9435397763348466
1.1395013927062878
1.3615784476407193
1.6100105009186634
1.8843520447134647
2.183603427242415
2.506463430912192
2.851576604109143
3.217691005615045
3.603723837268832
4.008769640427583
4.432082778333243
4.873052481512953
5.331178592807074
5.806050789418826
6.2973317204661
6.804743645589046
7.328057944400836
7.867086891145954
8.421677186194229
8.99170484124867
9.577071106917177
10.17769920455718
10.793531681399452
11.424528250773747
12.070664011988995
12.731927968876446
13.408321784430997
14.099858723162614
14.806562743315846
15.528467709406664
16.265616701776167
17.01806140478411
17.785861559049252
18.569084466114557
19.367804536326542
20.182102872440048
21.01206688306689
21.857789921115412
22.71937094345431
23.596914188598184
24.49052886997501
25.40032888270616
26.326432522258358
27.268962213658412
28.228044250164476
29.20380854053365
30.19638836419172
31.20592013373033
32.23254316427875
33.27639944936792
34.33763344305097
35.41639184799984
36.51282340944577
37.62707871481909
38.759309999002156
39.90967095513658
41.07831655095828
42.26540285061111
43.471086842021364
44.695526269768
45.938879473539906
47.20130523222978
48.48296261368201
49.784010830193054
51.104609099838804
52.444916513656146
53.80509190884835
55.185293747979756
56.58568000437754
58.00640805369533
59.4476345718356
60.90951543921468
62.39220565156781
63.89585923725548
65.42062918123483
66.96666735573784
68.53412445771956
70.12314995316252
71.73389202829183
73.36649754773059
75.0211120197108
76.69787956830201
78.3969429127608
80.11844335401358
81.86252076830334
83.62931360799975
85.4189589096394
87.23159230915567
89.06734806434713
90.9263590845393
92.80875696749779
94.7146720435147