0.07528483158605183
0.10608528333825819
0.14633120767320493
0.19813705278152732
0.2638844365460091
0.34616265215811026
0.44766891903845957
0.5710759388653193
0.7188724289068221
0.8931615342847946
1.0953860313947574
1.326013719316308
1.5843873835881712
1.8689655281411455
2.17783847452163
2.5091672434422922
2.8613891983634043
3.23324307591153
3.62373493721994
4.032083874088655
4.457667861568302
4.899996898832866
5.358671029059722
5.833367894338288
6.32382690003452
6.829834067794981
7.351213589088944
7.887824026826673
8.439550289086322
9.006301265421921
9.588005541871746
10.184610065906792
10.796076929102696
11.422382225703304
12.063515645139706
12.719477931162558
13.390280790268934
14.075945847726738
14.776504039336595
15.491995009817986
16.22246659414244
16.967974354215894
17.728581159948764
18.504356806029442
19.295377657521453
20.10172631894636
20.92349132253265
21.760766832281604
22.613652361194916
23.48225249957058
24.3666766526946
25.267038786682505
26.183457181450216
27.116054189994568
28.064956003478787
29.03029242156943
30.01219662774844
31.010804969314826
32.02625674193559
33.05869397859135
34.10826124284605
35.17510542644547
36.25937555116961
37.36122257502917
38.480799202769056
39.61825970080573
40.77375971659974
41.947456102560096
43.139506744588196
44.350070395312116
45.57930651214363
46.8273751002163
48.09443656036005
49.3806515421791
50.68618080236071
52.01118506833455
53.35582490736325
54.72026060121563
56.1046520264995
57.509158540790466
58.933938874657116
60.3791510296599
61.84495218249706
63.33149859531291
64.83894553233233
66.3674471828718
67.91715659084494
69.48822559081793
71.08080475070051
72.69504332115935
74.33108919180877
75.98908885421655
77.6691873718182
79.37152835676062
81.09625395372328
82.84350483074468
84.6134201770976
86.4061377082248
88.22179367774797
90.06052289657403
91.92245875909784
93.80773327649278
95.71647711709969
97.64881965389905