0.13769388898591084
0.19299249168908167
0.2656810136370911
0.3597634580094861
0.4794717056615032
0.6288394883270179
0.8108851971774553
1.026287072704557
1.2727584499965492
1.546532118885151
1.8441797924653955
2.163189571697294
2.501790778141341
2.858745060223665
3.2331559106516554
3.624357167015403
4.031842808776678
4.455219081253754
4.894176145226134
5.3484646376559235
5.817884373015412
6.302273084768586
6.801497873248813
7.315451479494631
7.844048572288109
8.387219553887723
8.94491332162844
9.51708955093616
10.103722784119313
10.704796380137964
11.320306014062258
11.950256794299667
12.594660276542204
13.253538203230239
13.926921813152896
14.61484645166697
15.31735697656974
16.034504504509897
16.76634702564161
17.51294895228885
18.274379990919133
19.05071731300791
19.84204295332363
20.64844393266496
21.470013372040118
22.306849210235594
23.15905426548094
24.026736032312233
24.910006479491518
25.808981848794627
26.723782454510093
27.65453248375403
28.601359797604207
29.564395733229855
30.543774907138662
31.539635019775332
32.55211666164102
33.58136312113434
34.627520194377375
35.69073599718207
36.77116077942201
37.86894674196331
38.98424785642308
40.11721968789855
41.268019220886984
42.43680468859838
43.623735405804275
44.82897160544457
46.052674279144995
47.29500502180589
48.55612588046539
49.83619920754042
51.135387518663784
52.45385335524808
53.791759151889515
55.14926710884269
56.52653906961646
57.923736403899575
59.34101989591899
60.778549638369306
62.23648493202812
63.714984191205176
65.21420485511241
66.7343033052781
68.27543478911014
69.8377533497149
71.4214117620431
73.02656147546934
74.65335256287287
76.30193367629946
77.97245200927358
79.66505326580142
81.37988163615312
83.11707977941595
84.87678881293473
86.6591483085813
88.46429629595949
90.29236927251328
92.14350222058212
94.01782863139141
95.91548053599618
97.83658854316762
99.78128188421677
101.74968846474998