9.367884071035004
9.723828346625114
10.097347472549881
10.48817463715318
10.89606334144738
11.320787041329641
11.762138507687245
12.219929010037188
12.693987404297674
13.184159184697542
13.690305543227664
14.212302466719207
14.750039891264894
15.303420925506025
15.872361148192184
16.45678798072503
17.056640132116307
17.671867111495065
18.30242880144889
18.948295085816845
19.609445523400854
20.28586906086625
20.977563777480018
21.68453665513939
22.40680336779902
23.144388083899816
23.89732328571423
24.665649576664705
25.44941551555329
26.248677433245046
27.063499255136126
27.893952319572428
28.740115192509805
29.60207347776688
30.479919622568154
31.3737527183065
32.283678296635024
33.20980812115343
34.1522599750302
35.111157445016104
36.086629702316586
37.07881128081771
38.08784185318604
39.113866005342054
40.15703300977945
41.21749659820566
42.295414733934955
43.390949384419336
44.50426629432236
45.63553475944541
46.78492740184662
47.9526199464024
49.138790999117056
50.34362182737205
51.56729614237048
52.80999988395344
54.07192100799206
55.3532492765211
56.654176050802164
57.97489408745603
59.315597337844174
60.67648075084272
62.0577400791853
63.45957168951228
64.88217237629733
66.32573917981374
67.79046920830905
69.27655946455214
70.78420667691162
72.31360713518227
73.86495653127018
75.43844980507255
77.03428099534557
78.65264309636974
80.29372791996339
81.95772596341506
83.64482628335188
85.35521637577492
87.08908206239606
88.8466073834512
90.62797449714373
92.43336358586339
94.26295276930063
96.11691802461878
97.99543311374826
99.898669517952
101.82679637972325
103.77998045210572
105.75838605549089
107.7621750419562
109.7915067671633
111.84653806985989
113.92742325897501
116.03431410831377
118.16735985884061
120.3267072285075
122.51250042959417
124.72488119351803
126.96398880302642
129.2299601317283
131.52292969085786
133.84302968320378
136.19039006408707
138.56513860930843