0.00035688941821438363
0.000647141853586882
0.0011107516788431148
0.0018189982146238205
0.002860578023240984
0.004343049757112519
0.006394093200605307
0.00916262160419179
0.012819792145978073
0.017559957747542862
0.023601597999004388
0.03118825633795106
0.04058949903528517
0.05210189753490643
0.06605002179726635
0.0827874182687324
0.1026975338588277
0.12619453654955007
0.15372397551231484
0.18576321934821458
0.22282161062715392
0.26544027844459145
0.31419155843497953
0.3696779806017034
0.43253079879733325
0.5034080505340573
0.5829921503613856
0.671987032575056
0.7711148683085921
0.8811123859994516
1.0027268224624002
1.1367115233777534
1.2838211983281513
1.4448068183109397
1.6204101270863496
1.8113577276713053
2.01835470967539
2.242077811400739
2.483168170811553
2.7422238171710207
3.0197921860030377
3.316363086447515
3.6323626790713806
3.968149087730576
4.32401022717255
4.700164256855381
5.096762787525949
5.5138966295450516
5.951603563946151
6.409877413328376
6.888677627985853
7.387938674972248
7.907578680860107
8.447506978173374
9.007630393989494
9.587858269003332
10.188106296692496
10.808299328961084
11.44837331645462
12.108276550215068
12.787970356314492
13.487429373675294
14.206641522729786
14.945607750803461
15.704341621627693
16.482868800292202
17.281226472409873
18.0994627261006
18.937635917551734
19.795814035078035
20.674074071973013
21.57250141516358
22.491189254279785
23.43023801382004
24.389754809998212
25.369852932777885
26.37065135308303
27.392274254770584
28.43485059058214
29.498513661250193
30.583400716764764
31.68965257886494
32.8174132837137
33.9668297439065
35.138051428836015
36.33123006267709
37.546519339166764
38.78407465252092
40.04405284385585
41.326611962546494
42.6319110420114
43.96010988948723
45.3113688893753
46.68584881982334
48.08371068220869
49.505115543261525
50.95022438956762
52.419197994243696
53.91219679557234
55.42938078745027
56.97090942145604
58.536941520427206
60.12763520339309
61.7431478217411