0.0007047249720306872
0.0012309144519645411
0.0020434159439705044
0.003247868137993702
0.0049722788100626135
0.00736839341727727
0.010612908820520335
0.014908599204833155
0.020485413777781167
0.027601591796179006
0.03654482295874142
0.04763346069201065
0.06121777537164407
0.0776812137209825
0.09744161146532307
0.12095229048067449
0.14870295897230534
0.18122032622501633
0.2190683418552251
0.26284797432179074
0.3131964544255932
0.37078592558585993
0.43632146292805984
0.5105384448083826
0.5941992814456217
0.6880895220436217
0.7930133717827135
0.9097886510532659
1.039241218830368
1.1821988625551485
1.3394846298347096
1.511909551084004
1.7002646870895295
1.9053124482892785
2.127777190946544
2.3683352165756717
2.6276044918219013
2.906134650305255
3.2043980879364495
3.52278313608185
3.861590297965205
4.221032296577071
4.601238217562555
5.002261443572374
5.424090534055862
5.866661861001391
6.329872739029786
6.8135939601246385
7.317680960081402
7.8419831951658665
8.38635161019793
8.950644293920744
9.53473054202841
10.13849359930592
10.761832354180473
11.404662232872917
12.0669155020505
12.748541148243294
13.449504464923113
14.169786446193006
14.909383060250658
15.66830445541851
16.44657413615289
17.244228134941725
18.061314197408276
18.89789099188099
19.754027350294457
20.629801544171745
21.525300597330894
22.440619635544547
23.375861272382732
24.331135029962947
25.306556792875487
26.302248293525384
27.318336626931146
28.354953793175028
29.412236265668607
30.490324583574388
31.589362966835527
32.70949895234842
33.85088304998717
35.01366841733863
36.19801055203886
37.404067000832626
38.631997084471145
39.88196163775731
41.154122764058805
42.44864360374069
43.76568811602077
45.10542087380848
46.468006871159865
47.85361134302507
49.26239959700209
50.69453685686291
52.1501881176274
53.62951801203877
55.13269068822856
56.659869698483824
58.2112178989781
59.786897360344135
61.38706928901301
63.01189395922049
64.66153065559072
66.3361376262397