0.0003980092128241264
0.0004233036241196993
0.00044992326457215625
0.00047792201658251383
0.0005073552912326551
0.0005382800131425018
0.0005707546619266081
0.0006048392595337642
0.0006405954304459415
0.0006780863792122952
0.0007173769525099327
0.0007585336139472416
0.0008016244903612235
0.0008467193702039143
0.0008938897395376295
0.0009432087924611743
0.000994751446500914
0.0010485943448449613
0.0011048159040058481
0.0011634962855208136
0.0012247174770031693
0.0012885632483273961
0.001355119174591629
0.0014244726856421505
0.0014967130707900088
0.0015719314507595511
0.0016502208519131034
0.001731676180433689
0.0018163942481423106
0.0019044737980669856
0.0019960154957542396
0.002091121971098064
0.0021898978024523586
0.0022924495544880026
0.002398885761932932
0.0025093169877851403
0.0026238557726710925
0.0027426167291780927
0.002865716457699882
0.0029932736402725215
0.003125409024438592
0.003262245416048146
0.0034039077161228007
0.003550522912415479
0.003702220126204225
0.003859130565870751
0.004021387604476398
0.004189126730485886
0.004362485598160656
0.004541604026938266
0.004726624001060023
0.004917689717357779
0.00511494752989572
0.005318546027546331
0.005528636008297238
0.0057453704979935575
0.005968904746862495
0.006199396267866902
0.006437004836084663
0.006681892477537765
0.006934223492403018
0.007194164490386697
0.007461884362673072
0.007737554307121086
0.008021347842662445
0.008313440807563922
0.008614011381272747
0.008923240079824112
0.009241309791588164
0.009568405749218556
0.009904715570364288
0.010250429253325479
0.01060573919058259
0.010970840168796443
0.011345929394873732
0.011731206504407293
0.01212687354020308
0.01253313500341823
0.012950197843755472
0.013378271468027508
0.013817567744625385
0.014268301022136732
0.014730688158514322
0.015204948470186233
0.015691303814348436
0.016189978545274007
0.016701199555769732
0.017225196260543807
0.01776220063518001
0.01831244720434615
0.018876173051475553
0.019453617834902855
0.0200450238166602
0.020650635824868428
0.021270701318404365
0.021905470348423182
0.02255519560167679
0.023220132401258572
0.023900538693942996
0.024596675119693656
0.025308804946499498
0.026037194121140486
0.02678211130356931
0.027543827806464166
0.028322617677893718
0.029118757667804276
0.02993252725371295
0.030764208652126847
0.031614086819908384
0.03248244946792869
0.033369587080678775
0.03427579290460213
0.035201362993771426
0.03614659618580898
0.03711179413266885
0.03809726128673525
0.039103304950843513
0.04013023525506939
0.04117836518664231
0.04224801057157541
0.04333949012803779
0.044453125449349866
0.04558924100882412
0.046748164181734574
0.04793022527026527
0.04913575747583113
0.05036509694351349
0.051618582760570624
0.05289655696810518
0.054199364544556
0.05552735346043575
0.056880874690246545
0.05826028214818503
0.0596659327874396
0.06109818655538249
0.06255740644148075
0.06404395842988178
0.0655582115655701
0.06710053795238144
0.06867131273289502
0.07027091413708922
0.07189972344944932
0.0735581250551408
0.07524650643492027
0.07696525815272338
0.07871477391822203
0.08049545053990645
0.08230768795239192
0.08415188924111901
0.08602846062423175
0.0879378114807533
0.08988035434450396
0.09185650492532595
0.09386668209865716
0.09591130792812139
0.09799080766267342
0.1001056097511213
0.10225614585553151
0.10444285082305327
0.10666616272427216
0.10892652286686351
0.11122437576567905
0.11356016917266025
0.11593435408465795
0.1183473847240694
0.12079971857942602
0.1232918163662951
0.12582414208276216
0.12839716295866513
0.13101134949432047
0.13366717547008036
0.13636511791182693
0.13910565712858117
0.14188927669822887
0.14471646346379705
0.14758770756659434
0.15050350240376142
0.1534643446643905
0.15647073430705907
0.15952317456392628
0.16262217196257794
0.1657682362949964
0.16896188064375015
0.17220362134165423
0.1754939780216671
0.17883347357493773
0.18222263416346574
0.1856619892201016
0.18915207144147164
0.1926934167684909
0.1962865644255856
0.199932056861239
0.20363043978013873
0.20738226213188182
0.21118807608639859
0.21504843706870672
0.21896390370529073
0.2229350378259638
0.2269624044870785
0.23104657195365327
0.23518811165543346
0.23938759821407385
0.24364560941831442
0.24796272624086085
0.2523395327707383
0.25677661627286963
0.26127456711769875
0.2658339787912442
0.27045544790962156
0.2751395741650503
0.27988696032498533
0.2846982122293861
0.2895739387735877
0.2945147518816151
0.29952126649178457
0.3045941005641515
0.3097338750499759
0.3149412138592033
0.3202167438608364
0.32556109487263335
0.3309748996172929
0.33645879372133697
0.3420134157126287
0.34763940695359463
0.35333741165872606
0.35910807686764457
0.3649520524309523
0.37086999095487366
0.3768625478012552
0.38293038108582833
0.3890741516311666
0.39529452293677303
0.40159216116008917
0.40796773511935003
0.4144219162202282
0.4209553784790446
0.4275687984469301
0.43426285522596153
0.4410382304394966
0.4478956081557147
0.4548356749265916
0.4618591197155362
0.46896663387566945
0.4761589111348054
0.48343664754543053
0.49080054148346236
0.4982512935767555
0.5057896067137901
0.5134161859822318
0.5211317386515547
0.52893697414561
0.5368326039984399
0.5448193418232458
0.5528979032726705
0.5610690060139735
0.5693333697009791
0.5776917159184711
0.5861447681682896
0.5946932518018105
0.6033378940241645
0.6120794238350314
0.6209185719833361
0.6298560709454029
0.6388926548729484
0.6480290595831524
0.6572660224751233
0.6666042825348637
0.6760445802629069
0.6855876576445282
0.6952342581149908
0.704985126521068
0.7148410090713945
0.7248026532859491
0.7348708079833942
0.7450462231979147
0.7553296501776037
0.7657218413171895
0.77622355011422
0.7868355311381567
0.7975585399767544
0.8083933331805787
0.8193406682575443
0.8304013035736182
0.8415759983509581
0.8528655125956729
0.8642706070658
0.8757920432245113
0.887430583170605
0.8991869896180256
0.9110620258486979
0.923056455634082
0.9351710432181686
0.9474065532439992
0.9597637507318209
0.9722434010037437
0.9848462696496088
0.9975731224646774
1.0104247253999843
1.0234018445285749
1.0365052459795978
1.0497356958714037
1.0630939602941665
1.0765808052251105
1.0901969964974785
1.103943299733383
1.1178204802879501
1.1318293032087343
1.1459705331750198
1.1602449344366317
1.1746532707646575
1.18919630538616
1.2038748009540163
1.2186895194349592
1.233641222134526
1.248730669546003
1.263958621375994
1.279325836437676
1.2948330725901036
1.3104810867004764
1.3262706345753754
1.3422024709063978
1.3582773491843887
1.3744960216757351
1.39085923933461
1.4073677517303633
1.424022307029647
1.440823651887933
1.4577725314024723
1.4748696890457642
1.4921158666108199
1.5095118041301105
1.5270582398296422
1.544755910028666
1.5626055491093929
1.5806078894374302
1.5987636612670788
1.6170735927332636
1.6355384097152492
1.654158835803623
1.672935592236621
1.6918693978055472
1.7109609687974296
1.730211018924519
1.749620259252298
1.7691893981104871
1.7889191410512149
1.8088101907415282
1.8288632469149861
1.8490790062891185
1.8694581624777957
1.890001405944063
1.9107094238924034
1.9315829002240528
1.9526225154278976
1.9738289465158083
1.9952028669758444
2.0167449466463956
2.038455851666534
2.060336244388383
2.0823867832969345
2.1046081229487354
2.1270009138677475
2.1495658024738526
2.1723034310292353
2.195214437509541
2.2182994555692495
2.24155911442537
2.264994038825917
2.2886048489152366
2.3123921601779034
2.3363565833780275
2.360498724450148
2.3848191844274944
2.409318559383026
2.433997440316731
2.4588564131002677
2.4838960584007554
2.5091169515775027
2.5345196626367046
2.560104756145552
2.585872791114932
2.6118243210076266
2.637959893580424
2.6642800508543325
2.6907853290386186
2.7174762584368453
2.7443533634013195
2.7714171622438513
2.7986681671817566
2.826106884241792
2.853733813246373
2.88154944768176
2.909554274680431
2.937748774948596
2.9661334226923444
2.994708685572712
3.0234750246349336
3.0524328942577985
3.0815827421117015
3.1109250090794487
3.1404601292310654
3.1701885297576355
3.20011063093233
3.230226846073169
3.2605375814826987
3.2910432364164657
3.3217442030578197
3.3526408664636715
3.3837336049080626
3.4150227884023883
3.446508780814896
3.478191938432613
3.510072610280093
3.542151138110477
3.5744278563812886
3.6069030922451284
3.639577165534653
3.6724503887586035
3.7055230670865376
3.7387954983639746
3.772267973091293
3.8059407744479348
3.8398141782792488
3.8738884531216864
3.9081638601999478
3.9426406534674454
3.977319079589547
4.012199378002161
4.047281780898706
4.082566513299737
4.1180537930365695
4.15374383082463
4.1896368302800875
4.225732987961191
4.262032493412948
4.298535529215411
4.335242271015203
4.37215288761141
4.409267540954837
4.446586386264431
4.484109572035727
4.521837240141256
4.559769525859469
4.597906557966958
4.636248458791583
4.67479534429935
4.713547324147047
4.752504501778557
4.791666974479101
4.831034833480988
4.870608164012149
4.910387045427204
4.950371551242352
4.990561749244457
5.030957701587631
5.07155946487154
5.1123670902331435
5.153380623441762
5.194600104990557
5.236025570198561
5.277657049300664
5.319494567536731
5.361538145276722
5.4037877980838624
5.446243536844358
5.488905367848812
5.531773292899715
5.574847309412611
5.618127410523207
5.661613585175374
5.7053058182324925
5.749204090583817
5.793308379237198
5.837618657426694
5.8821348947098855
5.926857057085041
5.971785107063485
6.016919003810472
6.062258703203153
6.107804157975427
6.1535553177735425
6.199512129288542
6.245674536342519
6.292042479992886
6.338615898617892
6.3853947280265935
6.432378901541274
6.479568350112747
6.526963002388259
6.574562784825424
6.622367621765588
6.670377435551364
6.718592146589941
6.767011673463051
6.815635932985679
6.864464840324727
6.913498309065413
6.962736251306727
7.012178577716659
7.061825197656946
7.111676019229738
7.161730949361755
7.2119898938940254
7.262452757644445
7.313119444492796
7.363989857448027
7.415063898713786
7.466341469772945
7.517822471453139
7.569506803975796
7.621394367059523
7.673485059944568
7.725778781488507
7.778275430210441
7.830974904347836
7.883877101936836
7.936981920849243
7.9902892588604235
8.043799013700061
8.097511083112739
8.151425364893427
8.205541756969293
8.259860157412348
8.314380464509336
8.369102576823419
8.424026393202123
8.479151812855655
8.53447873537937
8.590007060812486
8.645736689666004
8.701667522975711