23.67435523983772
23.7110924269478
23.77229302387284
23.857914532175858
23.967896531882182
24.102159538829632
24.26060315012042
24.443103459645506
24.649510351635787
24.879645674187344
25.133303055791696
25.410249552525794
25.710228827662927
26.032965336788834
26.378168978712726
26.745539774765845
27.134772275497284
27.545559519246552
27.97759646433538
28.43058288369046
28.90422575188718
29.39824117660353
29.912355935131295
30.446308676836832
30.999850847904046
31.572747387739845
32.16477723885253
32.77573370451732
33.40542468193257
34.05367279296865
34.72031542982767
35.405204729351965
36.10820748685192
36.829205018113264
37.568092976691034
38.32478113238686
39.0991931159644
39.89126613453956
40.70095066157243
41.528210105089904
42.37302045745538
43.23536992971265
44.11525857338516
45.012697892345194
45.92771044716112
46.86032945416812
47.810598381247864
48.77857054215171
49.76430869098357
50.7678846182549
51.78937874977655
52.828879749446294
53.8864841268576
54.9622958504705
56.05642596698535
57.16899222741621
58.30011872025297
59.44993551199293
60.61857829527753
61.80618804473666
63.012910680629716
64.2388967403107
65.48430105747393
66.74928244916295
68.03400341042723
69.33862981657225
70.66333063285873
72.00827763158198
73.37364511637897
74.75960965369958
76.16634981129435
77.59404590368207
79.04287974446484
80.51303440546745
82.00469398262683
83.51804336860042
85.05326803209073
86.6105538038493
88.19008666940226
89.79205256850416
91.41663720137375
93.06402584174157
94.73440315679245
96.42795303406825
98.14485841540272
99.88530113798133
101.64946178261954
103.43751952934355
105.24965202036832
107.08603523057721
108.94684334557027
110.8322486473953
112.7424214080101
114.67752979057597
116.63773975862422
118.62321499315892
120.63411681775062
122.67060413177651
124.73283335135892
126.82095835802517
128.93513045667447
131.07549834041018
133.242208063657
135.43540302317882
137.65522394695049
139.9018088907958
142.17529324270606
144.47580973474072
146.80348846239963
149.15845691134206
151.54083999133755
153.95076007728017
156.38833705717994
158.85368838687754
161.34692915150623
163.8681721333402
166.41752788601462
168.99510481490765
171.6010092635192
174.2353456057152