25.426578141975064
25.463583159934373
25.525230971565005
25.611480351587527
25.722272726758547
25.85753112306993
26.01715846041234
26.201035138805274
26.409016417277872
26.640930500950315
26.89657809767766
27.175733698989458
27.478148369193924
27.8035535787648
28.15166557667059
28.522189874865425
28.914825539522237
29.329269101730972
29.765217995328193
30.222373496968814
30.70044318649399
31.199142969661672
31.718198715967993
32.257347566311644
32.81633896213334
33.394935442030416
33.99291324518045
34.610062754327636
35.24618880506562
35.90111088313651
36.57466322702042
37.26669484990178
37.977069492368685
38.70566551502968
39.45237574027815
40.217107245828295
40.99978112274021
41.80033219631868
42.61870871874124
43.45487203631647
44.30879623554837
45.18046777163421
46.06988508275416
46.977058193187716
47.902008308087716
48.84476740239548
49.80537780621363
50.783891788615634
51.78037114171816
52.794886766530965
53.8275182619605
54.87835351810092
55.94748831475529
57.03502592602425
58.141076731543286
59.26575783493507
60.409192689825815
61.5715107337159
62.75284702991914
63.953341917656
65.17314067037364
66.41239316229981
67.67125354317282
68.94987992108194
70.2484340533361
71.56708104522359
72.90598905656238
74.26532901590838
75.64527434228255
77.04600067433144
78.46768560676934
79.91050843402562
81.37464990100666
82.86029196089186
84.3676175399129
85.8968103090692
87.4480544627633
89.02153450433363
90.61743503850137
92.23594057075539
93.87723531369643
95.54150300039906
97.22892670485545
98.93968866954066
100.67397014021256
102.43195120800245
104.21381065887782
106.01972583059568
107.84987247718483
109.70442464109831
111.58355453306443
113.48743241976595
115.41622651936987
117.37010290500918
119.34922541624937
121.35375557858796
123.38385253102578
125.43967296171272
127.52137105186
129.6290984274682
131.76300411857207
133.9232345281175
136.10993340750647
138.32324184042776
140.56329823453396
142.83023832087767
145.12419516100695
147.44529916162085
149.79367809664
152.16945713658578
154.57275888513274
157.00370342265418
159.46240835666615
161.9489888789253
164.46355782916947
167.0062257651646
169.57710103902073
172.1762898795552
174.80389648056783
177.46002309484803