0.00029648353829557104
0.0003158661091101189
0.0003362979695247655
0.0003578235521954477
0.00038048859094418877
0.0004043401686700127
0.000429426689545719
0.0004557979554767508
0.00048350512960946234
0.000512600804349722
0.0005431389772833341
0.000575175086550677
0.0006087660542892417
0.0006439702485283193
0.0006808475478563233
0.0007194593328564023
0.0007598685156473668
0.0008021395655768478
0.0008463384796803704
0.0008925328660910273
0.0009407919254212484
0.000991186433261664
0.0010437888181294307
0.0010986731525314802
0.0011559151408006099
0.0012155921811562503
0.0012777833361635401
0.0013425693828784276
0.0014100328301005635
0.0014802578611532735
0.0015533304587498238
0.001629338319846048
0.0017083709524551448
0.0017905196175588
0.0018758773792522864
0.00196453911157115
0.0020566015281562556
0.002152163154698808
0.002251324378961329
0.0023541874516465108
0.0024608564790740426
0.0025714374848690184
0.0026860383553484572
0.0028047689075399074
0.00292774087577632
0.003055067916040304
0.0031868656352568073
0.0033232516125179007
0.003464345355516119
0.0036102683833335253
0.003761144172821207
0.003917098226245515
0.004078258050683889
0.004244753146729792
0.004416715075766593
0.004594277420745155
0.004777575825654483
0.004966747978268837
0.005161933664264713
0.005363274716082779
0.005570915082684174
0.0057850008050985635
0.006005680011211041
0.006233102999792403
0.006467422134871725
0.006708791965637764
0.006957369164874677
0.007213312562102471
0.007476783172745566
0.00774794416077221
0.008026960885984789
0.008314000900668536
0.008609233963493158
0.008912832040009309
0.009224969303641566
0.009545822184344079
0.009875569325406263
0.010214391624785286
0.010562472246773476
0.010919996604869562
0.011287152394298514
0.011664129591515051
0.01205112046078209
0.01244831957961566
0.01285592382053903
0.013274132366970275
0.013703146762374394
0.014143170849940255
0.014594410838985609
0.015057075281498121
0.015531375093111912
0.01601752357172579
0.01651573638322927
0.017026231584216817
0.017549229640233713
0.018084953403061817
0.018633628167070742
0.01919548161907274
0.019770743917015794
0.02035964763239118
0.020962427799385622
0.02157932192853466
0.022210569964273078
0.022856414367599845
0.023517100068043095
0.024192874494442247
0.024883987594186863
0.02559069180280686
0.026313242134829478
0.027051896076662394
0.027806913698303112
0.028578557608282824
0.02936709298494507
0.030172787572349695
0.03099591170633839
0.031836738298895384
0.03269554287215672
0.03357260354910118
0.03446820108383589
0.03538261884806709
0.036316142854062684
0.03726906176321651
0.0382416668830695
0.03923425221348289
0.04024711439698957
0.04128055277589001
0.042334869390638706
0.043410368986050205
0.0445073589995076
0.045626149611728214
0.04676705373248965
0.04793038699938853
0.04911646781594588
0.05032561732789983
0.051558159478812135
0.05281442094800736
0.054094731231748405
0.05539942261717093
0.056728830183772866
0.05808329184139557
0.05946314831532927
0.06086874315611863
0.06230042276302175
0.06375853638996799
0.06524343613190461
0.06675547695818546
0.0682950167244866
0.06986241614909917
0.07145803884073258
0.07308225134083991
0.07473542306217783
0.07641792634739189
0.07813013647137487
0.07987243160750572
0.08164519291292106
0.08344880446570965
0.0852836532918468
0.08715012939870717
0.08904862573000863
0.0909795382381752
0.09294326584325269
0.09494021044569331
0.09697077695713784
0.09903537326231021
0.10113441027449989
0.10326830192588045
0.10543746514342989
0.10764231988753249
0.10988328916463926
0.1121607989805981
0.11447527839663275
0.11682715953641767
0.11921687753245752
0.1216448706013048
0.1241115800043375
0.12661745005371688
0.12916292813323993
0.13174846468332063
0.1343745132264349
0.13704153034800579
0.13974997570211325
0.1425003120289951
0.145293005143752
0.14812852392592135
0.1510073403614302
0.15392992948537543
0.15689676943278918
0.15990834141840737
0.16296512974101365
0.16606762178368786
0.16921630798153428
0.17241161414826076
0.1756542401064213
0.17894448232713697
0.1822829113247568
0.18567003292284923
0.18910635603325082
0.1925923926188296
0.19612865771768886
0.199715669412385
0.2033539488612061
0.20704402025187466
0.2107864108222758
0.21458165086293984
0.21843027365696735
0.22233281557299622
0.2262898159587054
0.2303018171929459
0.23436936464627017
0.2384930067151897
0.24267329476259653
0.2469107831229765
0.25120602914535534
0.2555595931165913
0.25997203826820214
0.26444393078939765
0.26897583981330236
0.27356833736792746
0.27822199840906287
0.2829374007929707
0.2877151252493266
0.292555755397604
0.29745987769494286
0.30242808147152433
0.307460958890728
0.3125591048875671
0.31772311725631897
0.32295359654663464
0.32825114610623723
0.3336163720042145
0.33904988307768863
0.3445522908696313
0.350124209626009
0.35576625630918807
0.3614790505094361
0.36726321447073895
0.3731193731049512
0.3790481538948565
0.3850501869179995
0.39112610484767846
0.39727654287313524
0.40350213873492996
0.4098035326566741
0.4161813673708477
0.4226362880368794
0.42916894228496116
0.43577998013350727
0.44247005399858796
0.44923981866289886
0.4560899312508124
0.4630210511999541
0.47003384022458705
0.47712896231970714
0.4843070837012174
0.4915688728144915
0.49891500026784547
0.5063461388271997
0.5138629633953511
0.5214661509640621
0.5291563805887399
0.5369343333828508
0.5448006924542459
0.5527561428978383
0.5608013717519116
0.5689370679804956
0.5771639224269438
0.5854826278076042
0.5938938786392072
0.6023983712444518
0.6109968037176241
0.6196898758495027
0.6284782891489571
0.6373627467731905
0.6463439534959651
0.655422615702389
0.6645994413220145
0.6738751398036416
0.6832504220854045
0.6927260005519501
0.7023025890169362
0.7119809026355264
0.7217616579416264
0.7316455727427528
0.7416333661401412
0.7517257584431021
0.7619234711548709
0.7722272269285452
0.7826377495446182
0.7931557638324104
0.8037819956761512
0.8145171719529181
0.8253620204854705
0.8363172700170534
0.847383650161376
0.8585618913669889
0.869852724890474
0.8812568826977679
0.892775097513686
0.9044081026892371
0.9161566322281851
0.9280214206932133
0.9400032032049309
0.9521027153615673
0.9643206932280487
0.9766578732637594
0.9891149923044203
1.0016927874860024
1.014391996250933
1.0272133562326613
1.0401576052609984
1.0532254813246298
1.0664177224733093
1.0797350668148795
1.0931782524618996
1.1067480174705773
1.1204450997916178
1.134270237248749
1.1482241674616438
1.1623076278239493
1.176521355420374
1.190866087014897
1.2053425589679776
1.2199515072246403
1.2346936672203914
1.2495697738596205
1.2645805614729035
1.2797267637241596
1.2950091136111475
1.3104283433703887
1.3259851844617763
1.3416803674762279
1.3575146221260057
1.3734886771461625
1.3896032602784063
1.4058590982035786
1.4222569164727663
1.4387974394817333
1.455481390385401
1.47230949106483
1.4892824620590803
1.5064010225164293
1.5236658901186588
1.5410777810579674
1.558637409947977
1.5763454897684965
1.5942027318379688
1.6122098457016365
1.6303675391374994
1.6486765180182916
1.6671374863365547
1.685751146061773
1.7045181971572538
1.7234393374432233
1.7425152625973204
1.761746666048599
1.7811342389450069
1.8006786700636466
1.8203806457763934
1.8402408499494811
1.8602599639266217
1.8804386664113375
1.9007776334313389
1.9212775382809322
1.941939051432768
1.962762840482484
1.9837495700803143
2.004899901865552
2.0262144943902163
2.047694003073497
2.069339080099606
2.091150374384882
2.1131285314838326
2.1352741935223563
2.157587999152686
2.180070583451484
2.2027225778627506
2.225544610150156
2.248537304278631
2.271701280401459
2.2950371547349113
2.3185455395354104
2.3422270429977496
2.3660822691936527
2.3901118180056176
2.4143162850544293
2.4386962616292793
2.4632523346126725
2.487985086424819
2.5128950949286843
2.5379829333833164
2.5632491703721056
2.588694369720864
2.6143190904358877
2.640123886649468
2.6661093075249402
2.6922758972083973
2.718624194759929
2.745154734088952
2.771868043882472
2.798764647545252
2.8258450631181433
2.853109803261329
2.8805593751388905
2.9081942803777228
2.936015015025706
2.9640220694689168
2.992215928384337
3.020597070659423
3.04916596938764
3.0779230917550096
3.106868899037508
3.136003846500278
3.1653283833929113
3.194842952871005
3.2245479923150286
3.2544439318673044
3.2845311964985067
3.3148102045681007
3.345281368122977
3.375945092873623
3.4068017781475763
3.4378518168506966
3.46909559544371
3.5005334939090673
3.532165885713458
3.563993137794284
3.5960156105196885
3.6282336576745338
3.660647626455187
3.693257857413416
3.726064684483821
3.759068434938284
3.7922694293970123
3.8256679818076873
3.8592643994445965
3.8930589828922493
3.92705202607504
3.9612438162263452
3.995634633911234
4.0302247530303195
4.06501444082621
4.100003957884877
4.135193558178722
4.170583489057024
4.206173991273861
4.241965299016788
4.277957639926692
4.314151235110701
4.3505462991966795
4.387143040357545
4.423941660335978
4.460942354487489
4.498145311820509
4.535550715047404
4.573158740604829
4.610969558733047
4.648983333488708
4.687200222828758
4.725620378646183
4.764243946822022
4.803071067302564
4.842101874131623
4.88133649553494
4.92077505397939
4.960417666226227
5.000264443409657
5.040315491106717
5.08057090939747
5.1210307929429595
5.1616952310747
5.2025643078356305
5.243638102085751
5.2849166875733635
5.326400133007558
5.368088502139517
5.409981853855599
5.452080242247102
5.494383716697518
5.536892321975129
5.579606098301642
5.622525081460055
5.665649302856966
5.708978789634776
5.752513564738345
5.796253647021486
5.840199051319205
5.884349788548239
5.928705865800151
5.973267286407228
6.018034050071331
6.063006152916518
6.108183587597277
6.153566343388884
6.199154406260022
6.244947759003348
6.290946381262683
6.337150249694363
6.383559337971219
6.430173616962546
6.4769930547511105
6.52401761675268
6.571247265799433
6.618681962220511
6.666321663917613
6.714166326483651
6.762215903254141
6.810470345393587
6.858929602001112
6.907593620170282
6.956462345063828
7.005535720033179
7.054813686643651
7.104296184785913
7.153983152757784
7.203874527323064
7.253970243781291
7.304270236058721
7.354774436784294
7.405482777331584
7.45639518793113
7.507511597698112
7.558831934739725
7.61035612619017
7.662084098294938
7.714015776469026
7.7661510853692945
7.818489948939526
7.871032290490111
7.923778032750923
7.9767270979199765
8.029879407752045