18.442386931411185
18.479825335005252
18.54218865804651
18.629427143842648
18.741466710307158
18.878211342009262
19.03953831492455
19.225294529431917
19.435294176927098
19.669316942950505
19.927110135474077
20.208395151170304
20.51286678815538
20.840205914193607
21.190082578908306
21.562162283197843
21.956110788782876
22.371598111612304
22.808303867204618
23.265916365418576
23.744137065048015
24.242681515347623
24.761283382501023
25.29968674938504
25.85765662119745
26.4349733393452
27.031429832638004
27.64685097936013
28.28105986012088
28.93390745594914
29.605253811098564
30.294983632341538
31.00299128365834
31.72919034520633
32.47350778616214
33.235883375625555
34.01628785973267
34.81467963508381
35.631050997332444
36.46540073712855
37.31774304874972
38.18810382990049
39.07652357916393
39.983052060682866
40.907751767891064
41.85069331452096
42.81197620120716
43.791676271715254
44.7899173425116
45.806803140118504
46.84246244583408
47.89702805984936
48.970641911978234
50.06344980795913
51.175625963731974
52.30731869564713
53.458707140669205
54.629969133658086
55.82129316409891
57.032866728509994
58.26489052847978
59.51756549552257
60.79109426737224
62.085701063068726
63.40159390991152
64.73899468895188
66.0981254540906
67.47921883199176
68.88250158200006
70.30820967629738
71.75657760080936
73.22784719628228
74.72225410912662
76.24004851601484
77.78147055973812
79.34675634796345
80.9361654009399
82.54993729904669
84.18832134240003
85.85156148947823
87.53990309472795
89.2536077256213
90.99290135702284
92.75804595391746
94.54926963331084
96.36682981079477
98.21095835281677
100.08181619314693
101.9798803715061
103.90515383810437
105.85793948739929
107.8384688362252
109.84697596539425
111.88368232119953
113.94880603929425
116.04256741476634
118.16518109550809
120.31685815243715
122.49780594950367
124.70822802437533
126.94832398011717
129.21828938810722
131.51831570244107
133.84859018600778
136.20929584836824
138.60061139556723
141.02271119190718
143.47576523371924
145.95993913508715
148.47539412544668
151.02228705896152
153.60077043548273
156.2109924328841
158.85309695063208
161.52722366417333
164.2335080899396
166.97208166060668
169.74307181025117
172.54660206903114
175.38279216699343