20.380507153136033
20.418355717607604
20.481404343331064
20.569603946874395
20.682884623831217
20.82115269831716
20.984294317287553
21.17215995876614
21.384573260829793
21.621324037708202
21.88217067912881
22.16684304102465
22.475047155540235
22.806471438057617
23.160794687912137
23.537685680440294
23.936814104528633
24.35785292403629
24.80048045063626
25.2643845477086
25.74926458450002
26.254833509128698
26.780817914491212
27.32695954951661
27.89301721471269
28.478764224136235
29.083994338159137
29.708514083033528
30.352147773291954
31.01473774962669
31.696143773509014
32.39623964761195
33.114916351277316
33.85208183245566
34.60765941946268
35.38158770601237
36.17382084012485
36.984322734676745
37.813090753317525
38.660108229946864
39.525390287188806
40.408961359047616
41.31085845257345
42.231131066342414
43.16983961881725
44.127059427481534
45.10287107815789
46.097374137949764
47.110665928300705
48.14287171035447
49.19410766642374
50.26450842050644
51.35421922416216
52.46338613287898
53.59217091455698
54.74073449495593
55.90925390029668
57.09790693427595
58.30687793488974
59.53635939121377
60.786547027718186
62.05764602500392
63.34986128438465
64.6634079668684
65.99849865084354
67.35535755191752
68.73419080728355
70.13527396014659
71.55879091624416
73.00498858671743
74.47410530746387
75.96637965144787
77.48204971803978
79.02135765695466
80.58454976258541
82.17186713808654
83.7835545667673
85.41985958220471
87.08102647738659
88.7672996148077
90.47893185940463
92.21615953645734
93.97923267988946
95.76839392912169
97.58388274846598
99.42594371487317
101.2948142750977
103.19073174673316
105.11393632014848
107.06465135424591
109.04311460043125
111.04955221679694
113.08418603870345
115.14724250073512
117.23893773846284
119.35948604441496
121.50909992850698
123.6879873175323
125.89635233795047
128.13439520072743
130.4023120974631
132.70029510808752
135.02853212028504
137.38720676085018
139.77649833907225
142.19658180223618
144.64762770325646
147.12980218043762
149.64326694928636
152.18817930627645
154.7646921444206
157.3729539804268
160.0131089932549
162.6852970737304
165.38965388504798
168.1263109336634
170.89539565034477
173.6970314809445
176.53133798650808
179.39843095229946