0.0005764233000307114
0.0006117402725889997
0.0006488306306336059
0.0006877628060922731
0.0007286070181187749
0.0007714352946900636
0.0008163214476578407
0.0008633411528069492
0.0009125719338436953
0.0009640931607822682
0.0010179861291342816
0.0010743340065365121
0.0011332219135540215
0.0011947368860713292
0.0012589679398356131
0.0013260060585410425
0.0013959442047514715
0.0014688773789822936
0.0015449025633492617
0.00162411882173457
0.0017066272460422283
0.0017925310059707978
0.0018819353625426406
0.001974947668724525
0.0020716774008303768
0.0021722361370482522
0.0022767376478008182
0.0023852978076190595
0.00249803470337626
0.0026150685833981743
0.002736521902519143
0.0028625193066910237
0.00299318770236713
0.003128656205860646
0.0032690561721408196
0.003414521259748531
0.003565187357068095
0.0037211926651163317
0.003882677663409138
0.004049785157375921
0.0042226602702916905
0.004401450451469092
0.004586305503813374
0.004777377580346998
0.004974821200841916
0.005178793273913208
0.005389453071946531
0.0056069623059434035
0.00583148506879767
0.00606318788444762
0.006302239715323289
0.006548811960360509
0.006803078472502048
0.007065215575205772
0.007335402066664779
0.007613819228247666
0.007900650844109727
0.008196083197345187
0.008500305093942662
0.008813507872342512
0.009135885389659358
0.009467634082625747
0.009808952921791318
0.010160043449007488
0.010521109810692044
0.010892358715503684
0.01127399946946842
0.01166624403593028
0.012069306938115898
0.012483405359300592
0.012908759143304862
0.013345590761850412
0.013794125350307166
0.014254590726559727
0.014727217397337589
0.01521223855089196
0.01570989008690905
0.016220410621723184
0.016744041495391722
0.01728102680322193
0.017831613353569666
0.01839605074380175
0.01897459134043652
0.0195674902708277
0.020175005462510914
0.020797397667407392
0.02143493041167887
0.02208787008782576
0.02275648588331729
0.023441049880012832
0.024141836969014535
0.024859124956418878
0.025593194496042793
0.026344329155828693
0.02711281539624732
0.027898942589040097
0.028703003053959106
0.029525292030467373
0.030366107714727086
0.031225751258854885
0.03210452679934565
0.03300274145223183
0.033920705330088015
0.034858731554939626
0.035817136266082565
0.03679623864503164
0.037796360907080294
0.038817828319546485
0.03986096923503723
0.04092611506724495
0.04201360032719092
0.04312376264035406
0.04425694272147425
0.04541348444418453
0.04659373479446552
0.04779804391123314
0.04902676511240417
0.050280254861631644
0.05155887283694407
0.052862981897853246
0.054192948106206645
0.05554914074952229
0.05693193235613156
0.05834169868140171
0.059778818730946606
0.06124367480692405
0.062736652441879
0.0642581404853804
0.06580853107286667
0.06738821964798763
0.06899760499462779
0.07063708917559033
0.07230707765200205
0.07400797920474439
0.07574020596635272
0.07750417346172817
0.07930030057313532
0.08112900960499375
0.0829907262271544
0.0848858795350985
0.0868149020227551
0.08877822964207922
0.09077630174595606
0.09280956116416339
0.09487845414602729
0.09698343041627698
0.09912494317876835
0.10130344907788226
0.10351940828280297
0.10577328440919753
0.10806554459331628
0.11039665947101636
0.11276710318011995
0.11517735337915672
0.11762789124562605
0.12011920146569492
0.12265177228719795
0.12522609545348046
0.12784266628494637
0.13050198360781246
0.13320454981294202
0.13595087085658952
0.13874145621037956
0.14157681892994622
0.14445747560813918
0.14738394640977778
0.15035675505104673
0.15337642880160635
0.15644349850892023
0.15955849856226012
0.1627219669305629
0.16593444512469765
0.16919647820962966
0.1725086148374366
0.17587140716849142
0.1792854109549962
0.1827511854713499
0.18626929353884852
0.1898403015308983
0.19346477936320997
0.19714330044415038
0.20087644173667887
0.20466478372843414
0.2085089103838233
0.21240940922122548
0.21636687120661968
0.22038189083538076
0.22445506604365684
0.22858699828371093
0.23277829242536846
0.23702955680777604
0.24134140321743183
0.24571432711499713
0.25014930635055527
0.25464660372663944
0.25920696439350005
0.26383101714402374
0.2685193941381421
0.27327273087813153
0.27809166618465775
0.28297684221688346
0.28792890442728825
0.29294850153485813
0.2980362855319123
0.30319291166660217
0.3084190383936348
0.3137153274050554
0.3190824435339286
0.32452105483054955
0.33003183243881845
0.3356154506869736
0.3412725869375285
0.34700392167465327
0.35281013842324743
0.358691923736528
0.36464996716574327
0.37068496125235395
0.3767976014890583
0.382988586290872
0.38925861696558767
0.39560839769875533
0.4020386355307207
0.40855004028724096
0.4151433246128732
0.42181920386782973
0.4285783961632287
0.4354216222975434
0.4423496057191181
0.449363072507177
0.45646275134935854
0.4636493734732002
0.4709236726528409
0.47828638514410593
0.4857382496471457
0.49328000731363525
0.5009124016540554
0.5086361785385615
0.5164520861433628
0.5243608749246574
0.5323632975588052
0.5404601089367423
0.5486520660867783
0.5569399281647895
0.5653244563865737
0.5738064140283459
0.5823865663316616
0.5910656804991969
0.5998445256377761
0.6087238727243629
0.6177044945619968
0.6267871657130163
0.6359726624794473
0.6452617628542233
0.6546552464685582
0.6641538945504891
0.6737584898655471
0.6834698167016137
0.6932886607907243
0.7032158092595442
0.7132520506015652
0.7233981746345313
0.7336549723972947
0.7440232361904028
0.7545037594200776
0.7650973366344593
0.7758047634354803
0.7866268364123351
0.7975643531277038
0.8086181120318597
0.8197889124281632
0.831077554418821
0.8424848388294203
0.8540115671891929
0.865658541645248
0.8774265649285625
0.8893164402730535
0.9013289714060212
0.913464962426138
0.925725217804192
0.9381105422908658
0.9506217408701901
0.9632596187060484
0.976024981075398
0.9889186333109276
1.0019413807320443
1.015094028589268
1.0283773820425102
1.0417922460097688
1.0553394251956771
1.0690197239817807
1.0828339463675778
1.096782895921866
1.110867375696476
1.1250881881895327
1.1394461352541012
1.1539420180446907
1.1685766369478703
1.18335079151574
1.1982652804133034
1.2133209013178046
1.2285184508647358
1.2438587246125865
1.2593425169132608
1.2749706208807987
1.2907438283157862
1.3066629296223173
1.3227287137443213
1.3389419680867436
1.3553034784595681
1.3718140289710723
1.3884744019850062
1.4052853780214172
1.4222477357114722
1.4393622516733346
1.456629700488954
1.4740508545728694
1.4916264841489995
1.5093573571199412
1.5272442390106198
1.5452878929033724
1.563489079325867
1.5818485561876752
1.6003670786875555
1.6190453992415845
1.6378842673942877
1.6568844297363459
1.6760466297973544
1.6953716080077181
1.7148601015601315
1.7345128443621642
1.7543305669118914
1.7743139962546997
1.7944638558568062
1.814780865531532
1.8352657413402522
1.8559191955237566
1.8767419363808588
1.8977346682069567
1.9188980911753721
1.9402329012607669
1.9617397901521352
1.9834194451419613
2.005272549038095
2.0272997800844372
2.0495018118486086
2.0718793131518236
2.094432947931858
2.11716337519576
2.140071248898955
2.1631572178604714
2.1864219256519744
2.209866010533225
2.2334901053294463
2.2572948373541197
2.2812808283058414
2.305448694180692
2.329799045174552
2.354332485591004
2.379049613763634
2.4039510219281834
2.4290372961762547
2.454309016327713
2.4797667558645284
2.5054110818370665
2.5312425547649138
2.557261728562777
2.583469150460548
2.6098653608925915
2.636450893452187
2.6632262747733684
2.6901920244671245
2.7173486550649244
2.7446966718928576
2.7722365730425893
2.799968849270947
2.8278939839409625
2.856012452953604
2.8843247246632506
2.9128312598420694
2.9415325115894055
2.970428925288217
2.9995209385452473
3.0288089811310743
3.0582934749257467
3.087974833892468
3.117853463983762
3.1479297631563674
3.178204121273927
3.208676920118776
3.2393485333177225
3.2702193263321138
3.301289656428173
3.332559872643857
3.364030315781412
3.395701318374728
3.4275732046770493
3.4596462906633345
3.491920883999227
3.5243972840807714
3.557075781968879
3.589956660457719
3.623040194429705
3.656326649351887
3.6898162835614015
3.723509346770304
3.7574060804859677
3.791506718016421
3.825811484510315
3.8603205969795122
3.8950342643466285
3.9299526874904576
3.9650760592777483
4.000404564615832
4.035938380514433
4.07167767612589
4.10762261281391
4.14377334421179
4.180130016295272
4.21669276743666
4.253461728494934
4.290437022874831
4.32761876662676
4.365007068489631
4.402602030023534
4.440403745661624
4.4784123028126475
4.516627781950928
4.555050256713801
4.593679793986518
4.632516454033683
4.671560290561323
4.710811350840752
4.7502696758113485
4.789935300200706
4.829808252600967
4.869888555617268
4.910176225963941
4.950671274554495
4.991373706665711
5.032283522013598
5.073400714884841
5.114725274262288
5.156257183929833
5.197996422598522
5.239942964017023
5.2820967771230505
5.324457826113375
5.367026070623796
5.409801465804982
5.4527839624470875
5.49597350714049
5.539370042356222
5.582973506577291
5.626783834424539
5.670800956778527
5.715024800895471
5.759455290514601
5.804092346000779
5.84893588444752
5.89398581979441
5.939242062931743
5.98470452184909
6.030373101702579
6.076247704976741
6.122328231551547
6.168614578840917
6.215106641899468
6.261804313509652
6.308707484313317
6.355816042900832
6.403129875919445
6.450648868173072
6.49837290273215
6.546301861009595
6.594435622894731
6.642774066807908
6.69131706981853
6.740064507739152
6.789016255200939
6.838172185759168
6.887532171967707
6.937096085468499
6.986863797076222
7.036835176863799
7.087010094233528
7.137388418003339
7.18797001648599
7.238754757555097
7.289742508719482
7.340933137204349
7.392326510018187
7.443922494008623
7.495720955943596
7.547721762578885
7.599924780693599
7.652329877191223
7.704936919128029
7.757745773790166
7.810756308741443
7.863968391875706
7.917381891483619
7.970996676287169
8.024812615503834
8.078829578888044
8.133047436783805
8.187466060157345
8.242085320674441
8.296905090699175
8.35192524336618
8.407145652608065
8.462566193204442
8.51818674080899
8.574007171992642
8.630027364271895
8.686247196154847
8.742666547151634
8.799285297842935
8.856103329864592
8.913120525964572
8.9703367700309
9.027751947112135
9.085365943434507
9.143178646448076
9.201189944830098
9.259399728516668
9.31780788872196
9.376414317964047
9.435218910071843
9.494221560223718
9.553422164943022
9.612820622132466