0.0007244645696376926
0.0007678351663505182
0.000813325636058176
0.0008610150956910382
0.0009109846461381468
0.0009633173769638306
0.0010180983486583264
0.0010754146333496434
0.0011353553790985193
0.0011980117382802934
0.0012634769745776728
0.0013318463974445595
0.0014032174731948273
0.0014776897266980645
0.001555364886850015
0.0016363467836758246
0.001720741460660033
0.0018086571165335707
0.0019002041639832495
0.001995495245911681
0.0020946452154537117
0.0021977711805360525
0.0023049925418584714
0.0024164309213997874
0.002532210282567519
0.002652456860813943
0.0027772992317788223
0.0029068683018561654
0.003041297300871059
0.003180721842775097
0.003325279901939169
0.003475111850638165
0.003630360449369492
0.0037911708567828026
0.003957690677715025
0.004130069937745453
0.004308461126017669
0.004493019155272418
0.004683901457297064
0.004881267915651717
0.005085280917055553
0.0052961053528762705
0.005513908636755348
0.005738860708083448
0.005971134051363377
0.00621090369881664
0.006458347258559024
0.0067136448823290045
0.006976979345422012
0.0072485360171495065
0.007528502824099004
0.007817070383937095
0.008114431889728163
0.008420783204763256
0.008736322830660833
0.0090612519415002
0.009395774386428055
0.009740096672033235
0.010094428045880505
0.010458980435318647
0.010833968476276651
0.011219609565891249
0.011616123802680334
0.01202373407119385
0.012442665995219973
0.012873147977876358
0.013315411219483654
0.013769689688769307
0.014236220179715209
0.014715242307709946
0.015206998504087441
0.0157117340480262
0.01622969706990058
0.01676113857585686
0.017306312422368332
0.017865475359057224
0.01843888705773913
0.019026810072580027
0.019629509887138307
0.020247254927397547
0.020880316555808687
0.021528969096362573
0.022193489831859273
0.02287415904499232
0.023571260006681288
0.024285078979795427
0.02501590525998966
0.02576403115534864
0.02652975205241942
0.02731336635328182
0.02811517554207759
0.028935484189602886
0.02977459995504599
0.030632833601750724
0.031510499004291405
0.032407913183971584
0.03332539629095055
0.03426327162385453
0.035221865677563496
0.03620150811056719
0.03720253177003765
0.038225272715288236
0.03927007023390938
0.04033726683432133
0.04142720828884429
0.04254024359522077
0.04367672505555686
0.04483700823983053
0.04602145202412103
0.04723041857596258
0.048464273407096
0.049723385350257984
0.05100812659418339
0.05231887268782536
0.05365600253948647
0.05501989846870153
0.05641094616540161
0.05782953474688582
0.05927605676241379
0.06075090816962263
0.062254488380824174
0.06378720029056006
0.06534945024109587
0.0669416480628848
0.06856420708437322
0.07021754414453699
0.0719020795865512
0.07361823729068248
0.07536644467739192
0.07714713271316888
0.07896073593138334
0.08080769243389953
0.08268844391217654
0.08460343563560098
0.08655311648909567
0.08853793896356243
0.09055835917574144
0.09261483686870772
0.09470783543024118
0.09683782188599988
0.09900526692608204
0.10121064491371459
0.10345443387979181
0.10573711551989633
0.10805917524196196
0.110421102132016
0.11282338898272727
0.11526653230470114
0.11775103230413768
0.12027739291473084
0.12284612180747415
0.1254577303521829
0.12811273369829748
0.1308116506834055
0.13355500393092573
0.1363433197714149
0.13917712831642
0.14205696340796095
0.14498336264782308
0.1479568673923442
0.1509780227557658
0.15404737759571083
0.15716548454744125
0.16033289998724226
0.16355018404917854
0.1668179006193848
0.1701366173562976
0.1735069056285944
0.17692934060456122
0.18040450114721004
0.1839329698907374
0.18751533319373076
0.19115218116163452
0.19484410758344783
0.1985917100407036
0.2023955897456138
0.20625635167685843
0.21017460449468653
0.21415096053421342
0.21818603582763868
0.22228045007880104
0.22643482665213166
0.23064979254584383
0.2349259784256941
0.23926401856863103
0.24366455086651886
0.248128216823531
0.2526556615309533
0.25724753362721686
0.2619044853616967
0.26662717247332063
0.2714162542626841
0.27627239351447425
0.28119625654314623
0.28618851310715576
0.2912498364129307
0.29638090313237214
0.30158239333036785
0.3068549904785692
0.3121993814043775
0.3176162563120447
0.3231063086993878
0.32867023541538104
0.3343087365350418
0.3400225154263317
0.34581227867555986
0.3516787360719915
0.3576226005769421
0.36364458831781926
0.3697454185214694
0.3759258135033794
0.3821864986797164
0.3885282024630653
0.39495165627906165
0.40145759451674257
0.4080467545137765
0.41471987651649594
0.42147770362515996
0.4283209817871276
0.4352504597582557
0.4422668890595809
0.44937102393486994
0.45656362134304806
0.4638454408822369
0.4712172447752321
0.4786797978285432
0.48623386740496294
0.4938802233404056
0.5016196379519751
0.5094528859860818
0.5173807445535279
0.525403993113991
0.5335234134025449
0.5417397894367345
0.5500539074344071
0.5584665557412254
0.5669785248710075
0.5755906073873143
0.5843035978766394
0.5931182929007471
0.6020354909738329
0.6110559924820937
0.6201805996425189
0.6294101164698745
0.6387453487095529
0.6481871037855662
0.6577361907762184
0.6673934203319369
0.6771596046349332
0.6870355573471953
0.6970220935733764
0.7071200297667098
0.717330183726279
0.727653374495113
0.7380904223384663
0.7486421486698411
0.7593093760077941
0.7700929279023319
0.780993628893206
0.7920123044550517
0.8031497809162117
0.8144068854190185
0.825784445853388
0.8372832908113919
0.8489042495044683
0.8606481517055813
0.8725158277137218
0.8845081082477841
0.8966258244380013
0.9088698077041817
0.9212408897516137
0.9337399024454536
0.9463676777887573
0.9591250478555778
0.9720128447102869
0.9850319003261512
0.9981830465607557
1.0114671150586931
1.0248849371830486
1.0384373439470083
1.0521251659722795
1.065949233375022
1.0799103757211652
1.0940094219546654
1.1082472003279975
1.122624538304348
1.1371422625169023
1.1518011986635903
1.1666021714751864
1.1815460045936717
1.196633520521094
1.211865540547331
1.2272428846460757
1.2427663714358612
1.2584368180656227
1.2742550401446908
1.2902218516921518
1.3063380649972096
1.3226044906011891
1.3390219371653456
1.3555912114222104
1.3723131180676038
1.389188459683185
1.4062180366603634
1.4234026471162702
1.44074308676976
1.4582401489150971
1.4758946242609703
1.4937073009232935
1.5116789642545385
1.5298103968139465
1.5481023782478738
1.566555685193226
1.5851710911926835
1.603949366608684
1.6228912785307041
1.6419975906390996
1.6612690631718376
1.6807064527753062
1.7003105124391478
1.7200819913821923
1.7400216349546505
1.7601301845502342
1.7804083774857593
1.8008569469222044
1.8214766217403413
1.8422681264733363
1.863232181160163
1.8843695012713781
1.9056807976114367
1.9271667761884896
1.9488281381342012
1.9706655795801231
1.9926797915714307
2.0148714599465247
2.0372412652425753
2.0597898825866676
2.082517981585083
2.1054262262251235
2.1285152747709684
2.1517857796395576
2.1752383873313286
2.198873738285119
2.222692466807047
2.246695200935588
2.2708825623786466
2.295255166366474
2.3198136215745855
2.3445585300177627
2.369490486940703
2.3946100807423036
2.419917892839004
2.445414497596645
2.471100462232784
2.4969763466918264
2.5230427035962513
2.549300078115037
2.5757490078814955
2.6023900229346872
2.6292236455972846
2.656250390382605
2.683470763954395
2.710885265012889
2.7384943842228155
2.766298604132969
2.794298399121098
2.8224942352898936
2.850886570443776
2.879475853979049
2.9082625268332576
2.9372470214419932
2.9664297616747244
2.99581116276417
3.0253916312757663
3.0551715650654647
3.0851513532068737
3.115331375973633
3.1457120048099965
3.1762936022868935
3.2070765220720148
3.2380611088980387
3.269247698575043
3.300636617928443
3.332228184832257
3.3640227081621887
3.39602048780779
3.428221814690461
3.460626970724844
3.493236228868352
3.526049853118809
3.559068098531205
3.5922912112173266
3.6257194284424448
3.659352978551092
3.6931920811002437
3.7272369468366047
3.7614877781520106
3.79594476758193
3.8306081001534715
3.8654779519324163
3.90055449043642
3.9358378747218965
3.9713282554498037
4.007025774936779
4.042930567247988
4.079042758286359
4.115362465839509
4.1518897997043585
4.18862486176421
4.225567746059251
4.262718538924822
4.30007731905758
4.337644157625215
4.375419118382507
4.413402257773106
4.451593625038133
4.489993262326287
4.528601204831981
4.5674174808701915
4.606442112044149
4.645675113338302
4.685116493249639
4.72476625390821
4.764624391227064
4.804690894987275
4.844965749017049
4.885448931284563
4.9261404140587075
4.967040164016326
5.008148142390165
5.049464305107272
5.090988602920567
5.1327209815217865
5.17466138172705
5.2168097395513335
5.259165986393034
5.301730049145187
5.344501850339195
5.387481308268705
5.430668337135572
5.474062847189124
5.517664744835766
5.561473932798592
5.605490310217433
5.649713772818777
5.694144213010724
5.738781520035654
5.78362558006915
5.828676276376893
5.873933489427605
5.919397096999926
5.96506697433185
6.010942994221018
6.0570250271459845
6.103312941395551
6.149806603166079
6.196505876688588
6.243410624337117
6.290520706730998
6.33783598284818
6.385356310143516
6.433081544630437
6.481011540993651
6.529146152703587
6.577485232086768
6.626028630441619
6.674776198135157
6.723727784677217
6.772883238837246
6.822242408706868
6.8718051417970605
6.921571285132249
6.9715406853153405
7.0217131886226785
7.072088641076283
7.1226668885140985
7.173447776684084
7.224431151291996
7.275616858088771
7.327004742938671
7.37859465188196
7.430386431195104
7.482379927462517
7.5345749876408545
7.586971459105182
7.639569189717992
7.692368027879846
7.745367822586712
7.798568423479127
7.851969680903253
7.905571445938318
7.959373570472696
8.013375907224392
8.067578309804583
8.121980632743826
8.176582731546771
8.231384462726563
8.28638568384145
8.341586253543065
8.396986031588964
8.45258487890059
8.508382657582763
8.564379230961409
8.620574463608012
8.676968221371645
8.733560371415447
8.79035078222148
8.84733932363652
8.904525866890676
8.961910284617128
9.019492450875957
9.077272241176983
9.135249532489201
9.193424203282357
9.251796133526952
9.310365204700942
9.36913129984969
9.428094303542773
9.48725410193542
9.546610582757587
9.606163635338294
9.66591315060375
9.725859021104423
9.786001141015033
9.846339406151067
9.906873713968022
9.967603963577805
10.028530055756663
10.089651892945318
10.150969379264842
10.212482420512082