0.0008403491296428946
0.000889893875117945
0.0009418175552219485
0.0009962070287179892
0.0010531512522713934
0.0011127412852904679
0.0011750703027110197
0.0012402336494857107
0.0013083287741790354
0.0013794553601637856
0.0014537152535064385
0.0015312125123675266
0.00161205344572756
0.0016963465659725974
0.0017842026886879636
0.001875734883009633
0.001971058530333719
0.002070291301726353
0.002173553197270211
0.002280966568654636
0.0023926561076323336
0.0025087488801527943
0.002629374338402084
0.002754664322292302
0.002884753106255401
0.0030197773580348366
0.0031598762151444338
0.0033051912475078058
0.0034558664892334655
0.003612048470141699
0.00377388619689809
0.003941531192484168
0.004115137491356672
0.004294861645653623
0.004480862764789098
0.004673302523521127
0.004872345134272595
0.005078157403854778
0.005290908728006003
0.0055107711143541245
0.005737919161688234
0.005972530113703286
0.00621478386384083
0.0064648629149495224
0.006722952454006284
0.006989240363411362
0.007263917158058711
0.007547176095804163
0.007839213114039319
0.008140226878595438
0.008450418778406204
0.008769992941891779
0.009099156265754995
0.009438118392142987
0.009787091736202184
0.010146291530141445
0.010515935763157238
0.0108962452664569
0.011287443663610015
0.01168975742863729
0.012103415881045708
0.012528651182849593
0.012965698357685343
0.013414795344928405
0.013876182934033001
0.014350104839129152
0.014836807665758121
0.015336540960645137
0.015849557216912516
0.016376111858688574
0.016916463285543144
0.01747087285535881
0.018039604925291004
0.018622926849657946
0.019221108984409017
0.019834424712321434
0.020463150462735575
0.021107565692564376
0.021767952925143386
0.022444597768228373
0.023137788914367702
0.02384781812898667
0.024574980329577025
0.025319573516188933
0.026081898854840642
0.02686226065567307
0.027660966378783555
0.02847832668797045
0.02931465540753884
0.030170269583120104
0.031045489470625076
0.031940638556972364
0.0328560435742382
0.03379203451268918
0.03474894461308677
0.03572711043619532
0.03672687180717567
0.037748571883603685
0.038792557136852084
0.03985917737703885
0.0409487857610951
0.042061738832484034
0.043198396494390646
0.04435912203243595
0.045544282173883004
0.04675424704133952
0.04798939018937377
0.04925008862338103
0.05053672281733296
0.05184967670620618
0.053189337724832364
0.05455609679945791
0.05595034837678842
0.05737249041405895
0.05882292443203395
0.06030205548770048
0.061810292215600686
0.06334804682795597
0.06491573511491518
0.06651377647620561
0.0681425939439714
0.06980261416204518
0.07149426741722677
0.07321798764586156
0.07497421246797394
0.07676338315760228
0.07858594468586913
0.08044234573029024
0.08233303865988006
0.08425847957400176
0.08621912831477935
0.08821544844487997
0.0902479072879775
0.09231697594228182
0.09442312925844508
0.09656684586773746
0.0987486082037683
0.1009689024913152
0.10322821876593524
0.10552705085658796
0.10786589644794439
0.11024525703483438
0.11266563795861428
0.11512754838718335
0.11763150135433025
0.12017801374459026
0.12276760629870666
0.12540080363411069
0.12807813423660544
0.13080013046061414
0.13356732855102552
0.1363802686177489
0.13923949467791547
0.14214555463440529
0.14509900026765538
0.14810038725787722
0.15115027518468468
0.15424922750363482
0.1573978115853263
0.16059659869218862
0.16384616396458046
0.16714708644809653
0.17049994906899135
0.1739053386501911
0.17736384589379234
0.1808760653793244
0.18444259557119663
0.18806403879151576
0.19174100123944895
0.19547409297409496
0.19926392790169953
0.20311112378930898
0.20701630221847267
0.21098008862533435
0.21500311224080557
0.21908600613785598
0.22322940716150877
0.22743395597066962
0.23170029698189976
0.23602907839697068
0.24042095215209877
0.24487657394214876
0.24939660316502735
0.25398170295072764
0.25863254011317005
0.2633497851299704
0.2681341121758288
0.2729861990329134
0.27790672711742304
0.28289638147201557
0.2879558506994026
0.2930858269771203
0.2982870060233959
0.3035600870847353
0.3089057729142021
0.31432476971407336
0.31981778716178083
0.3253855383617521
0.33102873979812
0.3367481113565681
0.34254437625904305
0.3484182610374402
0.35437049554080335
0.3604018128588653
0.3665129493286266
0.37270464447899737
0.3789776410162749
0.3853326847908792
0.39177052475155205
0.398291912918547
0.4048976043728304
0.41158835717081027
0.418364932359603
0.4252280939112491
0.4321786086856008
0.4392172464289566
0.44634477967253006
0.4535619837492061
0.4608696367343349
0.4682685194040274
0.4757594151929536
0.4833431101486661
0.49102039291211286
0.49879205463546883
0.5066588889748127
0.5146216920418439
0.5226812623245685
0.5308384006953671
0.5390939103085954
0.5474485965995901
0.5559032672044871
0.5644587319454507
0.5731158027444094
0.5818752936058028
0.590738020525849
0.5997048015107899
0.6087764564463161
0.6179538070970699
0.6272376770429712
0.6366288916329199
0.6461282778878573
0.6557366645059789
0.6654548817892546
0.6752837615513307
0.6852241371079724
0.6952768431984944
0.7054427159493941
0.7157225927702131
0.7261173123434835
0.7366277145383394
0.7472546403758868
0.7579989319217145
0.7688614322964442
0.779842985526537
0.7909444365671308
0.8021666311869806
0.8135104159168235
0.824976637986573
0.836566145283242
0.84827978622918
0.8601184097881542
0.8720828653486761
0.8841740026620639
0.8963926718095516
0.908739723079035
0.9212160069545219
0.9338223740065332
0.9465596748340134
0.9594287599987947
0.9724304799498829
0.985565684947867
0.9988352250007491
1.0122399497853747
1.02578070858078
1.0394583501691423
1.0532737227968068
1.06722767408256
1.0813210509205662
1.0955546994324585
1.1099294648871538
1.1244461915959723
1.1391057228597599
1.1539089008779084
1.1688565666695383
1.1839495599925705
1.1991887192482775
1.2145748814347384
1.230108881999133
1.2457915548394807
1.2616237321184574
1.277606244261658
1.2937399198347164
1.3100255854551788
1.3264640656928344
1.343056183019818
1.359802757664768
1.3767046075714937
1.3937625482785765
1.4109773928343483
1.4283499516978406
1.4458810326430884
1.4635714406808091
1.4814219779440858
1.4994334435790169
1.5176066336949434
1.535942341202967
1.5544413557604662
1.573104463657031
1.5919324477031245
1.6109260871383566
1.6300861575305743
1.649413430664152
1.6689086744377148
1.6885726527530507
1.708406125424625
1.7284098480519838
1.748584571926291
1.7689310439152663
1.7894500063672407
1.8101421969638234
1.8310083486541173
1.8520491895415214
1.8732654427213775
1.894657826223132
1.9162270528852199
1.937973830224117
1.9598988603388905
1.9820028397894358
2.0042864594949448
2.0267504046046954
2.0493953543995
2.0722219821596384
2.0952309550763606
2.1184229341147316
2.141798573910239
2.165358522663165
2.189103422030104
2.2130339069706735
2.2371506057005943
2.261454139527356
2.2859451227710252
2.3106241626439736
2.335491859140284
2.3605488049463843
2.3857955853032715
2.411232777934025
2.436860952927754
2.4626806726337196
2.4886924915611712
2.5148969563113264
2.541294605424826
2.567885969337546
2.594671570276958
2.6216519221401153
2.648827530458902
2.6761988922801274
2.7037664960793895
2.7315308217127896
2.7594923403178844
2.787651514229779
2.816008796936071
2.84456463299642
2.873319457983217
2.90227369841183
2.931427771699516
2.960782086094427
2.9903370406331597
3.020093025108854
3.050050420004791
3.080209596474036
3.1105709163081583
3.1411347318911846
3.1719013861953775
3.202871212743254
3.234044535602001
3.2654216693754066
3.2970029191753136
3.3287885806639417
3.3607789399859977
3.3929742738633757
3.425374849527141
3.4579809247885285
3.490792748024789
3.523810558238648
3.557034585045642
3.5904650487763963
3.6241021604235
3.6579461217863574
3.6919971254464854
3.7262553548556423
3.760720984390812
3.7953941794117965
3.8302750963378
3.86536388310767
3.900660677676539
3.9361656104653617
3.971878802858424
4.007800367713855
4.0439304094300335
4.08026902405146
4.116816299379973
4.153572315050338
4.190537142669389
4.227710845905764
4.2650934806013705
4.302685094914374
4.340485729410546
4.378495417189752
4.416714184029799
4.455142048493561
4.493779022070844
4.532625109299159
4.571680307912048
4.610944608955753
4.6504179969579065
4.6901004500224746
4.729991940007133
4.770092432650861
4.810401887716312
4.8509202591385066
4.891647495146972
4.932583538452792
4.973728326357088
5.015081790907167
5.0566438590524125
5.098414452781073
5.140393489259772
5.182580880996105
5.224976535972198
5.267580357788809
5.310392245818995
5.353412095341287
5.3966397976830605
5.440075240382382
5.483718307296244
5.527568878768133
5.571626831744702
5.615892039930794
5.6603643739151845
5.705043701320515
5.749929886900854
5.795022792713978
5.840322278227371
5.885828200452029
5.931540414062233
5.977458771536806
6.023583123261382
6.069913317661096
6.116449201311551
6.163190619063056
6.21013741415197
6.257289428309556
6.304646501873313
6.3522084738950895
6.399975182249569
6.447946463741253
6.4961221541928476
6.544502088546538
6.593086100989725
6.641874024999712
6.690865693485574
6.740060938844384
6.789459593068456
6.839061487816089
6.888866454520182
6.93887432443862
6.9890849287515895
7.039498098649453
7.090113665380664
7.140931460346965
7.19195131516731
7.24317306174477
7.294596532348447
7.346221559645008
7.398047976799217
7.450075617517753
7.502304316097123
7.554733907510789
7.607364227439833
7.6601951123327785
7.713226399462317
7.766457926968874
7.819889533914353
7.873521060328928
7.927352347250146
7.981383236771703
8.035613572077827
8.090043197498261
8.144671958525898
8.19949970188466
8.254526275517224
8.309751528678477
8.365175311910326
8.420797477113803
8.476617877568438
8.532636367949259
8.588852804365766
8.645267044386758
8.701878947057205
8.758688372939222
8.815695184114542
8.872899244213187
8.93030041844711
8.987898573602996
9.045693578087437
9.103685301927682
9.1618736167905
9.220258395997572
9.278839514555903
9.337616849133742
9.396590278106624
9.455759681567685
9.515124941314742
9.574685940888402
9.63444256555444
9.69439470233619
9.754542240004122
9.814885069106372
9.875423081936106
9.936156172583763
9.997084236907403
10.058207172548709
10.11952487894739
10.181037257322311
10.24274421069471
10.304645643882852
10.366741463500299
10.429031577960128
10.491515897478152
10.554194334072061
10.617066801560053