0.000480567203951034
0.0005105493250531991
0.0005420689525596449
0.0005751869837242502
0.0006099659558187794
0.0006464700935473114
0.0006847652513297237
0.0007249190112335859
0.0007670006574051234
0.0008110812286967493
0.0008572334908638397
0.0009055319926676694
0.0009560530679854779
0.0010088748631172078
0.0010640773298346983
0.0011217422755267876
0.0011819533697777532
0.001244796137540629
0.00131035799277414
0.0013787282569368137
0.001449998195354589
0.0015242609753918592
0.0016016117384419634
0.001682147571875719
0.0017659675770600248
0.0018531728118895891
0.0019438663714659288
0.002038153365259007
0.0021361409482617394
0.0022379383149080372
0.002343656739039945
0.00245340955218637
0.002567312210464591
0.0026854822413321195
0.002808039314956583
0.0029351052267145893
0.0030668039029013165
0.0032032614205899598
0.0033446060639829088
0.0034909682410020747
0.003642480598473678
0.00379927796180518
0.003961497372469988
0.004129278099054272
0.004302761653392764
0.004482091788458695
0.004667414519836815
0.004858878135653123
0.005056633195954255
0.005260832567213273
0.005471631416495952
0.0056891872047582165
0.005913659740963135
0.006145211157628972
0.00638400593751532
0.006630210917719112
0.0068839952762694955
0.007145530618516422
0.0074149908772128065
0.0076925524301817505
0.007978394034780366
0.008272696867494548
0.008575644535109912
0.00888742308141436
0.009208220991045842
0.009538229204635193
0.00987764113903793
0.010226652674673872
0.010585462184819807
0.010954270531141131
0.011333281095342828
0.011722699765516108
0.012122734938620835
0.012533597578450288
0.012955501178891183
0.013388661789368587
0.013833298021796732
0.014289631060632847
0.01475788469998951
0.015238285291503596
0.015731061822781087
0.016236445884008386
0.016754671699727424
0.017285976110713915
0.017830598631569758
0.018388781412121226
0.018960769272297128
0.019546809727325483
0.02014715295360009
0.020762051842797512
0.02139176198313475
0.022036541700577558
0.02269665202520354
0.023372356745815597
0.024063922393309675
0.024771618263761334
0.02549571643381684
0.02623649173140049
0.02699422180410555
0.027769187118573676
0.028561670908487977
0.029371959282682873
0.03020034114049322
0.031047108274402796
0.03191255530450815
0.032796979725064186
0.03370068192583304
0.03462396516763216
0.035567135628383366
0.036530502393803795
0.0375143774704386
0.03851907580775461
0.03954491530062277
0.04059221679068346
0.04166130410457592
0.042752504038298986
0.043866146382904196
0.04500256392536465
0.04616209247389583
0.04734507085659024
0.048551840927251115
0.04978274760002236
0.05103813883796934
0.05231836567728257
0.053623782216479184
0.054954745660714295
0.056311616308499984
0.05769475757230949
0.059104535969268096
0.06054132115975493
0.06200548595311251
0.06349740629796537
0.0650174613132503
0.06656603327952798
0.06814350767137858
0.06975027314337615
0.07138672156707669
0.07305324800830405
0.07475025077295072
0.0764781313770645
0.07823729459773836
0.08002814843388809
0.08185110416297577
0.08370657633269364
0.08559498275140677
0.08751674450627477
0.08947228599341335
0.09146203490585453
0.09348642223317427
0.09554588228495141
0.09764085270802061
0.09977177444228508
0.10193909180151964
0.10414325242955592
0.10638470731753516
0.10866391082438831
0.1109813206472951
0.11333739787170498
0.11573260695396019
0.11816741572266103
0.1206422953928157
0.12315772057080521
0.12571416923539278
0.12831212279928814
0.130952066047459
0.1336344871548806
0.13635987774251446
0.13912873280655905
0.141941550774801
0.14479883346019373
0.1477010861369438
0.150648817447544
0.15364253947401904
0.15668276770068915
0.15977002106568045
0.16290482185827654
0.16608769584701177
0.16931917218595965
0.17259978344985913
0.17593006561425514
0.17931055806940038
0.18274180360660172
0.18622434844403757
0.18975874216705552
0.19334553775783722
0.1969852916147615
0.20067856349481178
0.20442591653914535
0.2082279172888566
0.21208513560268452
0.2159981447381882
0.21996752129986408
0.2239938452278507
0.22807769979296402
0.2322196716058824
0.23642035057643457
0.24068032995418764
0.24500020625136734
0.24938057928617666
0.25382205214717285
0.2583252311737804
0.26289072597838464
0.2675191493964348
0.2722111174745286
0.276967249496105
0.2817881679284448
0.2866744983982183
0.29162686972884594
0.29664591385820605
0.3017322658880347
0.3068865640061019
0.3121094495105393
0.317401566772852
0.32276356321048744
0.3281960893069436
0.33369979854722526
0.33927534740270154
0.34492339534165606
0.3506446047847273
0.3564396410821946
0.36230917248580213
0.368253870150497
0.37427440807820206
0.3803714631247665
0.3865457149468423
0.39279784600002193
0.39912854149961624
0.4055384893849073
0.4120283803270922
0.4185989076598993
0.4252507673794639
0.4319846580970379
0.43880128102856375
0.44570133995880323
0.45268554119404725
0.4597545935614951
0.466909208355634
0.4741500993017474
0.48147798254970886
0.4888935766170104
0.49639760238516256
0.5039907830089623
0.5116738439483913
0.5194475128905445
0.5273125197429266
0.5352695965702748
0.5433194775677486
0.5514628990333743
0.5597005993394975
0.5680333188494971
0.5764617999373975
0.5849867869124014
0.5936090259925766
0.6023292652611656
0.6111482546252527
0.6200667457904432
0.6290854921965685
0.6382052489948479
0.6474267729935231
0.6567508226275729
0.6661781579040993
0.6757095403725385
0.6853457330671928
0.6950875004744624
0.7049356084798455
0.7148908243272262
0.7249539165779146
0.735125655064474
0.7454068108265494
0.7557981560943594
0.7663004642152168
0.7769145096241111
0.7876410677873581
0.7984809151558051
0.8094348291196518
0.8205035879471331
0.8316879707555996
0.8429887574559111
0.8544067286772182
0.8659426657583992
0.8775973506526091
0.8893715659180961
0.9012660946402519
0.9132817203863086
0.9254192271499797
0.937679399292006
0.9500630215185586
0.9625708787826862
0.9752037562637115
0.9879624393003287
1.000847713316628
1.0138603638043457
1.0270011762538527
1.0402709360712417
1.0536704285499026
1.0672004388090828
1.0808617517357988
1.0946551519025427
1.1085814235500298
1.1226413504929904
1.136835716090008
1.1511653031516695
1.1656308939038253
1.1802332699255287
1.194973212048621
1.2098515003800734
1.2248689141448506
1.2400262316799504
1.2553242303560856
1.2707636865166143
1.2863453754024472
1.3020700710994204
1.3179385464706483
1.3339515730787
1.350109921136695
1.3664143594263833
1.3828656552343472
1.3994645742894436
1.416211880697019
1.4331083368447028
1.4501547033629356
1.4673517390389526
1.4847002007424357
1.5022008433567502
1.519854419729047
1.5376616805592986
1.5556233743463068
1.5737402473129798
1.592013043331861
1.6104425038620747
1.6290293678319068
1.6477743716112498
1.666678248909948
1.6857417307041929
1.7049655451543544
1.7243504175406863
1.7438970701578234
1.7636062222628974
1.783478589987909
1.8035148862319883
1.823715820625525
1.8440820994157283
1.8646144253941395
1.8853134978165735
1.9061800123074217
1.9272146607942393
1.9484181314060904
1.969791108407391
1.991334272092901
2.0130482987228113
2.0349338604184783
2.0569916250833624
2.0792222563253238
2.101626413362914
2.1242047509410953
2.1469579192223875
2.169886563756457
2.1929913253270765
2.2162728399094243
2.2397317385618543
2.2633686473592394
2.287184187276547
2.311178974133356
2.3353536184857484
2.359708725547242
2.384244895109354
2.4089627214435434
2.433862793229967
2.4589456934624017
2.4842119993675653
2.509662282319969
2.5352971077710436
2.561117035148975
2.5871226177921742
2.6133144028623914
2.6396929312683817
2.666258737578152
2.693012349964223
2.7199542901080545
2.747085073131408
2.77440520752361
2.801915195079617
2.8296155307957513
2.857506702864985
2.885589192536933
2.9138634741045695
2.9423300148190803
2.9709892748438174
2.9998417071643058
3.0288877575808
3.058127864596698
3.0875624594136992
3.1171919658491407
3.1470168003153924
3.1770373717463776
3.2072540815681556
3.237667323672858
3.2682774843573696
3.2990849422988786
3.3300900685181363
3.361293226366796
3.3926947714834754
3.4242950517796054
3.4560944073962356
3.488093171108796
3.520291666802388
3.5526902116436596
3.585289114655524
3.6180886770550127
3.651089192249555
3.6842909458558437
3.717694215680099
3.751299271759526
3.785106376341835
3.819115783923346
3.8533277412601588
3.8877424873994344
3.922360253678151
3.9571812637954684
3.9922057338092514
4.0274338721787695
4.0628658798236525
4.098501950151447
4.134342269092618
4.170387015175145
4.206636359550592
4.243090466067207
4.279749491332982
4.31661358474892
4.35368288859802
4.390957538103625
4.428437661508603
4.466123380123265
4.504014808431857
4.542112054151393
4.5804152183093585
4.61892439533953
4.657639673160047
4.696561133252605
4.735688850767582
4.775022894607326
4.814563327517881
4.85431020618456
4.894263581327645
4.934423497814962
4.974789994736231
5.015363105529794
5.056142858068755
5.097129274771204
5.138322372708567
5.179722163706153
5.221328654454732
5.263141846614678
5.3051617369345045
5.347388317345317
5.3898215750757545
5.432461492782812
5.475308048625565
5.51836121641164
5.561620965683472
5.605087261846528
5.6487600662674815
5.692639336403799
5.736725025882434
5.781017084651996
5.8255154590662865
5.8702200919912935
5.915130922940481
5.960247888157456
6.005570920731399
6.05109995071846
6.0968349052329796
6.142775708555484
6.188922282247738
6.235274545247828
6.281832413972062
6.328595802429408
6.375564622310498
6.422738783077232
6.470118192109995
6.517702754732848
6.565492374373278
6.6134869526206534
6.661686389330366
6.710090582715183
6.758699429451247
6.8075128247324415
6.85653066239811
6.905752834985936
6.95517923383409
7.004809749175815
7.054644270187207
7.104682685104891
7.1549248812776485
7.205370745256778
7.256020162880006
7.306873019312817
7.357929199163759
7.409188586533974
7.460651065069574
7.51231651806553
7.5641848285112285
7.616255879156373
7.6685295525803765
7.721005731245354
7.773684297563402
7.82656513396126
7.879648122923637
7.93293314705216
7.986420089132283
8.040108832176104
8.093999259465562
8.148091254621821
8.202384701644739
8.256879484951844
8.311575489447588
8.366472600526711
8.421570704165456
8.476869686938954
8.532369436053747
8.588069839403257
8.643970785602184
8.700072164019756
8.756373864815862
8.812875778979148
8.869577798353328
8.926479815678036
8.983581724615119
9.040883419778565
9.098384796765652
9.156085752175567