0.2639838753958954
0.2739545163292918
0.2843190913076076
0.2951003110202521
0.3063232304257315
0.318015548835948
0.33020788618356134
0.3429339509480041
0.35623042917282893
0.3701362766765374
0.3846908948915793
0.39993053258343747
0.4158825684629213
0.43255865816966865
0.44994978152698417
0.46802663801354005
0.48674567866165686
0.5060572718426444
0.5259122780138575
0.5462657272931659
0.56707816733061
0.5883156889155436
0.6099493759648044
0.6319545889560403
0.6543102667624265
0.6769983145036078
0.7000030915485733
0.7233109924913969
0.7469101072877222
0.7707899461084676
0.7949412162613975
0.8193556404997806
0.8440258083750566
0.8689450538233336
0.8941073537641738
0.9195072436433337
0.9451397465803418
0.9710003136293
0.9970847731307158
1.023389287496604
1.0499103161933476
1.076644583856488
1.1035890526800132
1.1307408984357037
1.1580974895589025
1.1856563687654935
1.2134152369519737
1.2413719389217235
1.269524450790023
1.2978708687439764
1.3264093990841186
1.3551383492383868
1.3840561197845813
1.413161197244242
1.4424521475758236
1.4719276103195125
1.5015862932848225
1.5314269677334396
1.56144846398085
1.5916496674227147
1.6220295148653385
1.6525869912054203
1.683321126359658
1.7142309924512853
1.7453157012472107
1.7765744017609826
1.8080062780593122
1.8396105472383977
1.8713864575510526
1.9033332866563455
1.9354503400112317
1.9677369493897843
2.0001924714509554
2.0328162864731567
2.0656077971446956
2.098566427401625
2.1316916214140433
2.1649828425546422
2.198439572520923
2.232061310425382
2.265847572026828
2.299797888909442
2.333911807821208
2.3681888899658032
2.402628710383599
2.437230857328451
2.4719949317318632
2.5069205466573528
2.542007326782984
2.577254907956024
2.612662936699183
2.648231069831799
2.683958974024984
2.719846325448747
2.7558928093806405
2.7920981198937156
2.828461959493842
2.864984038832613
2.9016640764036206
2.938501798256232
2.975496937738408
3.0126492352257475
3.049958437890001
3.087424299464602
3.1250465800221208
3.16282504575345
3.2007594687782728
3.2388496269566436
3.2770953036870445
3.3154962877328638
3.3540523730717102
3.3927633587133283
3.431629048554501
3.4706492512260048
3.509823779957569
3.5491524524309135
3.5886350906630757
3.6282715208675174
3.668061573338693
3.7080050823333894
3.748101885976267
3.788351826126061
3.8287547482915465
3.869310501531003
3.910018938349938
3.9508799146133327
3.9918932894580106
4.03305892521432
4.074376687316266
4.115846444217611
4.157468067330175
4.199241430949501
4.2411664121633645
4.283242890825097
4.3254707494305755
4.3678498731168585
4.4103801495510995
4.45306146890597
4.4958937237798455
4.538876809154735
4.5820106223421595
4.625295062921587
4.668730032704442
4.712315435683831
4.756051177976083
4.799937167782896
4.843973315365513
4.888159532966285
4.932495734800595
4.976981837003616
5.021617757599031
5.066403416443298
5.1113387352180855
5.156423637370194
5.2016580481048535
5.247041894320311
5.292575104610936
5.338257609205404
5.3840893399583845
5.43007023031628
5.476200215287317
5.5224792314193225
5.56890721676088
5.615484110851517
5.662209854696144
5.709084390725825
5.756107662789839
5.803279616129114
5.850600197355129
5.898069354423473
5.9456870366177155
5.993453194532021
6.041367780042734
6.0894307463084925
6.137642047724935
6.186001639932141
6.2345094797786365
6.283165525316804
6.331969735785252
6.380922071587723
6.430022494281913
6.479270966559868
6.528667452241399
6.578211916256215
6.6279043246244305
6.6777446444518525
6.727732843921165
6.777868892259164
6.828152759748671
6.87858441769862
6.929163838446787
6.979890995340306
7.030765862714942
7.081788415916058
7.132958631252452
7.1842764860086445
7.23574195842774
7.287355027703619
7.339115673971994
7.391023878297008
7.443079622671604
7.49528289000437
7.547633664102535
7.600131929686117
7.652777672353169
7.705570878598151
7.758511535780155
7.811599632140523
7.86483515677245
7.918218099633884
7.9717484515291535
8.025426204100413
8.079251349839922
8.133223882057404
8.187343794899663
8.241611083325004
8.29602574311007
8.350587770842012
8.405297163908692
8.460153920497069
8.515158039588849
8.570309520958627
8.625608365161105
8.681054573529716
8.736648148178748
8.792389091990056
8.848277408614551
8.90431310246773
8.960496178723231
9.016826643308102
9.073304502905422
9.12992976494374
9.186702437599559
9.243622529789526
9.300690051163098
9.357905012117063
9.415267423770235
9.47277729797063
9.530434647298712
9.588239485052988
9.646191825251867
9.7042916826359
9.762539072656978
9.820934011480688
9.879476515980732
9.938166603743275
9.997004293055511
10.055989602907664
10.115122552993602
10.174403163705627
10.233831456128136
10.293407452042603
10.35313117392669
10.413002644942345
10.47302188894424
10.533188930471823
10.593503794752795
10.653966507693559
10.714577095884172
10.775335586596247
10.836242007778976
10.897296388057766
10.958498756730759
11.01984914377368
11.081347579837473
11.142994096233537
11.204788724953573
11.26673149865148
11.328822450650536
11.391061614937206
11.453449026162996
11.515984719645699
11.578668731361814
11.641501097948673
11.70448185670442
11.767611045584808
11.830888703205904
11.89431486883567
11.95788958239618
12.02161288447233
12.085484816292572
12.149505419741846
12.213674737358465
12.277992812324932
12.34245968847961
12.407075410307408
12.471840022936437
12.536753572146567
12.601816104361117
12.667027666649208
12.732388307674423
12.797898073920532
12.863557015305242
12.929365181470592
12.995322622696353
13.061429389899294
13.127685534641607
13.194091109120127
13.260646166168302
13.32735075925831
13.394204942496843
13.46120877062733
13.528362299026101
13.595665583701633
13.663118681300764
13.730721649095155
13.798474544993837
13.866377427533394
13.934430355881448
14.002633389834664
14.07098658981541
14.139490016878078
14.20814373270263
14.276947799592122
14.345902280479027
14.415007238917424
14.48426273909006
14.553668845794462
14.623225624460554
14.692933141134649
14.762791462480312
14.832800655791154
14.902960788971463
14.973271930550228
15.043734149667864
15.114347516087873
15.185112100190148
15.25602797296476
15.327095206021646
15.39831387158415
15.469684042486046
15.541205792178113
15.612879194719707
15.684704324781347
15.756681257643741
15.828810069198523
15.90109083594701
15.973523634991512
16.04610854404763
16.118845641436053
16.191735006080705
16.26477671751296
16.33797085586108
16.411317501862666
16.484816736855667
16.558468642778546
16.632273302166297
16.706230798158998
16.780341214490903
16.854604635495644
16.92902114609929
17.003590831829897
17.078313778803235
17.153190073734706
17.22821980392855
17.30340305728031
17.37873992228207
17.454230488006548
17.52987484411976
17.605673080880038
17.681625289128586
17.757731560286622
17.833991986369917
17.910406659973752
17.986975674273065
18.063699123032247
18.140577100587887
18.217609701862305
18.294797022352373
18.372139158135617
18.449636205864724
18.527288262766838
18.605095426643267
18.68305779586902
18.761175469392303
18.839448546728548
18.917877127969735
18.996461313769252
19.075201215134946
19.15409690450253
19.233148513582215
19.312356135506107
19.391719873758436
19.47123983237961
19.550916115974793
19.630748829705215
19.710738079290277
19.790883971009297
19.871186611693556
19.95164610872842
20.032262570055934
20.113036104161672
20.19396682009448
20.27505482743704
20.35630023633331
20.437703157463222
20.519263702060023
20.600981981896027
20.6828581092877
20.764892197091058
20.847084358702798
20.929434708059784
21.011943359634973
21.09461042843553
21.177436030006323
21.26042028041886
21.34356329628272
21.426865194738973
21.51032609344689
21.593946110603444
21.677725364929643
21.761663975669915
21.84576206258765
21.93001974597374
22.0144371466373
22.099014385906504
22.18375158562427
22.26864886815148
22.353706356367702
22.43892417365149
22.524302443908653
22.609841291544353
22.695540841477975
22.781401219130988
22.867422550434373
22.953604961819693
23.03994858021847
23.1264535330699
23.213119948305046
23.29994795435867
23.386937680153718
23.474089255116045
23.56140280915896
23.648878472686036
23.73651637659312
23.824316652264596
23.912279431566684
24.000404846857144
24.0886930309686
24.177144117224596
24.26575823941983
24.354535531830972
24.443476129211312
24.5325801667904
24.621847780266215
24.711279105813368
24.80087428007279
24.89063344015695
24.980556723641918
25.070644268567353
25.160896213443326
25.25131269723235
25.34189385936151
25.43263983971677
25.523550778638135
25.614626816920023
25.7058680958105
25.797274757011067
25.888846942667072
25.98058479537716
26.072488458183823
26.16455807457244
26.256793788473104
26.349195744254303
26.441764086726277
26.534498961133195
26.627400513155393
26.720468888909988
26.813704234945664
26.907106698232873
27.00067642618096
27.09441356661992
27.188318267807468
27.282390678421102
27.376630947562436
27.471039224749145
27.565615659918933
27.660360403424313
27.75527360603063
27.850355418917793
27.945605993673823
28.041025482297584
28.13661403718823
28.23237181115738
28.32829895741556
28.424395629573482
28.5206619816445
28.617098168035564
28.713704343550926
28.810480663389185
28.90742728313979
29.00454435878007
29.10183204667946
29.199290503591417
29.296919886652574
29.394720353384702
29.492692061688153
29.590835169842457
29.689149836503493
29.78763622070347
29.88629448184634
29.98512477970917
30.084127274432575
30.18330212653264
30.282649496886766
30.38216954673404
30.48186243768133
30.58172833168676
30.681767391073006
30.78197977851922
30.882365657052084
30.98292519005775
31.08365854126742
31.18456587476418
31.28564735497394
31.386903146672395
31.488333414972463
31.58993832533039
31.69171804354289
31.793672735738195
31.895802568386134
31.998107708284078
32.10058832256578
32.203244578687325
32.306076644437574
32.40908468792973
32.51226887759956
32.615629382201845
32.71916637081619
32.82288001283746
32.92677047797454