1.9859446137283985e-12
1.9859446137283985e-12
1.9859446137283985e-12
1.9859446137283985e-12
1.9859446137283985e-12
1.9859446137283985e-12
1.9859446137283985e-12
1.9859446137283985e-12
1.9859446137283985e-12
1.9859446137283985e-12
1.9859446137283985e-12
1.9859446137283985e-12
1.9859446137283985e-12
1.9859446137283985e-12
1.9859446137283985e-12
1.9859446137283985e-12
1.9859446137283985e-12
1.9859446137283985e-12
2.2341876904444484e-12
5.0889830726790214e-12
4.840739995962971e-12
2.432782151817288e-11
6.62809014831853e-11
1.9623615214403736e-10
5.499825364644083e-10
1.4328590388050394e-9
3.5013444755415245e-9
8.072368368652508e-9
1.763134040221908e-8
3.666984668480309e-8
7.295801963915525e-8
1.394114500606582e-7
2.567817697043134e-7
4.573682576462612e-7
7.899258541535337e-7
1.326291637252375e-6
2.1696068816721526e-6
3.46490152302884e-6
5.411896425655875e-6
8.280604218760383e-6
0.000012429859773249263
0.00001832905090417875
0.000026583211029191957
0.00003796180208441333
0.00005343105215708014
0.00007419022044776916
0.00010171169920173864
0.0001377848984923947
0.00018456403946787926
0.0002446196620588147
0.0003209937947679164
0.0004172585875746468
0.0005375782766343239
0.000686774349699339
0.0008703934778371001
0.0010947782802220884
0.0013671404092559529
0.0016956359342943732
0.0020894425058973903
0.002558838401017532
0.003115282869354019
0.0037714977365616758
0.004541550018305645
0.0054409352980359284
0.0064866616520137905
0.007697334040786905
0.009093238874434653
0.010696428744384524
0.012530807076659586
0.014622212696379061
0.016998504161392824
0.019689643781888425
0.02272778136084876
0.02614733751200004
0.029985086528936257
0.03428023898278987
0.039074523724367316
0.04441226957250531
0.050340486599776864
0.05690894695683752
0.06417026542345598
0.07217997951965802
0.08099662933250791
0.09068183701061655
0.10130038592798972
0.11292029957443674
0.12561292008937772
0.13945298646176416
0.15451871242255022
0.17089186391080669
0.1886578361102503
0.2079057299902797
0.22872842831974333
0.2512226710365164
0.2754891299155431
0.30163248246732466
0.32976148491604745
0.3599890442842828
0.3924322892785496
0.427212640171354
0.4644558773447023
0.5042922085645953
0.5468563348013152
0.5922875146607914
0.6407296273327148
0.692331233955606
0.7472456374945348
0.8056309410794837
0.8676501048921123
0.9334710015921044
1.0032664703796705
1.0772143698392995
1.1554976296859036
1.2383043014785213
1.3258276086782848
1.4182659960455652
1.5158231787997982
1.6187081916807546
1.7271354382741932
1.8413247408786806