114.94991595091358
115.00365825712252
115.09321222356084
115.21855317685636
115.37964608089798
115.57644585671304
115.80889638374863
116.0769304550238
116.38049105750709
116.71942112525714
117.09368088777045
117.50312952541799
117.94763382594657
118.4270466408794
118.94121043642478
119.48995475879023
120.07310275434388
120.69047956065603
121.34189828577385
122.0271819600742
122.74615675922281
123.49865591005751
124.2845235329397
125.10361543228795
125.95580012418338
126.84096285256288
127.75900227898181
128.70983604781892
129.69339288999592
130.70963426457146
131.7585174089849
132.84003198987105
133.95417925324296
135.10097838408294
136.28046574409774
137.4926949191216
138.7377352100939
140.01566819528375
141.32659615183275
142.67063383390249
144.04790857591115
145.4585659146868
146.9027624177844
148.38066898845642
149.89246809684226
151.43835659955406
153.01854124177825
154.63324318055314
156.2826926358638
157.96712307893682
159.68681368631087
161.4419993079168
163.23296047000608
165.05997848259247
166.92334429175565
168.82334779748786
170.7603184885183
172.73454507182697
174.74635541367792
176.7960764558026
178.8840395549293
181.01058254426454
183.17604741914457
185.3807782247583
187.62512687910234
189.909442637202
192.23407940552568
194.5993941451437
197.0057386486678
199.45347100824623
201.9429453303992
204.4745063088524
207.0485139332871
209.6653043467863
212.3252144086338
215.02859212725053
217.77574792724766
220.56897333398575
223.40267908566952
226.28305737661185
229.20843836337244
232.17908599455276
235.1952626294584
238.25721387147823
241.3651648534946
244.51932379976608
247.71988845284642
250.96701965835877
254.26086688184904
257.6015564151122
260.9891803055333
264.4238402618968
267.9055559855273
271.43435797232587
275.0102416310544
278.63317410306246
282.3030904419384
286.01989356257184
289.78346545101886
293.59364887325967
297.45027261590843
301.35311894452565
305.3019614051574
309.2965429819764
313.33658448026
317.42178968073057
321.5518403592943
325.7264299185256
329.94520567404686
334.20785634631295
338.5140247262489
342.86339238633934
347.2556305173048
351.6904289650594
356.16748961481363
360.6865307273655
365.2472887961772
369.8495198741539
374.49300039699307
379.1775275501612