174.21182563239364
174.2699187459966
174.3667267767695
174.50222903318453
174.67639632636744
174.8891907369683
175.1405659433535
175.43046625200685
175.75882736485033
176.1255770321296
176.53063526352335
176.97391793810002
177.4553386329162
177.9748114987916
178.5322539312259
179.12758781108414
179.76074805035174
180.43167066316153
181.14030761136618
181.88662059455595
182.67058273018375
183.492179189645
184.35140480743667
185.24827680573276
186.18280666676878
187.15503552371163
188.16500383401961
189.21276930745566
190.29840312484163
191.4219826188928
192.58360242128478
193.78336395795716
195.0213844960973
196.29778641356927
197.61271111528654
198.9663050332194
200.35872766212273
201.79015069095027
203.26208632293228
204.77072878490029
206.32028793139148
207.90963385045856
209.53898778257584
211.2086020804561
212.91870050449256
214.66954498872758
216.46139570904353
218.29452843643836
220.16922186113104
222.08575435575858
224.04445340862142
226.04559244374923
228.0894942742967
230.17647794620834
232.3068651778682
234.48098758938153
236.6991727889742
238.96238665074108
241.26912171288868
243.62155585266174
246.0194322979798
248.46308024871087
250.95286793096406
253.48911899510594
256.0721784746796
258.7023798225812
261.3800552427019
264.10551236534707
266.8791037678153
269.70108998597294
272.5717790482471
275.49144154018484
278.4603366039116
281.4787162248021
284.54678725183015
287.66475374098206
290.832788953378
294.0510381161118
297.31962097401976
300.63861758662836
304.0080401883014
307.42803567276985
310.8984484688518
314.41926133567995
317.9903717343484
321.61163552096747
325.2828604422644
329.0038256177114
332.7742547260463
336.5938244714951
340.4621970697733
344.3789810541696
348.34375748781963
352.3560817571056
356.41548356245556
360.52150498846385
364.6736361351445
368.87139424998384
373.1142932755684
377.40186094108697
381.7336549099042
386.114182962761
390.53066263244244
394.9902061578524
399.4946569033307
404.04263728614376
408.63095474978104
413.26106106461907
417.9343827351875
422.64672255788844
427.4012590061598
432.19680421926654
437.0331675731463
441.9102399081186
446.8279147816506
451.7861120785856
456.7847648549496
461.82382027417736
466.903238319205
472.02299061490356