 0.24101604597550E-02
 0.60029782276499E-03
 0.26672451421745E-03
 0.14997337660090E-03
 0.95932348829626E-04
 0.66578596770674E-04
 0.48877164211499E-04
 0.37387810321299E-04
 0.29509698659687E-04
 0.23873723433558E-04
 0.19702960243592E-04
 0.16529990974691E-04
 0.14060047742241E-04
 0.12099614694636E-04
 0.10517585477498E-04
 0.92225213929522E-05
 0.81501731864773E-05
 0.72492500950991E-05
 0.64877217689948E-05
 0.58375240440099E-05
 0.52774193854733E-05
 0.47928166119772E-05
 0.43707871560178E-05
 0.40003354365246E-05
 0.36725723865918E-05
 0.33828791234976E-05
 0.31247007931417E-05
 0.28969081500226E-05
 0.26882308520686E-05
 0.25019921067221E-05
 0.23339491346093E-05
 0.21816158115101E-05
 0.20433361064466E-05
 0.19170363431850E-05
 0.18018368381719E-05
 0.16963755470327E-05
 0.16022086943303E-05
 0.15105862247441E-05
 0.14285875619457E-05
 0.13527695818703E-05
 0.12829002835651E-05
 0.12164416577759E-05
 0.11577479959287E-05
 0.11018237076169E-05
 0.10496726310070E-05
 0.10011427211079E-05
 0.95584356144253E-06
 0.91346779415762E-06
 0.87385122129498E-06
 0.83666497538606E-06
 0.80179744662575E-06
 0.76639741162892E-06
 0.73829700620859E-06
 0.70926616645913E-06
 0.68148513294797E-06
 0.65623160880551E-06
 0.63189094387445E-06
 0.60891014470088E-06
 0.58713901238263E-06
 0.56658107128650E-06
 0.54672496775860E-06
 0.52869108861629E-06
 0.51101680923607E-06
 0.49433972625658E-06
 0.47834091267973E-06
 0.46341160323792E-06
 0.44904033045443E-06
 0.43540832744807E-06
 0.42229436061062E-06
 0.40984463368090E-06
 0.39797551611628E-06
 0.38663341579459E-06
 0.37562958657763E-06
 0.36536637282872E-06
 0.35543763069647E-06
 0.34591777631009E-06
 0.33678966244854E-06
 0.32804884086427E-06
 0.31964970192919E-06
 0.31158288289063E-06
 0.30384103886986E-06
 0.29638708592251E-06
                  NaN
 0.28232765878285E-06
 0.27572216369475E-06
 0.26933312194319E-06
 0.26316506643617E-06
 0.25720554317297E-06
 0.25147093559565E-06
 0.24595180510528E-06
 0.24060503524251E-06
 0.23544978354592E-06
 0.23048506205444E-06
 0.22564391300838E-06
 0.22096917896585E-06
 0.21644738697842E-06
 0.21207446936393E-06
 0.20783478210656E-06
 0.20372277814886E-06
 0.19974054321083E-06
 0.19587606244501E-06
 0.19212343666353E-06
 0.18848091587883E-06
 0.18494240675635E-06
 0.18150403413876E-06
 0.17816164081922E-06
 0.17491131418244E-06
 0.17174934343402E-06
 0.16867220817699E-06
 0.16567656767390E-06
 0.16275925074623E-06
 0.15991724627771E-06
 0.15714769423684E-06
 0.15444787730316E-06
 0.15181521283224E-06
 0.14924724540058E-06
 0.14674163970817E-06
 0.14429617388620E-06
 0.14190873317986E-06
 0.13957730397732E-06
