8.481257558078072
8.832605865246505
9.201250001420837
9.586931874238747
9.98941441303169
10.408480959549893
10.843934414913354
11.295596245785472
11.763305426741232
12.246917374962697
12.746302916751947
13.26134731246032
13.7919493563224
14.33802056000391
14.899484422875659
15.476275787700878
16.0683402774711
16.675633807054567
17.29812216170416
17.93578063492093
18.588593716279597
19.256554821630647
19.939666057629374
20.637938013443048
21.351389573196077
22.080047742372514
22.823947489522475
23.583131586542056
24.357650451300266
25.147562003628607
25.952931503537354
26.77383139368954
27.61034113569348
28.46254704104886
29.330542096325996
30.21442578249778
31.11430388850353
32.03028831930062
32.962496898794576
33.91105316806679
34.87608617945945
35.85773028701506
36.85612493385491
37.87141443701412
38.90374777031211
39.95327834570929
41.02016379368879
42.104565743084144
43.206649600786356
44.3265843317023
45.464542239345974
46.62069874736062
47.795232182286675
48.988323557837795
50.20015636096285
51.43091633987553
52.68079129433249
53.949970868300845
55.238646345259085
56.547010446277596
57.875257131081405
59.22358140227004
60.592179112840896
61.98124677722412
63.39098138598357
64.82158022435122
66.27324069478799
67.74616014373204
69.24053569273234
70.7565640741382
72.2944414715086
73.85436336507918
75.43652438204323
77.04111815253256
78.66833717200583
80.31837266217269
81.99141445590317
83.68765086396914
85.40726856615069
87.15045250145819
88.9173857660857
90.70824951807724
92.52322288879209
94.36248290135639
96.2262043961829
98.11455996368831
100.02771988429754
101.96585207582754
103.92912204831046
105.91769286631963
107.9317251188511
109.9713768967703
112.03680377786587
114.12815881948761
116.24559255878518
118.38925302050278
120.55928573231344
122.75583374762962
124.9790376758573
127.22903571999515
129.50596372153896
131.80995521257458
134.14114147499657
136.499651606732