 0.90149706704947E-05
 0.89030055687944E-05
 0.87930018660209E-05
 0.86849165540979E-05
 0.85787021100456E-05
 0.84743180760630E-05
 0.83717232343912E-05
 0.82708775200813E-05
 0.81717437392036E-05
 0.80742804994333E-05
 0.79784527552324E-05
 0.78842246945240E-05
 0.77915614812000E-05
 0.77004308258159E-05
 0.76107965126253E-05
 0.75226280780878E-05
 0.74358942738718E-05
 0.73505646998868E-05
 0.72666112107779E-05
 0.71840020031157E-05
 0.71027104910510E-05
 0.70227093226196E-05
 0.69439718483826E-05
 0.68664734622786E-05
 0.67901861307805E-05
 0.67150865673977E-05
 0.66411507440446E-05
 0.65683552268035E-05
 0.64966784223162E-05
 0.64260955323377E-05
 0.63565861027700E-05
 0.62881289437680E-05
 0.62207033869121E-05
 0.61542904184879E-05
 0.60888680325719E-05
 0.60244182031066E-05
 0.59609221878288E-05
 0.58983616948439E-05
 0.58367199340180E-05
 0.57759773175319E-05
 0.57161179065364E-05
 0.56571250756830E-05
 0.55989825888370E-05
 0.55416755814606E-05
 0.54851865553366E-05
 0.54295013835661E-05
 0.53746052778743E-05
 0.53204837820196E-05
 0.52671236957589E-05
 0.52145093533916E-05
 0.51626281960403E-05
 0.51114670266652E-05
 0.50610129505427E-05
 0.50112542079588E-05
 0.49621767367533E-05
 0.49137693440337E-05
 0.48660202262516E-05
 0.48189178392159E-05
 0.47724516921492E-05
 0.47266091252815E-05
 0.46813801358472E-05
 0.46367541435911E-05
 0.45927207942445E-05
 0.45492706958025E-05
 0.45063924304250E-05
 0.44640770352012E-05
 0.44223150063764E-05
 0.43810970304008E-05
 0.43404146841867E-05
 0.43002576414306E-05
 0.42606178585083E-05
 0.42214867715714E-05
 0.41828559923264E-05
 0.41447179473039E-05
 0.41070632772764E-05
 0.40698847486234E-05
 0.40331746271094E-05
 0.39969253371005E-05
 0.39611300613163E-05
 0.39257802933539E-05
 0.38908695169722E-05
 0.38563907366665E-05
 0.38223370944882E-05
 0.37887024398766E-05
 0.37554784651550E-05
 0.37226609763006E-05
 0.36902419417797E-05
 0.36582157087255E-05
 0.36265767148717E-05
 0.35953173672845E-05
 0.35644339313389E-05
 0.35339190608570E-05
 0.35037676371116E-05
 0.34739746204862E-05
 0.34445330649169E-05
 0.34154396315826E-05
 0.33866875931872E-05
 0.33582723071000E-05
 0.33301891992555E-05
 0.33024318977821E-05
 0.32749974254219E-05
 0.32478796025627E-05
 0.32210742106828E-05
 0.31945770978342E-05
 0.31683824048554E-05
 0.31424874693594E-05
 0.31168866140051E-05
 0.30915759982172E-05
 0.30665518389627E-05
 0.30418087488621E-05
 0.30173443413456E-05
 0.29931533877855E-05
 0.29692323895738E-05
 0.29455779005470E-05
 0.29221849484871E-05
 0.28990514014085E-05
 0.28761724326388E-05
 0.28535448522513E-05
 0.28311655085660E-05
 0.28090298151812E-05
 0.27871358599956E-05
 0.27654791851422E-05
 0.27440568709424E-05
 0.27228660416962E-05
 0.27019024517074E-05
 0.26811643891804E-05
 0.26606477272409E-05
 0.26403498710642E-05
 0.26202679014753E-05
 0.26003981545578E-05
 0.25807392701269E-05
 0.25612871344458E-05
 0.25420392749027E-05
 0.25229933236566E-05
 0.25041455600251E-05
 0.24854947646082E-05
 0.24670373571754E-05
 0.24487711076712E-05
 0.24306938123055E-05
 0.24128020943176E-05
 0.23950947042608E-05
 0.23775683343856E-05
 0.23602208985049E-05
 0.23430503328466E-05
 0.23260533115021E-05
 0.23092290461736E-05
 0.22925743237983E-05
 0.22760872474596E-05
 0.22597659503797E-05
 0.22436075169027E-05
 0.22276109583478E-05
 0.22117736989838E-05
 0.21960932074941E-05
 0.21805685477854E-05
 0.21651967260827E-05
 0.21499768437512E-05
 0.21349064993517E-05
 0.21199832847504E-05
 0.21052062965104E-05
 0.20905727595868E-05
 0.20760817957243E-05
 0.20617313843000E-05
 0.20475195888325E-05
 0.20334444218643E-05
 0.20195051882097E-05
 0.20056996549698E-05
 0.19920261834751E-05
 0.19784826997989E-05
 0.19650681118430E-05
 0.19517812933386E-05
 0.19386202581066E-05
 0.19255834969203E-05
 0.19126690940729E-05
 0.18998760152116E-05
 0.18872032322501E-05
 0.18746488935005E-05
 0.18622115942502E-05
 0.18498895419687E-05
 0.18376817881640E-05
 0.18255873850238E-05
 0.18136045998183E-05
 0.18017321266369E-05
 0.17899682882825E-05
 0.17783122091624E-05
 0.17667630192052E-05
 0.17553190953394E-05
 0.17439792194181E-05
 0.17327418233384E-05
 0.17216060993787E-05
 0.17105712452894E-05
 0.16996357382827E-05
 0.16887984469775E-05
 0.16780578963938E-05
 0.16674133457420E-05
 0.16568640517246E-05
 0.16464085896557E-05
 0.16360459007782E-05
 0.16257746024615E-05
 0.16155940102338E-05
 0.16055034397113E-05
 0.15955015515294E-05
 0.15855873579283E-05
 0.15757595597875E-05
 0.15660175252056E-05
 0.15563606229952E-05
 0.15467875938436E-05
 0.15372975136248E-05
 0.15278891629216E-05
 0.15185619571940E-05
 0.15093153127918E-05
 0.15001480453146E-05
 0.14910592916282E-05
 0.14820479023610E-05
 0.14731133384379E-05
 0.14642550605429E-05
 0.14554719530916E-05
 0.14467632084689E-05
 0.14381277442692E-05
 0.14295650613137E-05
 0.14210746616726E-05
 0.14126554939724E-05
 0.14043068007727E-05
 0.13960275629597E-05
 0.13878173188092E-05
 0.13796756068935E-05
 0.13716014368393E-05
 0.13635940966289E-05
 0.13556526271448E-05
 0.13477765999720E-05
 0.13399655871570E-05
 0.13322186556688E-05
 0.13245351371067E-05
 0.13169141255047E-05
 0.13093552235465E-05
 0.13018580373712E-05
 0.12944216827339E-05
 0.12870455339425E-05
 0.12797287345188E-05
 0.12724709167474E-05
 0.12652717155347E-05
 0.12581302953068E-05
 0.12510460678519E-05
 0.12440182234371E-05
 0.12370464218739E-05
 0.12301303244254E-05
 0.12232692324725E-05
 0.12164625444058E-05
 0.12097091634823E-05
 0.12030091403361E-05
 0.11963621565335E-05
 0.11897673907793E-05
 0.11832243216448E-05
 0.11767322238420E-05
 0.11702908057065E-05
 0.11638997758187E-05
 0.11575584253485E-05
 0.11512662658387E-05
 0.11450226074969E-05
 0.11388270217401E-05
 0.11326801068390E-05
 0.11265793224844E-05
 0.11205262310021E-05
 0.11145189155254E-05
 0.11085577809384E-05
 0.11026422114394E-05
 0.10967716797282E-05
 0.10909457515510E-05
 0.10851638070679E-05
 0.10794256150748E-05
 0.10737309413840E-05
 0.10680791822754E-05
 0.10624699280071E-05
 0.10569025904100E-05
 0.10513769540661E-05
 0.10458928026132E-05
 0.10404495620707E-05
 0.10350468463912E-05
 0.10296840957662E-05
 0.10243611115455E-05
 0.10190776923591E-05
 0.10138332927838E-05
 0.10101734938448E-05
 0.10034599259084E-05
 0.99833024254867E-06
 0.99323831081638E-06
 0.98818361243128E-06
 0.98316580132749E-06
 0.97818437384611E-06
 0.97323915720368E-06
 0.96832997898191E-06
 0.96345634497683E-06
 0.95861792921812E-06
 0.95381425080993E-06
 0.94904515072113E-06
 0.94431046853156E-06
 0.93960973344899E-06
 0.93494263749354E-06
 0.93030872320503E-06
 0.92570784212232E-06
 0.92113984523321E-06
 0.91660428517682E-06
 0.91210086981779E-06
 0.90762916318194E-06
 0.90318902712597E-06
 0.89878032430451E-06
 0.89440262860370E-06
 0.89005566166696E-06
 0.88573900917376E-06
 0.88145254298903E-06
 0.87719613527879E-06
 0.87296937935433E-06
 0.86877201233868E-06
 0.86460363825974E-06
 0.86046413920270E-06
 0.85635339584762E-06
 0.85227101989006E-06
 0.84821676300301E-06
 0.84419024684366E-06
 0.84019136136913E-06
 0.83621999688753E-06
 0.83227578272841E-06
 0.82835835420754E-06
 0.82446773558663E-06
 0.82060356722308E-06
 0.81676549428546E-06
 0.81295354373907E-06
 0.80916723993766E-06
 0.80540661136125E-06
 0.80167131361656E-06
 0.79796100774170E-06
 0.79427572414595E-06
 0.79061500669588E-06
 0.78697888707135E-06
 0.78336703527846E-06
 0.77977912815197E-06
 0.77621519836949E-06
 0.77267480851916E-06
 0.76915799287748E-06
 0.76566443629055E-06
 0.76219382897173E-06
 0.75874620648910E-06
 0.75532114895425E-06
 0.75191869356067E-06
 0.74853853789347E-06
 0.74518038598000E-06
 0.74184427557858E-06
 0.73852980400361E-06
 0.73523700925865E-06
 0.73196560347128E-06
 0.72871530192254E-06
 0.72548614516748E-06
 0.72227774580491E-06
 0.71909014429223E-06
 0.71592306462841E-06
 0.71277623449173E-06
 0.70964969519888E-06
 0.70654307542797E-06
 0.70345641716121E-06
 0.70038945558736E-06
 0.69734193000170E-06
 0.69431388315666E-06
 0.69130495845079E-06
 0.68831519872633E-06
 0.68534435037102E-06
 0.68239216337078E-06
 0.67945868249427E-06
 0.67654356367273E-06
 0.67364685188249E-06
 0.67076830359499E-06
 0.66790767914359E-06
 0.66506502440558E-06
 0.66224000806634E-06
 0.65943267675617E-06
 0.65664279639638E-06
 0.65387013718120E-06
 0.65111474572658E-06
 0.64837630349145E-06
 0.64565485788867E-06
 0.64295018441759E-06
 0.64026206227008E-06
 0.63759053874936E-06
 0.63493530731877E-06
 0.63229641646912E-06
 0.62967364998428E-06
 0.62706679626255E-06
 0.62447590378554E-06
 0.62190067655462E-06
 0.61934116368561E-06
 0.61679715821777E-06
 0.61426845579094E-06
 0.61175510618507E-06
 0.60925682414791E-06
 0.60677365899192E-06
 0.60430541196057E-06
 0.60185188695332E-06
 0.59941313387690E-06
 0.59698887781539E-06
 0.59457916870937E-06
 0.59218381533039E-06
 0.58980262913978E-06
 0.58743566017749E-06
 0.58508264364191E-06
 0.58274362961872E-06
 0.58041843443333E-06
 0.57810687648921E-06
 0.57580900625726E-06
 0.57352456827547E-06
 0.57125361271069E-06
 0.56899596295751E-06
 0.56675144427646E-06
 0.56452010768460E-06
 0.56230170596258E-06
 0.56009629000570E-06
 0.55790368966822E-06
 0.55572373650459E-06
 0.55355648213432E-06
 0.55140168740165E-06
 0.54925940373129E-06
 0.54712946697579E-06
 0.54501171498997E-06
 0.54290619930822E-06
 0.54081268940048E-06
 0.53873123617940E-06
 0.53666168187095E-06
 0.53460387021971E-06
 0.53255785270911E-06
 0.53052340641861E-06
 0.52850058296646E-06
 0.52648922916302E-06
 0.52448919548812E-06
 0.52250053249263E-06
 0.52052302552108E-06
 0.51855672526341E-06
 0.51660148495361E-06
 0.51465715952705E-06
 0.51272380042277E-06
 0.51080119947220E-06
 0.50888940747116E-06
 0.50698828286070E-06
 0.50509768598590E-06
 0.50321766764436E-06
 0.50134802627190E-06
 0.49948881342376E-06
 0.49763989189502E-06
 0.49580112696121E-06
 0.49397256955209E-06
 0.49215402426866E-06
 0.49034554258895E-06
 0.48854699229660E-06
 0.48675824282838E-06
 0.48497934539706E-06
 0.48321011118173E-06
 0.48145059100039E-06
 0.47970065689479E-06
 0.47796018368729E-06
 0.47622922174239E-06
 0.47450758827129E-06
 0.47279533353669E-06
 0.47109233458622E-06
 0.46939846977109E-06
 0.46771378946797E-06
 0.46603811691523E-06
 0.46437150213613E-06
 0.46271382602904E-06
 0.46106497120293E-06
 0.45942498814200E-06
 0.45779370455078E-06
 0.45617117084387E-06
 0.45455727179596E-06
 0.45295189430506E-06
 0.45135508790729E-06
 0.44976663261321E-06
 0.44818679196117E-06
 0.44661508146119E-06
 0.44505176379196E-06
 0.44349667597582E-06
 0.44194965739787E-06
 0.44041096617699E-06
 0.43888013046956E-06
 0.43735740745286E-06
 0.43584263903089E-06
 0.43433566963702E-06
 0.43283675138958E-06
 0.43134542545003E-06
 0.42986194304978E-06
 0.42838615081583E-06
 0.42691789842900E-06
 0.42545743211856E-06
 0.42400430501503E-06
 0.42255876336587E-06
 0.42112065840411E-06
 0.41968984370724E-06
 0.41826656066462E-06
 0.41685037403516E-06
 0.41544152477815E-06
 0.41403986863312E-06
 0.41264526321194E-06
 0.41125794498390E-06
 0.40987749001252E-06
 0.40850413405232E-06
 0.40713773692144E-06
 0.40577816068855E-06
 0.40442563657760E-06
 0.40307975187235E-06
 0.40174073693585E-06
 0.40040845590719E-06
 0.39908277467889E-06
 0.39776391983969E-06
 0.39645148911644E-06
 0.39514570777671E-06
 0.39384644416426E-06
 0.39255356794791E-06
 0.39126730110195E-06
 0.38998725082518E-06
 0.38871363878060E-06
 0.38744633631508E-06
 0.38618521698202E-06
 0.38493049826006E-06
 0.38368179711664E-06
 0.38243933045223E-06
 0.38120297348040E-06
 0.37997260314500E-06
 0.37874843223281E-06
 0.37753008772887E-06
 0.37631778183560E-06
 0.37511139310835E-06
 0.37391080205668E-06
 0.37271621748901E-06
 0.37152727475401E-06
 0.37034418222584E-06
 0.36916682181129E-06
