 0.98075702003090E-04
 0.10754638968321E-03
 0.11827325262965E-03
 0.13049032376184E-03
 0.14447407188060E-03
 0.16052786972262E-03
 0.17892466745152E-03
 0.19975429805665E-03
 0.22258161392488E-03
 0.24581074977197E-03
 0.26583336560962E-03
 0.27666496132970E-03
 0.27153065727053E-03
 0.24708950398972E-03
 0.20805659601964E-03
 0.16846583069283E-03
 0.14830720359249E-03
 0.16756710774958E-03
 0.24055573330776E-03
 0.37233487189210E-03
 0.55770857311615E-03
 0.78237546969570E-03
 0.10254953043928E-02
 0.12629023761011E-02
 0.14703355276538E-02
 0.16262409243554E-02
 0.17138859240506E-02
 0.17226756648279E-02
 0.16486796896551E-02
 0.14944573151147E-02
 0.12683193137421E-02
 0.98318613388232E-03
 0.65520715222448E-03
 0.30229333782616E-03
-0.57305189158030E-04
-0.40627188328158E-03
-0.72927202136657E-03
-0.10137307242993E-02
-0.12503224929331E-02
-0.14331781552567E-02
-0.15598340034034E-02
-0.16309633938959E-02
-0.16499395259812E-02
-0.16222841010322E-02
-0.15550551582386E-02
-0.14562254099937E-02
-0.13340945325893E-02
-0.11967707699274E-02
-0.10517466994135E-02
-0.90558368724970E-03
-0.76370930041105E-03
-0.63003351836098E-03
-0.50839819226618E-03
-0.39976255195487E-03
-0.30523732215723E-03
-0.22481276644027E-03
-0.15784015396612E-03
-0.10322212666898E-03
-0.59587372486916E-04
-0.25440295080185E-04
 0.72089543879691E-06
 0.20317127260768E-04
 0.34632408935806E-04
 0.44783742410275E-04
 0.51711793072105E-04
 0.56186829710380E-04
 0.58823710566046E-04
 0.60103665233033E-04
 0.60395590597010E-04
 0.59978292963302E-04
 0.59059295572525E-04
 0.57792312169211E-04
 0.56289683497598E-04
 0.54633445830687E-04
 0.52883305880939E-04
 0.51082704154268E-04
 0.49263265660442E-04
 0.47448014082170E-04
 0.45653686153906E-04
 0.43892418807293E-04
 0.42172909646857E-04
 0.40501310317277E-04
 0.38881812076551E-04
 0.37317130822101E-04
 0.35808831576727E-04
 0.34357524631131E-04
 0.32963488087022E-04
 0.31625928976392E-04
 0.30344009328669E-04
 0.29116369482961E-04
 0.27941956627918E-04
 0.26818752910967E-04
 0.25745133602188E-04
 0.24719148203307E-04
 0.23739408704729E-04
 0.22803580963667E-04
 0.21909960267152E-04
 0.21056699157657E-04
 0.20241875002758E-04
 0.19464121577249E-04
 0.18721332723506E-04
 0.18011991722971E-04
 0.17334411948861E-04
 0.16687334092749E-04
 0.16069029939377E-04
 0.15478181359853E-04
 0.14913451573448E-04
 0.14373546155188E-04
 0.13857292533097E-04
 0.13363489761357E-04
 0.12891055259742E-04
 0.12438935698167E-04
 0.12006210243478E-04
 0.11591723280734E-04
 0.11194802273997E-04
 0.10814518378128E-04
 0.10450215714821E-04
 0.10100696405429E-04
 0.97656690630265E-05
 0.94443149858975E-05
 0.91359753736106E-05
 0.88402278613662E-05
 0.85559122670137E-05
 0.82830653238149E-05
 0.80209565910753E-05
 0.77690870604889E-05
 0.75271898912752E-05
 0.72942343849521E-05
 0.70703773684375E-05
 0.68550174532302E-05
 0.66477840101597E-05
 0.64484471408822E-05
 0.62562385263453E-05
 0.60712643124484E-05
 0.58930633672323E-05
 0.57213438465008E-05
 0.55558862906675E-05
 0.53963091590270E-05
 0.52423537044461E-05
 0.50939016772998E-05
 0.49506634899422E-05
 0.48123574328387E-05
 0.46789010544622E-05
 0.45500899128471E-05
 0.44256228798371E-05
 0.43053778004872E-05
 0.41890203959170E-05
 0.40767117312543E-05
 0.39683025218597E-05
 0.38633169780609E-05
 0.37617678513531E-05
 0.36632928096648E-05
 0.35682346370029E-05
 0.34764677511151E-05
 0.33874068767523E-05
 0.33011631357465E-05
 0.32173965276184E-05
 0.31364946226308E-05
 0.30583551917607E-05
 0.29823965528798E-05
 0.29087686502076E-05
 0.28372033431533E-05
 0.27679898186953E-05
 0.27008609543591E-05
 0.26359478396917E-05
 0.25727763957507E-05
 0.25113998471618E-05
 0.24519021181574E-05
 0.23941462570002E-05
 0.23381498012683E-05
 0.22837716211393E-05
 0.22308802890978E-05
 0.21795007791736E-05
 0.21295847783697E-05
 0.20812175219422E-05
 0.20340708009026E-05
 0.19885495907487E-05
 0.19439960109678E-05
 0.19006730713875E-05
 0.18583090805751E-05
 0.18173238681261E-05
 0.17774500133506E-05
 0.17383218876205E-05
 0.17005663282981E-05
 0.16638151987946E-05
 0.16280392942517E-05
 0.15932092181138E-05
 0.15592927763641E-05
 0.15262651020533E-05
 0.14940920132550E-05
 0.14627523253993E-05
 0.14322171629402E-05
 0.14024655570409E-05
 0.13734700090693E-05
 0.13452130162353E-05
 0.13176627401697E-05
 0.12908035309841E-05
 0.12650094724173E-05
 0.12394725116415E-05
 0.12145721425254E-05
 0.11905808169337E-05
 0.11668860394055E-05
 0.11437708255766E-05
 0.11207878960712E-05
 0.10987690080426E-05
 0.10770755083141E-05
 0.10560923014224E-05
 0.10356071061651E-05
 0.10156118921649E-05
 0.99595888997643E-06
 0.97688980696718E-06
 0.95813314583202E-06
 0.93993564262495E-06
 0.92229266550342E-06
 0.90492510113818E-06
 0.88795378134759E-06
 0.87099674522938E-06
 0.85478321447331E-06
 0.83932193414024E-06
 0.82383897613086E-06
 0.80869420669141E-06
 0.79334743017635E-06
 0.77886297272567E-06
 0.76526506977309E-06
 0.75142025198095E-06
 0.73788012980107E-06
 0.72463417209172E-06
 0.71107818804655E-06
 0.69899788607481E-06
 0.68659248761505E-06
 0.67445082838840E-06
 0.66257074039064E-06
 0.65094256469802E-06
 0.63908197213274E-06
 0.62841821982859E-06
 0.61750690125383E-06
 0.60682762494015E-06
 0.59636823315544E-06
 0.58593305586430E-06
 0.57609693058343E-06
 0.56627392734784E-06
 0.55665200720284E-06
 0.54722388851455E-06
 0.53799109074962E-06
 0.52913765568251E-06
 0.52007718679661E-06
 0.51138825050092E-06
 0.50287650755198E-06
 0.49452798807717E-06
 0.48695525261242E-06
 0.47833523850910E-06
 0.47047773712802E-06
 0.46277312292391E-06
 0.45521917693888E-06
 0.44781701559116E-06
 0.44055037598828E-06
 0.43342756719409E-06
 0.42644377002931E-06
 0.41959506411738E-06
 0.41287517244888E-06
 0.40732817876257E-06
 0.39981743112576E-06
 0.39347461291124E-06
 0.38725009379478E-06
 0.38114204423663E-06
 0.37605118118043E-06
 0.36926858934537E-06
 0.36349664169256E-06
 0.35783378531785E-06
 0.35227245252410E-06
 0.34681636319982E-06
 0.34145966354314E-06
 0.33619781175476E-06
 0.33103593569005E-06
 0.32596378534945E-06
 0.32098488864235E-06
 0.31599876224048E-06
 0.31129873469138E-06
 0.30658140627478E-06
 0.30195176387146E-06
 0.29740596886471E-06
 0.29215880695702E-06
 0.28854991805478E-06
 0.28424057636227E-06
 0.28000230401386E-06
 0.27584208997245E-06
 0.27038231119078E-06
 0.26773591565361E-06
 0.26379040125954E-06
 0.25991088577858E-06
 0.25577029588936E-06
 0.25286352198798E-06
 0.24828932476334E-06
 0.24462748852617E-06
 0.24205545801516E-06
 0.23813728136777E-06
 0.23237608180379E-06
 0.23151198148296E-06
 0.22785065125205E-06
 0.22458348121630E-06
 0.22137013989935E-06
 0.21691567197707E-06
 0.21510378126716E-06
 0.21204829613418E-06
 0.20904254029894E-06
 0.20608730742453E-06
 0.20318056447679E-06
 0.20032136153427E-06
 0.19750722067621E-06
 0.19474349632137E-06
 0.19202208670904E-06
 0.18934143632230E-06
 0.18670703016933E-06
 0.18411562275195E-06
 0.18156594343558E-06
 0.18044909112386E-06
 0.17658691741356E-06
 0.17415458830874E-06
 0.17176438786453E-06
 0.16941032346836E-06
 0.16709320250409E-06
 0.16481145363439E-06
 0.16256837425013E-06
 0.16036056706863E-06
 0.15818395415804E-06
 0.15604451542568E-06
 0.15393793573406E-06
 0.15186261592922E-06
 0.15207057342533E-06
 0.14780880164997E-06
 0.14582906541988E-06
 0.14387800976456E-06
 0.14351587701054E-06
 0.14006633117682E-06
 0.13820526074587E-06
 0.13637009658634E-06
 0.13508091881355E-06
 0.13278514181941E-06
 0.13103241947362E-06
 0.12930828646642E-06
 0.12760766936227E-06
 0.12593243634930E-06
 0.12428340183290E-06
 0.12265931367187E-06
 0.12105780164601E-06
 0.11948082689127E-06
 0.11792797672725E-06
 0.11398645567280E-06
 0.11488794153282E-06
 0.11340131514290E-06
 0.11193796963657E-06
 0.11049459334183E-06
 0.10907217284494E-06
 0.10767024508243E-06
 0.10628722740910E-06
 0.10492868824893E-06
 0.10358669445752E-06
 0.10226367069320E-06
 0.10095941141721E-06
 0.99676009798046E-07
 0.98411324660281E-07
 0.97161026883345E-07
 0.95931431865199E-07
 0.94718591101392E-07
 0.93520575473841E-07
 0.92341932313938E-07
 0.91181186315087E-07
 0.90034581106050E-07
 0.88905009635978E-07
 0.87790303910094E-07
 0.86690878442700E-07
 0.85609793693176E-07
 0.84539386262125E-07
 0.83487812839657E-07
 0.82447644159515E-07
 0.80895654180290E-07
 0.80413396208170E-07
 0.79415035253803E-07
 0.78432419584406E-07
 0.77463759694728E-07
 0.76506888705665E-07
 0.75565694731742E-07
 0.74635931025269E-07
 0.73717816531067E-07
 0.72811865380158E-07
 0.71920000839416E-07
 0.71039909397327E-07
 0.70170772824350E-07
 0.69311908204839E-07
 0.68467640967097E-07
 0.67633421942747E-07
 0.66809086829513E-07
 0.65995135435186E-07
 0.65194849774409E-07
 0.64404036892724E-07
 0.63624426738132E-07
 0.62855596085695E-07
 0.62094032336711E-07
 0.61342035299453E-07
 0.60603306585340E-07
 0.59872693466250E-07
 0.59152474211372E-07
 0.58440413700012E-07
 0.57737216045844E-07
 0.57043796388342E-07
 0.56360467352994E-07
 0.55686746749568E-07
 0.55019813836089E-07
 0.54361882114237E-07
 0.53713089849811E-07
 0.53073014857388E-07
 0.52439593133274E-07
 0.51814605747789E-07
 0.51195992055718E-07
 0.50588700702225E-07
 0.49987344710626E-07
 0.49395052772982E-07
 0.48808112713157E-07
 0.48230218687156E-07
 0.47658196414250E-07
 0.47094257604073E-07
 0.46538582822182E-07
 0.45989348928278E-07
 0.45446848832646E-07
 0.44909554863884E-07
 0.44382085621964E-07
 0.43860069925213E-07
 0.43343698338591E-07
 0.42832264031089E-07
 0.42329294751320E-07
 0.41832900562126E-07
 0.41340398475626E-07
 0.40856851041850E-07
 0.40376344088387E-07
 0.39905390718876E-07
 0.39437069123344E-07
 0.38974850054659E-07
 0.38521394260370E-07
 0.38070728527391E-07
 0.37625281972495E-07
 0.37187237500837E-07
 0.36751920365922E-07
 0.36324092760496E-07
 0.35900957173614E-07
 0.35481327134661E-07
 0.35068675551801E-07
 0.34661156497753E-07
 0.34258902881254E-07
 0.33858497171647E-07
 0.33466499065318E-07
 0.33077885073440E-07
 0.32692730143018E-07
 0.32313181414383E-07
 0.31937741920372E-07
 0.31567074406715E-07
 0.31200688417280E-07
 0.30839457182200E-07
 0.30481250537897E-07
 0.30129395026635E-07
 0.29778527094419E-07
 0.29434568711285E-07
 0.29092152437908E-07
 0.28755825110939E-07
 0.28424442364271E-07
 0.28093492463649E-07
 0.27769424526706E-07
 0.27447664810287E-07
 0.27130607050443E-07
 0.26816902203906E-07
 0.26506103714164E-07
 0.26199430842548E-07
 0.25895777732159E-07
 0.25597173150740E-07
 0.25300491730334E-07
 0.25009193656600E-07
 0.24720248942605E-07
 0.24434419421417E-07
 0.24150943295234E-07
 0.23871459151209E-07
 0.23594224845008E-07
 0.23321390777222E-07
 0.23051957624400E-07
 0.22786258185955E-07
 0.22523126715150E-07
 0.22261808117467E-07
 0.22003271951916E-07
 0.21749105249030E-07
 0.21496848295369E-07
 0.21248495408435E-07
 0.21001731387352E-07
 0.20759992026312E-07
 0.20518665097854E-07
 0.20279972248218E-07
 0.20043236869880E-07
 0.19813022619513E-07
 0.19581609272741E-07
 0.19354586052990E-07
 0.19130525683891E-07
 0.18907741551046E-07
 0.18686953653867E-07
 0.18471344703394E-07
 0.18256488372843E-07
 0.18043978239474E-07
 0.17833666950521E-07
 0.17625914039478E-07
 0.17420976486408E-07
 0.17217712455277E-07
 0.17016016789829E-07
 0.16817613751710E-07
 0.16619375446356E-07
 0.16426239912669E-07
 0.16233687442842E-07
 0.16042568487122E-07
 0.15854525431412E-07
 0.15669825809398E-07
 0.15485686948822E-07
 0.15303693751700E-07
 0.15123389062266E-07
 0.14946842405905E-07
 0.14771671879272E-07
 0.14595409090078E-07
 0.14423766640455E-07
 0.14254785072013E-07
 0.14084919879293E-07
 0.13919101202737E-07
 0.13753990218081E-07
 0.13591656847812E-07
 0.13429578461367E-07
 0.13271336417570E-07
 0.13112225118172E-07
 0.12957408965935E-07
