-0.13907163810406E-07
 0.44914739891455E-13
 0.44757794538191E-09
-0.20971611630999E-10
-0.68566664255328E-09
 0.29574055159286E-08
-0.75956235749122E-09
-0.24126568829141E-08
-0.36876022232603E-07
 0.59493348456869E-09
 0.45159574690369E-09
-0.32300032807648E-08
 0.38963460657298E-08
 0.23061012994584E-07
-0.11351607585896E-07
 0.12804975646629E-05
 0.78879071499510E-08
 0.49209281370468E-07
-0.22192511064914E-08
-0.12273581440283E-06
-0.75036123602493E-08
 0.80125107691097E-07
-0.38590400629647E-07
-0.68594416257856E-07
-0.51620934581590E-07
 0.17152433669820E-08
-0.26769446626445E-07
 0.20848853782840E-07
 0.21678283763263E-06
 0.18554492657482E-07
-0.15705324320507E-07
 0.14326244641948E-07
 0.22700070693861E-04
 0.78805903852508E-05
-0.13175237134638E-04
-0.84217119226755E-05
-0.70850985568532E-04
 0.12205818804720E-06
 0.11817399564172E-06
 0.13373491231598E-06
 0.23760300011418E-07
-0.20734817327174E-05
 0.58363816319884E-06
-0.85595897250394E-07
 0.25303911261534E-05
 0.39388311014904E-06
 0.37098535415085E-06
 0.47135336418629E-06
 0.13965823271804E-05
-0.50126774543464E-05
-0.42840351145598E-06
 0.43495149180410E-06
-0.41764408135494E-06
 0.13794121266623E-04
-0.41893512700965E-06
 0.13846409082326E-06
 0.43887399392589E-06
-0.51367049406544E-06
 0.89420918986815E-06
 0.50050890304797E-05
-0.20424096107350E-05
 0.30935370437691E-06
-0.10545752118080E-04
 0.24302254375547E-05
-0.11344866519789E-05
                  NaN
-0.16348146396765E-05
 0.37508614402118E-05
-0.13228216495634E-06
-0.92773358598924E-05
 0.17550783564267E-05
-0.98979274387962E-05
 0.40993347063775E-03
-0.26389764148477E-03
 0.53377323142759E-04
-0.72878372952193E-03
 0.19002449861287E-03
-0.30422672654642E-03
 0.42458136110954E-03
 0.10936104914099E-02
 0.77473318755189E-07
-0.13542131130606E-04
 0.40260246658080E-05
 0.39103541287846E-05
-0.70587150664913E-05
 0.30582392759225E-05
-0.47525369541738E-05
-0.16413188394109E-05
-0.11843492508980E-04
-0.30363016571159E-06
 0.11342330935299E-04
-0.21422329556930E-06
-0.59303272408395E-05
-0.14737266921330E-04
-0.93265224691858E-04
 0.58413753665162E-06
-0.62843923482429E-02
-0.39219240758877E-05
 0.17905675465353E-05
-0.37932239374023E-04
-0.21591839666247E-04
-0.95227256587615E-07
 0.21060404328505E-04
-0.10803131351199E-05
-0.17894543752398E-04
-0.12399816506820E-03
-0.15716184789910E-04
 0.45458019541202E-04
-0.63063634703062E-04
-0.14613903149022E-03
-0.52834888585419E-04
-0.26014684121432E-04
 0.12770569524552E-02
-0.19188908266800E-03
 0.64432887178973E-04
 0.23300093560126E-04
 0.99587489012250E-06
 0.64557828511546E-05
-0.39127951547271E-04
 0.77882130780542E-04
