3.971889227456797e-12
3.971889227456797e-12
3.971889227456797e-12
3.971889227456797e-12
3.971889227456797e-12
3.971889227456797e-12
3.971889227456797e-12
3.971889227456797e-12
3.971889227456797e-12
3.971889227456797e-12
3.971889227456797e-12
3.971889227456797e-12
3.971889227456797e-12
3.971889227456797e-12
3.971889227456797e-12
3.971889227456797e-12
3.971889227456797e-12
5.9578338411851955e-12
5.9578338411851955e-12
5.9578338411851955e-12
6.206076917901245e-12
6.950806148049394e-12
1.1543303067296316e-11
1.6508164601617313e-11
4.3690781502024765e-11
1.1915667682370392e-10
3.157651935828154e-10
7.833310285774952e-10
1.849410921534571e-9
4.144542287312809e-9
8.838570624936595e-9
1.803982438495534e-8
3.534546987052296e-8
6.673233151819344e-8
1.217706764215239e-7
2.153437941234868e-7
3.700096571268079e-7
6.190659781621795e-7
1.010583787820281e-6
1.6125142911259818e-6
2.519059405494566e-6
3.858487942245216e-6
5.802592923094662e-6
8.577929792483193e-6
0.000012479094567383587
0.000017884028767709884
0.00002527169407513649
0.000035242085938186105
0.00004853879737844475
0.0000660741194686562
0.00008895682060185736
0.00011852258916048349
0.00015636720462512994
0.00020438232777189447
0.0002647940360657837
0.00034020387263939273
0.00043363247749606844
0.0005485656807879085
0.0006890028657802097
0.0008595076430830831
0.0010652605448369839
0.001312113747168299
0.0016066476157420913
0.00195622891069569
0.002369070511068151
0.0028542926103181953
0.0034219850716337955
0.004083271035628089
0.004850371305160242
0.0057366698170886205
0.006756779675053324
0.007926609917430579
0.009263432776684313
0.010785951355145484
0.01251436773596153
0.01447045129276439
0.016677607315476087
0.019160945764580124
0.021947350190102122
0.025065546814306797
0.02854617363996397
0.03242184971649716
0.036727244480729254
0.041499147215419446
0.04677653658649333
0.05260065040009216
0.0590150554458866
0.06606571760427292
0.07380107216469978
0.08227209443977684
0.09153237067727492
0.10163816934660086
0.11264851287546125
0.12462524977217175
0.13763312726828392
0.15173986453651525
0.16701622645171124
0.18353609796943582
0.20137655917866623
0.22061796100972525
0.24134400172988882
0.2636418041087536
0.287601993356633
0.3133187759664347
0.34089001923609563
0.37041733174129227
0.4020061445873852
0.4357657936130044
0.471809602478496
0.5102549667262416
0.5512234387151645
0.5948408137070856
0.6412372168957797
0.6905471916047631
0.7429097886093717
0.79846865678719
0.8573721349849929
0.9197733454215693
0.9858302885996146
1.0557059398847002