0.004740183855126463
0.007472262338637705
0.01132685902001381
0.01660519912793809
0.02365243268290405
0.03286002195911812
0.04466845255496016
0.05957022127694043
0.07811298122730861
0.10090265718280023
0.12860628546552094
0.16195428680901844
0.20174185387262025
0.24882913076040067
0.30413988455530633
0.36865841553985673
0.44342451836797836
0.5295263752488819
0.6280913151959663
0.7402743843724116
0.8672446216251418
1.0101688150584323
1.1701923620797419
1.3484167583116402
1.5458733716499784
1.763493751081937
2.0020779740246817
2.2622643809721903
2.5445058695958753
2.8490585508032975
3.1759869110220795
3.5251857399373563
3.8964146459427957
4.289338231243822
4.7035650275603595
5.138680438385641
5.594271672773291
6.069944800172539
6.565335232287446
7.080113270816665
7.6139862538579095
8.166698513078702
8.738030024055373
9.327794350274763
9.935836269089096
10.56202931895077
11.206273407469164
11.868492555469778
12.548632812025955
13.246660351278885
13.962559747916897
14.696332420639493
15.447995229460462
16.217579211480608
17.0051284399488
17.810698992332618
18.634358014323187
19.476182868132895
20.336260354725894
21.214686000939324
22.11156340363565
23.027003623991288
23.961124626078888
24.914050754554207
25.885912247080782
26.876844777674968
27.88698902768521
28.916490281571626
29.965498045074497
31.034165683643423
32.12265007933407
33.23111130460552
34.35971231171041
35.50861863648017
36.67799811558433
37.86802061637217
39.07885777862495
40.31068276758485
41.56367003777101
42.837995107144536
44.133834341285535
45.451364747277445
46.7907637770615
48.15220914009995
49.53587862516526
50.94194993118004
52.37060050699229
53.82200740006452
55.29634711402272
56.7937954750466
58.31452750711028
59.8587173160709
61.42653798263606
63.01816146420237
64.63375850563084
66.27349855894356
67.93754971200698
69.62607862618268
71.33925048301104
73.0772289399112
74.84017609491599
76.62825246045375
78.44161694617362
80.28042685078682