0.004946099249723454
0.007779622613082045
0.011769845915138164
0.01722503609882733
0.024498148142714657
0.03398929875968767
0.046148575379078745
0.061479123305883274
0.08054037951008834
0.10395125270972884
0.13239298984846481
0.1666114232389539
0.2074182675346229
0.25569113374162417
0.31237195389135747
0.3784635609718946
0.45502423710773704
0.5431601129036863
0.6440153491286755
0.7587600327342405
0.8885756519378675
1.0346378795167954
1.1980962340001535
1.380050118364817
1.5815209555492633
1.8034209079216343
2.0465201578400674
2.311416757607688
2.5985148104486244
2.908016890626598
3.239934174765696
3.59411326224587
3.9702742400194433
4.368052429336783
4.787037068834408
5.226802817649367
5.686932767011278
6.167033600639537
6.666744475743277
7.185741342084746
7.7237382078168
8.280486498378036
8.855773319640731
9.449419163999233
10.061275400063842
10.691221750574215
11.339163873897759
12.005031107864244
12.688774400175435
13.39036442908311
14.109789906713916
14.847056051644733
15.602183214875884
16.375205642873983
17.166170362035327
17.975136170058125
18.802172721117746
19.64735969330946
20.51078602805709
21.392549232676195
22.292754738325634
23.211515306660182
24.14895047947663
25.10518606630109
26.080353665696546
27.07459021656088
28.08803757627114
29.120842122914
30.173154379254207
31.24512865642608
32.336922715576215
33.44869744599636
34.580616558423905
35.732846292431724
36.90555513695213
38.09891356313864
39.31309376886962
40.54826943434207
41.804615488236415
43.08230788407559
44.38152338643957
45.702439366740904
47.0452336083669
48.41008412100675
49.79716896401536
51.206666078733164
52.63875312967118
54.093607354531656
55.57140542302723
57.07232330448052
58.59653614423045
60.14421814882329
61.71554248005004
63.310681157817505
64.9298049718976
66.57308340259524
68.24068455033787
69.93277507422629
71.64952013957821
73.3910833744563
75.15762683522105
76.94931098108941
78.76629465771434
80.60873508976967