0.004973913051332543
0.007821090372122487
0.011829551536339834
0.017308504997444192
0.02461194960519914
0.034141160091318686
0.0463475093180721
0.06173556868325615
0.08086635378137659
0.10436051298853313
0.13290119706413592
0.16723630250968813
0.20817975572128516
0.25661150409643046
0.31347590686258564
0.3797782697321614
0.4565793368214566
0.5449876226374941
0.6461495149670167
0.7612370786309509
0.891433420496898
1.0379153384283764
1.201832816682731
1.3842848647456187
1.5862914296987916
1.8087619052744717
2.05246228346172
2.317985048319526
2.6057276487592094
2.915885459254137
3.2484625935117015
3.603299367888273
3.980110805882047
4.378528552322878
4.798139487643686
5.238517018263045
5.6992438247081685
6.1799267714601225
6.680205580926886
7.199756996261784
7.738295936736792
8.295574782523074
8.871381590495757
9.465537771690562
10.077895565023264
10.708335507411231
11.356764012715669
12.023111116220038
12.70732840746764
13.409387154359058
14.129276610345372
14.86700249094924
15.62258560357482
16.396060614187626
17.187474935143346
17.99688771961696
18.824368949599872
19.669998605811042
20.533865909396457
21.41606862647874
22.316712427950794
23.235910297710863
24.17378198376964
25.13045348712884
26.106056584240072
27.100728379350468
28.114610883578244
29.147850617978587
30.200598238272512
31.273008179226835
32.36523831691191
33.47744964739964
34.60980598057817
35.762473648008346
36.93562122387311
38.129419258232794
39.344040021895594
40.5796572623299
41.83644597015342
43.11458215577211
44.41424263585009
45.735604829348986
47.07884656289758
48.44414588533238
49.83168089126837
51.24162955361591
52.67416956495227
54.129478187707555
55.60773211315941
57.10910732918525
58.633778996821775
60.181921335606575
61.75370751774442
63.349309571124266
64.9688982911936
66.61264316174815
68.28071228464806
69.97327231848044
71.69048842622178
73.43252423187214
75.19954178610836
76.99170154095766
78.80916233347013
80.65208137839568