0.003559560224585811
0.005694508371938857
0.008744052033261581
0.012964309582272708
0.018649811290131484
0.026135189512256834
0.035797134338597214
0.04805667047565486
0.06338176589346638
0.08229024069540203
0.10535290468003757
0.13319681628681573
0.1665085220024952
0.20603710603454686
0.25259685202952564
0.3070692902094782
0.37040436816461364
0.443620431896345
0.5278026204564946
0.624099142447359
0.7337146938585147
0.8578999805281284
0.9979359475986472
1.1551109985036019
1.3306894744708766
1.525870440773805
1.7417379799090311
1.9792079578393849
2.2389806338206966
2.521510893421796
2.827005333212808
3.1554476861841216
3.5066451340723472
3.8802831155151187
4.275977186553586
4.693315077392217
5.1318869187294
5.59130475540904
6.0712137574153955
6.571297626286676
7.0912802503534635
7.630925103296868
8.190033393193914
8.768441603828364
9.366018817978341
9.982664047782482
10.61830369338805
11.272889188076032
11.946394850728026
12.638815945432992
13.350166936961385
14.080479925470428
14.829803242028687
15.598200186628326
16.38574789134787
17.192536293069722
18.018667201599992
18.86425345096662
19.72941812307501
20.61429383441944
21.519022077757523
22.443752611843497
23.38864289316466
24.353857544559332
25.339567856285136
26.34595131564863
27.373191162007743
28.421475964176185
29.490999217911305
30.581958961279945
31.694557406164797
32.82900058431696
33.98549800663646
35.16426233455863
36.365509062567845
37.589456211056415
38.83632402881891
40.106334704666814
41.399712087692336
42.71668141583112
44.05746905246244
45.42230223085274
46.811408806308286
48.225017015985806
49.663355246324635
51.12665180816911
52.61513471961076
54.12903149668886
55.668568952094084
57.23397300199617
58.82546848123178
60.44327896701026
62.08762661137181
63.758731982595265
65.45681391580547
67.18208937296333
68.9347733124919
70.71507856872324
72.52321574138452
74.35939309530326
76.22381647050263
78.1166892028685
80.0382120554912
81.98858316084079