0.15484772757322396
0.21616689839070619
0.2977102487442047
0.4058956486690392
0.5490643132779162
0.7344893407874595
0.9599820279198013
1.2170517991089347
1.4995255587938014
1.8039150876719756
2.12816105183491
2.4709512740447876
2.831395106057981
3.208858187407024
3.6028719707023056
4.013080771102552
4.439209023203068
4.88104010056121
5.338402099583452
5.811158003721108
6.299198706011072
6.802437956067389
7.3208086376179775
7.85425998705242
8.402755489917867
8.966271273581487
9.544794867313879
10.138324237102628
10.746867027103749
11.37043995705904
12.009068338616185
12.662785675603523
13.331633339975514
14.015660288718962
14.71492282107883
15.429484361100434
16.15941525846971
16.90479260159365
17.665700038395943
18.442227601383735
19.23447153447357
20.042534119734032
20.86652350278742
21.70655351601515
22.562743499079964
23.435218116472274
24.324107172051573
25.229545420643856
26.151672376890357
27.09063212158468
28.046573105805287
29.019647953189892
30.010013260687863
31.01782939811984
32.0432603069561
33.086473298575264
34.14763885241807
35.226930414278726
36.32452419510179
37.44059897054173
38.57533588157813
39.72891823644954
40.90153131416516
42.093362169850714
43.30459944215118
44.53543316296215
45.78605456966113
47.056655920082285
48.34743031054719
49.65857149702779
50.990273719743946
52.34273153141603
53.71613962935697
55.110692691662194
56.52658521766992
57.96401137294508
59.423164838985485
60.90423866788012
62.4074251421039
63.93291563969107
65.48090050498479
67.0515689251504
68.645108812672
70.26170669400894
71.90154760461238
73.5648149904639
75.25169061631004
76.96235448076922
78.69698473842948
80.45575762911137
82.23884741439096
84.04642632152805
85.87866449487768
87.73572995489813
89.6177885648198
91.52500400504258
93.4575377553191
95.41554908475636
97.39919504967011
99.40863049929268
101.44400808936396
103.50547830354955
105.5931894827178
107.70728786200408