120.1161501820496
120.16427235521796
120.24446100210038
120.35669322210546
120.50093728486225
120.67715150052348
120.885284619973
121.1252753188292
121.39705133258036
121.70052896085068
122.03561262641637
122.40219356858273
122.80015015611798
123.22934857515574
123.68964325009932
124.180879011822
124.70289317942068
125.25551786273195
125.83858351689983
126.45192042747317
127.0953622264595
127.76874693801021
128.47192050948527
129.20473759067997
129.96706256899395
130.7587716228995
131.57975318601083
132.4299090612522
133.3091495296214
134.21740475321099
135.15461514091658
136.12073344873835
137.1157216319495
138.13957673309991
139.19227284234003
140.27382034556587
141.3842353661556
142.5235444592346
143.69179213000496
144.88901793486022
146.11529267012872
147.37067582438843
148.65524931221634
149.96910215063306
151.31232916573444
152.6850275076755
154.08730070545107
155.51930779811653
156.98111996044847
158.472913072104
159.99479317871152
161.54691057241195
163.12941091977174
164.74244964736573
166.38617980087366
168.06075846111014
169.7663479771547
171.50311418814957
173.27122501156606
175.07084734366367
176.90215311178898
178.76531247461537
180.66050147410306
182.5878899916903
184.5476517098628
186.53995901956577
188.56498439244896
190.62289803458438
192.7138680014539
194.83806088311462
196.99564282344744
199.1867738874965
201.41161738798007
203.67032410932842
205.96302831063932
208.28993727598723
210.65113717032142
213.0467852390315
215.47701759084774
217.94196420172455
220.44175083294186
222.97649561573033
225.54631432628958
228.1513135529334
230.7915994556332
233.46726487810017
236.17841067895395
238.92511011724713
241.70744984796178
244.52549984275208
247.37932231972738
250.26900971741938
253.19457742275833
256.15610968765543
259.15362289214215
262.1871727857241
265.2567894636965
268.3625016550752
271.5043225011963
274.68230307700264
277.89642249528623
281.1467060370416
284.4331546315074
287.7557738626579
291.1145491732435
294.50948654558385
297.940571299575
301.40778518873105
304.91112225435546
308.45055428442936
312.0260607706766
315.63762020482613
319.28520143454983
322.9687807130175
326.6883223355649
330.44379718945083
334.23516961963304
338.0624080637577
341.92547527920334
345.82433391937474