5.370081209981711
5.701256777210425
6.048609257120168
6.411933775509494
6.791042840892984
7.185771508775196
7.595974088536337
8.021521506979695
8.462301021109562
8.918213405045769
9.389172781084355
9.875105411322377
10.375948004304627
10.89164760661774
11.422161276792384
11.967453443067997
12.527498295650867
13.102276779547148
13.691777801628323
14.295995740746426
14.914939386803903
15.548613335058139
16.19703638582941
16.86023234272805
17.53823164215143
18.231070755228647
18.938793659087104
19.661449350265922
20.399096159337
21.15179469673589
21.919615208450832
22.70263297119122
23.500929517889467
24.314592716231072
25.14371629877394
25.9883998666133
26.84874875707709
27.72487490991817
28.61689472312727
29.52493016145427
30.44910886246447
31.389562445226595
32.346422080381465
33.31985235276163
34.30997621901638
35.31695362073152
36.34092032684325
37.38209205126807
38.44057550794776
39.51655681864884
40.61020163166827
41.72169482500771
42.85119862862631
43.99890404832813
45.16498519431484
46.34962752777315
47.553018717666404
48.77510880588009
50.01680171804069
51.277575884134315
52.55786125862672
53.85785404931052
55.17774836589906
56.51774099991863
57.878028986287774
59.25880985790141
60.660281469319756
62.08264182397677
63.52608890515788
64.99082051091425
66.4770340931763
67.98492660123821
69.51469432985526
71.06653277212972
72.64063647743329
74.23719891454205
75.8564123402021
77.49846767331047
79.16355437493786
80.85186033433651
82.5635717611603
84.29887308402839
86.05794685564219
87.84097366457802
89.64813205391388
91.47959844682693
93.33554707928344
95.21614993993038
97.12157671728532
99.05199475431803
101.00756901045528
102.98846203116386
104.99483392502317
107.02684234841938
109.08464249783322
111.16838710973691
113.27822646807995
115.41430841936025
117.57677839523247
119.76577944260701
121.98145226120546
124.2239352484842
126.49336455186545
128.78987412819802