 0.43735765942272E-07
 0.57004530656039E-07
 0.72217592635859E-07
 0.90010690517412E-07
 0.11076872604665E-06
 0.13487445314622E-06
 0.16307738029066E-06
 0.19642952811761E-06
 0.23621802143346E-06
 0.28424363686146E-06
 0.34297256163596E-06
 0.41582120567482E-06
 0.50758636099466E-06
 0.62510463858417E-06
 0.77827365907159E-06
 0.98164035489860E-06
 0.12568528019088E-05
 0.16362782235426E-05
 0.21675697471857E-05
 0.29163410098886E-05
 0.39581436818205E-05
 0.53664193870046E-05
 0.72639018443584E-05
 0.94466908255211E-05
 0.97661468962353E-05
 0.53316595888590E-05
-0.23999973438618E-05
-0.82401366488895E-05
-0.93987255436090E-05
-0.73833840100213E-05
-0.47904612986942E-05
-0.28717475639633E-05
-0.17064910533127E-05
-0.10404873834675E-05
-0.66059427075296E-06
-0.43993691077448E-06
-0.30855083707849E-06
-0.22807958172785E-06
-0.17724349978084E-06
-0.14403741384224E-06
-0.12155966409247E-06
-0.10576328806444E-06
-0.94227690752016E-07
-0.85476060638989E-07
-0.78590010579152E-07
-0.72987641606617E-07
-0.68293129217795E-07
-0.64259491975028E-07
-0.60721128843297E-07
-0.57564943875603E-07
-0.54712029472824E-07
-0.52106244832909E-07
-0.49706707001542E-07
-0.47482974054273E-07
-0.45411803382799E-07
-0.43475057203391E-07
-0.41658220530390E-07
-0.39949398981745E-07
-0.38338800007973E-07
-0.36817979474432E-07
-0.35379694480900E-07
-0.34017658550437E-07
-0.32726300268109E-07
-0.31500628971228E-07
-0.30336114290408E-07
-0.29228830990287E-07
-0.28174939916580E-07
-0.27171243317122E-07
-0.26214557908264E-07
-0.25302133618650E-07
-0.24431346320611E-07
-0.23599867547449E-07
-0.22805459022428E-07
-0.22046152374094E-07
-0.21320087013963E-07
-0.20625530220267E-07
-0.19960981297674E-07
-0.19324950344258E-07
-0.18716156301032E-07
-0.18133382399721E-07
-0.17575535162540E-07
-0.17041547497588E-07
-0.16530580540102E-07
-0.16041761017681E-07
-0.15574346754577E-07
-0.15127660379549E-07
-0.14701071787179E-07
-0.14294058774750E-07
-0.13906143326119E-07
-0.13536864528006E-07
-0.13185909203596E-07
-0.12852892875171E-07
-0.12537604254810E-07
-0.12239804547735E-07
-0.11959262999607E-07
-0.11695885076339E-07
-0.11449572264133E-07
-0.11220223207507E-07
-0.11007860037511E-07
-0.10812425898092E-07
-0.10634002601377E-07
-0.10472665175496E-07
-0.10328480144680E-07
-0.10201597743151E-07
