75.81152658162232
75.85634374297065
75.93102046406236
76.03552868493415
76.16982912570305
76.33387035059782
76.52758867360883
76.75090737953472
77.00373535798244
77.285965784136
77.59747575498648
77.93812315375945
78.30774764836275
78.70617087943052
79.13319676664133
79.58861355369187
80.07219699246488
80.5837097639385
81.12291478523224
81.6895616170418
82.2834051222037
82.90420190568254
83.55171244120132
84.22570561254051
84.92596035582066
85.65226640373947
86.40442819993602
87.18226220293062
87.98560318261136
88.8142986142792
89.66821423716942
90.54723150448822
91.45124845985023
92.38018222848818
93.33396160234507
94.31253325701593
95.31586119970258
96.3439232215339
97.39671256253774
98.47423485564084
99.57651033696283
100.70357374666088
101.85547231964169
103.03226330861193
104.23401836291877
105.46081610576591
106.7127484415441
107.98991987354546
109.29243689497518
110.62042271746519
111.97400257263529
113.35331438565461
114.75849814607646
116.18970372870872
117.6471061052907
119.13084481357829
120.64109599346378
122.17803506622464
123.74183616186775
125.33268909350662
126.95077737324794
128.596289856266
130.26941992382737
131.97036336705966
133.69932033815226
135.4564886581811
137.2420724440506
139.0562738238109
140.8992926546051
142.77134492415445
144.67262338302783
146.6033368810182
148.56368582132498
150.553880346493
152.57411223955833
154.62459237767465
156.7055115725805
158.8170272010305
160.95945180036315
163.1328620254025
165.33747948155846
167.57348523926305
169.84107901500656
172.14039412289753
174.47169081308897
176.83505508479186
179.23068538121603
181.65873430807906
184.11936360030438
186.61270975654344
189.1389650440309
191.6982202863585
194.29063372252267
196.9163343138485
199.57543911119262
202.26809398627594
204.99439442026087
207.75446188022755
210.54839141676047
213.37628112479698
216.23825096849376
219.13436692492115
222.06471858736634
225.02939480888466
228.02846378806507
231.06200083384547
234.13006945387613
237.23271569828717
240.37005393982406
243.54207851525325
246.74885997207141
249.99044795835297
253.26687791726013
256.5781941042949
259.92443085938675
263.305621078472
266.7217946660466
270.172978831811
273.65919827857266
277.1804753905946