 0.12412153835802E-12
 0.24517834737388E-13
 0.77575961473766E-14
 0.31775113819654E-14
 0.15323646710867E-14
 0.82713228393519E-15
 0.48484975921103E-15
 0.30268931774553E-15
 0.19859446137284E-15
 0.13564268927863E-15
 0.95772791942920E-16
 0.69533441186527E-16
 0.51695767745950E-16
 0.39228535579820E-16
 0.30303109950690E-16
 0.23777787786645E-16
 0.18918082359095E-16
 0.15752885730264E-16
 0.87655175349083E-17
 0.10534423006790E-16
 0.83076316528325E-17
 0.76677724613781E-17
 0.14043814520412E-16
 0.13985152617727E-16
 0.39578561262772E-16
 0.66754577856802E-16
 0.14605201082706E-15
 0.31512367549199E-15
 0.65633096998841E-15
 0.13053614161749E-14
 0.24958516155520E-14
 0.45849436541173E-14
 0.81148648465604E-14
 0.13885977878892E-13
 0.23040723671906E-13
 0.37165939975395E-13
 0.58401800807655E-13
 0.89584553686899E-13
 0.13439511973887E-12
 0.19750991766411E-12
 0.28476590564584E-12
 0.40334613903602E-12
 0.56193345285616E-12
 0.77090571841100E-12
 0.10424794071140E-11
 0.13908810249071E-11
 0.18324866223597E-11
 0.23859449227524E-11
 0.30722943023683E-11
 0.39150422126057E-11
 0.49402364380419E-11
 0.61765054909265E-11
 0.76550745448723E-11
 0.94097605920571E-11
 0.11476939044284E-10
 0.13895492075694E-10
 0.16706730568639E-10
 0.19954297704525E-10
 0.23684053858055E-10
 0.27943942168383E-10
 0.32783842450973E-10
 0.38255410023577E-10
 0.44411905078035E-10
 0.51308013028762E-10
 0.58999661232775E-10
 0.67543826261026E-10
 0.76998345848184E-10
 0.87421725573074E-10
 0.98872950496403E-10
 0.11141129693663E-09
 0.12509615224663E-09
 0.13998683732232E-09
 0.15614244001062E-09
 0.17362165165353E-09
 0.19248261707497E-09
 0.21278279110008E-09
 0.23457880669901E-09
 0.25792635177404E-09
 0.28288005889935E-09
 0.30949340311510E-09
 0.33781861260055E-09
 0.36790658885532E-09
 0.39980683710961E-09
 0.43356740866549E-09
 0.46923485035012E-09
 0.50685416667675E-09
 0.54646878853921E-09
 0.58812055218190E-09
 0.63184968575868E-09
 0.67769480364065E-09
 0.72569290822675E-09
 0.77587939746590E-09
 0.82828808014946E-09
 0.88295119500222E-09
 0.93989943560580E-09
 0.99916198005709E-09
 0.10607665242000E-08
 0.11247393177617E-08
 0.11911052047129E-08
 0.12598876649564E-08
 0.13311088586371E-08
 0.14047896719070E-08
 0.14809497636030E-08
 0.15596076133089E-08
 0.16407805694089E-08
 0.17244848976018E-08
 0.18107358291488E-08
 0.18995476086893E-08
 0.19909335420503E-08
 0.20849060434724E-08
 0.21814766762713E-08
 0.22806562083021E-08
 0.23824546448590E-08
 0.24868812764622E-08
 0.25939447193565E-08
 0.27036529555004E-08
 0.28160133718650E-08
 0.29310327983565E-08
 0.30487175451160E-08
 0.00000000000000E+00
