3.971889227456797e-12
3.971889227456797e-12
3.971889227456797e-12
3.971889227456797e-12
3.971889227456797e-12
3.971889227456797e-12
3.971889227456797e-12
3.971889227456797e-12
7.943778454913594e-12
1.1915667682370391e-11
1.1915667682370391e-11
1.1915667682370391e-11
7.943778454913594e-12
7.943778454913594e-12
8.440264608345693e-12
1.5018706141321012e-11
2.482430767160498e-11
8.614034762046929e-11
3.2209539203907465e-10
1.0871805544779401e-9
3.3674173356532156e-9
9.47481763055983e-9
2.4518720444167523e-8
5.8926452092395604e-8
1.3262808386785378e-7
2.815637519313383e-7
5.674451956959988e-7
1.0915184781220148e-6
2.0134325696131667e-6
3.57619001141449e-6
6.138043296174906e-6
0.000010212286495443266
0.000016515660921926444
0.00002602582613242295
0.00004004859023495301
0.000060294751919576024
0.0000889667283554137
0.00012885489621865742
0.0001834429291737973
0.0002570221381382714
0.00035481355213861173
0.0004830975745523191
0.0006493499076115467
0.0008623831723476927
0.0011324932229366954
0.0014716092056670184
0.0018934465306677775
0.002413661907778049
0.003050009756938096
0.003822499068893533
0.004753550306363114
0.0058681516443834505
0.007194014154875923
0.00876172548934298
0.01060490182969661
0.012760337762781718
0.015268154012561765
0.018171942915898933
0.021518911414289972
0.025360021784604087
0.029750129893347896
0.03474812106394909
0.04041704356909857
0.04682423962427776
0.054041474011929914
0.06214506008058499
0.07121598306506932
0.08134002056817989
0.09260785994987043
0.10511521226747239
0.11896292250939844
0.13425707557880046
0.15110909773015901
0.16963585280158103
0.18995973273316208
0.21220874183347138
0.23651657425733302
0.26302268401583484
0.2918723470560885
0.3232167148848367
0.35721285919312545
0.3940238071779425
0.4338185671878372
0.4767721443287215
0.5230655460493393
0.5728857775120294
0.6264258267008717
0.6838846396105362
0.7454670855541894
0.811383912921985
0.8818516959599824
0.9570927729262184
1.0373351761955103
1.1228125552215613
1.2137640928153692
1.3104344157219885
1.4130735002858024
1.521936574170593
1.637284014968504
1.7593812467293473
1.8884986353687196
2.0249113838484813
2.1688994281498735
2.3207473348753602
2.480744201365666
2.6491835591950346
2.8263632815873567
3.012585495657156
3.208156499640505
3.4133866859649937
3.6285904697867513
3.8540862237248614
4.090196218146861
4.337246566871029
4.5955671777291505
4.865491707007457
5.147357516672357
5.441505632862213
5.748280703812615
6.068030954910612