1.9859446137283985e-12
1.9859446137283985e-12
1.9859446137283985e-12
1.9859446137283985e-12
1.9859446137283985e-12
1.9859446137283985e-12
1.9859446137283985e-12
1.9859446137283985e-12
1.9859446137283985e-12
1.9859446137283985e-12
1.9859446137283985e-12
1.9859446137283985e-12
1.9859446137283985e-12
1.9859446137283985e-12
1.9859446137283985e-12
3.971889227456797e-12
5.9578338411851955e-12
6.08195537954322e-12
2.606552305518523e-12
9.060872300135818e-12
1.8494109215345712e-11
4.741442765276551e-11
1.54531315255741e-10
4.4584456578202544e-10
1.2134121589880514e-9
3.080075974354388e-9
7.334093458498975e-9
1.6467080372420806e-8
3.509983334611243e-8
7.135263166203255e-8
1.3894847672258278e-7
2.602235358414431e-7
4.7033908252621315e-7
8.229467758536876e-7
1.3976788988236094e-6
2.309798311479853e-6
3.7222613267372867e-6
5.860666039610846e-6
9.031356446557356e-6
0.000013642870647303802
0.000020231190392909344
0.000029488882092297947
0.00004229836485994139
0.0000597694260025849
0.00008328101646485849
0.00011452748597819375
0.0001555690516230494
0.00020888657266378884
0.00027744046818814315
0.00036473356691700955
0.0004748777614635219
0.0006126642190465599
0.0007836368573454463
0.0009941689864468443
0.0012515420902746122
0.001564028188429553
0.0019409732197976678
0.002392882841315303
0.0029315096442022646
0.0035699416824078382
0.004322691941277458
0.005205788695922569
0.00623686515142326
0.007435254770652156
0.008822076608204407
0.010420332204263017
0.012254988495179931
0.014353078952794454
0.01674378736994706
0.01945853922485431
0.022531091129047234
0.025997619550439915
0.02989680900838506
0.03426993956632578
0.03916097381679027
0.044616643176519005
0.0506865335758788
0.05742317066097573
0.0648821043035422
0.07312199266684133
0.08220468573586272
0.09219530826811889
0.1031623423105129
0.11517770913779943
0.12831685068351303
0.1426588103967102
0.15828631350764436
0.1752858466136277
0.19374773655901326
0.2137662285035467
0.23543956311665407
0.258870052763366
0.28416415663707106
0.31143255460128044
0.34079021984566027
0.37235648992475956
0.4062551364213479
0.4426144327953444
0.4815672205186279
0.5232509733486451
0.5678078595932355
0.6153848024152052
0.66613353798848
0.7202106716465942
0.7777777317964939
0.839001223316988
0.9040526717436581
0.973108679277709
1.046350965498579
1.1239664128404565
1.2061471092389529
1.2930903892792527
1.3849988742150086
1.4820805109914081
1.5845486105914062
1.6926218863197715
1.8065244898298602
1.9264860529215437
2.052741722590401
2.1855322026070674