0.09174418683649158
0.12544890024292324
0.16820745909109722
0.22205582684005795
0.2898185112940381
0.3760097235932456
0.4906443603598616
0.6786863671425281
0.9300899928042682
1.2120468753492555
1.5183087897449679
1.8462355152320509
2.1943050100718673
2.56181767246002
2.947966770170049
3.352402300605234
3.7748254365558287
4.215022684428043
4.672839594240985
5.148164303583913
5.640938082201168
6.15110225132072
6.67862286813942
7.2235555603980135
7.785858495535819
8.365584555957508
8.962777915991065
9.577497931676703
10.209814260387162
10.859804728306235
11.527571323851419
12.21320239176935
12.916828153808074
13.638558724193986
14.378526148837745
15.136875367909024
15.91375815519927
16.70932928810536
17.523762373246647
18.357232342415916
19.20992557582653
20.082036837993556
20.97376901047473
21.88533314694793
22.81694831217091
23.76884141671796
24.741247047470825
25.7344072940263
26.74857157112523
27.783996437330543
28.840945410137568
29.91968877766103
31.02050340708847
32.14367254996086
33.28948564437077
34.45823811412506
35.65023116482184
36.86577157683389
38.10517149508576
39.36874821555774
40.65682396832291
41.96972569703657
43.30778483463891
44.67133707515607
46.06072214137963
47.476283548267865
48.918368361889335
50.38732695375802
51.88351275041565
53.407281978126115
54.95899340263978
56.53900806388986
58.14768900566594
59.7854010002297
61.45251026795168
63.149384192040515
64.87639102854364
66.63389961178899
68.42227905552367
70.2418984500639
72.09312655577732
73.97633149335232
75.89188043128742
77.84013927112288
79.82147233100363
81.83624202817035
83.88480856106784
85.96752959177189
88.08475992949323
90.23685121594312
92.42415161338238
94.64700549620619
96.9057531469029
99.20073045728881
101.53226863586012
103.90069392217131
106.30632730906416
108.74948427358783
111.23047451745947
113.74960171776642
116.30716328868135
118.90345015484613
121.5387465370189
124.2133297505402