                  NaN
 0.16189191719874E-09
 0.46883404076456E-09
 0.17091229750517E-08
 0.22291966653491E-08
-0.10728362165786E-09
 0.59390022487452E-08
 0.10703370814054E-07
 0.11739998211349E-07
 0.14222032594170E-07
-0.20650302467891E-07
 0.24730182516396E-07
 0.32046895989670E-07
-0.26927356272351E-06
 0.70763401621416E-07
-0.76214361171925E-06
 0.46796948246225E-07
 0.62309517622235E-07
 0.20831853825556E-05
 0.12540344034915E-06
-0.16960839081333E-05
 0.18203309754837E-06
 0.36934385180138E-06
-0.30649468121091E-05
 0.38340482515274E-05
 0.28224553607021E-06
 0.12083795849019E-06
 0.74431325575872E-07
 0.11046952748177E-06
-0.46259642787911E-06
 0.18863618350940E-05
 0.56054434535482E-06
-0.49738498957862E-07
 0.67042145337295E-06
 0.13676658978848E-06
 0.42543359093738E-05
 0.10144373157863E-06
-0.92822524094810E-06
 0.53529696631691E-05
-0.38054584304307E-05
 0.11677020564451E-05
 0.65937003131911E-05
-0.15529663468035E-05
-0.58160698451066E-06
 0.19861175557713E-06
 0.50127874363806E-05
                  NaN
-0.27572463619064E-04
-0.68884478895514E-04
 0.22043819081244E-04
-0.15614268774213E-05
 0.82408757224752E-06
-0.19569006576038E-04
-0.72860127943587E-04
 0.23450719170588E-05
 0.27595347790601E-05
 0.31862517647099E-04
-0.69845611952779E-04
 0.73717996279219E-05
 0.23830047617696E-04
-0.64856336960965E-04
 0.20199460278293E-05
 0.29972085934068E-04
 0.58687280818149E-05
 0.25140950761351E-05
 0.24317013604475E-05
-0.11824015023320E-05
-0.13762124279048E-04
 0.66898681154867E-05
 0.39553826608952E-05
-0.29464248653974E-05
 0.75326027251887E-06
 0.14179785428628E-05
-0.33782518977880E-05
 0.17074566201817E-05
-0.69525093388344E-06
 0.18413261791189E-04
 0.11943833773274E-04
 0.11637993492630E-05
-0.80901091596472E-06
 0.34717996400568E-05
 0.13666276900990E-04
 0.77833831623303E-06
 0.22617111545354E-03
 0.19500249966639E-04
-0.60127090617171E-05
-0.20309826348477E-04
 0.82156694033890E-06
 0.86661443402941E-06
 0.28503930460558E-05
-0.47174780482465E-04
 0.59771908788158E-06
 0.70002748055619E-05
-0.14337143240851E-05
-0.53909733128601E-05
 0.30404414493888E-04
-0.37864257893984E-06
-0.47108764785441E-05
-0.19625329131746E-05
-0.34470116980541E-05
-0.16255907220736E-06
 0.61408200822384E-06
-0.62173758367319E-06
-0.81420869774492E-09
-0.81644138463920E-09
-0.82115852717748E-09
-0.82127841377451E-09
-0.80736507226316E-09
-0.81076985741033E-09
-0.80959619219161E-09
-0.79688499392419E-09
-0.79057767018000E-09
-0.77966775691694E-09
-0.77150596058861E-09
-0.76036534645253E-09
-0.75327887296208E-09
-0.74075487596578E-09
-0.72531523193727E-09
-0.71402377373744E-09
-0.75325688911885E-09
