0.0365289729062715
0.052341691989910955
0.0730777442888153
0.09979865845503579
0.1337256146414932
0.17625528668104637
0.2289722780863095
0.29365529577193294
0.37227356516900906
0.46696905487426876
0.5800181226179781
0.7137619596495105
0.8704881785834628
1.0522414255728358
1.2605596259096368
1.4962027479322737
1.7590292503126266
2.0481390673823685
2.362206229951648
2.699803783755529
3.0596039591542215
3.4404586537362443
3.8414099627059635
4.261671128622001
4.70059945212346
5.1576701967506295
5.6324543889978385
6.124600884319554
6.633822195731118
7.159883383024924
7.7025933452522795
8.261797971732912
8.837374723735756
9.429228312299996
10.03728723210474
10.661500946329731
11.301837587040456
11.958282056197374
12.630834442543913
13.319508688546845
14.024331456301406
14.74534115253835
15.482587081509852
16.236128701182995
17.006034963257
17.792383721587193
18.595261196693773
19.414761486513573
20.250986115491454
21.104043615661165
21.974049134586007
22.86112406599087
23.76539569975453
24.686996888487165
25.626065728492932
26.58274525327283
27.557183138112315
28.54953141450968
29.559946193453026
30.58858739675474
31.63561849573952
32.70120625678122
33.78552049322309
34.88873382334166
36.01102143406787
37.15256085022327
38.31353170918418
39.494115540754926
40.69449555221981
41.91485641852859
43.15538407758754
44.416265530670145
45.697688647981956
46.99984197943583
48.32291457070638
49.66709578465352
51.032575128235045
52.419542084987896
53.828185953243164
55.25869569018204
56.71125976189126
58.18606599954873
59.68330146189472
61.20315230415344
62.74580365353469
64.311439491477
65.90024254279037
67.51239417182222
69.14807428580987
70.80746124553886
72.4907317834329
74.19806092921381
75.92962194320928
77.68558625745106
79.46612342461151
81.27140107488822
83.10158488089876
84.95683853063115
86.83732370851561
88.74320008463488
90.67462531210288
92.63175503263162
94.61474289026484
96.62374055329153