0.04458735349286348
0.06343281263640778
0.08804861573887034
0.11968285206205657
0.15977906737169745
0.2099953632579488
0.2722177598163119
0.34856334099056074
0.44136704401704024
0.5531425759744693
0.686500513522775
0.843993597937461
1.0278504184285813
1.2395972377639795
1.4797069541724999
1.7475436889157583
2.041702862902195
2.3604991445594785
2.702317370523365
3.0657644012805925
3.4496949150147116
3.853185024716545
4.27549301285175
4.7160224270669175
5.174291714473337
5.649910481570753
6.1425612877896905
6.6519857476085145
7.177973894698832
7.720355992335753
8.278996176848056
8.8537874797687
9.444647893878882
10.051517229110043
10.674354585955626
11.313136291501795
11.967854204734147
12.638514307127208
13.325135518128636
14.02774868852549
14.746395735195204
15.481128888794522
16.232010032080872
16.99911011131584
17.782508606898002
18.582293052210375
19.398558591932282
20.231407572860817
21.080949161633495
21.947298984920767
22.830578788449134
23.730916112023163
24.648443978180993
25.58330059264639
26.535629055013565
27.505577078515913
28.493296717817515
29.49894410408653
30.5226791866866
31.564665480973296
32.62506982179286
33.70406212235203
34.801815138215055
35.91850423622307
37.05430716820984
38.2094038493625
39.38397614129018
40.578207639607044
41.79228346614657
43.02639006577294
44.280715007866775
45.555446792523504
46.850774661548535
48.16688841437022
49.503978228937726
50.86223448777534
52.24184760927389
53.64300788440115
55.065905318961626
56.51072948155796
57.97766935740889
59.46691320820751
60.97864843815014
62.5130614663249
64.07033760560591
65.65066094822251
67.25421425815344
68.88117887049442
70.53173459795167
72.20605964459997
73.90433052701768
75.62672200294612
77.37340700756289
79.14455659748627
80.94033990258492
82.76092408569163
84.60647431027444
86.47715371612682
88.37312340311459
90.29454242303025
92.2415677795538
94.21435443633992
96.21305533322442
98.23782141055403