1.9859446137283985e-12
1.9859446137283985e-12
1.9859446137283985e-12
1.9859446137283985e-12
1.9859446137283985e-12
1.9859446137283985e-12
1.9859446137283985e-12
1.9859446137283985e-12
1.9859446137283985e-12
1.9859446137283985e-12
1.9859446137283985e-12
1.9859446137283985e-12
3.971889227456797e-12
3.971889227456797e-12
0.
2.358309228802473e-12
6.206076917901245e-12
1.141918152893829e-11
5.610293533782726e-11
1.9487081522209909e-10
6.466732148453097e-10
1.967574626051411e-9
5.439626418540441e-9
1.39172516099319e-8
3.3178680175406924e-8
7.42935673918876e-8
1.5729897731804825e-7
3.167577935250645e-7
6.097692749391635e-7
1.1270418141570048e-6
2.007822524322461e-6
3.459267522281231e-6
5.7809847286034516e-6
9.395461269739858e-6
0.00001488473704835274
0.000023034091552928734
0.00003488274614086117
0.00005178214307259836
0.00007546166674911036
0.00010810190781524171
0.0001524152896562334
0.00021173374673532516
0.00029010319771673204
0.000392384245890322
0.0005243587146739333
0.0006928411113613718
0.0009057950759637546
0.0011724534151773666
0.0015034415005416928
0.001910903336079376
0.0024086296823818227
0.0030121875177320204
0.003739050489717228
0.0046087296874476056
0.005642904322297263
0.0068655519963135665
0.008303078097803777
0.009984444068036313
0.011941294385270014
0.014208081935451668
0.016822191739668486
0.019824062905669605
0.023257308754800962
0.027168835114051514
0.03160895671040519
0.0366315118098661
0.04229397505039124
0.048657568515027956
0.05578737114616717
0.06375242648676227
0.07262584880176197
0.08248492758323257
0.09341123043023264
0.10549070428507043
0.11881377486148277
0.13347544438252687
0.1495753871684388
0.16721804333424517
0.18651270995256464
0.2075736298705123
0.23052007766994712
0.25547644259977415
0.28257230825142193
0.31194252861021887
0.34372730025229997
0.37807223040354904
0.41512840054940486
0.4550524254313177
0.49800650711322264
0.5441584843181134
0.5936818750186105
0.6467559165988431
0.7035655977862046
0.764301686552509
0.8291607523790361
0.8983451831666023
0.9720631970813475
1.0505288493733522
1.1339620330733307
1.2225884821093245
1.3166397571364894
1.4163532403658208
1.5219721209765213
1.6337453816129435
1.7519277687114725
1.876779787679896
2.0085676705153337
2.147563355126957
2.2940444616007216
2.4482942684006765
2.610601688829688
2.781261248047962
2.960573061080075
3.148842811779476
3.3463817338828217
3.5535065878821643
3.7705396519398726
3.997808695851908
4.235646968102939
4.484393176934209