5.9578338411851955e-12
6.08195537954322e-12
1.211177971297607e-9
1.4711492921731065e-7
2.983120917096784e-6
0.00002414300318222086
0.0001142812753916683
0.00038420632394484214
0.0010239455243002977
0.0023133929162868195
0.0046274658748711
0.008439972860669782
0.014329619184439781
0.02299050781297254
0.03524879416095134
0.052086952731101414
0.07467734704866494
0.10442746667145203
0.14304044099033403
0.19259652356409887
0.2556644368747365
0.3354547666474503
0.436019944876684
0.5624281870516339
0.7204488623152859
0.9144635538332073
1.1441885077016156
1.405508702094044
1.6940926753779757
2.006766850888755
2.3413667498348785
2.6964007423243346
3.0708080947912784
3.4638138155565863
3.87483530736857
4.303434373656663
4.7492601265997605
5.212051937527086
5.691593842304554
6.1877214632951985
6.70030899369526
7.229256884968278
7.774494648188644
8.335970065264807
8.913656052034062
9.507535506196634
10.117610866544515
10.743897111314517
11.38642285818735
12.04522770269933
12.720362889597912
13.411890155745699
14.119881236677882
14.844417426106435
15.585589167985006
16.343495689084577
17.118244663601562
17.909951900987043
18.718741052119324
19.544743329263497
20.388097236436924
21.24894830718272
22.12744885075897
23.02375769775549
23.938039954173668
24.870466755514784
25.82121502336672
26.790467223523763
27.77841112532956
28.785239562023506
29.811150191947174
30.85634526049956
31.921031362777327
33.005419206863785
34.10972368437817
35.23416210198774
36.37895701272426
37.54433291580768
38.73051755632932
39.93774138606211
41.16623733174671
42.41624056430138
43.687988269075404
44.98171941725503
46.297674538933336
47.63609549530996
48.997225258285255
50.38130768412641
51.78858729494488
53.21930906008886
54.673718180429425
56.152059875391366
57.65457917306474
59.181520703640466
60.733128496620296
62.30964578194296
63.91131479558824
65.53837658989121
67.19107084899086
68.86963570978311
70.57430758877688
72.30532101522117
74.06290847090104
75.84730023699021
77.65872424832035
79.49740595545316
81.36356819487918
83.25743106772771
85.17921182726509
87.12912477549938
89.10738116918355
91.11418913545465
93.149753597344
95.21427620936842
97.30795530337082
99.43098584473621
101.58355939915005
103.76586410991281
105.97808468592099
108.22040240030154