0.0068537354029396
0.010600635059841492
0.01580330801507924
0.022830299519141804
0.03210159912997407
0.044091952573263656
0.059334572660300317
0.07842509379199596
0.10202552436562307
0.13086787093233943
0.16575704378794448
0.20757261335582503
0.25726897754151484
0.3158735271396506
0.3844824569470309
0.46425395217605586
0.5563985584048672
0.6621665806289425
0.7828323131240306
0.9196747497091854
1.0739541893210791
1.2468839583596536
1.4395965983286414
1.6531047444596607
1.8882589553857967
2.145707855245368
2.4258689159259585
2.7289187355412023
3.0548078971473664
3.403298309109356
3.7740142143708653
4.166495582924475
4.580244860396135
5.014762566638822
5.469571278324271
5.944229848079393
6.4383404449652675
6.951550823359533
7.483553670544045
8.034084337124794
8.602917788297736
9.189865288876408
9.794771116161868
10.417509456139019
11.057981554534928
11.716113145399246
12.39185215261883
13.085166646207082
13.796043028923167
14.52448442734209
15.270509262075366
16.03414997393277
16.815451885186917
17.61447217755638
18.431278971057058
19.26595048996788
20.118574304219443
20.989246636091437
21.878071723726332
22.785161234141132
23.71063371951892
24.65461411149577
25.61723324890932
26.59862743519985
27.598938022127516
28.618311017010324
29.65689671108924
30.71484932694866
31.79232668324591
32.889489875236286
34.006502969799115
35.14353271388807
36.30074825546236
37.478320876093086
38.676423734592554
39.89523162108717
41.134920721078814
42.39566838907391
43.67765293149442
44.98105339919326
46.3060493851203
47.65282083974935
49.02154788285373
50.41241063284318
51.825589040819025
53.26126273357861
54.71961086496434
56.20081197552872
57.705043860574996
59.23248344657103
60.78330667600682
62.357688400708625
63.95580228367688
65.57782070949246
67.22391470334597
68.894253858715
70.58900627376202
72.30833849647534
74.05241547857528
75.82140053824315
77.61545533165985
79.43473983337995
81.27941232555581
83.14962939597007