3.971889227456797e-12
3.971889227456797e-12
3.971889227456797e-12
3.971889227456797e-12
3.971889227456797e-12
3.971889227456797e-12
3.971889227456797e-12
3.971889227456797e-12
1.2039789220728415e-11
5.709590764469145e-12
2.7430859977123504e-11
2.1150310136207445e-10
1.3470910557996444e-9
6.6817106528891966e-9
2.7284396561861033e-8
9.444693333200339e-8
2.852512787144169e-7
7.68360481593057e-7
1.878757721577789e-6
4.2295109276111794e-6
8.867759914747637e-6
0.000017479826233317745
0.00003264786175622192
0.00005815729425404014
0.00009935198007638195
0.00016353156634829968
0.000260383806660754
0.0004024448008800503
0.0006055757644707806
0.0008894538483769089
0.001278062301182823
0.0018001796266346561
0.002489859082768223
0.0033868953553101533
0.004537275678526146
0.005993613544796317
0.007815564521698409
0.010070224330013134
0.012832510033877094
0.01618552556294982
0.02022091298158043
0.025039190830964297
0.030750080526463507
0.037472821597021595
0.04533647555330766
0.05448021773071765
0.06505361559468764
0.07721689112915757
0.09114116406240712
0.10700867218191741
0.125012964123544
0.145359059876057
0.16826357380482432
0.19395479512886607
0.22267272094450682
0.2546690375434704
0.29020704624318605
0.32956153096437363
0.37301856564766456
0.4208752612365622
0.4734394522793703
0.5310293253584593
0.5939729920723311
0.66260801081333
0.7372808622341167
0.8183463847012079
0.9061671760616806
1.0011129692885
1.1035599892294585
1.2138902982524524
1.3324911382819233
1.4597542763057374
1.596075359965576
1.7418532891621064
1.897489608472232
2.063387924174554
2.239953348406313
2.4275919716238885
2.626710363017206
2.837715096934806
3.0610123020988698
3.297007228493163
3.546103825656512
3.8087043244238754
4.08520881337016
4.376014799917084
4.68151674578833
5.00210556610529
5.338168082293707
5.690086419619448
6.058237342806739
6.442991525658636
6.84471275482604
7.263757072653395
7.700471869828279
8.155194944673196
8.628253552308315
9.119963472712701
9.630628131301119
10.160537808354372
10.709968974033302
11.279183782821478
11.868429755879305
12.47793967132865
13.10793167240094
13.758609592046996
14.430163481583213
15.122770321127614
15.83659488181906
16.5717907048656
17.328501160302796
18.106860548859242
18.906995213244112
19.72902462946941
20.5730624543043
21.439217510746136
22.327594698878425
23.238295824811303
24.171420344516605
25.1270660231426