7.943778454913594e-12
7.943778454913594e-12
7.943778454913594e-12
7.943778454913594e-12
1.1915667682370391e-11
7.943778454913594e-12
8.564386146703719e-12
3.562288150875315e-11
4.1046992734998833e-10
3.928446689031488e-9
2.6006192959850092e-8
1.2830182764838484e-7
5.035175144585433e-7
1.6484302235867982e-6
4.6637714784613266e-6
0.000011710732720453608
0.0000266373291370099
0.00005576939382988542
0.00010884357074690625
0.00020004817456779057
0.00034913159380749805
0.0005825385491510961
0.0009345385176094897
0.0014483182092158192
0.0021770187113330317
0.00318470606186381
0.004547272301118019
0.00635326979097627
0.008704686230892517
0.011717670374186967
0.015523219226198462
0.020267836668789892
0.026114171239758337
0.03324163737578087
0.041847020304333675
0.05214505991550447
0.06436900413875658
0.07877111762191341
0.09562312737675746
0.11521658404953812
0.13786311524272943
0.16389454714644203
0.1936628715266866
0.22754003800289033
0.26591755544498163
0.30920589158075273
0.35783366648960213
0.4122466419601615
0.47290651597015615
0.5402895382238441
0.6148849684247342
0.6971934044328135
0.787725010712336
0.8869976797995334
0.9955351601291685
1.1138651817307916
1.2425176088619756
1.3820226435436718
1.5329090984662228
1.6957027504579507
1.8709247786338028
2.0590902832270923
2.260706873814614
2.4762733091660136
2.706278165134455
2.951198504081421
3.2114985177664415
3.4876281184939093
3.7800214587849976
4.089095370567312
4.415247729358396
4.758855768057378
5.1202743863968365
5.49983452499508
5.8978416931338264
6.314574753605363
6.750285072640001
7.205196134115607
7.679503695131166
8.173376524851534
8.686957725553821
9.220366589299923
9.773700903371958
10.347039587646309
10.940445531528043
11.55396849719465
12.187647968052538
12.841515842294443
13.51559889746365
14.209920978310702
14.924504884637942
15.659373955648517
16.414553362611876
17.190071131833147
17.985958925994876
18.80225261466566
19.63899266496674
20.49622438191894
21.373998025517984
22.27236882862063
23.19139693655657
24.131147286242744
25.0916894399568
26.073097385978283
27.075449316515723
28.098827391059476
29.143317491883423
30.209008977003222
31.295994434758537
32.40436944339429
33.53423233805625
34.68568398728006
35.858827580376094
37.05376842679511
38.27061376832894
39.50947260460511
40.77045553231478
42.053674598348906
43.3592431669582
44.68727580097025