-0.23329410317516E-03
-0.22841992277264E-03
-0.22375336209109E-03
-0.21900103745080E-03
-0.21438909289354E-03
-0.20987710955444E-03
-0.20546790674281E-03
-0.20102661993882E-03
-0.19675574595076E-03
-0.19243033939916E-03
-0.18835167522802E-03
-0.18423941591692E-03
-0.18023049258341E-03
-0.17626897720332E-03
-0.17238272768454E-03
-0.16859189449813E-03
-0.16489389716930E-03
-0.16129448053838E-03
-0.15768609295568E-03
-0.15422013719257E-03
-0.15076334740049E-03
-0.14738350550470E-03
-0.14407336307837E-03
-0.14169933378303E-03
-0.13817687150638E-03
-0.13399513025676E-03
-0.12747752529172E-03
-0.12584266838324E-03
-0.12598225241887E-03
-0.12501607590977E-03
-0.12364103934227E-03
-0.12126672790782E-03
-0.11774084042562E-03
-0.11298989082462E-03
-0.10923037790114E-03
-0.10501149661701E-03
-0.10097851166025E-03
-0.98102620312055E-04
-0.97664748875709E-04
-0.94045422985776E-04
-0.93472884768126E-04
-0.93612758836176E-04
-0.91785929732182E-04
-0.91729106503359E-04
-0.91381330229380E-04
-0.87310437300990E-04
-0.87957266934734E-04
-0.84783034201705E-04
-0.80421522285194E-04
-0.76955412260862E-04
-0.73465445554496E-04
-0.68773580064531E-04
-0.68593347759022E-04
-0.63385613248192E-04
-0.61798277993166E-04
-0.62234251202119E-04
-0.63547374692033E-04
-0.62613627812867E-04
-0.65199015592650E-04
-0.67216622775575E-04
-0.67437229887586E-04
-0.65404576776663E-04
-0.61112810587787E-04
-0.55609195668175E-04
-0.51081307091929E-04
-0.45053441737596E-04
-0.42513404472926E-04
-0.42437040590508E-04
-0.51796742920588E-04
-0.62849967309962E-04
-0.53575668847089E-04
-0.38977754009898E-04
-0.44680578231334E-04
-0.43781311862499E-04
-0.42591960014461E-04
-0.41690990090671E-04
-0.40629907118199E-04
-0.39858508812167E-04
-0.38883776075130E-04
-0.37978894087695E-04
-0.37173050055971E-04
-0.36190972114656E-04
-0.35416796397793E-04
-0.34606223936043E-04
-0.33591221689119E-04
-0.33075821794224E-04
-0.32190567342895E-04
-0.31536000829877E-04
-0.30926073917683E-04
-0.30293930290966E-04
-0.29217030216220E-04
-0.28597183420871E-04
-0.27870786353948E-04
-0.27508647013070E-04
-0.26926881613218E-04
-0.26196597158497E-04
-0.25436353650740E-04
-0.24787994240125E-04
-0.24257716519467E-04
-0.23843383862346E-04
-0.23131965206876E-04
-0.22553159249998E-04
-0.22182100515087E-04
-0.21615427640445E-04
-0.21257924897105E-04
-0.20606570731494E-04
-0.19684599429304E-04
-0.19700746979961E-04
-0.19256904079479E-04
-0.18752057970553E-04
-0.18618836113507E-04
-0.18192450400342E-04
-0.17752134514800E-04
-0.17126344194240E-04
-0.16829300794262E-04
-0.16602679824970E-04
-0.16092777441727E-04
-0.15772566030603E-04
-0.15334066907042E-04
-0.15340893381942E-04
-0.14873056845586E-04
-0.14634075957303E-04
-0.14309768166806E-04
-0.13834512013249E-04
-0.13513241777472E-04
-0.13077691435850E-04
-0.12880105148672E-04
-0.12568120478017E-04
-0.12320525002149E-04
-0.11991771750933E-04
-0.11788946187518E-04
-0.11547629409370E-04
-0.11388881927183E-04
-0.10749670347606E-04
-0.10750934023329E-04
-0.10458346070311E-04
-0.10317482487738E-04
-0.10013770455786E-04
-0.99640828682214E-05
-0.97136044190574E-05
-0.92132795940892E-05
-0.13559441546401E+00
-0.91606909386766E-05
-0.89898561961755E-05
-0.85123770081608E-05
-0.83066128136155E-05
-0.83343556850078E-05
-0.83276194274561E-05
-0.78188697348034E-05
-0.78819215423695E-05
-0.70957586176221E-05
-0.73386228471243E-05
-0.72795284022678E-05
-0.71119895104560E-05
-0.67306631954166E-05
-0.64894007636512E-05
-0.70432732632418E-05
-0.66370435886231E-05
-0.61414225394819E-05
-0.61511952119017E-05
-0.60729981691511E-05
-0.61295345997271E-05
-0.56855271599058E-05
-0.52609373762171E-05
-0.56991182028049E-05
-0.57138951182249E-05
-0.54228966013677E-05
-0.50940957479141E-05
-0.54647731304915E-05
-0.49053481958252E-05
 0.15669189406202E+00
-0.50880116431462E-05
-0.44949919218891E-05
-0.46462304195536E-05
-0.47138962443347E-05
-0.40746137105062E-05
-0.41714649925090E-05
-0.40061725443108E-05
-0.44209020638382E-05
-0.41626861392736E-05
-0.39518116986254E-05
-0.39127631840086E-05
-0.36917960001838E-05
-0.39011609585555E-05
-0.36120924546347E-05
-0.35286647730785E-05
-0.35185945329076E-05
-0.35365553579246E-05
-0.29796671249218E-05
-0.33262010761231E-05
-0.89791913902427E-05
 0.48482467159908E-05
-0.72582854681921E-05
-0.11372273099918E-04
 0.33600815280370E-05
 0.78622017933417E-05
 0.93683898593328E-06
-0.10682793422737E-04
-0.14247321914570E-04
-0.57513712207041E-05
 0.67665112014538E-06
 0.10143506337164E-04
 0.58397545784378E-05
-0.12727507719635E-04
-0.13316945357253E-04
 0.42963255387998E-05
 0.63716973864885E-05
-0.20695899178164E-05
-0.20829909453112E-05
-0.25206771762560E-05
-0.23597213807957E-05
-0.18744418944320E-05
-0.19042331313959E-05
-0.14795722770644E-05
-0.18760777737910E-05
-0.24176922436702E-05
-0.16715614915354E-05
-0.17221844421105E-05
-0.17596889041460E-05
-0.15175928570457E-05
-0.18437041172632E-05
-0.15609062804131E-05
-0.19997662876166E-05
-0.16587021904639E-05
-0.13779334481333E-05
-0.16135742946319E-05
-0.15906691326378E-05
-0.89991961011222E-06
-0.12462345016161E-05
-0.98272924561683E-06
-0.14258001652558E-05
-0.18691012593389E-05
-0.12580702710796E-05
-0.11918587275277E-05
-0.94405160464518E-06
-0.15357158199322E-05
-0.14709224331954E-05
-0.19781489878327E-05
-0.16590636528901E-05
-0.81148901270372E-06
-0.78472395908456E-06
-0.40250419828071E-06
-0.11191163106412E-05
-0.14545101765924E-05
-0.11467257872920E-05
-0.14336005881775E-05
-0.13954265984487E-05
-0.11464513821165E-05
-0.16002955945878E-05
-0.96424691707023E-06
-0.17164364284445E-05
 0.32513241104831E-04
-0.38507258750406E-04
-0.64759663610398E-06
-0.57853823906346E-06
-0.12185859267985E-05
-0.15852186578231E-05
-0.10542312312692E-05
-0.14680218586367E-05
-0.92641703121877E-06
-0.86916989318916E-06
-0.20047555670174E-07
-0.58484038155266E-06
-0.77695162031226E-06
-0.13570401284872E-05
-0.20276551670344E-06
-0.31421239222947E-06
-0.11702357548310E-05
-0.40271179777071E-06
 0.26839570886951E-06
 0.34922854580582E-07
-0.10230641118972E-05
-0.25527874326610E-03
 0.29138745252578E-03
-0.21868470428191E-03
 0.92820088727194E-04
-0.11908737809685E-03
 0.14490261143600E-03
 0.20133281834231E-06
-0.54598190570871E-06
-0.69355424767963E-06
-0.63699100101650E-06
-0.20614872695028E-06
-0.82626322245824E-06
-0.46077223378530E-06
-0.66262291516252E-06
-0.11579266377387E-05
-0.39782245123577E-06
-0.31426120577334E-06
 0.15436125127221E-06
-0.84962259684521E-06
-0.11958349060045E-06
-0.10660709445637E-06
-0.83001521975660E-06
-0.90043904408595E-07
-0.94577250111175E-06
-0.11224172478747E-05
-0.10746360117409E-05
-0.60474606051418E-06
-0.88942460144566E-06
-0.64391610350116E-06
-0.51722752231186E-06
-0.90960621188003E-06
-0.72247007739348E-06
-0.68268106571482E-06
-0.26764569140970E-06
-0.11128243501532E-05
-0.90471637432623E-06
-0.70906567574430E-06
-0.29354742195321E-07
-0.41623514669814E-06
-0.66548575202235E-06
-0.53673234405771E-06
-0.48239903022851E-06
-0.66643788742629E-06
-0.59923034768180E-06
-0.90829210034858E-06
 0.59093097500221E-06
-0.11713965891803E-05
-0.35658381009852E-06
 0.77762222179698E-08
-0.44027073897596E-06
-0.68365139735373E-06
-0.48963144426903E-06
-0.89620485336606E-06
 0.65532594423818E-06
-0.62642260591011E-06
-0.12943848554283E-05
-0.95264721447826E-07
-0.59618340969351E-06
-0.84236312368138E-06
-0.56367847237850E-06
-0.83814349043378E-06
-0.84062030851493E-06
-0.10117351364591E-06
-0.86968428458440E-06
-0.83226497190004E-06
 0.28570203568433E-06
 0.12982985466597E-05
-0.17008726993766E-05
-0.17425019900098E-05
-0.11207077959447E-06
-0.53610563440822E-06
-0.26690853427004E-06
-0.38955140546995E-06
 0.16303588644166E-06
-0.14547376872407E-05
 0.38358389615174E-06
 0.48984649641548E-07
-0.38643669848918E-06
 0.10373160994545E-05
-0.47113743971235E-06
 0.28523407181122E-06
-0.74465644500492E-07
-0.11848294435239E-05
-0.10042107908484E-05
 0.63511430460056E-06
 0.81649993861986E-07
 0.71500293927899E-06
 0.36699471389512E-06
-0.44947450924594E-08
-0.75032121879890E-06
-0.13433881447655E-07
 0.29507959589013E-07
 0.11560909923832E-05
-0.69928504569604E-06
-0.30569980716114E-06
 0.16459254803469E-05
-0.70261931369948E-06
-0.10850354650652E-05
 0.13125896973535E-06
-0.45653668661162E-06
 0.60664563079753E-06
 0.16834717352530E-06
-0.29552022768329E-06
-0.18948528322981E-07
 0.48498203183588E-06
-0.76986789028443E-07
-0.55658984578405E-06
-0.20024140729007E-06
 0.26103891020725E-06
-0.13319627590403E-05
 0.21804885865836E-06
-0.91447339310723E-07
-0.10760044745878E-05
-0.23807217536472E-06
-0.48229549836655E-06
-0.21019036424442E-06
 0.66337692641129E-06
-0.30178400882535E-06
-0.88858062797775E-06
-0.87051655235177E-06
-0.63276530442599E-07
-0.14768389604308E-06
 0.32974939937195E-06
 0.39384864583442E-06
 0.54318714314612E-06
-0.40767165146509E-06
 0.42814126989252E-06
-0.61660873607895E-06
-0.28212315383296E-06
-0.13862373769619E-06
-0.10962418836758E-05
-0.90144550950340E-07
 0.23073288539526E-06
-0.20297946228577E-06
-0.47906814533083E-06
 0.90639843348300E-06
 0.24661675883102E-06
 0.55209837815389E-06
 0.78681432379081E-06
-0.94161532406869E-06
 0.32848169508218E-07
 0.45765721932771E-06
-0.66636349664522E-06
 0.62743991252553E-06
-0.21941523915974E-06
-0.88543994210532E-06
-0.19456758776144E-05
 0.13962480369883E-05
 0.87166194722452E-06
 0.76149041419431E-06
-0.12095213435088E-05
 0.47519947851594E-06
-0.18126938979548E-05
-0.12323781369601E-05
 0.91490183848264E-06
 0.10854549064940E-05
 0.51603517609923E-07
-0.93600535930324E-06
-0.12366162720425E-05
 0.15580384968088E-05
 0.68363284581070E-06
-0.13232831522259E-05
-0.40770907507584E-07
-0.15311786419603E-05
 0.20260064121754E-05
 0.61792555679475E-06
 0.61604509003655E-06
 0.54443400046643E-06
-0.67792842895546E-06
-0.94451121948624E-06
-0.14097419139206E-05
 0.76471011355295E-06
-0.10553094908755E-05
 0.23297882063598E-06
 0.14552201642016E-05
 0.43839522072794E-06
-0.52074088015730E-07
 0.76771010809241E-06
 0.24696365795271E-05
 0.24447421373157E-05
 0.52587375933655E-06
-0.37869383777210E-06
-0.11006664415206E-05
-0.84129922249356E-06
-0.80031280597295E-06
-0.22133749772437E-06
-0.21570390405535E-05
-0.21729497214972E-05
-0.15769745374727E-06
-0.95535514057129E-06
 0.13436304669907E-05
 0.55859093221212E-06
-0.71987705245353E-06
 0.12136475322242E-05
-0.80987937955409E-06
-0.11149921380771E-05
-0.10914379561240E-05
 0.25037526119439E-06
 0.21056195526147E-07
 0.54867963578461E-06
-0.18896843060615E-05
-0.31827926285245E-06
 0.74606590547650E-06
-0.98592133359326E-07
-0.19566654798190E-05
-0.94609045452396E-06
-0.95810957430355E-06
 0.15443365650511E-05
-0.69229973881408E-06
-0.24258557681758E-05
 0.12870090502272E-05
-0.27161217703367E-06
 0.72101337411726E-06
-0.83208429340194E-06
-0.26407951068197E-06
 0.15844612484905E-05
-0.73514476839552E-06
-0.11062949401278E-05
 0.69810279205772E-07
 0.38361386416196E-06
-0.15514427562697E-05
 0.10081570352308E-06
 0.52471071003335E-06
-0.40602865448884E-06
-0.35086462420662E-06
-0.20079151780628E-05
-0.11111389172531E-06
-0.11946146747870E-05
-0.10994372222423E-05
-0.12188637046374E-05
 0.22784587339017E-05
-0.12374071095847E-05
-0.11988538174909E-06
-0.22242041627898E-06
 0.33842189147425E-06
-0.68594421530929E-06
 0.27622897479076E-06
-0.40685918607105E-06
-0.26563967669809E-05
-0.19469857589126E-06
 0.28027311892725E-05
 0.70552403428644E-06
-0.26879408901682E-05
 0.86427835783014E-07
-0.44995983618659E-06
-0.13130157405102E-06
-0.57487306327643E-06
 0.37828417813163E-06
 0.20665281060370E-06
-0.83861009879187E-06
 0.51164051668961E-06
-0.31936338168500E-06
 0.73138408702111E-06
-0.24866109155835E-05
 0.19857160627684E-05
 0.55484531004028E-05
 0.38450037107168E-05
 0.17792671979046E-05
 0.26931049236723E-05
