 0.62711016004250E-05
 0.37525034431346E-04
 0.29977397513035E-04
-0.58293369046573E-05
-0.77543099658681E-05
 0.74311333024982E-04
 0.14160176891037E-03
 0.11960695611399E-03
 0.30340907785816E-04
-0.58249074922729E-04
-0.99583557902076E-04
-0.91866783718761E-04
-0.60373419576596E-04
-0.29839368293130E-04
-0.10768426522949E-04
-0.20310566502824E-05
 0.10302229435945E-05
 0.18108314577890E-05
 0.18481959840023E-05
 0.16740382527143E-05
 0.14534287673441E-05
 0.12388609188480E-05
 0.10472493121138E-05
 0.88258306543396E-06
 0.74375669328717E-06
 0.62780257359240E-06
 0.53131914163893E-06
 0.45108017483144E-06
 0.38425644422753E-06
 0.32846197990003E-06
 0.28172543145192E-06
 0.24243516090607E-06
 0.20928039619930E-06
 0.18119626439631E-06
 0.15731771365346E-06
 0.13694006907837E-06
 0.11948816473352E-06
 0.10449069720146E-06
 0.91559993654100E-07
 0.80376186114775E-07
 0.70674191958089E-07
 0.62233620259326E-07
 0.54870873174619E-07
 0.48432311367285E-07
 0.42788679187984E-07
 0.37830065824350E-07
 0.33463510747319E-07
 0.29610929605051E-07
 0.26205145238196E-07
 0.23188871388645E-07
 0.20512914690882E-07
 0.18135089830909E-07
 0.16018929063558E-07
 0.14132966821537E-07
 0.12449896841479E-07
 0.10946020849013E-07
 0.96006475930086E-08
 0.83958128581915E-08
 0.73156590670342E-08
 0.65623259881176E-08
 0.55532742809537E-08
 0.46935603579140E-08
 0.39898437872827E-08
 0.33564333738217E-08
 0.27860096965888E-08
 0.22720231972491E-08
 0.18086760645565E-08
 0.13908327909677E-08
 0.10138811607623E-08
 0.67376434432763E-09
 0.36682463632144E-09
 0.89761263534461E-10
-0.16028892670344E-09
-0.38598619958067E-09
-0.58966947491751E-09
-0.77344478818985E-09
-0.93920382575616E-09
-0.10886572939006E-08
-0.12233450434044E-08
-0.13446519592909E-08
-0.14538244742316E-08
-0.15519724806344E-08
-0.16401412715408E-08
-0.17192259359800E-08
-0.17900829301782E-08
-0.18534387020922E-08
-0.19099856726619E-08
-0.19603676664040E-08
-0.20050442915112E-08
-0.20446610944218E-08
-0.20795817043102E-08
-0.21102517287200E-08
-0.21370146603480E-08
-0.21602619329906E-08
-0.21802586054761E-08
-0.21973155091467E-08
-0.22116898647476E-08
-0.22235770312132E-08
-0.22332296149780E-08
-0.22407920606918E-08
-0.22464762498923E-08
-0.22504287947959E-08
-0.22527801268557E-08
-0.22536743870411E-08
