3.971889227456797e-12
3.971889227456797e-12
3.971889227456797e-12
3.971889227456797e-12
3.971889227456797e-12
3.971889227456797e-12
3.971889227456797e-12
3.971889227456797e-12
3.971889227456797e-12
3.971889227456797e-12
5.213104611037046e-12
2.1100661520864233e-11
1.2337680912787675e-10
7.136988455586432e-10
3.369899766420376e-9
1.3286714195073134e-8
4.502682574091055e-8
1.3438092823254582e-7
3.601470838104176e-7
8.805787644225474e-7
1.9894982133715886e-6
4.1972534774934654e-6
8.340922942148542e-6
0.00001572702928305337
0.000028308860737194356
0.00004889873010435842
0.0000814141181839062
0.000131155178504156
0.00020510999364179995
0.00031228307801599623
0.00046404208534024926
0.0006744774482973711
0.0009607696442417599
0.0013435590009248392
0.0018473134358451264
0.0025006899515401934
0.0033368864335110776
0.004393980717993475
0.005715254869406425
0.007349502926549786
0.009351321173482082
0.011781380435365406
0.014706680433783178
0.018200786626274633
0.022344050344819868
0.027223813263484144
0.03293459766581352
0.039578283909093744
0.04726427686239649
0.05610966310774884
0.06623936078586054
0.07778626400632072
0.09089138387523449
0.105703988138408
0.12238174144340332
0.14109084838514305
0.1620062013232433
0.1853115351687712
0.2111995912758133
0.23987229257547718
0.2715409323257767
0.3064263786860211
0.34475929752887785
0.3867803960301331
0.4327406894897834
0.4829017940401644
0.5375362479765059
0.5969278642499367
0.661372116896808
0.7311765637894535
0.8066613079192411
0.8881594988309546
0.9760178750604793
1.070597347109836
1.1722736187169365
1.2814378414611585
1.3984972942361735
1.5238760740012012
1.6580157777350284
1.8013761468263796
1.9544356343406257
2.1176918422803537
2.291661760742745
2.476881724053537
2.6739069829414244
2.8833107792822497
3.1056828056471906
3.3416269420217266
3.5917581929557496
3.8566988057642284
4.137073634569882
4.433504920137786
4.746606764443488
5.076979668130778
5.425205541171147
5.79184357366615
6.177427262749556
6.582462750825595
7.0074284724441815
7.452775967308404
7.918931620447079
8.406299047537786
8.915261848207576
9.446186488241587
9.99942512654392
10.575318260120955
11.174197111535559
11.796385723789944
12.44220275664956
13.111962997423399
13.805978610094368
14.524560151905705
15.268017387734572
16.036659931488355
16.830797741308402
17.650741492402815
18.496802848179783
19.369294647279617
20.26853102150362
21.194827457078492