-0.18702324307327E-17
-0.28459357550546E-16
-0.17413769670726E-16
-0.26895194406831E-15
-0.96997422748570E-15
 0.37939069982768E-15
-0.30301028494750E-15
-0.71762009285425E-15
-0.17450388159010E-13
-0.16899383263620E-12
-0.83256421430529E-12
-0.32052821036167E-11
-0.97681725342948E-11
-0.24784576465573E-10
-0.55596409569339E-10
-0.11133935462909E-09
-0.20471066201734E-09
-0.34949489844548E-09
-0.56362480583084E-09
-0.86218253559335E-09
-0.12733200642568E-08
-0.18954928241670E-08
-0.26246583817900E-08
-0.36894332164308E-08
-0.50154128302846E-08
-0.67580847250655E-08
-0.90123526727321E-08
-0.11982829116346E-07
-0.15769477943680E-07
-0.20683706907777E-07
-0.26964277949971E-07
-0.34910432352771E-07
-0.44846254593163E-07
-0.57101055893532E-07
-0.71995979705260E-07
-0.89802964061657E-07
-0.11073623291795E-06
-0.13490276147780E-06
-0.16226046724614E-06
-0.19261430835005E-06
-0.22556631712053E-06
-0.26051394877756E-06
-0.29665289515339E-06
-0.33301178846439E-06
-0.36848782359154E-06
-0.40195822287043E-06
-0.43236522921425E-06
-0.45883332286258E-06
-0.48077584472849E-06
-0.49792767392124E-06
-0.51033295441880E-06
-0.51817878899957E-06
-0.52147613198031E-06
-0.51956529069298E-06
-0.51034191476932E-06
-0.48930590475507E-06
-0.44828201941124E-06
-0.37392788051210E-06
-0.24603859871547E-06
-0.35822958318137E-07
 0.29548855840736E-06
 0.79683360806587E-06
 0.15254005960393E-05
 0.25405716306502E-05
 0.38921255285588E-05
 0.56009164759583E-05
 0.76327391861574E-05
 0.98687414880741E-05
 0.12081090748601E-04
 0.13925876259442E-04
 0.14966764578955E-04
 0.14737938744399E-04
 0.12842789202100E-04
 0.90702367281782E-05
 0.34968903717206E-05
-0.34607230242706E-05
-0.11070716688576E-04
-0.18392770860314E-04
-0.24447296530284E-04
-0.28405522760260E-04
-0.29751305463632E-04
-0.28373262572018E-04
-0.24567236422740E-04
-0.18954190151238E-04
-0.12341233579883E-04
-0.55641478730043E-05
 0.65073819092373E-06
 0.57795112202331E-05
 0.95380936151726E-05
 0.11869144568050E-04
 0.12893971021739E-04
 0.12847883927896E-04
 0.12016363782395E-04
 0.10684747322982E-04
 0.90951738971102E-05
 0.74459619530969E-05
 0.58710431882106E-05
 0.44537897210914E-05
 0.32355690882999E-05
 0.22272189291271E-05
 0.14195080393204E-05
 0.79176892584809E-06
 0.31818268601599E-06
-0.28053932919016E-07
-0.27204812020721E-06
-0.43608337346513E-06
-0.53903701530573E-06
-0.59625896243117E-06
-0.62011097706086E-06
-0.62026334579707E-06
-0.60410978124528E-06
-0.57723133331781E-06
-0.54372064973243E-06
-0.50668649201380E-06
-0.46822272942937E-06
-0.42988047111863E-06
-0.39261716009426E-06
-0.35714247086317E-06
-0.32381530535374E-06
-0.29283500699345E-06
