0.011977243141671649
0.018018566229710462
0.026220771151844936
0.03708960867360292
0.051199457320515875
0.06919897629275469
0.09181705343168098
0.11986859692607003
0.1542595916404203
0.19599073973099407
0.24615894529109272
0.30595589853601524
0.37666306693026047
0.45964248834035426
0.5563228293090786
0.6681801307103983
0.7967124151911689
0.9434068464634839
1.1096976036173274
1.2969127038169033
1.5062098911774466
1.7385067320708845
1.9944178987380028
2.274218960045371
2.57785342383125
2.904985321964208
3.2550815777291193
3.6274998154513436
4.021562183735214
4.436607028289794
4.87201945376062
5.32724598396415
5.8017989399713015
6.295254942471496
6.807250482283313
7.337476326331302
7.88567174700381
8.451619055824787
9.035138662088713
9.636084714532485
10.254341310876258
10.889819224927022
11.542453088571719
12.21219896531152
12.899032256695271
13.602945889629924
14.32394873990333
15.062064254028652
15.817329237512205
16.58979278313099
17.379515317049737
18.186567744514324
19.011030679896088
19.85299374845356
20.71255494931056
21.589820070910292
22.484902151636255
23.39792097950153
24.329002625792647
25.278279008362578
26.245887480991655
27.23197044570609
28.236674985569003
29.26015251565724
30.302558450510098
31.36405188636181
32.44479529692002
33.54495424153371
34.66469708481382
35.804194726889804
36.96362034366329
38.14314913646131
39.34295809063696
40.56322574274335
41.804131955943426
43.0658577034284
44.34858485963484
45.65249599911431
46.97777420296382
48.324602872706464
49.69316555164045
51.083645753586204
52.4962267990784
53.93109165901908
55.388422805827005
56.86840207215894
58.37121051726018
59.89702830100747
61.44603456575251
63.01840732602872
64.61432336619545
66.23395814614615
67.87748571510552
69.54507863363919
71.23690790393132
72.95314290839234
74.6939513566634
76.45949924107414
78.24995080059155
80.06546849329264
81.90621297739607
83.77234310086259
85.66401589956969
87.58138660406314