 0.10612429943769E-05
 0.10526463837224E-05
 0.10440850909997E-05
 0.10355592142374E-05
 0.10270683318236E-05
 0.10186162329441E-05
 0.10102021367766E-05
 0.10018263649624E-05
 0.99348752082759E-06
 0.98519090340162E-06
 0.97693691812590E-06
 0.96871907425799E-06
 0.96054558590267E-06
 0.95241119810256E-06
 0.94432036906470E-06
 0.93627347318840E-06
 0.92826946377631E-06
 0.92030717257883E-06
 0.91239177150099E-06
 0.90451968055832E-06
 0.89669230950977E-06
 0.88890943760579E-06
 0.88117255217263E-06
 0.87348199144110E-06
 0.86583576748559E-06
 0.85823851510446E-06
 0.85068492542159E-06
 0.84318061714455E-06
 0.83572110412533E-06
 0.82831093081821E-06
 0.82094957028798E-06
 0.81363173504299E-06
 0.80636506909136E-06
 0.79914530540557E-06
 0.79197329306373E-06
 0.78484874166979E-06
 0.77777789581758E-06
 0.77075034378812E-06
 0.76377260796923E-06
 0.75684474536717E-06
 0.74996199809189E-06
 0.74313198773810E-06
 0.73634993633707E-06
 0.72961631142922E-06
 0.72293070912416E-06
 0.71629736264212E-06
 0.70971035666206E-06
 0.70317142060944E-06
 0.69668292572031E-06
 0.69024295149592E-06
 0.68385022836395E-06
 0.67750959832261E-06
 0.67121388379749E-06
 0.66496887708874E-06
 0.65877278874935E-06
 0.65262354432441E-06
 0.64652315565883E-06
 0.64047138619879E-06
 0.63446844956403E-06
 0.62851312889700E-06
 0.62260433016110E-06
 0.61674508200603E-06
 0.61093128724563E-06
 0.60516670244767E-06
 0.59944972480957E-06
 0.59377908918153E-06
 0.58815502609967E-06
 0.58257959098766E-06
 0.57704858614368E-06
 0.57156354294645E-06
 0.56612686735275E-06
 0.56073517918176E-06
 0.55538896542854E-06
 0.55008954807473E-06
 0.54483608720646E-06
 0.53962366983472E-06
 0.53446174772474E-06
 0.52934117761996E-06
 0.52426559494660E-06
 0.51923482632507E-06
 0.51424809418898E-06
 0.50930611132669E-06
 0.50440650403482E-06
 0.49955006671703E-06
 0.49473885710534E-06
 0.48997054861653E-06
 0.48524041801672E-06
 0.48055637179788E-06
 0.47591287394852E-06
 0.47131357125729E-06
 0.46675240892209E-06
 0.46223534557164E-06
 0.45775910666948E-06
 0.45332245829186E-06
 0.44892812774972E-06
 0.44457219619960E-06
 0.44025741382938E-06
 0.43598148727791E-06
 0.43174771708355E-06
 0.42754975871554E-06
 0.42339322770253E-06
 0.41927249546708E-06
 0.41519222349293E-06
 0.41115089885673E-06
 0.40714667459196E-06
 0.40301215494097E-06
 0.39925596293692E-06
 0.39567300790514E-06
 0.39157163584719E-06
 0.38757960920806E-06
 0.38358984995523E-06
 0.37992829117287E-06
 0.37628153943160E-06
 0.37271813998196E-06
 0.36921056010695E-06
 0.36573117228985E-06
 0.36224523367327E-06
 0.35873295964464E-06
 0.35518341295453E-06
 0.35159844578389E-06
 0.34800458432343E-06
 0.34443315094070E-06
 0.34091934271110E-06
 0.33749556696244E-06
 0.33436825371741E-06
 0.33111393103428E-06
 0.32793106936998E-06
 0.32480654979100E-06
 0.32172525748873E-06
 0.31866295377616E-06
 0.31560013095784E-06
 0.31252451723861E-06
 0.30943666352874E-06
 0.30633922625654E-06
 0.30325198391128E-06
 0.30005083683045E-06
 0.29700697897278E-06
 0.29407524558066E-06
 0.29138106628876E-06
 0.28880144197415E-06
 0.28638444477899E-06
 0.28308174965581E-06
 0.28015221148427E-06
 0.27755671257318E-06
 0.27484060968533E-06
 0.27215312899212E-06
 0.26949172722141E-06
 0.26685721956117E-06
 0.26424855984597E-06
 0.26166587871777E-06
 0.25910760050153E-06
 0.25657665376368E-06
 0.25407051453974E-06
 0.25158780597776E-06
 0.24913120831126E-06
 0.24669990129904E-06
 0.24428895035766E-06
 0.24190589988834E-06
 0.23954520756443E-06
 0.23720979686630E-06
 0.23489485384536E-06
 0.23260580698818E-06
 0.23033697110022E-06
 0.22809335672286E-06
 0.22585409412410E-06
 0.22367178768350E-06
 0.22151912531326E-06
 0.21932947130535E-06
 0.21716890904875E-06
 0.21506388294013E-06
 0.21300237167269E-06
 0.21096315649282E-06
 0.20889814490609E-06
 0.20682297928918E-06
 0.20480868484061E-06
 0.20285468538252E-06
 0.20087802830422E-06
 0.19892550124537E-06
 0.19699423999618E-06
 0.19508572090635E-06
 0.19319467196410E-06
 0.19132057380472E-06
 0.18946765764144E-06
 0.18763304780967E-06
 0.18581503522285E-06
 0.18401767720141E-06
 0.18223730313420E-06
 0.18047521050113E-06
 0.17873030039607E-06
 0.17700258813243E-06
 0.17529294580719E-06
 0.17360012777860E-06
 0.17192341689900E-06
 0.17026579506670E-06
 0.16862281359139E-06
 0.16699676780816E-06
 0.16538695908918E-06
 0.16379382455878E-06
 0.16221754205213E-06
 0.16065615841884E-06
 0.15911019829450E-06
 0.15757954361997E-06
 0.15606507433412E-06
 0.15456502368699E-06
 0.15308066647505E-06
 0.15161039344187E-06
 0.15015644494712E-06
 0.14871532065944E-06
 0.14728949076465E-06
 0.14587635202442E-06
 0.14448072717101E-06
 0.14309691375686E-06
 0.14172687723004E-06
 0.14037058603723E-06
 0.13902823404140E-06
 0.13770112478576E-06
 0.13638388732292E-06
 0.13508189684466E-06
 0.13379198362506E-06
 0.13251633067433E-06
 0.13125220738460E-06
 0.13000144445245E-06
 0.12876138476976E-06
 0.12753591630323E-06
 0.12632237582820E-06
 0.12512075226838E-06
 0.12393045464355E-06
 0.12275182750358E-06
 0.12158511556218E-06
 0.12043203957088E-06
 0.11928855744613E-06
 0.11815702118267E-06
 0.11703618513667E-06
 0.11592701162741E-06
 0.11482736237859E-06
 0.11374006559737E-06
 0.11266267041613E-06
 0.11159815528012E-06
 0.11054343876925E-06
 0.10949901710665E-06
 0.10846448341525E-06
 0.10743880177494E-06
 0.10642546987326E-06
 0.10542171132171E-06
 0.10442729138087E-06
 0.10344392360603E-06
 0.10246884408918E-06
 0.10190899081676E-06
 0.10040402259359E-06
 0.99603909689042E-07
 0.98666679149668E-07
 0.97739006773562E-07
 0.96822455687805E-07
 0.95911854018080E-07
 0.95011103714637E-07
 0.94120717122913E-07
 0.93237508551579E-07
 0.92364891283217E-07
 0.91500219722551E-07
 0.90643503803001E-07
 0.89795308932999E-07
 0.88978108895984E-07
 0.87477295542155E-07
 0.87520839303298E-07
 0.86723164871296E-07
 0.85642501187774E-07
 0.84877455417290E-07
 0.84085460381330E-07
 0.83302988736613E-07
 0.82525180133792E-07
 0.81756865634028E-07
 0.80996018143819E-07
 0.80242434037778E-07
 0.79496742811577E-07
 0.78756992200297E-07
 0.78025449164945E-07
-0.26892659462302E-05
 0.76582334091564E-07
 0.75870778100077E-07
 0.75169663310525E-07
 0.74471266954806E-07
 0.73780859895848E-07
 0.73097933310525E-07
 0.72420320110280E-07
 0.71751366580045E-07
 0.71086241441756E-07
 0.70431028028723E-07
 0.69778073104856E-07
 0.69133791048026E-07
 0.68496279057536E-07
 0.67862880851539E-07
 0.67237182660037E-07
 0.66617104539449E-07
 0.66003789420938E-07
 0.65395065745743E-07
 0.64793994073132E-07
 0.64196969516844E-07
 0.63604980869396E-07
 0.63019835149875E-07
 0.62441476342609E-07
 0.61867790710515E-07
 0.61298529366072E-07
 0.60735996016710E-07
 0.60177998976418E-07
 0.59624188868681E-07
 0.59078461757451E-07
 0.58537860691438E-07
 0.58000760219466E-07
 0.57469761937604E-07
 0.56942102088286E-07
 0.56420173872851E-07
 0.55905037844751E-07
 0.55393975150610E-07
 0.54887238332745E-07
 0.54384925663617E-07
 0.53889681238996E-07
 0.53395515837743E-07
 0.52909670582920E-07
 0.52425269946041E-07
 0.51947043928146E-07
 0.51473174348812E-07
 0.51004463228609E-07
 0.50539153606506E-07
 0.50077944483873E-07
 0.49623617269691E-07
 0.49171711730738E-07
 0.48722564278954E-07
 0.48279342194484E-07
 0.47841195166694E-07
 0.47406180352273E-07
 0.46973672988492E-07
 0.46547337103242E-07
 0.46125164435200E-07
 0.45706011867693E-07
 0.45291185995236E-07
 0.44880449197932E-07
 0.44472975265723E-07
 0.44068955287744E-07
 0.43669620182828E-07
 0.43274036656883E-07
 0.42881707083766E-07
 0.42493247174395E-07
 0.42108910471756E-07
 0.41725909664037E-07
 0.41349025877128E-07
 0.40974902196706E-07
 0.40604842369530E-07
 0.40236287911367E-07
 0.39872705122158E-07
 0.39512944340866E-07
 0.39155457724408E-07
 0.38801204073701E-07
 0.38450409902781E-07
 0.38103982680052E-07
 0.37760422356944E-07
 0.37419167246292E-07
 0.37081680763602E-07
 0.36747397311797E-07
 0.36415905078369E-07
 0.36088010213453E-07
 0.35761499140468E-07
 0.35439313793550E-07
 0.35118762080025E-07
 0.34802848812330E-07
 0.34488724778418E-07
 0.34178433134219E-07
 0.33871329583896E-07
 0.33566922807053E-07
 0.33263261948057E-07
 0.32964794915917E-07
 0.32666842210050E-07
 0.32373782060044E-07
 0.32080979033238E-07
 0.31794221143947E-07
 0.31507729506939E-07
 0.31224005283106E-07
 0.30942671123513E-07
 0.30665368684205E-07
 0.30389050530619E-07
 0.30116381867058E-07
 0.29843908165241E-07
 0.29577911937893E-07
 0.29311222879885E-07
 0.29047693009013E-07
 0.28786666771175E-07
 0.28529185610384E-07
 0.28270398741349E-07
 0.28017089594362E-07
 0.27765732542871E-07
 0.27516492850891E-07
 0.27269844014354E-07
 0.27025662163247E-07
 0.26781802953010E-07
 0.26540903546967E-07
 0.26301571450414E-07
 0.26066352902914E-07
 0.25831470447126E-07
 0.25600229839819E-07
 0.25369831388242E-07
 0.25142747947727E-07
 0.24917576718097E-07
 0.24693603762808E-07
 0.24471169664087E-07
 0.24249446194614E-07
 0.24032658799396E-07
 0.23817295756599E-07
 0.23603642431530E-07
 0.23390984871381E-07
 0.23182611978776E-07
 0.22973466939407E-07
 0.22767119448906E-07
 0.22563440390158E-07
 0.22361092469650E-07
 0.22160975085393E-07
 0.21960599607923E-07
 0.21761608051418E-07
 0.21567294480571E-07
 0.21372451015235E-07
 0.21179517553099E-07
 0.20988992678776E-07
 0.20800108240143E-07
 0.20613118186869E-07
 0.20426885276281E-07
 0.20244316670091E-07
 0.20062219231539E-07
 0.19881833021543E-07
 0.19703132662334E-07
 0.19527455986921E-07
 0.19351287099425E-07
 0.19176965814874E-07
 0.19004306717917E-07
 0.18831646374600E-07
 0.18661726384755E-07
 0.18492822203099E-07
 0.18326207077094E-07
 0.18161421825213E-07
 0.17998167019088E-07
 0.17835570791467E-07
 0.17674097949657E-07
 0.17514846754684E-07
 0.17355459791362E-07
 0.17199512754514E-07
 0.17043688622663E-07
 0.16889694044789E-07
 0.16736847695706E-07
 0.16586767450161E-07
 0.16436503147287E-07
 0.16287088086903E-07
 0.16139097008677E-07
 0.15993078886560E-07
 0.15848768560086E-07
 0.15704445043882E-07
 0.15561559592559E-07
 0.15421273919850E-07
 0.15280659121490E-07
 0.15142761776708E-07
 0.15005186461802E-07
 0.14868034085177E-07
 0.14734098541030E-07
 0.14600302564210E-07
 0.14466598739414E-07
 0.14334772944752E-07
 0.14204147322853E-07
 0.14074651345935E-07
 0.13945788008437E-07
 0.13819774903156E-07
 0.13692910660294E-07
 0.13567836013762E-07
 0.13445610421210E-07
 0.13319982100788E-07
 0.13198671619557E-07
 0.13077828440199E-07
 0.12958424855713E-07
 0.12838424266491E-07
 0.12722373044018E-07
 0.12604868917573E-07
 0.12489063210032E-07
 0.12374586498230E-07
 0.12261284918234E-07
 0.12148643777631E-07
 0.12036256145404E-07
 0.11925895061991E-07
 0.11814719882020E-07
 0.11707763770795E-07
 0.11598503739239E-07
 0.11491162560224E-07
 0.11385111884167E-07
 0.11281189023603E-07
 0.11174104578007E-07
 0.11073317336385E-07
 0.10968253046311E-07
 0.10867694170270E-07
 0.10767057045504E-07
 0.10665507805291E-07
 0.10566121324388E-07
 0.10469498739170E-07
 0.10371002213871E-07
 0.10274339854415E-07
 0.10178208274452E-07
 0.10083856632056E-07
 0.99881564617435E-08
 0.98953604832446E-08
 0.98026539264848E-08
 0.97113232383968E-08
 0.96183896272306E-08
 0.95299569754831E-08
 0.94390100205316E-08
 0.93493717879009E-08
 0.92630266962633E-08
 0.91759959751642E-08
 0.90883474823001E-08
 0.90019064858383E-08
 0.89171995586927E-08
 0.88328414408560E-08
 0.87488795628948E-08
 0.86667449534336E-08
 0.85831187259187E-08
 0.85024155103727E-08
 0.84203317176628E-08
 0.83400857589247E-08
 0.82609685991771E-08
 0.81817684367724E-08
 0.81030029463624E-08
 0.80249288629760E-08
 0.79479681596465E-08
 0.78720595288841E-08
 0.77967391665939E-08
 0.77196644083464E-08
 0.76474202577931E-08
 0.75722981749170E-08
 0.74995200936624E-08
