-0.12649693845078E-33
-0.20239510152125E-32
-0.10246252014513E-31
-0.32383216243401E-31
-0.79060586531740E-31
-0.16394003223222E-30
-0.30371914922033E-30
-0.51813145989441E-30
-0.82994641317559E-30
-0.12649693845078E-29
-0.18520416758579E-29
-0.26230405157154E-29
-0.36128790590928E-29
-0.48595063875253E-29
-0.64039075090709E-29
-0.82901033583105E-29
-0.10565150796348E-28
-0.13279142610809E-28
-0.16485207515845E-28
-0.20239510152125E-28
 0.31971545981204E-13
-0.73048873129573E-13
-0.10131329189192E-12
 0.42769842511872E-13
-0.10946808677439E-12
-0.20563082363132E-12
 0.82140930833503E-13
-0.33829096538958E-12
 0.97794982188411E-13
 0.39158679938690E-15
-0.44047995341297E-12
 0.25781255015340E-12
-0.11153876229782E-12
 0.76506246321608E-13
 0.29869763909965E-13
 0.89809857868217E-13
 0.78096335091101E-13
 0.19882424183963E-12
 0.52034659924097E-13
-0.22104438625778E-11
-0.18765416324552E-12
-0.13039954408628E-11
-0.12425961534133E-11
 0.27376419448115E-12
 0.78362009616029E-13
 0.28704631076093E-11
-0.45054291009535E-11
-0.86682107063666E-12
-0.17595235169555E-11
-0.19125204537143E-11
 0.84109834806085E-11
 0.12213578937651E-10
 0.14221849570267E-10
 0.36508998431334E-11
-0.20790765333233E-11
 0.60812571463487E-11
 0.36549945450644E-10
 0.93936264998416E-11
 0.94289231045356E-11
 0.81651623304993E-11
 0.12663834298887E-10
 0.18408678175057E-10
 0.44713669717324E-11
 0.34505589425663E-10
 0.32567053106662E-10
 0.29209841131045E-10
 0.46981307100955E-10
 0.35354807363313E-10
 0.45255822998924E-10
 0.54675062653059E-10
 0.83131864233305E-10
 0.86478637048772E-10
 0.70862732511746E-10
 0.12500385771328E-09
 0.12801187079085E-09
 0.12925227977438E-09
 0.10600282969744E-09
 0.12072643289941E-09
 0.18689779911206E-09
 0.13530079377307E-09
 0.15333511011318E-09
 0.20111599429522E-09
 0.20634277220797E-09
 0.28900707397521E-09
 0.28441728517657E-09
 0.30573636947117E-09
 0.35960018022476E-09
 0.36118604254116E-09
 0.43741764604439E-09
 0.53515137841155E-09
 0.54530276266142E-09
 0.48163303158667E-09
 0.64083099936658E-09
 0.80612348174195E-09
 0.70700746178376E-09
 0.76726543370770E-09
 0.93509722016021E-09
 0.94695619068509E-09
 0.11362084867720E-08
 0.11925388819224E-08
 0.11351401524302E-08
 0.13532974930747E-08
 0.14132179918043E-08
 0.15023486232080E-08
 0.16584037276113E-08
 0.18247647341165E-08
 0.17540473559418E-08
 0.21712766627967E-08
 0.19734394542096E-08
 0.24178114584990E-08
 0.23505841688340E-08
 0.26767344433307E-08
 0.28055288030421E-08
 0.28000949663438E-08
 0.32511106116529E-08
 0.35368357470017E-08
 0.32185110383570E-08
 0.33751011316173E-08
 0.38402311046903E-08
 0.38026035560924E-08
