0.015212241555129674
0.022626936861599067
0.032605520014856205
0.04573146420655919
0.06266773893882716
0.08416391260583304
0.11106333730417785
0.14430975435575732
0.18495250713756797
0.23414943709350786
0.29316648877020834
0.3633730685202425
0.44623226596815124
0.5432850841551334
0.656127700772972
0.786380346688882
0.9356456037365234
1.1054531723100511
1.2971886845043392
1.5120082105282053
1.7507496499635475
2.0138646890333467
2.301400006963222
2.6130425705735747
2.9482157705327507
3.3061927525480868
3.6861952242612883
4.0874625579276005
4.509291458771748
4.951053729020345
5.4122004003263235
5.892258531960133
6.390824684678616
6.907557343029001
7.442169450422655
7.994421582031193
8.564115937342121
9.151091163232683
9.755217941135884
10.376395243822605
11.014547163416491
11.669620219201503
12.341581064960199
13.030414527598483
13.736121919860869
14.458719579933721
15.198237599072497
15.954718705353061
16.728217277492284
17.518798467356323
18.326537413623228
19.151518532234487
19.993834871764474
20.853587523995184
21.73088508156321
22.6258431360553
23.538583810935304
24.469235324699763
25.417931580411217
26.384811778302236
27.370020048823847
28.373705103777638
29.396019903643843
30.437121339477073
31.4971699279968
32.57632951872122
33.67476701217608
34.79265208835569
35.93015694475336
37.08745604337912
38.264725866303145
39.46214467933742
40.67989230351484
41.91814989413959
43.17709972719122
44.45692499294989
45.75780959671996
47.07993796659171
48.42349486820441
49.78866522648984
51.17563395442117
52.584585788795685
54.015705133109954
55.46917590757249
56.94518140636349
58.4439041621817
59.965525818231114
61.51022700768289
63.078187240743915
64.6695847994362
66.2845966401653
67.92339830418304
69.58616383604624
71.27306571013487
72.984274765335
74.71996014793477
76.48028926282261
78.26542773302259
80.07553936762692
81.9107861381518
83.77132816336112
85.65732370254413
87.56892915729098
89.50629908173293