 0.12868070600492E-31
 0.51472282401969E-31
 0.11581263540443E-30
 0.20588912960788E-30
 0.32170176501231E-30
 0.46325054161772E-30
 0.63053545942412E-30
 0.82355651843151E-30
 0.10423137186399E-29
 0.12868070600492E-29
 0.15570365426596E-29
 0.18530021664709E-29
 0.21747039314832E-29
 0.25221418376965E-29
 0.28953158851108E-29
 0.32942260737260E-29
 0.37188724035423E-29
 0.41692548745595E-29
 0.46453734867777E-29
 0.51472282401969E-29
 0.26785177518574E-14
 0.11540181069794E-13
 0.10129762389570E-13
-0.91692457845709E-15
 0.26972594083409E-14
-0.65890992403212E-15
 0.83882901106383E-14
 0.64978206260280E-15
 0.10670368685330E-13
 0.61034082364601E-14
 0.28980220371106E-15
 0.49188818692500E-15
 0.14466920499501E-13
-0.19765207351049E-14
 0.13909610367093E-13
 0.11323361982149E-13
-0.15946272200723E-13
 0.17440641947306E-13
 0.15980358908902E-13
 0.29391688983013E-14
 0.63644099687373E-14
 0.95470586522587E-15
 0.71494273419293E-13
 0.11404512646323E-12
 0.37813800392459E-13
 0.18498980317103E-12
 0.10970324615786E-12
 0.77351500637984E-13
 0.58481263630954E-13
 0.38845385986928E-12
 0.31164153211741E-12
 0.50021382228498E-12
 0.57547633843527E-12
 0.54130122600312E-12
 0.90585008053038E-12
 0.13703226400010E-11
 0.13845681945140E-11
 0.19329699681987E-11
 0.25130010178010E-11
 0.26645364369118E-11
 0.31820417919843E-11
 0.40085616239831E-11
 0.49728696250270E-11
 0.59256347278333E-11
 0.69622079326185E-11
 0.85512986135156E-11
 0.97612742002457E-11
 0.11585858495376E-10
 0.13564434666460E-10
 0.16098163617955E-10
 0.18411920582239E-10
 0.21144256016599E-10
 0.24503987683026E-10
 0.28293528908297E-10
 0.32415791325437E-10
 0.36433980053017E-10
 0.41067693413827E-10
 0.46371099780014E-10
 0.52295954281286E-10
 0.58787696002501E-10
 0.65808572699240E-10
 0.73559324300307E-10
 0.82001181033303E-10
 0.90862265548536E-10
 0.10060948829833E-09
 0.11124040112886E-09
 0.12279654913811E-09
 0.13556430583850E-09
 0.14866499882788E-09
 0.16265035393184E-09
 0.17828082934625E-09
 0.19411175785074E-09
 0.21257026674698E-09
 0.23110118156990E-09
 0.25070307632608E-09
 0.27273554845142E-09
 0.29595139093517E-09
 0.32019497061442E-09
 0.34627383276166E-09
 0.37451049721591E-09
 0.40439294485112E-09
 0.43477833942567E-09
 0.46765526764777E-09
 0.50284902185062E-09
 0.53993339380597E-09
 0.57895819551216E-09
 0.62046669318460E-09
 0.66439243821790E-09
 0.71085138492689E-09
 0.75914059748260E-09
 0.81055245015562E-09
 0.86654830068605E-09
 0.92257528942097E-09
 0.98336055810040E-09
 0.10461025892047E-08
 0.11127354244876E-08
 0.11823070508088E-08
 0.12554075553490E-08
 0.13331739249597E-08
 0.14123611608540E-08
