0.
0.
0.
0.
1.9859446137283985e-12
1.9859446137283985e-12
3.475403074024697e-12
5.014510149664206e-11
7.483287547605321e-10
6.903639963473345e-9
4.351862492832218e-8
2.0576918277608713e-7
7.787245059244138e-7
2.471197892060635e-6
6.805373313919912e-6
0.000016689475387016874
0.000037179145035789115
0.00007641179987234721
0.00014667960506899833
0.0002655970213675956
0.00045731473432885505
0.0007537356912895153
0.0011956953105133282
0.0018340780923276198
0.0027308523721053003
0.003960015380168467
0.005608448925619997
0.007776690472356155
0.010579631893430698
0.014147158488825593
0.018624742984339776
0.024174008675352944
0.03097327421648921
0.03921809076104977
0.04912193112599515
0.060915967622211256
0.07485114191843986
0.09119718542544229
0.11024392185746033
0.13230164397968694
0.15770158380237484
0.18679641516297105
0.2199605937897152
0.25759069503175286
0.3001056235417464
0.34794671286441875
0.40157769335039123
0.4614845039451092
0.5281749502754608
0.6021781802649492
0.6840439547715778
0.774341727427348
0.8736594937706949
0.9826024021947802
1.1017911039368296
1.2318598164519696
1.3734540686577317
1.5272296100823524
1.693841814868336
1.8739574252643227
2.0682354578765305
2.2773303954068225
2.5018857881191394
2.742528946623702
2.9998653211225172
3.274472750099498
3.5668958437266487
3.87764081800495
4.207171146786251
4.55590437524545
4.924210378899663
5.312411232378998
5.720782701057877
6.149557211523632
6.5989280251424995
7.0690542549525315
7.560066339619552
8.072071613234547
8.605159672232789
9.159407321304498
9.734882962325726
10.331650362644464
10.949771795485
11.58931058424361
12.250333106514065
12.932910325101998
13.637118916339322
14.363042063010484
15.110769973234108
15.880400179120027
16.672037660927437
17.485794835091752
18.32179143906515
19.180154337195944
20.061017232991386
20.964520453057215
21.890810530605833
22.840039905262408
23.812366554247422
24.80795362719966
25.826969079638
26.869585308549887
27.935978792778826
29.026329740292216
30.140821743754483
31.279641445577067
32.44297821329018
33.63102382579796
34.84397217097458
36.0820189549752
37.3453614233901
38.634198094520805
39.94872850675958
41.28915296852898
42.65567234023332
44.048487808874576
45.467800685093415
46.91381221075466
48.38672337912106
49.88673476765271