0.
0.
0.
0.
1.9859446137283985e-12
1.9859446137283985e-12
3.5995246123827223e-12
5.337226149395071e-11
7.92391900877631e-10
7.268309043169222e-9
4.560386677273701e-8
2.147895914547182e-7
8.101834821858703e-7
2.5637672388818967e-6
7.0430115705201905e-6
0.0000172352581471094
0.000038322411272711054
0.00007862918398892874
0.0001507093670808084
0.0002725251922154239
0.00046867101180688277
0.0007715966888092966
0.0012227931671735003
0.0018739113273492677
0.002787798646518883
0.004039443948445137
0.005716832340339505
0.007921715371740709
0.010770308851512958
0.014393931538184055
0.01893959941376336
0.02457058986007266
0.03146698857262583
0.039826229283775445
0.04986363392376012
0.061812956795346
0.07592693323868892
0.09247782898159579
0.11175798339554252
0.1340803360139025
0.1597789232266243
0.1892093294684777
0.2227490756726752
0.26079792663278906
0.303778098725483
0.3521343494287033
0.4063339326795059
0.4668663938545675
0.5342432116143837
0.6089972476700068
0.6916819945738801
0.7828706248440945
0.8831548062720924
0.9931432738202141
1.1134601347275694
1.2447428796719031
1.38764006776277
1.5428103690436623
1.71091087169398
1.892610767240765
2.088570122633378
2.2994439797911106
2.5258756427418705
2.7684912650813214
3.027894140869911
3.304658894952861
3.599325854338595
3.912395925908523
4.244326358329064
4.595527729024144
4.966362430322383
5.357144799454423
5.768142880360605
6.199581646946851
6.651647390223858
7.124492895248158
7.61824301614428
8.133000290919538
8.668850305854052
9.225866602643782
9.804115004405649
10.403657307423957
11.024554339894214
11.666868425756029
12.330665313297047
13.016015638243655
13.722995992441213
14.451689665684933
15.202187121515705
15.974586260016931
16.768992512552266
17.585518805808736
18.424285429018333
19.285419816514707
20.169056261063556
21.07533567867378
22.00440518530567
22.956417793058886
23.931532036062283
24.929911601947424
25.951724962806555
26.9971450090168
28.06634868841752
29.159516652780233
30.276832912968846
31.418484503840535
32.584661159676614
33.7755550006576
34.99136023086138
36.23227284797756
37.49849036505277
38.790211544320854
40.10763614529239
41.45096467517963
42.82039817178822
44.21613797868121
45.63838554296731
47.08734222361863
48.563209112349035
50.06618686715512