0.020893520088961857
0.030632415864507306
0.04359938415843135
0.060507445070692896
0.08216881969914322
0.10950447886681605
0.1435531867597038
0.1854789533735784
0.23657560899293134
0.29826708097418486
0.3721018959533137
0.45974039966879343
0.5629330264742535
0.6834873900771333
0.8232207458871387
0.9838927072922901
1.1671126590988024
1.3742213326640529
1.6061617558227193
1.8633787905663102
2.1457975522491246
2.4529034036846675
2.7838923175472297
3.1378300781343738
3.513774249681463
3.9108466102705304
4.3282657503001065
4.765354906421198
5.221537063483554
5.696324779921917
6.189308702225203
6.700146619058572
7.228553773330858
7.774294598703104
8.337175798098812
8.917040606184214
9.513764036717085
10.12724894991951
10.757422785690116
11.40423483742403
12.067653963569692
12.747666653787844
13.444275382782566
14.157497198180701
14.887362499454827
15.633913973291854
16.397205657719116
17.177302112487794
17.974277677739526
18.78821580614665
19.619208456731137
20.467355540519453
21.332764410139397
22.215549386790173
23.115831319247885
24.033737170406525
24.9693996277436
25.92295673461241
26.89455153985338
27.884331763581827
28.892449477407762
29.919060797598437
30.964325589935907
32.0284071852563
33.11147210475879
34.2136897944518
35.335232368010146
36.47627435765356
37.63699247256135
38.81756536455781
40.01817340073214
41.23899844285418
42.480223633370144
43.742033187902884
45.02461219416722
46.32814641725463
47.65282211129458
48.99882583747735
50.366344289192945
51.75556411946222
53.166671785356826
54.59985338509557
56.05529451233313
57.53318011306855
59.03369435020768
60.557020475157806
62.10334070660273
63.67283611655872
65.26568652384323
66.88207039505744
68.52216475321414
70.18614509409517
71.87418531046418
73.58645762421314
75.32313252652999
77.08437872617286
78.87036310591195
80.6812506871988
82.51720460311226
84.37838607961991
86.26495442517663
88.17706702868081
90.11487936579108
92.07854501359255