0.027826912545464245
0.04030198270767338
0.05677187147077748
0.07810348409250134
0.10528845778090402
0.1394555498047556
0.18188146959347073
0.23399842288293587
0.29739633764204254
0.37381749783660373
0.46514101538216385
0.5733538996269909
0.7005038767445776
0.8486261621886746
1.0196333402143973
1.215160323204421
1.4363771144601842
1.6838258453802892
1.9573715230723874
2.2563154799279994
2.5796182732992747
2.92612353171357
3.2947121100438443
3.684379322395593
4.0942592788647465
4.523621526438957
4.971856397342184
5.438457565430601
5.923005526045794
6.425153291725016
6.944614510253601
7.481153786245437
8.034578862485477
8.60473431127754
9.191496441734857
9.794769161398198
10.41448059963725
11.050580331331826
11.703037076867991
12.371836781095851
13.056980994865127
13.758485499223411
14.47637912507931
15.210702731032152
15.961508309770013
16.728858199510576
17.512824381688695
18.313487849730716
19.130938036858545
19.965272293074122
20.81659540338552
21.685019140833607
22.57066184903012
23.473648049955443
24.394108073410383
25.33217770530067
26.28799785232124
27.261714221054046
28.253477009888325
29.263440612371753
30.291763330887484
31.33860709972474
32.404137216765385
33.4885220831574
34.5919329504177
35.71454367461643
36.85653047719348
38.01807171219399
39.199347639676944
40.400540205150406
41.621832824885836
42.8634101770614
44.12545799866398
45.4081628881254
46.71171211375187
48.036293427908824
49.38209488709186
50.749304677889604
52.13811094895901
53.548701649131424
54.9812643717155
56.435986205145454
57.91305359010619
59.41265218324904
60.93496672763893
62.48018093008618
64.04847734545767
65.64003726816257
67.2550406308796
68.8936659107037
70.5560900427959
72.24248834169006
73.95303443032218
75.6879001769028
77.44725563974174
79.23126902005009
81.04010662284918
82.87393282600259
84.73291005744082
86.61719878060283
88.52695748812837
90.4623427038144
92.42350899282488
94.41060898017142