3.971889227456797e-12
3.971889227456797e-12
3.971889227456797e-12
3.971889227456797e-12
3.971889227456797e-12
3.971889227456797e-12
3.971889227456797e-12
3.971889227456797e-12
3.971889227456797e-12
3.971889227456797e-12
3.971889227456797e-12
3.971889227456797e-12
3.971889227456797e-12
3.971889227456797e-12
3.971889227456797e-12
3.971889227456797e-12
3.971889227456797e-12
3.971889227456797e-12
3.971889227456797e-12
3.971889227456797e-12
5.9578338411851955e-12
5.9578338411851955e-12
5.9578338411851955e-12
3.971889227456797e-12
3.971889227456797e-12
5.9578338411851955e-12
4.096010765814822e-12
4.468375380888897e-12
5.461347687753096e-12
8.067899993271618e-12
1.6880529216691386e-11
3.1278627666222274e-11
6.92598184037779e-11
1.5440719371738297e-10
3.266878889583215e-10
6.791930578951123e-10
1.360744425019027e-9
2.6292665470380417e-9
4.939664862034317e-9
9.004024635567842e-9
1.5976303809753175e-8
2.7624737820038738e-8
4.664537060109919e-8
7.702436535730251e-8
1.2457420960841662e-7
1.9757480293522868e-7
3.076766894141763e-7
4.709922100610531e-7
7.094442074668068e-7
1.0525140294222356e-6
1.5393007052393473e-6
2.2210306832569593e-6
3.1640579725443495e-6
4.453454730762878e-6
6.197135574642548e-6
8.530726123202559e-6
0.000011623132207055894
0.000015682980162670107
0.000020965814888619768
0.00002778235417613037
0.0000365076416795599
0.00004759132405565337
0.00006156900597423641
0.00007907474779179101
0.00010085481499074557
0.0001277826757849547
0.00016087527196391956
0.00020131068846262383
0.0002504471124300317
0.00030984324116830334
0.0003812801151113918
0.00046678438242146384
0.0005686529518847271
0.0006894792451132785
0.0008321807970792252
0.0010000283886809516
0.0011966766427023252
0.0014261960280548761
0.0016931064094572504
0.0020024119855381914
0.0023596376554543066
0.002770866799872765
0.0032427804742088543
0.0037826979421279137
0.00439861861993679
0.005099265266907299
0.0058941285714705005
0.006793512976764546
0.007808583747273774
0.008951415384544817
0.010235041117919345
0.01167350374645388
0.013281907574226242
0.015076471557564692
0.017074583644216206
0.019294856176732832
0.02175718254588604
0.02448279492902746
0.02749432318253166
0.03081585488261143
0.034472996514753725
0.03849293579055163
0.04290450525130421
0.04773824692280175
0.05302647828269623
0.05880335944749001
0.06510496161215916
0.07196933683711598
0.0794365891656304
0.0875489471371221
0.09635083773504943
0.10588896188023564
0.11621237139280102
0.12737254766908251
0.13942348196505822
0.15242175749418063
0.16642663330374755
0.181500130112517
0.19770711812024164
0.21511540688841857