3.971889227456797e-12
3.971889227456797e-12
3.971889227456797e-12
3.971889227456797e-12
3.971889227456797e-12
3.971889227456797e-12
3.971889227456797e-12
3.971889227456797e-12
3.971889227456797e-12
3.971889227456797e-12
3.971889227456797e-12
3.971889227456797e-12
3.971889227456797e-12
3.971889227456797e-12
3.971889227456797e-12
3.971889227456797e-12
3.971889227456797e-12
3.971889227456797e-12
3.971889227456797e-12
3.971889227456797e-12
5.9578338411851955e-12
5.9578338411851955e-12
5.9578338411851955e-12
3.971889227456797e-12
5.9578338411851955e-12
6.206076917901245e-12
4.716618457604946e-12
6.33019845625927e-12
1.0922695375506191e-11
2.271424151951856e-11
5.362050457066676e-11
1.2052201374564217e-10
2.676060366999017e-10
5.765445456730257e-10
1.1990140605385205e-9
2.4052271703018068e-9
4.66361856072607e-9
8.746720686551657e-9
1.5923055669797584e-8
2.818204352726627e-8
4.859842300716271e-8
8.178380574564097e-8
1.3454104501702766e-7
2.1668939572082614e-7
3.421583974992658e-7
5.303456402454003e-7
8.078745733293343e-7
1.2107121431641493e-6
1.7868036452221682e-6
2.5992062963923414e-6
3.729880527369394e-6
5.284121369816282e-6
7.395768830301386e-6
0.000010233225923085803
0.000014006387879123717
0.000018974541240763506
0.000025455266354964935
0.00003383446118049387
0.00004457756969464675
0.00005824189983883881
0.00007549035942864643
0.00009710638512007625
0.00012401029641521613
0.00015727700495096349
0.00019815517948515543
0.00024808779458960855
0.0003087342185743559
0.0003819937106878305
0.00047003042589725363
0.000575299949094619
0.0007005772259182263
0.000848986012821844
0.001024029838571846
0.0012296243425004494
0.0014701310505828558
0.0017503926362562308
0.0020757694867490272
0.00245217768973307
0.0028861282729825697
0.0033847678814846764
0.003955920593116899
0.004608131069003429
0.005350708939004896
0.006193774243978893
0.007148304233944195
0.008226181122601425
0.009440241079097217
0.010804324242177487
0.012333325793718042
0.014043248132220252
0.0159512540206608
0.018075720771376903
0.020436295438818385
0.023053951016567157
0.025951043614916833
0.02915137062559094
0.03268022993963237
0.0365644800736143
0.040832601388741153
0.045514758337800165
0.050642862720476176
0.05625063802410941
0.0623736849012823
0.06904954771001091
0.07631778228112597
0.08422002486158131
0.09280006228234546
0.10210390344719464
0.11217985215531584
0.12307858128912258
0.134853208524918
0.1475593734252787
0.161255316247295
0.1760019582947587
0.1918629840225749
0.20890492489736923
0.22719724517366294
0.2468124295270302
0.2678260728112233
0.29031697185424216