0.1144598512202862
0.15567001324487215
0.2081913657141103
0.2752006149440148
0.3622802910329214
0.5189427062392382
0.7300822756749921
0.9991380225869304
1.2925078759544528
1.607267363344604
1.941880660699413
2.295419610807142
2.6673521916609153
3.05724997334422
3.464839426210546
3.8899250181199023
4.332362876355288
4.792059343775173
5.268947950354832
5.762991634188352
6.274177796097549
6.802502327061485
7.347986128693681
7.910666448617645
8.490553350776265
9.08778451435136
9.702345369106775
10.334341868877534
10.983861242740355
11.650996560177633
12.335855788921181
13.038553278096186
13.759214149413856
14.497970830057662
15.254964845827008
16.030338137342916
16.82427834408415
17.636925763551304
18.46846461228127
19.319083792579246
20.188971502596768
21.07833399629438
21.98737790221182
22.91632121333871
23.86538931551057
24.83481503339261
25.82483865544505
26.835707772426833
27.86767711038987
28.921008358602386
29.995969992725364
31.092837093656204
32.211891162204545
33.35341992988268
34.517717165941704
35.70508248072405
36.915821125408016
38.1502437881389
39.408666386485606
40.69140985615601
41.99879993587843
43.331166948288164
44.688845576699606
46.0721746375902
47.481496848647616
48.917158592200515
50.37950967389354
51.86890307645845
53.38569470844947
54.930243147853574
56.50290938047955
58.10405653310713
59.73404960134998
61.393255172304414
63.082041142021716
64.8007764279334
66.54983067641322
68.3295739656607
70.14037650420867
71.9826083253624
73.85663897795176
75.76283721383905
77.7015706726705
79.6732055644083
81.67810635025293
83.71663542259418
85.78915278469375
87.89601573081983
90.03757852764515
92.2141920976771
94.42620370560672
96.67395664840411
98.95778995005409
101.27803806182486
103.63503056894513
106.02909190458598
108.46054107199316
110.92969137563112
113.4368501621067
115.98231857171366
118.56639130121052
121.18935637857605
123.85149495027058
126.55308108156225