0.36416176517447385
0.611501762759149
0.8773931267014378
1.1609676805223461
1.461737207742394
1.7794000951416296
2.113758795009126
2.4646834600347804
2.832086300680504
3.2159118558829047
3.6161295934713187
4.0327251370176755
4.465700668936585
4.91507802242659
5.380846654999671
5.863071209323549
6.361779038088444
6.877014484446248
7.408837069538929
7.957297008085024
8.522465546486528
9.104411671615601
9.703215482196041
10.318960493103567
10.951737869308626
11.601645566555433
12.268790146649646
12.953278753808691
13.655235762772161
14.374791095397558
15.112073060834458
15.867218243480442
16.640384308574387
17.431726177067425
18.241370653150128
19.06960545449771
19.91649764816571
20.782273068604592
21.667124335506255
22.571258731258865
23.494888084075583
24.438239898304047
25.401527778077213
26.385047505817603
27.38887261450784
28.41341978787256
29.45888676678782
30.52554153755254
31.613649142277435
32.723481321079035
33.85533484972603
35.00948449156672
36.18622922859961
37.38586944056377
38.60871116974104
39.85506592870485
41.12525050358049
42.419586752837525
43.738401401593194
45.08202583135842
46.45079586513503
47.84505154773676
49.265136921198554
50.711399795130085
52.184191511870154
53.68386670627869
55.210783060042445
56.765301050384934
58.347783693043766
59.95859627950138
61.59810610835871
63.266682210908186
64.96469507090157
66.69251633860719
68.45051853927919
70.23907477621168
72.0585584286148
73.90934284459524
75.79180102956987
77.70630533053419
79.65322711662672
81.63293645650748
83.64580179311717
85.69218961647219
87.77246413512212
89.8869869470635
92.03611671083823
94.22020881765349
96.43961506537833
98.6946833352957
100.98575727252612
103.31317597102972
105.67727366413935
108.07837942154964
110.51681685366796
112.99290382426263
115.5069521722616
118.05926744356061
120.65014863359502
123.27988794150008
125.94877053643766
128.6570743367526
131.4050698024739
134.19301974159356