1.3813364866992464
1.6719228228988798
1.9785167195492914
2.301109560427705
2.639687959977972
2.994255945821133
3.364822830888804
3.751409626965777
4.154034778199615
4.572732393541317
5.007532365850478
5.458477290427044
5.925596865753799
6.408977346455077
6.908632474689199
7.4246355632255865
7.957043051332704
8.505925074524033
9.071347792166705
9.653389100189155
10.252128620923555
10.867652497826276
11.50004901427752
12.149420258453501
12.815864647093521
13.499496331088015
14.200427375070005
14.918782808504066
15.654691418298718
16.40829159048908
17.179727602769198
17.96915164966306
18.77672331338156
19.60261179576805
20.446989781429608
21.31004107669609
22.191957468728326
23.093268344841043
24.013310431180766
24.95290978920466
25.912347616404837
26.891711427026994
27.891246238941033
28.91118915330681
29.95180129053163
31.01332968335429
32.09604397906366
33.20021395027166
34.32611521538326
35.47402276897353
36.64426280135127
37.83709637449232
39.052834036140155
40.291785259935395
41.554262867259006
42.84058602611366
44.15107816388135
45.48606775610403
46.845887945183776
48.23087632670014
49.64137473082684
51.07772899871047
52.54028875364077
54.029407166842965
55.54544071774842
57.08874894855995
58.6596942130112
60.25864141915778
61.88595776614478
63.54201247487442
65.2271765125258
66.94182231099282
68.68632347924496
70.46105450975878
72.26639047915035
74.10270674324438
75.9703786268365
77.86978110848156
79.80128850069399
81.76527412602093
83.76210998947401
85.79216644791903
87.85581187702653
89.95341233647359
92.08533123415263
94.25192899013294
96.45356270126116
98.69058580721283
100.96334775895006
103.27219369048392
105.6174640949072
107.99949450565119
110.41861518393532
112.87515081336473
115.36942020261448
117.90173599711406
120.4724044006113
123.08172490745751
125.72999004637383
128.41748513640536
131.1444880557667
133.91126902403903
136.71809039825956
139.56520648325835