0.24711759812057024
0.3556740212586578
0.5174124503997095
0.7325758338817152
0.9795704198649678
1.2499831680226439
1.5405142929234434
1.8494630186693117
2.1758076243397184
2.518874026524712
2.8781888578043655
3.2534048417850703
3.6442590733829556
4.0505479728965925
4.472111403224665
4.9088221548420785
5.360578742372596
5.827300333781503
6.308923103579058
6.805397566118893
7.316686601038194
7.842763977883191
8.383613246795127
8.939226901175065
9.509605744068507
10.094758407874489
10.694700989431622
11.309456771542225
11.939056008581044
12.583535758829518
13.242939751220263
13.917318268735556
14.606728057115955
15.31123223104637
16.030900188193097
16.765807521546822
17.5160359282741
18.281673113099657
19.062812684908426
19.859554045745405
20.672002271760377
21.500267985995503
22.344467223123377
23.204721286412717
24.081156597363805
24.97390453850212
25.883101289901308
26.808887660041677
27.751408911596155
28.71081458278777
29.68725830488206
30.680897616431153
31.691893774768488
32.72041156535966
33.76661910942357
34.830687670346265
35.912791459296194
37.01310744045716
38.131815136266965
39.269096433001884
40.42513538705957
41.6001180322499
42.79423218839417
44.00766727152344
45.24061410593005
46.493264738363976
47.765812254627996
49.05845059877927
50.371374395176176
51.70477877376495
53.0588591985842
54.43381129992749
55.82983071030259
57.2471129044434
58.685853043591926
60.146245824287675
61.628485332758494
63.13276489898066
64.6592769691048
66.2082129656616
67.77976316655918
69.37411658460067
70.99146085387274
72.63198212232608
74.2958649507338
75.9832922181908
77.69444503433819
79.4295026584585
81.18864242559876
82.97203967983361
84.77986771482844
86.61229772177128
88.4694987448062
90.35163764403508
92.25887906615725
94.19138542282167
96.14931687671572
98.13283133544456
100.14208445320074
102.17722964024819
104.23841808019169
106.32579875505775
108.439518478105
110.57972193436682