 0.18807596651521E-03
 0.14057980745411E-03
 0.10527153777092E-03
 0.79244843605239E-04
 0.59784698431410E-04
 0.45515891567989E-04
 0.34802630956747E-04
 0.26786859571998E-04
 0.20746603705358E-04
 0.16169200729746E-04
 0.12682102489736E-04
 0.10009006247501E-04
 0.79454491799640E-05
 0.63398011467753E-05
 0.50885787016064E-05
 0.41078104078806E-05
 0.33304380300336E-05
 0.27126366276159E-05
 0.22237336213455E-05
 0.18268058588499E-05
 0.13872722949858E-05
 0.13939176314303E-05
 0.10342424146226E-05
 0.86633812057901E-06
 0.72346377323110E-06
 0.61078971371804E-06
 0.50970620185867E-06
 0.43203262279300E-06
-0.50450253277421E-06
 0.31027442399497E-06
 0.26360770922768E-06
 0.22619239001256E-06
 0.19481546673657E-06
 0.15962695015963E-06
 0.13636912867339E-06
 0.12375775949039E-06
 0.10319678796907E-06
 0.89466549912812E-07
 0.71819745515532E-07
 0.58591759885703E-07
 0.56243082393610E-07
 0.49252789442714E-07
 0.45705042497847E-07
 0.42126318803530E-07
 0.34174217865926E-07
 0.27893709172390E-07
 0.17912674729672E-07
 0.18788291184984E-07
 0.23364439762393E-07
 0.13812577424995E-07
 0.60036344675732E-08
 0.14323858655074E-07
-0.19484685610173E-07
 0.30614657585215E-07
-0.15055564698454E-07
 0.30245268592584E-07
 0.65557660001350E-08
-0.38326435263930E-08
-0.36070441784748E-08
 0.12779764118122E-08
 0.84616097976410E-08
 0.67848638729481E-08
 0.16584956928143E-07
 0.11110862624576E-07
-0.62886312802158E-09
 0.18662069881018E-08
 0.31855473143433E-07
 0.51995148286810E-08
 0.12533098545854E-06
 0.44292968949022E-08
-0.23208594075205E-07
 0.64818371684771E-08
-0.21462391897086E-07
-0.11281475107347E-07
-0.46343439452085E-09
-0.86168611094380E-05
-0.70453076607836E-10
-0.11597810688188E-07
 0.17225213233002E-07
-0.90735318847695E-08
-0.67441656416055E-08
 0.11697536598002E-07
 0.92898312267247E-09
-0.18524183828013E-08
-0.13623633031397E-07
-0.31811133248175E-08
-0.15589555240848E-07
 0.10934568649237E-08
 0.64828064150655E-08
-0.75868640882123E-08
 0.46991734368816E-08
-0.15677971364325E-07
-0.14795375622343E-07
 0.91282466271512E-08
-0.47741618860943E-08
-0.89736995521770E-08
 0.79181045174560E-08
-0.70419202255147E-08
-0.30903084566816E-07
-0.58610766583359E-08
-0.40620097117793E-08
 0.17025882532762E-08
-0.35376740912871E-08
-0.77289004126441E-09
