3.971889227456797e-12
3.971889227456797e-12
3.971889227456797e-12
3.971889227456797e-12
3.971889227456797e-12
3.971889227456797e-12
3.971889227456797e-12
5.9578338411851955e-12
4.2201323041728465e-12
1.0053844607000017e-11
7.720359685869149e-11
5.976452071938899e-10
3.5073023093827097e-9
1.634990964021083e-8
6.289995489985106e-8
2.067163542352972e-7
5.962047767412451e-7
1.5415171435498066e-6
3.6336265085604362e-6
7.914756977422413e-6
0.000016106557945078395
0.000030899125566206464
0.00005630009929847052
0.00009803945922732425
0.00016402320915518353
0.0002648263470122845
0.0004142151651870557
0.0006296878873313519
0.0009330234229625394
0.001350828999882753
0.0019150785543842863
0.002663635419583891
0.0036407546289044714
0.004897561566211695
0.006492505254196672
0.008491785984105991
0.010969757896504078
0.014009308128882111
0.017702214724458123
0.022149485755802886
0.027461682475265033
0.03375922899820926
0.04117271106033198
0.04984316575456835
0.05992236381996217
0.07157308533844098
0.08496938904429678
0.1002968748540241
0.11775293817335451
0.13754701436207376
0.15990081060782577
0.18504852221112053
0.2132370297558731
0.24472607333297325
0.27978839972087505
0.31870987867034956
0.36178958404050016
0.4093398363416681
0.46168620312442954
0.51916745432501
0.582135469985886
0.6509550983617791
0.7260039629138924
0.8076722168635387
0.8963622445671399
0.992488309002244
1.0964761444628224
1.208762493780926
1.3297945884546685
1.4600295697891872
1.5999338480450995
1.7499823956447882
1.9106579691782253
2.0824502536682514
2.2658549214686596
2.461372597082001
2.669507718775172
2.890767288209323
3.125659500560336
3.3746922505089514
3.6383715139688513
3.9171996118697403
4.21167337068856
4.5222822048120594
4.849506156932509
5.193813944349616
5.555661069378855
5.935488059741235
6.333718907901778
6.7507597761595255
7.186998025499029
7.642801611573239
8.118518871797953
8.614478705445961
9.130991126253146
9.668348147296555
10.226824942463079
10.806681219137952
11.40816273321215
12.03150287937297
12.676924295961381
13.344640433046344
14.034857042974165
14.747773563920886
15.483584376938495
16.242479926262774
17.024647699805936
17.83027307245175
18.6595400188858
19.51263170536153
20.389730971403058
21.291020713131545
22.216684180024437
23.166905196448305
24.14186831870476
25.141758937435423
26.166763334327356
27.21706870109658
28.292863127852538
29.394335567024676