0.05911117232864154
0.08208037832686634
0.1113391875932492
0.14808765036386765
0.19375624396394062
0.250113020514313
0.3194637621300682
0.4050757180372585
0.5122664725304046
0.6521568137533333
0.8479977091825565
1.0964718680190588
1.3792447459565864
1.6890183102313068
2.022429115475487
2.377583037240999
2.753288982912322
3.1487452880679547
3.5633867939543147
3.9968047011099443
4.448706335376301
4.918866883963673
5.407128728808557
5.913377638231793
6.437538826579203
6.979564604766992
7.539433847960474
8.11714974940269
8.712730970429076
9.326214950163806
9.957658500662966
10.607123797693097
11.274695360067618
11.96046594092582
12.664541079265463
13.387037736513852
14.128083847963259
14.887817936392011
15.666388772469189
16.4639550701291
17.280685208087476
18.116756970688613
18.972357302992467
19.847682076262164
20.742935860944197
21.658331704978693
22.59409091582658
23.550442845007524
24.527624674244706
25.525881202565863
26.54546463379653
27.586634364094266
28.649656769173045
29.734804990943793
30.842358723316377
31.972603996945274
33.125832962690396
34.30234367355414
35.502439864871576
36.72643073252812
37.97463070894049
39.24735923658306
40.5449405387848
41.86770338757928
43.215980868333496
44.59011014096261
45.99043219746473
47.41729161560073
48.87103630852025
50.352017270165824
51.86058831633525
53.397105821268894
54.961928449716666
56.5554168844476
58.17793354918278
59.82984232704593
61.51150827459367
63.22329733159498
64.96557602674127
66.73871117954943
68.54306959874668
70.37901777751577
72.24692158598603
74.14714596144172
76.08005459677867
78.0460096277505
80.04537131963724
82.07849775399139
84.1457445161504
86.24746438428784
88.38400702073112
90.55571866638685
92.762941839068
95.00601503656928
97.28527244535373
99.60104365565266
101.95365338387757
104.34342120309704
106.77066128248487
109.235682136393
111.73878638386743
114.28027051927002
116.86042469463221
119.47953251431618