3.971889227456797e-12
3.971889227456797e-12
3.971889227456797e-12
3.971889227456797e-12
3.971889227456797e-12
3.971889227456797e-12
3.971889227456797e-12
3.971889227456797e-12
3.971889227456797e-12
3.971889227456797e-12
3.971889227456797e-12
3.971889227456797e-12
3.971889227456797e-12
3.971889227456797e-12
3.971889227456797e-12
3.971889227456797e-12
3.971889227456797e-12
3.971889227456797e-12
3.971889227456797e-12
3.971889227456797e-12
5.9578338411851955e-12
3.971889227456797e-12
3.971889227456797e-12
3.971889227456797e-12
5.9578338411851955e-12
6.206076917901245e-12
6.950806148049394e-12
9.184993838493843e-12
1.5142827679679038e-11
3.078214151279018e-11
6.62809014831853e-11
1.5440719371738297e-10
3.4058950125442034e-10
7.347995070795074e-10
1.5189993864255088e-9
3.0270760774755115e-9
5.835201761287467e-9
1.0885210670922068e-8
1.970578367279675e-8
3.4694204158758404e-8
5.95202495319004e-8
9.967952502456265e-8
1.6322007118387947e-7
2.6170802944020506e-7
4.1149517125682564e-7
6.352306984671601e-7
9.638725086823136e-7
1.4390869611136917e-6
2.116200983241307e-6
3.0677224058846905e-6
4.387539243088619e-6
6.19586097056515e-6
8.644998121005721e-6
0.000011925963315734112
0.000016276114172552375
0.000021987764361585956
0.000029417935834552497
0.000038999238822328135
0.00005125199627505741
0.00006679765866977587
0.00008637348138232102
0.00011084862796747565
0.00014124165441534725
0.00017873943371407832
0.00022471750954794942
0.00028076197569743157
0.0003486928046823209
0.00043058870260330836
0.0005288134139713613
0.0006460435889790286
0.0007852980640195839
0.0009499686718800045
0.0011438524212427637
0.001371185231182255
0.0016366769503191386
0.0019455477671288881
0.002303566067259235
0.00271708748911694
0.003193095295142875
0.0037392420068926052
0.00436389221207254
0.005076166566866494
0.005885986906419348
0.00680412246546374
0.007842237177811181
0.009012937941508726
0.010329823935056841
0.011807536866028258
0.013461812150101893
0.015309530987247228
0.017368773322398796
0.019658871662569247
0.022200465682630722
0.025015557725019483
0.028127569006188635
0.0315613966874432
0.03534347168578785
0.03950181725854826
0.04406610842059977
0.04906773203284532
0.05453984782706627
0.06051745009109981
0.0670374302722675
0.07413864036202474
0.08186195720978422
0.09025034766040964
0.0993489346983354
0.10920506452781072
0.11986837470197079
0.13139086333821978
0.14382695947453877
0.15723359462083616
0.17167027565130685
0.18719915900279854
0.20388512639093595
0.2217958620688278
0.24100193173683818
0.26157686328737095
0.28359722942786136
0.30714273237932754