0.14960257160223028
0.1547831842188706
0.1601150612165189
0.16560219503967402
0.17124869001437612
0.1770587660804168
0.18303676260745605
0.18918714242500034
0.19551449592859124
0.2020235454126402
0.20871914947314357
0.2156063075931046
0.22269016486225496
0.22997601681705
0.23746931441744587
0.24517566910348706
0.25310085788590286
0.2612508286529238
0.2696317051172698
0.27824979201907657
0.2871115799636569
0.296223750003323
0.3055931778396455
0.31522693733150015
0.32513230312880304
0.33531675221496887
0.3457879637597028
0.3565538170892407
0.36762238683319765
0.37900193487305117
0.3907008979255196
0.40272786978213504
0.41509157700972166
0.42780084650663897
0.44086456334577045
0.45429161703908216
0.4680908343424422
0.48227089693449265
0.49684024233365287
0.5118069474839079
0.5271785951148859
0.5429621250062737
0.5591636740282953
0.5757884114995785
0.5928403790076908
0.6103223457334458
0.6282356918985441
0.6465803320979343
0.6653546882667617
0.6845557174699399
0.7041789944985801
0.7242188432320354
0.7446685060886249
0.7655203378086477
0.786766009021898
0.8083967063992309
0.8304033187692101
0.8527766019938359
0.8755073187727156
0.8985863522841523
0.922004794614541
0.9457540125683539
0.9698256937369656
0.9942118762488485
1.0189049653466256
1.0438977396862366
1.0691833498206715
1.0947553109666623
1.1206074917226565
1.1467341000373732
1.173129667491548
1.1997890326863758
1.2267073241900797
1.2538799436938735
1.2813025494128158
1.3089710401635004
1.3368815400570138
1.3650303840572717
1.393414104295005
1.422029417266237
1.4508732118037897
1.4799425378956692
1.5092345962398679
1.538746728514973
1.5684764083983582
1.5984212331482637
1.6285789158392463
1.6589472781560572
1.689524243681025
1.7203078316706002
1.7512961513061718
1.7824873963140173
1.8138798399947333
1.8454718305998308
1.8772617870020043
1.9092481947212567
1.9414296021678648
1.9738046171738013
2.0063719037655767
2.0391301791079943
2.0720782106977613
2.1052148137283884
2.138538848610243
2.1720492186575435
2.2057448679297607
2.2396247792120385
2.2736879720838603
2.3079335011680677
2.3423604544230723
2.3769679515807858
2.411755142672677
2.446721206608332
2.481865349884217
2.5171868053198745
2.552684830915382
2.5883587087309103
2.6242077438419886
2.660231263365526
2.696428615514252
2.7327991687324587
2.769342310855201
2.806057448295302
2.8429440053387123
2.8800014233805453
2.917229160302729
2.9546266897950626
2.9921935007538476
3.029929096720113
3.067832995314242
3.105904727717269
3.1441438381616074
3.1825498834802417
3.2211224326365535
3.259861066282078
3.2987653763768146
3.3378349657646096
3.3770694478238745
3.416468446086413
3.456031593911102
3.4957585341469035
3.5356489188395646
3.5757024088958693
3.615918673833285
3.6562973914856705
3.6968382477470887
3.737540936309414
3.778405158437177
3.8194306227281314
3.8606170448918236
3.9019641475254274
3.9434716599286808
3.985139317890271
4.0269668635127
4.068954045023991
4.111100616591633
4.153406338175492
4.1958709753609975
4.238494299187601
4.281276086022548
4.324216117398153
4.367314179882715
4.41057006494783
4.453983568840668
4.497554492440122
4.541282641167432
4.585167824855743
4.629209857630071
4.673408557821046
4.717763747843387
4.76227525410183
4.806942906901627
4.851766540337462
4.8967459922249335
4.941881103994432
4.987171720628459
5.032617690550039
5.078218865576425
5.123975100818437
5.169886254625221
5.215952188491294
5.262172767018797
5.308547857815975
5.355077331459685
5.401761061416957
5.448598923993603
5.495590798270915
5.54273656605205
5.590036111802693
5.637489322599924
5.685096088084552
5.732856300398684
5.780769854157424
5.828836646381601
5.8770565764651215
5.925429546118125
5.973955459349112
6.02263422238314
6.071465743661463
6.120449933777845
6.169586705449525
6.218875973476872
6.268317654709751
6.317911668012518
6.367657934227406
6.417556376143621
6.467606918464569
6.517809487779186
6.568164012528427
6.618670422979942
6.669328651184636
6.720138630981262
6.771100297929392
6.822213589320093
6.873478444120075
6.924894802963372
6.976462608130863
7.028181803513155
7.080052334591975
7.132074148425886
7.184247193621994
7.2365714203159595
7.289046780148293
7.341673226252938
7.39445071322673
7.447379197121832
7.500458635419296
7.553688987012672
7.607070212192503
7.660602272630802
7.714285131358466
7.768118752752365
7.822103102521813
7.876238147692062
7.930523856589281
7.984960198823058
8.039547145276961
8.094284668088186
8.149172740642348
8.20421133755609
8.259400434661838
8.314740009002193
8.37023003881083
8.425870503502935
8.481661383663669
8.53760266103897
8.593694318523156
8.649936340146747
8.706328711068407
8.762871417561163
8.819564447006075
8.876407787880321
8.933401429750987
8.99054536325695
9.047839580116579
9.105284073098916
9.162878836028055
9.220623863770818
9.278519152230826
9.336564698333836
9.394760500032712
9.453106556280737
9.511602867045637
9.570249433284765
9.629046256947074
9.687993340962826
9.747090689239371
9.806338306651577
9.865736199037007
9.925284373188461
9.984982836848888
10.044831598702201
10.104830668375392
10.164980056424255
10.225279774324942
10.285729834483028
10.34633025021452
10.407081035743499
10.46798220619951
10.529033777611113
10.590235766903769
10.65158819188172
10.713091071248591
10.774744424574628
10.836548272312452
10.898502635781675
10.96060753716629
11.022862999513558
11.085269046730653
11.147825703572623
11.210532995645616
11.27339094939981
11.336399592126673
11.399558951955376
11.462869057845209
11.526329939589315
11.589941628681423
11.653704154827418
11.71761755113647
11.781681850680641
11.845897093603938
11.910263295806331
11.97478051157523
12.039448770945564
12.1042681110082
12.169238569654464
12.23436018556758
12.299632998216335
12.365057047858183
12.430632375531925
12.49635902305833
12.562237033035286
12.62826644882962
12.694447314586892
12.760779675217504
12.827263576397563
12.893899064567263
12.960686186928784
13.027624991438843
13.094715526813902
13.16195784252111
13.229351988776939
13.296898016548546
13.36459597754509
13.432445924218719
13.500447909766807
13.568601988123264
13.636908213956678
13.705366642663611
13.773977330384852
13.842740333977748
13.91165571103432
13.980723519866622
14.049943819513059
14.119316669728347
14.18884213098686
14.25852026447642
14.328351132105622
14.398334796483976
14.468471320941022
14.5387607695061
14.609203206916655
14.679798698614281
14.750547310742727
14.821449110137713
14.892504164343082
14.963712541587698
15.035074310802083
15.106589541604643
15.178258304298067
15.250080669882108
15.322056710034223
15.394186497118636
15.466470104180125
15.538907604945274
15.611499073814269
15.684244585868724
15.757144216858897
15.830198043209771
15.90340614201795
15.976768591045454
16.050285468720464
16.123956854139674
16.19778282706148
16.271763467901618
16.345898857738636
16.420189078306564
16.494634211998275
16.5692343418584
16.64398955157713
16.718899925508204
16.793965548639502
16.86918650661575
16.944562885720295
17.020094772884626
17.095782255672148
17.171625422297154
17.247624361604224
17.32377916307308
17.400089916821535
17.476556713596963
17.55317964477801
17.629958802368524
17.706894279006246
17.783986167944178
17.861234563067363
17.938639558879576
18.0162012504995
18.09391973367101
18.17179510474917
18.2498274607028
18.328016899117753
18.40636351818769
18.484867416713236
18.56352869410432
18.64234745037994
18.72132378615389
18.80045780264802
18.879749601687426
18.959199285682054
19.038806957654646
19.118572721211315
19.19849668055556
19.27857894048196
19.35881960636846
19.439218784190647
19.519776580500906
19.60049310244157
19.68136845773077
19.762402754671623
19.84359610214528
19.924948609608695
20.006460387091263
20.088131545200298
20.16996219510736
20.251952448563543
20.334102417875627
20.416412215923838
20.498881956146445
20.581511752553922
20.66430171970735
20.747251972729824
20.830362627299515
20.913633799648302
20.997065606565986
21.080658165388012
21.164411594003152
21.248326010844085
21.332401534888874
21.416638285662092
21.50103638322936
21.58559594819287
21.67031710169798
21.75519996542041
21.84024466157544
21.925451312907978
22.010820042695038
22.096350974739288
22.182044233372036
22.267899943451358
22.353918230356136
22.44009921998658
22.526443038761585
22.61294981362013
22.69961967201406
22.78645274190895
22.87344915178239
22.960609030621725
23.04793250792259
23.135419713687025
23.223070778420762
23.310885833128875
23.398865009320982
23.487008439003194
23.575316254676128
23.663788589338118
23.752425576477535
23.84122735007613
23.930194044598995
24.01932579500322
24.10862273672874
24.198085005699568
24.287712738319808
24.37750607146945
24.467465142511074
24.55759008927743
24.64788105007776
24.738338163691747
24.828961569368357
24.91975140682016
25.010707816232507
25.10183093824689
25.19312091396952
25.284577884966218
25.37620199326082
25.46799338132773
25.559952192104934
25.652078568970186
25.744372655759744
25.83683459675224
25.929464536675123
26.022262620695233
26.115228994428485
26.208363803924968
26.301667195671186
26.395139316594523
26.488780314050945
26.582590335832595
26.67656953015908
26.77071804567749
26.865036031459773
26.959523637005734
27.054181012233585
27.149008307481687
27.244005673506084
27.33917326148047
27.43451122298965
27.530019710032725
27.625698875015186
27.72154887075572
27.817569850473053
27.91376196779279
28.010125376741193
28.106660231745188
28.203366687629398
28.30024489961326
28.397295023309812
28.494517214724564
28.591911630251516
28.68947842667467
28.78721776116118
28.885129791263612
28.983214674915203
29.08147257042813
29.179903636494018
29.278508032175978
29.377285916918062
29.47623745052774
29.575362793187587
29.67466210544396
29.77413554821151
29.873783282764446
29.973605470746996
30.07360227415018
30.173773855332538
30.27412037699991
30.374642002221183
30.475338894406956
30.576211217323564
30.677259135079908
30.778482812135035
30.879882413284378