0.12830045788926073
0.13273692735357742
0.13730001831943486
0.141992845043769
0.1468185971091537
0.1517805413747433
0.15688202400839016
0.1621264725401116
0.16751739792585857
0.17305839671182305
0.17875315325224156
0.18460544189492736
0.19061912927727054
0.19679817663154733
0.20314664218977513
0.20966868346382483
0.2163685597531727
0.22325063453262617
0.23031937788622328
0.23757936895751577
0.24503529836075424
0.2526919705789162
0.2605543062782004
0.26862734456008813
0.2769162450854349
0.2854262900113871
0.29416288581001093
0.3031315645742992
0.3123379853462716
0.32178793463021743
0.33148732659662716
0.34144220237432754
0.3516587288963993
0.3621431960560562
0.3729020132081556
0.38394170377500014
0.39526889814869637
0.40689032426499216
0.41881279561934254
0.431043196107822
0.4435884612214702
0.45645555503937196
0.4696514423180674
0.4831830551084435
0.49705725327987216
0.5112807783945362
0.5258602004947882
0.5408018577155398
0.5561117888053387
0.5717956591531598
0.5878586815756518
0.6043055336330793
0.621140274118737
0.6383662619938085
0.6559860816388929
0.6740014787609944
0.6924133111039894
0.7112215178990899
0.7304251108465445
0.750022188331402
0.7700099726851699
0.7903848689627
0.81114254192609
0.8322780069544016
0.8537857299222756
0.8756597310454737
0.8978936879866529
0.9204810342951657
0.9434150502296438
0.9666889439563232
0.9902959219964569
1.0142292486643965
1.0384822948029204
1.0630485765234292
1.0879217849396312
1.1130958080371371
1.1385647458212536
1.1643229198269258
1.190364878035689
1.2166853960918116
1.2432794756266532
1.2701423403189238
1.2972694303457062
1.3246563955499377
1.3522990878367243
1.380193553021038
1.4083360223509613
1.4367229039693656
1.4653507743589589
1.4942163699468287
1.523316578912669
1.5526484332745427
1.5822091012732804
1.611995880079471
1.6420061888474966
1.6722375621424284
1.7026876436556282
1.7333541802994195
1.7642350166465646
1.7953280896343728
1.8266314236184564
1.8581431257092362
1.8898613813728253
1.9217844502944323
1.9539106624965827
1.986238414703972
2.0187661668791095
2.051492439031402
2.084415808156936
2.1175349053964694
2.1508484133391366
2.184355063521028
2.2180536340229433
2.2519429472525863
2.2860218678212165
2.3202893005575835
2.354744188646847
2.3893855118560103
2.4242122848690797
2.4592235557043898
2.494418404236192
2.5297959408003985
2.5653553056663183
2.6010956636792018
2.6370162113009097
2.67311616724333
2.7093947755441095
2.7458513036862113
2.782485041683018
2.8192953011562283
2.85628141445373
2.8934427338483917
2.9307786307621817
2.968288495003067
3.0059717340874337
3.043827772550843
3.0818560513117803
3.120056027081211
3.158427171755875
3.1969689718944925
3.2356809281680303
3.2745625548702906
3.313613379436816
3.352832941992714
3.392220794893781
3.431776502333532
3.47149963993658
3.5113897943686445
3.5514465629787106
3.591669553456577
3.632058383462601
3.672612680362699
3.713332080869265
3.754216230780388
3.7952647846813425
3.836477405668912
3.8778537651231324
3.9193935424020747
3.961096424657774
4.0029621065752
4.044990290154553
4.087180684504967
4.129533005636611
4.172046976269166
4.214722325629139
4.257558789284404
4.300556108957901
4.343714032361802
4.387032313040756
4.430510710202824
4.474148988585188
4.5179469182914245
4.561904274659564
4.606020838135235
4.650296394126201
4.6947307328858034
4.7393236493835085
4.784074943202998
4.828984418411844
4.874051883462712
4.919277151079905
4.964660038169138
5.01020036570284
5.055897958644817
5.101752645836309
5.147764259923625
5.1939326372614545
5.2402576178372735
5.286739045182479
5.3333767663068485
5.380170631601602
5.427120494798941
5.474226212858845
5.521487645940901
5.568904657310464
5.616477113284664
5.66420488317395
5.7120878392045045
5.760125856490326
5.808318812937774
5.856666589219504
5.905169068710298
5.953826137441139
6.00263768403144
6.051603599659257
6.100723778007665
6.1499981152182155
6.199426509845132
6.249008862810882
6.298745077364834
6.348635059046278
6.398678715639366
6.448875957139473
6.4992266957095115
6.549730845643185
6.60038832334042
6.651199047263789
6.702162937897563
6.753279917739504
6.804549911240807
6.855972844788958
6.90754864668602
6.959277247100718
7.011158578052555
7.063192573385496
7.1153791687327175
7.167718301489797
7.2202099108080136
7.272853937538365
7.325650324238148
7.378599015126522
7.431699956076194
7.484953094572956
7.538358379713323
7.591915762177477
7.645625194194391
7.699486629548401
7.75350002353391
7.807665332952774
7.861982516088363
7.9164515326863265
7.971072343952601
8.025844912504015
8.080769202389133
8.135845179042096
8.19107280928832
8.246452061305648
8.30198290463937
8.35766531015717
8.41349925005545
8.469484697834512
8.525621628290978
8.581910017498187
8.638349842802969
8.694941082797085
8.751683717327545
8.808577727459234
8.86562309547765
8.922819804877237
8.980167840348594
9.037667187760485
9.09531783415971
9.153119767755095
9.211072977905205
9.269177455112755
9.32743319100848
9.385840178355718
9.444398411020511
9.503107883975439
9.561968593293914
9.620980536128096
9.680143710710492
9.739458116344533
9.79892375339414
9.858540623270828
9.918308728440145
9.978228072398593
10.0382986596714
10.098520495810764
10.158893587383215
10.219417941960911
10.28009356811792
10.340920475423143
10.401898674434607
10.463028176689036
10.524308994700238
10.585741141947567
10.647324632876657
10.709059482886525
10.770945708328941
10.832983326498503
10.895172355630033
10.957512814892487
11.020004724381515
11.08264810511834
11.145442979039705
11.20838936899192
11.271487299606779
11.334736793828768
11.398137878058664
11.461690578746516
11.525394923230717
11.589250939734765
11.653258657355229
11.717418106071808
11.781729316729944
11.846192321036982
11.910807151572714
11.975573841764685
12.040492425899359
12.105562939111323
12.170785417377207
12.236159897522008
12.301686417202836
12.36736501491524
12.433195729981296
12.499178602552835
12.565313673602622
12.631600984927097
12.698040579131847
12.76463249963955
12.831376790682778
12.898273497298907
12.965322665325402
13.032524341406765
13.099878572972813
13.16738540825643
13.235044896274085
13.302857086829043
13.370822030512999
13.43893977869365
13.507210383517556
13.575633897908158
13.644210375559439
13.712939870931336
13.781822439253594
13.85085813652215
13.920047019485622
13.989389145656347
14.058884573298089
14.128533361430023
14.198335569820761
14.26829125898179
14.338400490176026
14.408663325400562
14.47907982739859
14.549650059643875
14.620374086351816
14.691251972462055
14.762283783645065
14.83346958630413
14.9048094475576
14.976303435251673
15.04795161794997
15.119754064936016
15.191710846202817
15.263822032461542
15.336087695128004
15.40850790632786
15.4810827388929
15.55381226635806
15.626696562957205
15.699735703623624
15.772929763988918
15.846278820373554
15.919782949793957
15.99344222995865
16.067256739254105
16.141226556761758
16.21535176223938
16.289632436127153
16.36406865954844
16.43866051429474
16.51340808284084
16.588311448325708
16.663370694561422
16.73858590602696
16.81395716787416
16.889484565905025
16.965168186593164
17.041008117071648
17.117004445124568
17.1931572591946
17.26946664838028
17.345932702426076
17.422555511727097
17.499335167330333
17.576271760918292
17.653365384824482
17.73061613202128
17.808024096114686
17.88558937135218
17.963312052615734
18.041192235419356
18.119230015907096
18.197425490850808
18.275778757647295
18.354289914323154
18.432959059523984
18.51178629251337
18.590771713178253
18.669915422020335
18.749217520150136
18.828678109300277
18.908297291806115
18.988075170612312
19.06801184927297
19.148107431947416
19.228362023387643
19.3087757289567
19.389348654612807
19.470080906907846
19.55097259298936
19.632023820596093
19.713234698060322
19.79460533429945
19.876135838818954
19.957826321706325
20.03967689363267
20.121687665848246
20.20385875018619
20.286190259046
20.3686823054134
20.451335002836394
20.534148465438772
20.617122807910082
20.70025814550697
20.783554594049985
20.867012269923293
20.95063129006825
21.034411771986253
21.118353833735004
21.20245759392579
21.28672317172273
21.371150686839567
21.455740259537404
21.540492010624362
21.625406061454186
21.710482533918945
21.795721550453866
21.881123234031243
21.96668770815958
22.052415096882093
22.138305524771503
22.224359116934124
22.310575999000946
22.396956297131076
22.48350013800855
22.570207648834483
22.65707895733639
22.744114191753916
22.831313480846276
22.918676953886052
23.00620474065547
23.093896971449873
23.18175377706767
23.269775288818277
23.35796163851107
23.446312958458744
23.53482938147358
23.62351104086471
23.71235807043615
23.801370604490508
23.890548777812356
23.97989272568461
24.069402583874016
24.159078488632144
24.248920576694747
24.338928985279928
24.42910385208204
24.51944531527529
24.6099535135084
24.700628585902624
24.791470672049634
24.88247991201476
24.97365644632368
25.065000415969163
25.156511962410036
25.248191227561037
25.34003835380099
25.43205348395977
25.524236761326762
25.616588329641534
25.709108333091237
25.801796916319784
25.894654224408875
25.987680402888156
26.080875597730635
26.174239955348966
26.267773622593204
26.361476746749066
26.455349475535705
26.549391957107446
26.64360434004658
26.737986773363
26.832539406490604
26.927262389291624
27.02215587204633
27.117220005455035
27.21245494063757
27.30786082912511
27.403437822867986
27.499186074222653
27.595105735957283
27.691196961247538
27.787459903672342
27.883894717213657
27.980501556256698
28.077280575586244
28.17423193037941
28.27135577620914
28.36865226904681
28.466121565247697
28.56376382155683
28.661579195106484
28.75956784341881
28.857729924385218
28.956065596291204
29.05457501779264
29.153258347922606
29.252115746088904
29.351147372071207
29.450353386020552
29.549733948452158
29.64928922025137
29.74901936266261
29.848924537295606
29.949004906117416
30.049260631452082
30.14969187598272
30.250298802742602