0.0026781137421279166
0.0043452941806097455
0.006753617340011853
0.010117169381766511
0.014681553753880222
0.02072417418084213
0.02855450941782011
0.03851450128512358
0.050979164488492386
0.06635751894139989
0.08509394452582689
0.10767006604712331
0.1346072929612635
0.16647016710600931
0.20387071403563828
0.24747405343934353
0.2980056062144196
0.35626034415820457
0.4231146652625013
0.4995416328044611
0.5866304456540729
0.6856109732371517
0.7978836160334695
0.9250527092115791
1.0689560873932298
1.231670592528758
1.4154507117685786
1.6225387890036878
1.854825848723707
2.113492150362256
2.3988718525759483
2.7106262816727726
3.048052133770781
3.410333774365273
3.79668503931955
4.206408873338471
4.638913011058617
5.093706341937044
5.570388404980113
6.06863752014195
6.5881997150540075
7.1288791243196465
7.690529929510253
8.273049685304787
8.876373817438658
9.50047108303716
10.145339810777466
10.811004769506766
11.497514542934452
12.204939312466207
12.933368970353557
13.682911501211331
14.453691582589
15.245849365241998
16.059539401497865
16.8949296962828
17.752200860227006
18.63154534805269
19.533166768580685
20.45727925502268
21.40410688627174
22.373883151388117
23.36685045084291
24.3832596289875
25.42336953320336
26.487446595762183
27.575764435063093
28.688603473377512
29.826250568617574
30.988998657986144
32.177146411662086
33.39099789491515
34.630862237227454
35.897053307229875
37.18988939239747
38.50969288257978
39.85678995660236
41.23151027126964
42.63418665221163
44.06515478612858
45.524752914071726
47.013321525469095
48.53120305272218
50.07874156625128
51.65628246995111
53.264172197072426
54.90275790665902
56.572387180669494
58.27340772202661
60.00616705385687
61.7710122202866
63.56828948914509
65.39834405702621
67.26151975717758
69.15815877075362
71.0886013419336
73.05318549752927
75.05224677165677
77.08611793609624
79.1551287369809
81.25960563843833
83.39987157384208
85.5762457052921
87.78904319195684