1.9859446137283985e-12
1.9859446137283985e-12
1.9859446137283985e-12
1.9859446137283985e-12
1.9859446137283985e-12
1.9859446137283985e-12
1.9859446137283985e-12
1.9859446137283985e-12
1.9859446137283985e-12
1.9859446137283985e-12
1.9859446137283985e-12
1.9859446137283985e-12
1.9859446137283985e-12
3.971889227456797e-12
4.096010765814822e-12
5.213104611037046e-12
9.184993838493843e-12
3.661585381561735e-11
1.474563875693336e-10
5.23048162640717e-10
1.6729100939894596e-9
4.868046734401737e-9
1.2970700758413602e-8
3.201628196868402e-8
7.383617952303828e-8
1.6033101825705808e-7
3.2993081239100166e-7
6.470517855373017e-7
1.215280560504955e-6
2.195173932629292e-6
3.8275044755972095e-6
6.462760631590256e-6
0.000010597698642507999
0.000016919460557805074
0.000026357945083413667
0.0000401465956086682
0.000059891958040522714
0.00008765195482455634
0.00012602273601252243
0.0001782338983557707
0.00024825160845823194
0.00034088905207908284
0.0004619237670918067
0.0006182207636099798
0.0008178613693431364
0.0010702761756800178
0.0013863819756446169
0.0017787215669496914
0.00226160571985403
0.0028512567213632533
0.0035659526446727634
0.004426171841408858
0.005454737096135133
0.0066769589826332805
0.00812077798045795
0.009816904998391678
0.01179896013090558
0.014103609362270434
0.01677069907458535
0.01984338834197471
0.023368278821543867
0.027395542496784
0.03197904693258836
0.03717647842926321
0.0430494629582387
0.04966368491969493
0.05708900390853379
0.065399569392006
0.07467393345104209
0.08499516149927112
0.09645094097885847
0.10913368795273157
0.12314065152294126
0.1385740158904655
0.15554099992563153
0.17415395390322985
0.19453045332126834
0.21679338938408438
0.2410710558228784
0.26749723182627855
0.2962112606403049
0.32735812351762367
0.3610885086756261
0.3975588748626679
0.43693150940946435
0.4793745802490478
0.5250621820440549
0.5741743749344916
0.6268972187694615
0.6834227989229549
0.7439492463305417
0.8086807509157219
0.8778275685191342
0.9516060215722887
1.0302384937367564
1.1139534187837494
1.2029852641483887
1.2975745094039264
1.3979676184246363
1.5044170162084753
1.6171810452436446
1.7365239352285209
1.8627157654831867
1.9960324117132047
2.13675552104555
2.285172457256506
2.4415762595118036
2.606265598427594
2.7795447321995717
2.9617234633757823
3.1531170960171924
3.3540463935185856
3.5648375366486538
3.785822081596918
4.017336917267852
4.259724221130354
4.513331412265918
4.778511100446785
5.05562102920995
5.345024011013101