1.9859446137283985e-12
1.9859446137283985e-12
1.9859446137283985e-12
1.9859446137283985e-12
1.9859446137283985e-12
1.9859446137283985e-12
1.9859446137283985e-12
1.9859446137283985e-12
1.9859446137283985e-12
1.9859446137283985e-12
1.9859446137283985e-12
1.9859446137283985e-12
1.9859446137283985e-12
1.9859446137283985e-12
1.9859446137283985e-12
1.9859446137283985e-12
1.9859446137283985e-12
0.
0.
0.
1.9859446137283985e-12
0.
4.2201323041728465e-12
6.702563071333345e-12
6.702563071333345e-12
1.0922695375506191e-11
2.6437887670259306e-11
7.261109993944457e-11
1.907748044562843e-10
4.560225319273835e-10
1.0403867345169648e-9
2.2660869258024606e-9
4.7228245345228476e-9
9.457068250574633e-9
1.8249962149395475e-8
3.4022830757779847e-8
6.144351276875799e-8
1.077721252039675e-7
1.8399913379885807e-7
3.0636571772603883e-7
4.983844682397472e-7
7.934146623537011e-7
1.2378763900768798e-6
1.895356619023946e-6
2.8514300749650716e-6
4.2197254337701095e-6
6.148924410835063e-6
8.831153494168934e-6
0.00001251163402163645
0.000017499886011617938
0.000024182476562092557
0.00003303738046438322
0.00004465016292108467
0.000059731915232477724
0.00007913910840895426
0.00010389524828344993
0.0001352146243059859
0.00017452794163431211
0.00022350985973137964
0.0002841086212936406
0.0003585775008011004
0.0004495082493140716
0.0005598663725450486
0.0006930282199879496
0.0008528198827464144
0.001043557781773334
0.0012700908595124124
0.0015378444219838233
0.0018528653488133426
0.0022218688674411047
0.002652286560353725
0.0031523156098081546
0.0037309693629604644
0.004398128843917843
0.0051645954065916546
0.006042144337949117
0.007043579293127524
0.008182787678961155
0.009474796760516128
0.010935830506644909
0.012583367123298255
0.014436197295198775
0.01651448295962354
0.018839816771667767
0.021435282020938543
0.024325513269394687
0.027536757340947064
0.031096935044244805
0.035035703281976006
0.03938451778958876
0.044176696454280365
0.04944748313705112
0.05523411210134011
0.06157587308696885
0.06851417698086126
0.07609262216794974
0.08435706152714077
0.09335567019410353
0.1031390139969212
0.1137601187331623
0.1252745401765384
0.13774043497400976
0.1512186323087207
0.1657727065484603
0.1814690507318191
0.19837695096874924
0.21656866183508994
0.2361194827183604
0.2571078352029464
0.27961534134263205
0.30372690307926925
0.3295307827312515
0.3571186843927909
0.38658583658694684
0.41803107598585226
0.4515569322007428
0.48726971384373546
0.5252795957261884
0.5657007073654257
0.6086512227558878