0.00039822444726717455
0.0007177435048857301
0.0012253107007529239
0.0019969347578649424
0.0031267814362882173
0.00472860802687889
0.006937012567292515
0.009908541690884733
0.013822705073409618
0.018882941574966557
0.0253175743470459
0.033380780677890194
0.04335358909382812
0.055544901175192715
0.0702925207708762
0.08796415871352735
0.10895836860099775
0.13370535850825657
0.1626676165256864
0.19634028425556255
0.23525121365363574
0.27996064747512855
0.33106047303271197
0.3891730115805563
0.4549493206858053
0.5290670025738615
0.6122275265156313
0.7051530855056685
0.8085830151473932
0.9232698044995507
1.0499747237427264
1.189463081697807
1.342499109681143
1.5098404490767527
1.6922322049837228
1.8904005238577581
2.105045669712267
2.3368346210630992
2.586393297507153
2.8542986518419764
3.141071018791511
3.447167266467278
3.7729754013023356
4.1188112929667176
4.484918045307808
4.871468284074377
5.278569270381023
5.706270392728036
6.15457231987283
6.623436974877811
7.11279752460429
7.622567731566138
8.152650226449348
8.702943472749784
9.273347372048491
9.863767583383257
10.474118703426507
11.104326485978108
11.754329282528019
12.424078871262807
13.113540819751382
13.822694501411458
14.55153286218738
15.300062012674951
16.06830070325961
16.856279725453547
17.664041271233952
18.491638273568764
19.339133744399675
20.206600121574557
21.09411863235406
22.00177867844316
22.929677245547065
23.87791833899076
24.84661244601577
25.83587602466047
26.845831018653772
27.87660439754902
28.92832772108609
30.00113672668425
31.095170939029384
32.21057330064264
33.34748982282671
34.506069253008164
35.68646276664498
36.88882366771792
38.11330711220623
39.36006984476663
40.62926995102797
41.921066624524855
43.235619947771546
44.57309068705498
45.93364010053636
47.31742975936787
48.724621381467564
50.155376677734075
51.60985721044898
53.08822426366488
54.59063872538611
56.11726098139882
57.668250820577136
59.24376735155329
60.843968930615176
62.4690131007118