0.000544469650535012
0.0009645741650079778
0.0016216068047369189
0.002606704061227938
0.0040313907715005025
0.0060289793039458636
0.008755793578533325
0.012392275654760207
0.0171440303870502
0.023242855392353573
0.030947790693369552
0.04054620593397894
0.05235492620628077
0.06672137894043345
0.08402472719933961
0.10467693917684624
0.12912373029188834
0.15784530534964425
0.19135682313776303
0.23020850629502648
0.27498532481942395
0.32630619217105367
0.3848226279009006
0.45121685833225794
0.5261993457426466
0.6105057542078458
0.7048933742053901
0.8101370366143301
0.9270245470900054
1.0563516639197998
1.1989166260600834
1.3555142160233447
1.5269293198349039
1.7139299315545538
1.917259554486971
2.1376289892252713
2.3757075834957564
2.6321141577752316
2.907408007335668
3.2020805867269497
3.5165486519421054
3.8511496973352046
4.2061404121030055
4.581698591621229
4.977928484142294
5.394869096605276
5.8325046020423255
6.290775811088596
6.769591697754016
7.268840161422477
7.788397479665202
8.328136181306657
8.887931293721373
9.467665072193094
10.067230404816085
10.686533119445343
11.325493416384846
11.984046628383863
12.662143478655457
13.35974997522499
14.07684705029821
14.813430027689256
15.569507980435823
16.345103024193385
17.140249579202557
17.954993623934254
18.789391956311707
19.6435114731096
20.51742847422889
21.411227995898273
22.32500317479321
23.25885464382359
24.21288995936023
25.18722305912201
26.18197374958374
27.197267221495625
28.233233592133352
29.29000747271753
30.367727559639867
31.46653624806055
32.58657926662785
33.728005332110946
34.89096582329665
36.07561446994145
37.28210706565095
38.51060118754343
39.761255938349294
41.034231700489975
42.32968990485536
43.64779281331261
44.988703314521466
46.35258473267084
47.73960064882378
49.14991473455511
50.583690597657686
52.04109163968612
53.52228092513892
55.02742106213121
56.55667409438421
58.11020140442582
59.6881636278549
61.29072057857827
62.91803118491854
64.57025343648402