0.0005538617811273916
0.0009802908028358399
0.0016466487544370516
0.0026449738422377115
0.004087819923561928
0.006109653559953384
0.008868077012385935
0.012544935366411597
0.017347363843263335
0.023508822435418086
0.031290151831858425
0.04098066825394705
0.052899297084246844
0.06739572703447665
0.08485154908015473
0.10568132865285688
0.13033354657754728
0.159291335003081
0.193072930080157
0.2322317633857678
0.2773561203797001
0.3290683048066712
0.38802326339790894
0.4549066430775146
0.5304322720301583
0.6153390735486101
0.7103874356305441
0.8163550672627764
0.9340323722079709
1.0642173625273323
1.2077101169557005
1.3653067666920777
1.5377929688014291
1.7259368133482067
1.9304811175650889
2.1521351018806967
2.3915655333872174
2.6493875674276888
2.926155710941053
3.2223555385143525
3.538396957174452
3.8746098651523337
4.2312429178021
4.608465803388614
5.006374961369754
5.425002216652056
5.864325433056682
6.324280128867038
6.804771046557826
7.3056828759420815
7.826889610899197
8.368262294562145
8.929675128219149
9.511010066659184
10.11216010242367
10.733031469408758
11.373544990499273
12.03363676955835
12.713258396414275
13.412376800717789
14.130973861054459
14.86904585012362
15.626602776441935
16.403667666590984
17.200275819695392
18.016474056277886
18.85231997669416
19.707881239199327
20.583234863954246
21.47846656665486
22.393670123639215
23.328946768947237
24.284404623061658
25.26015815241046
26.256327658454964
27.27303879489699
28.310422111569714
29.368612623483937
30.447749403600234
31.54797519790633
32.66943606154699
33.81228101478978
34.97666171818908
36.16273216271588
37.370648383773364
38.60056818190009
39.85265086588047
41.12705700774663
42.423948212444444
43.74348690117703
45.085836108007896
46.45115928934011
47.83962014596472
49.251382457374646
50.686609928099216
52.14546604584495
53.62811395127491
55.13471631920032
56.665435251118744
58.22043217889402
59.79986777950814
61.40390190075545
63.03269349778646
64.68640058039831