0.0006610055447670678
0.0011586156958084746
0.0019294219566919951
0.0030752779541371325
0.004719902366466079
0.007010254758973608
0.010117750438750711
0.014239379351643395
0.019598787689129493
0.026447368722514734
0.03506539256201563
0.045763185666113225
0.0588823507981443
0.07479699802040043
0.09391493901006416
0.11667878042945631
0.1435668397965257
0.1750937992842539
0.21181101047242046
0.2543063665658447
0.30320366818222844
0.35916142334574375
0.42287104132452386
0.4950544004820277
0.5764607911419528
0.667863251597751
0.7700543269568658
0.8838412834239391
1.0100408040376185
1.1494731745140991
1.302955944204139
1.4712970204040978
1.6552871357992125
1.8556916312182112
2.0732415361195584
2.3086240247329544
2.5624724856966714
2.835356661646432
3.127773557080368
3.4401400108616262
3.7727878965835733
4.125962769338326
4.499826415839931
4.894463223302191
5.309889745594859
5.746066428210362
6.202910285397022
6.680307401439717
7.17812438505743
7.696218236292268
8.234444397692519
8.792663002793702
9.370743488573744
9.968567815721494
10.586032560474383
11.223050127658599
11.879549302087348
12.555475317491876
13.250789584896628
13.96546918944455
14.69950623736898
15.452907113027075
16.225691689028555
17.01789251966628
17.82955403842296
18.660731773315128
19.511491588897808
20.381908960050858
21.27206828033293
22.18206220579793
23.11199103417682
24.06196211845189
25.032089313453913
26.022492453879444
27.033296861919187
28.064632882770727
29.116635446276398
30.189443653044595
31.283200383499825
32.398051928427
33.53414763972585
34.69163960015982
35.8706823115329
37.071432396929644
38.294048326407236
39.53869014830979
40.80551924260508
42.0946980854478
43.40639002783217
44.7407590874196
46.097969753159745
47.47818680234766
48.88157512983785
50.30829958915981
51.75852484530963
53.23241523903721
54.730134662449196
56.25184644579823
57.797713255321085
59.36789700201111
60.96255876123275
62.58185870306592
64.22595603331375
65.89500894507945