0.047730269846509986
0.06774891229523539
0.09386785059830634
0.1274103305925431
0.16991007916326167
0.22313173333479253
0.2890844234873232
0.3700231266831999
0.46842993570166935
0.5869620137811072
0.7283414642702296
0.8951448112184699
1.0894502883407966
1.3123922685157634
1.563875240605994
1.8427340109530075
2.147250241033893
2.4756444230695624
2.826337130279562
3.198021476398952
3.5896465303704344
4.000374174183027
4.429535368644054
4.8765935849208875
5.341116259020903
5.822753069963099
6.321219522349443
6.8362845125657286
7.367760852141715
7.915497983891893
8.479376330725762
9.059302868757717
9.655207620927955
10.267040859895685
10.894770844028622
11.538381972328882
12.197873262300755
12.873257080807996
13.564558073894048
14.27181225390427
14.995066211592684
15.734376428001973
16.48980866634676
17.261437428359045
18.049345462802155
18.853623316413906
19.67436891956646
20.51168720044717
21.36568972288683
22.236494343862674
23.124224887561294
24.02901083345514
24.950987016395832
25.890293337060832
26.84707448148718
27.821479648617377
28.813662285021017
29.82377982613898
30.85199344347232
31.898467797338473
32.96337079481032
34.046873352624665
35.14914916482066
36.27037447499017
37.41072785303178
38.57038997630393
39.74954341525074
40.94837242336679
42.16706273161125
43.405801347269815
44.66477635735721
45.94417673662216
47.24419216023756
48.565012821315634
49.90682925334721
51.2698321576933
52.65421223628498
54.06016002967101
55.48786576056014
56.93751918304424
58.4093094376192
59.90342491222585
61.42005310943056
62.959380519936104
64.5215925025823
66.10687317099375
67.71540528703672
69.34737016123852
71.0029475603099
72.68231562191905
74.3856507768337
76.1131276785664
77.86491914063127
79.64119608150011
81.44212747737734
83.26788032284256
85.1186195994405
86.99450825228348
88.89570717469618
90.82237520093373
92.77466910700721
94.75274361961259
96.75675143316202
98.78684323490279