-0.97040075890603E-30
-0.15526412142497E-28
-0.78602461471389E-28
-0.10293287151998E-15
 0.28843763684281E-12
 0.53010567336413E-11
 0.42592244651532E-10
 0.19395952987400E-09
 0.85626981349550E-09
 0.31086620683722E-08
 0.10785498743338E-07
 0.32710135483764E-07
 0.87371090318990E-07
 0.20988885782616E-06
 0.45862613399425E-06
 0.82097736516417E-06
 0.24047403809992E-06
-0.21579224150275E-04
 0.40264279599332E-06
 0.12969611373289E-05
 0.12734091746015E-05
-0.43740598999450E-05
 0.33852665637613E-05
 0.73999971758880E-06
 0.13660549019999E-04
 0.89865036514404E-05
 0.24875539176795E-04
 0.30247215707470E-04
 0.89584809806914E-04
 0.59209016927553E-04
 0.10570621866049E-03
 0.14785382420978E-03
 0.19328031903030E-03
 0.21437889798735E-03
 0.12820635038191E-03
-0.16924649484546E-03
-0.84466665549373E-03
-0.20321218332720E-02
-0.34109170143409E-02
-0.39005589964881E-02
-0.19865912881395E-02
 0.27213106938636E-02
 0.79726634262048E-02
 0.99719022055023E-02
 0.68482669569940E-02
 0.58876437161267E-03
-0.48732394838209E-02
-0.69977787647863E-02
-0.59441510972499E-02
-0.34342614486497E-02
-0.10640227531362E-02
 0.45690417040918E-03
 0.10616803273567E-02
 0.11627540352173E-02
 0.98352271855810E-03
 0.73413206675697E-03
 0.50579460273913E-03
 0.32874275569551E-03
 0.19839926231943E-03
 0.11955026633584E-03
 0.63710859241657E-04
 0.31093324993515E-04
 0.12089391949278E-04
 0.41845173448555E-06
-0.55397804759348E-05
-0.85274917206225E-05
-0.96234753169103E-05
 0.32929907809045E-03
 0.66532311148086E-03
-0.28174536166553E-03
-0.75766665692851E-05
 0.39620053026322E-03
-0.17114425683252E-03
-0.37694923642413E-03
 0.59496554159783E-03
-0.26225782081275E-03
 0.12258266853208E-05
-0.59589966096244E-05
-0.11810362680388E-04
-0.40022900167238E-05
 0.20613662796098E-04
 0.19360190864269E-04
-0.85781120151710E-05
-0.14836729663757E-04
-0.30580136111166E-04
-0.14009529464037E-04
-0.15082098644101E-04
 0.71012676305591E-05
 0.88647742259893E-05
 0.89553538030650E-05
 0.10289767809335E-04
 0.11389250532202E-04
 0.18330009714786E-05
 0.20114739540655E-05
 0.20867565827627E-05
 0.30422307772340E-05
 0.23862688521223E-05
-0.21997011825332E-05
-0.21084495949860E-05
-0.21800552018659E-05
-0.21543775130849E-05
-0.21045547808968E-05
 0.12193788915015E-06
-0.19349633160434E-05
-0.35004667477546E-02
-0.16555471164857E-05
-0.16691038086378E-05
-0.15120220297191E-05
-0.13776224215164E-05
-0.46238313954191E-04
-0.93557732410723E-06
 0.30565575092941E-03
 0.30527598711844E-07
-0.25651931790780E-07
 0.21241998190973E-06
-0.42029900643192E-05
-0.60136643304774E-08
-0.29476625076089E-06
 0.81468440242156E-07
 0.46351330349627E-07
