 0.53334783517943E-08
 0.76141029437800E-08
 0.10437989337925E-07
 0.13831617277147E-07
 0.17811995598117E-07
 0.22389401095368E-07
 0.27570190410422E-07
 0.33359320034341E-07
 0.39762458142326E-07
 0.46787579994927E-07
 0.54445875518407E-07
 0.62752111339680E-07
 0.71724315739699E-07
 0.81383049138455E-07
 0.91750076767987E-07
 0.10284678570918E-06
 0.11469221976596E-06
 0.12730101615338E-06
 0.14068124648771E-06
 0.15483235975345E-06
 0.16974331691232E-06
 0.18539100427675E-06
 0.20173902725664E-06
 0.21873690988644E-06
 0.23631970405821E-06
 0.25440791791661E-06
 0.27290767911691E-06
 0.29171091638447E-06
 0.31069535065523E-06
 0.32972407797843E-06
 0.34864451538567E-06
 0.36728663996274E-06
 0.38546060796549E-06
 0.40295412830269E-06
 0.41953043027493E-06
 0.43492803791450E-06
 0.44886405306375E-06
 0.46104271547305E-06
 0.47117065719105E-06
 0.47897897289169E-06
 0.48425026805639E-06
 0.48684652720006E-06
 0.48673151619749E-06
 0.48398232271684E-06
 0.47878574434096E-06
 0.47142006599335E-06
 0.46222619982153E-06
 0.45157461633392E-06
 0.43983444087557E-06
 0.42734919665878E-06
 0.41442108055155E-06
 0.40130342589076E-06
 0.38819965706975E-06
 0.37526662354372E-06
 0.36262034390747E-06
 0.35034268077847E-06
 0.33848795334176E-06
 0.32708893794292E-06
 0.31616200323353E-06
 0.30571133544177E-06
 0.29573230836131E-06
 0.28621411059262E-06
 0.27714175722028E-06
 0.26849759901942E-06
 0.26026244103250E-06
 0.25241635890697E-06
 0.24493928202244E-06
 0.23781140226632E-06
 0.23101345318707E-06
 0.22452689155414E-06
 0.21833401022727E-06
 0.21241799803538E-06
 0.20676296440353E-06
 0.20135393773639E-06
 0.19617684711404E-06
 0.19121849071678E-06
 0.18646649868960E-06
 0.18190929012072E-06
 0.17753602884216E-06
 0.17333657883583E-06
 0.16930145908989E-06
 0.16542180182448E-06
 0.16168930933463E-06
 0.15809621937886E-06
 0.15463526016601E-06
 0.15129962397407E-06
 0.14808293053010E-06
 0.14497919785106E-06
 0.14198281417736E-06
 0.13908851176193E-06
 0.13629134360788E-06
 0.13358666017261E-06
 0.13097008942765E-06
 0.12843751763803E-06
 0.12598507181217E-06
 0.12360910308479E-06
 0.12130617221445E-06
 0.11907303495135E-06
 0.11690662980851E-06
 0.11480406562341E-06
 0.11276261087404E-06
 0.11077968292960E-06
 0.10885283919712E-06
 0.10697976772478E-06
