 0.22906265777336E-05
 0.32924759339482E-05
 0.50523318245700E-05
 0.77182272595005E-05
 0.12042259585015E-04
 0.19362451932574E-04
 0.29772087157734E-04
 0.42410239192856E-04
 0.84661112512362E-04
-0.42521902765065E+00
 0.98860752201959E-05
-0.88193693046224E-04
-0.97752184634821E-04
 0.15058493791922E+01
-0.25080270944255E-04
-0.84023803696900E-05
-0.20941567839852E-05
 0.20006569365730E-06
 0.97570794686383E-06
 0.12736430787992E-05
 0.12410553744795E-05
 0.93447773200036E-06
 0.82791191026820E-06
 0.95118632134976E-06
 0.61579618900760E-06
 0.46091838842117E-06
 0.43951252911916E-06
 0.17330954723854E-06
 0.34543888908455E-06
 0.25850850285170E-06
 0.24291850506273E-06
 0.26405843266388E+01
 0.13015110246266E-06
 0.10448609236641E-06
 0.52858430537527E-07
 0.11401625527718E-06
 0.79013699820881E-07
 0.71514654022427E-07
 0.51286961589187E-07
 0.43496205285312E-07
 0.36828480168302E-07
 0.33775318288431E-07
 0.24464513435520E-07
 0.21950137929834E-07
 0.15111656401309E-07
 0.15612976417916E-07
 0.12916261131849E-07
 0.85029538143295E-08
 0.79546548673181E-08
 0.61649344338964E-08
 0.46097702303363E-08
 0.32577837233265E-08
 0.20824815280622E-08
 0.11336171314919E-08
 0.17184150558438E-09
-0.60072192265905E-09
-0.12687618132881E-08
-0.18485514478714E-08
-0.23499791151942E-08
-0.27827060142826E-08
-0.31548365601437E-08
-0.34740967133092E-08
-0.37467746024651E-08
-0.39780502491118E-08
-0.41734322676811E-08
-0.43369493694141E-08
-0.44724659625072E-08
-0.45832983852939E-08
-0.46726038448531E-08
-0.47429648520836E-08
-0.47982734100220E-08
-0.48355593625895E-08
-0.48620039723863E-08
-0.48770706027652E-08
-0.48827114643442E-08
-0.48798329292879E-08
-0.48861640811920E-08
-0.48536086675288E-08
-0.48308402926745E-08
-0.48065241976542E-08
-0.47756961776589E-08
-0.47435206530253E-08
-0.47083264492052E-08
-0.46715219216276E-08
-0.46323331960268E-08
-0.45931603556364E-08
-0.45526370260008E-08
-0.45102655402381E-08
-0.44700222480167E-08
-0.44287655357528E-08
-0.43876291856279E-08
-0.43470914705285E-08
-0.43070788640408E-08
-0.42679031346334E-08
-0.42288785794333E-08
-0.41917841258500E-08
-0.41516140740777E-08
-0.41229194038355E-08
-0.40729594420512E-08
-0.40561297808524E-08
-0.39796445583099E-08
-0.39980610257633E-08
-0.39659459955649E-08
-0.39179826884075E-08
