0.03695322915525432
0.052835765699622395
0.07361229110850245
0.10032795731939048
0.13419369236376594
0.17661358563673135
0.22921631085804417
0.29389012964436906
0.37281953910568744
0.4685171841331526
0.5838323354047131
0.7218871369287343
0.885836955984295
1.0783259143041293
1.300724759524964
1.5527252114506624
1.8327627109985374
2.1388306166753503
2.4690382637369064
2.8218088622299127
3.1958872581584834
3.5902878888770116
4.004236795747843
4.437123090538758
4.888461716765749
5.357865686022743
5.845025500175475
6.3496938382277675
6.87167406455931
7.410811515750681
7.96698682126774
8.540110726068528
9.130120032748575
9.736974386035415
10.360653696706764
11.001156054878443
11.658496020660651
12.332703207879945
13.023821096740424
13.731906026483609
14.457026330270134
15.199261583022716
15.958701939449364
16.735447544430208
17.529608001677026
18.34130188965986
19.170656315968493
20.01780650318628
20.88289540063523
21.766073317623697
22.66749757454678
23.58733216897373
24.525747454391222
25.482919829703288
26.45903143792924
27.45426987281911
28.468827892363613
29.502903138320445
30.55669786103545
31.630418648989387
32.72427616254032
33.83848487148255
34.97326279607694
36.12883125127528
37.305414593925555
38.50323997278643
39.72253708122877
40.963537912539564
42.22647651778847
43.51158876623405
44.819112108336654
46.14928534138106
47.502348377849685
48.878542016653455
50.2781077173656
51.701287377647965
53.148323114082714
54.61945704662021
56.114931086923185
57.63498673087118
59.17986485551718
60.74980552082321
62.34504777648216
63.96582947419064
65.61238708569887
67.28495552699711
68.9837679890208
70.70905577519278
72.46104814621002
74.23997217237554
76.04605259388264
77.87951168932919
79.74056915281545
81.6294419799337
83.54634436292348
85.49148759527317
87.4650799860101
89.46732678390036
91.49843011175595
93.55858891101514
95.64799889675731
97.76685252323128
99.91533896000755
102.0936440788135