0.0015892376685695323
0.0016767810696755574
0.0017682079978858826
0.0018636470140698063
0.001963229358880641
0.0020670889661608374
0.0021753625277334296
0.0022881894330789663
0.0024057118474079577
0.002528074687953663
0.002655425683178064
0.0027879153249850716
0.0029256969567226982
0.003068926745255711
0.003217763695363728
0.0033723696867294425
0.00353290947431098
0.0036995506956650757
0.0038724639024739407
0.004051822585990179
0.004237803146875256
0.004430584932187711
0.004630350278825702
0.004837284481751888
0.005051575826016788
0.005273415621761053
0.005502998179018794
0.005740520835396687
0.005986183995668743
0.006240191102359499
0.006502748694453515
0.006774066364697553
0.00705435683469412
0.007343835919899183
0.007642722563879722
0.007951238868971746
0.008269610062643356
0.008598064551363494
0.008936833942943817
0.009286152992421715
0.009646259693165507
0.010017395269054792
0.01039980413649926
0.010793734000012274
0.011199435817456834
0.011617163810471795
0.012047175496867586
0.012489731698694101
0.012945096564830838
0.013413537564904925
0.013895325523424547
0.014390734613572882
0.014900042403505419
0.015423529837855854
0.01596148128266809
0.016514184518569553
0.017081930739405848
0.017665014641111785
0.01826373433221975
0.018878391446065578
0.019509291084065006
0.020156741881373966
0.020821056004778522
0.02150254913978623
0.02220154056770561
0.02291835312679611
0.023653313259558408
0.024406751010624343
0.025179000076157292
0.025970397755941264
0.026781285050940403
0.02761200663214452
0.02846291084118966
0.02933434976470694
0.030226679196837813
0.03114025868267663
0.032075451547439196
0.033032624892242624
0.03401214960726224
0.035014400400776004
0.03603975583925577
0.037088598308889616
0.03816131410035687
0.03925829335905533
0.040379930173599955
0.04152662253461451
0.04269877237370573
0.04389678558692226
0.04512107206615746
0.046372045668863694
0.047650124285078005
0.0489557298351879
0.05028928829351444
0.051651229684464506
0.053041988140371386
0.05446200189144097
0.05591171327667445
0.057391568772664464
0.058902019031079854
0.060443518860543916
0.0620165272591542
0.06362150743248018
0.0652589268226077
0.06692925709597498
0.06863297417738205
0.07037055827407021
0.07214249386740594
0.0739492697519792
0.07579137905223565
0.07766931919889364
0.07958359200205176
0.08153470362946753
0.08352316461114999
0.08554948989360071
0.0876141988250434
0.089717815155548
0.09186086709797436
0.09404388729110814
0.09626741283528373
0.09853198531931853
0.10083815079047564
0.10318645980374007
0.10557746741685387
0.10801173320396948
0.11048982124969195
0.11301230019165262
0.11557974320437325
0.11819272799442536
0.12085183685889145
0.12355765663174446
0.1263107787367236
0.12911179917157092
0.13196131850083215
0.1348599419016577
0.13780827914307425
0.14080694456302237
0.14385655711974266
0.14695774037179238
0.15011112247754888
0.15331733619458898
0.1565770188844056
0.15989081252767468
0.16325936368428812
0.1666833235187986
0.17016334779570308
0.17370009688540053
0.1772942357196323
0.1809464338374072
0.18465736535719807
0.1884277089328789
0.192258147826584
0.19614936982778072
0.2001020672843
0.20411693706063133
0.20819468057838658
0.21233600372283637
0.21654161692830565
0.22081223508284845
0.2251485775522033
0.22955136817135288
0.23402133518804893
0.23855921129893143
0.24316573357468332
0.2478416434960259
0.2525876869003464
0.25740461394458564
0.2622931791350275
0.26725414126114155
0.2722882633768414
0.27739631279502286
0.28257906105516833
0.2878372838729535
0.2931717611354066
0.29858327687372593
0.30407261921834744
0.3096405803712662
0.31528795658791403
0.3210155481230432
0.3268241592117352
0.33271459803799835
0.3386876766692316
0.3447442110594515
0.35088502098114976
0.35711092999811034
0.3634227654155128
0.36982135826578244
0.376307543225801
0.3828821586054878
0.38954604629306194
0.3963000517063866
0.40314502375176103
0.4100818147707961
0.4171112805006956
0.42423427999903884
0.43145167565482684
0.4387643330657268
0.44617312102044654
0.4536789114489615
0.4612825793592134
0.4689850027761659
0.4767870627032032
0.4846896430539873
0.49269363059114174
0.5007999148687835
0.5090093881755511
0.5173229454802397
0.5257414843543486
0.5342659049214404
0.5428971097979345
0.5516360039964167
0.5604834948999456
0.5694404921726861
0.5785079077011985
0.5876866555282831
0.5969776517648528
0.6063818145416505
0.615900063914172
0.6255333218317589
0.6352825120117407
0.6451485599065415
0.6551323926114583
0.665234938779513
0.6754571285749077
0.6857998935533708
0.6962641666282723
0.7068508819486117
0.7175609748605412
0.7283953817801404
0.739355040143644
0.7504408883356991
0.7616538655381857
0.7729949117387807
0.7844649675707173
0.7960649742606534
0.8077958735164664
0.819658607480335
0.8316541185840133
0.8437833495050161
0.8560472430369117
0.8684467420244069
0.880982789258215
0.8936563273804764
0.9064682987735447
0.9194196454919688
0.9325113091506589
0.9457442308057303
0.9591193508857396
0.9726376090678115
0.9862999441866581
1.0001072941226208
1.0140605957026216
1.0281607845944114
1.0424087951815795
1.0568055604848612
1.0713520120136875
1.0860490797020148
1.1008976917555313
1.115898774554842
1.1310532525423942
1.146362048087433
1.1618260813978754
1.1774462703801762
1.1932235305196766
1.2091587747665342
1.2252529134129686
1.2415068539641745
1.2579215010038975
1.2744977560876902
1.2912365175908633
1.3081386806016166
1.3252051367670048
1.3424367741781238
1.3598344772231525
1.3773991264644712
1.3951315984831378
1.4130327657610964
1.431103496517585
1.4493446545901034
1.467757099284722
1.4863416852213025
1.5050992621918753
1.5240306750427242
1.5431367634774047
1.5624183619398226
1.5818762994583373
1.6015113995004138
1.62132447979178
1.6413163522137766
1.6614878225814278
1.6818396905626396
1.7023727494558965
1.7230877860764424
1.7439855805856146
1.7650669063314701
1.7863325296777477
1.8077832098731665
1.8294196988678513
1.851242741165752
1.8732530736614228
1.8954514254868573
1.9178385178274158
1.9404150638010549
1.9631817682787243
1.986139327716305
2.0092884300190703
2.0326297543783403
2.056163971105904
2.07989174148644
2.103813717649422
2.127930542369655
2.152242848961898
2.1767512611029955
2.2014563927207913
2.2263588478143976
2.251459220341743
2.276758094068765
2.302256042450623
2.3279536284728266
2.3538514045562797
2.379949912416032
2.4062496829468363
2.4327512360939414
2.459455080763102
2.4863617147036567
2.5134716243979347
2.540785284989391
2.568303160149051
2.596025702027972
2.6239533511691158
2.6520865363997377
2.680425674792038
2.708971171603087
2.737723420197747
2.766682802002127
2.7958496864660947
2.825224431016239
2.8548073810367516
2.884598869823504
2.914599218590377
2.9448087364491533
2.9752277203953676
3.0058564553251865
3.036695214050677
3.067744257302287
3.099003833764469
3.130474180099761
3.1621555210199053
3.194048069281383
3.226152025795508
3.258467579647915
3.290994908194504
3.323734177123256
3.3566855405512914
3.3898491411062985
3.4232251100235933
3.456813567263539
3.490614621600667
3.5246283707680273
3.5588549015561175
3.5932942899563627
3.6279466012925634
3.6628118903693436
3.697890201610299
3.7331815692142634
3.768686017311085
3.8044035601300576
3.84033420215743
3.8764779383078176
3.9128347541092703
3.9494046258798954
3.9861875209043576
4.023183397610259
4.060392205789195
4.097813886760101
4.1354483735720695
4.173295591203312
4.211355456754416
4.249627879658613
4.2881127618720525
4.326809998508185
4.365719476359109
4.40484107660017
4.444174673340976
4.4837201342426445
4.52347732072559
4.563446088167366
4.60362628610983
4.644017758478713
4.684620343766323
4.7254338752312615
4.766458181127301
4.807693084869212
4.849138405265363
4.890793956671889
4.932659549235585
4.974734989040505
5.0170200783308765
5.059514615677177
5.102218396180316
5.145131211630385
5.188252850714687
5.231583099177723
5.275121739986653
5.318868553523682
5.3628233177382345
5.406985808326429
5.451355798877547
5.495933061041471
5.5407173646744035
5.585708478009905
5.630906167787236
5.6763101994158225
5.72192033708882
5.7677363439560185
5.813757982228604
5.859985013332071
5.906417198024759
5.953054296529426
5.999896068640734
6.0469422738487495
6.094192671471013
6.141647020741403
6.189305080926073
6.237166611428826
6.285231371889295
6.333499122294779
6.381969623054218
6.430642635101211
6.479517919990838
6.528595239964567
6.577874358053529
6.627355038153362
6.677037045089993
6.7269201447078935
6.777004103934368
6.827288690849936
6.877773674752004
6.928458826224252
6.97934391718913
7.030428720973033
7.081713012364751
7.133196567653829
7.184879164699702
7.236760582969304
7.288840603592795
7.341119009395836
7.393595584945763
7.446270116611783
7.499142392569194
7.552212202860955
7.605479339419026
7.65894359611117
7.7126047687560915
7.766462655157693
7.820517055147902
7.874767770582321
7.929214605393354
7.983857365595049
8.03869585931425
8.093729896796681
8.148959290455721
8.204383854849201
8.260003406727433
8.315817765026384
8.37182675089871
8.42803018771636
8.484427901076032
8.54101971882401
8.597805471060251
8.65478499012771
8.711958110651441
8.769324669525938
8.826884505909298
8.884637461255867
8.942583379294023
9.000722106052484
9.059053489834998
9.117577381242176
9.176293633166042
9.23520210078928
9.294302641576177
9.353595115291983
9.413079383975113
9.47275531195812
9.532622765844605
9.59268161452139
9.652931729136789
9.713372983117985
9.774005252148571
9.83482841416308
9.895842349355558
9.957046940154731
10.018442071229721
10.080027629478995
10.141803504022178
10.20376958618813
10.26592576952228
10.328271949752974
10.390808024805642
10.453533894786645
10.516449461959954
10.579554630762786
10.642849307774195
10.706333401717682
10.770006823443575
10.833869485924554
10.897921304241253
10.962162195573452
11.026592079183938
11.091210876421735
11.156018510689702
11.221014907451117
11.28619999421615
11.351573700514171
11.417135957904321
11.482886699947816
11.548825862203977
11.614953382218445
11.681269199506055
11.747773255541262
11.814465493751829
11.881345859498712
11.948414300065878
12.015670764646035
12.083115204341633
12.150747572135552
12.218567822887522
12.286575913320457
12.354771802006312
12.423155449359376
12.4917268176189