0.0019192299865340718
0.0020227713347707368
0.00213079572272744
0.0022434471681286525
0.0023608725727869095
0.002483221744448203
0.002610647386489894
0.0027433051567543197
0.002881353657122587
0.0030249544522569223
0.0031742720930596434
0.003329474124368696
0.00349073110742365
0.0036582166330225824
0.0038321073274799155
0.004012582888249292
0.004199826074366222
0.004394022734871911
0.004595361823707848
0.00480403542367126
0.005020238721466686
0.005244170080813557
0.005476030994287046
0.005716026148978357
0.005964363409862442
0.006221253860633985
0.006486911784840928
0.006761554697163101
0.007045403366871191
0.007338681813978973
0.007641617328606275
0.00795444049518267
0.008277385209700377
0.008610688643843135
0.00895459135533025
0.009309337186633411
0.009675173385126357
0.010052350557159896
0.010441122675509194
0.010841747153474347
0.011254484795107626
0.011679599830712257
0.01211735995854724
0.012568036329436288
0.013031903575191663
0.013509239807621188
0.014000326668425123
0.01450544929990347
0.01502489640937506
0.015558960233554662
0.01610793658907046
0.01667212490647334
0.017251828181953636
0.017847353057523607
0.01845900980748823
0.019087112347754287
0.019731978291933308
0.02039392892204889
0.02107328922490431
0.021770387919389258
0.02248555746703017
0.023219134093835626
0.02397145776658911
0.02474287229189804
0.02553372526629687
0.026344368120930866
0.027175156130616974
0.02802644844698426
0.02889860810827954
0.02979200205252422
0.030707001141966277
0.03164398018058138
0.03260331794460678
0.03358539718452729
0.034590604644065825
0.035619331105363694
0.03667197136229443
0.0377489243051147
0.03885059286299605
0.03997738410059142
0.0411297091577121
0.04230798334415658
0.04351262612183707
0.04474406112116349
0.04600271615904117
0.047289023289760604
0.048603418794943655
0.049946343195210956
0.05131824130181648
0.052719562213172144
0.05415075934935358
0.055612290451851905
0.057104617608149756
0.05862820728995079
0.06018353035268312
0.061771062062185494
0.06339128209321783
0.06504467458059927
0.06673172813360631
0.06845293582269175
0.07020879520741212
0.07199980840668035
0.07382648202205878
0.07568932723209146
0.07758885979664841
0.07952560002626763
0.08150007285104251
0.08351280781925655
0.08556433908857067
0.08765520550062031
0.08978595053136676
0.09195712232721656
0.0941692737482158
0.09642296234012279
0.0987187503720168
0.10105720484635203
0.10343889747686384
0.10586440478736964
0.10833430800229357
0.11084919316284433
0.11340965108679978
0.11601627737272704
0.11866967243337129
0.12137044148870481
0.12411919459025493
0.12691654658982535
0.12976311720701822
0.1326595309608433
0.13560641723252326
0.13860441026512152
0.14165414913487004
0.14475627778207564
0.14791144498679218
0.15112030441064944
0.15438351455986501
0.15770173879244329
0.1610756453602527
0.16450590732847079
0.16799320262337103
0.17153821405019629
0.17514162922787102
0.1788041406314507
0.1825264455695317
0.18630924616898445
0.1901532493835178
0.19405916698610745
0.19802771552096113
0.20205961635900083
0.20615559563468489
0.2103163842324788
0.21454271781031425
0.21883533674286546
0.22319498615953037
0.22762241585369794
0.23211838033314133
0.23668363875609538
0.24131895496104586
0.2460250973661908
0.25080283902926737
0.25565295758487017
0.2605762352134212
0.2655734586427832
0.27064541909662504
0.27579291228263036
0.28101673835588176
0.2863177019008629
0.2916966118859061
0.2971542816307966
0.30269152878877487
0.30830917530234936
0.31400804738120297
0.31978897543802204
0.325652794072609
0.3316003420276949
0.3376324621490965
0.3437500013616366
0.349953810581018
0.35624474473281376
0.3626236626464676
0.369091427056287
0.37564890454099553
0.3822969654509982
0.3890364839193039
0.3958683377329353
0.40279340834844435
0.4098125808108608
0.41692674369448623
0.4241367890582103
0.43144361240008217
0.43884811257973466
0.44635119177903776
0.45395375542377775
0.4616567121372359
0.4694609736874369
0.47736745490361476
0.4853770736212272
0.4934907506269698
0.5017094095847995
0.5100339769622064
0.518465381996701
0.5270045565530745
0.5356524351446232
0.5444099548077864
0.5532780550363614
0.5622576777173328
0.5713497670545381
0.5805552694889812
0.5898751336206359
0.5993103101518471
0.6088617517841849
0.6185304131573773
0.6283172507425658
0.6382232227902981
0.6482492892364441
0.6583964116123319
0.6686655529732543
0.6790576777989221
0.6895737519134074
0.7002147423986292
0.7109816175005187
0.7218753465478432
0.7328968998476962
0.7440472486015909
0.755327364817706
0.7667382211940883
0.778280791051502
0.7899560482251954
0.8017649669500877
0.81370852179362
0.8257876875218279
0.8380034390351703
0.8503567512158605
0.8628485988861613
0.8754799566397031
0.8882517988005247
0.9011650992358977
0.9142208313331154
0.9274199678311843
0.9407634807214031
0.9542523411557604
0.9678875192982376
0.9816699842406538
0.9956007038791657
1.0096806447661901
1.023910772036924
1.0382920492533243
1.0528254383029478
1.0675118992653971
1.0823523902729326
1.0973478674306607
1.112499284607639
1.1278075933975287
1.1432737429307998
1.158898679740678
1.1746833476571468
1.1906286876469536
1.2067356376968126
1.223005132642115
1.2394381040711095
1.2560354801318918
1.272798185409773
1.2897271408140805
1.306823263355609
1.3240874660773592
1.341520657838195
1.3591237432121812
1.376897622297435
1.3948431905603544
1.4129613387229163
1.4312529525391327
1.4497189126804864
1.4683600945501223
1.4871773681485467
1.5061715978584007
1.525343642326049
1.5446943542783758
1.5642245803321342
1.5839351608507102
1.6038269297580643
1.62390071438569
1.6441573352661993
1.6645976059812737
1.6852223329830538
1.7060323154178862
1.7270283449437411
1.7482112055596695
1.7695816734242125
1.791140516670337
1.8128884952541309
1.8348263607346125
1.856954856143277
1.8792747157596867
1.9017866649780388
1.9244914201007528
1.947389688172642
1.970482166812359
1.9937695440203775
2.017252498041467
2.0409316971576574
2.064807799540286
2.0888814530912474
2.1131532952570575
2.1376239528878527
2.1622940420611365
2.18716416795617
2.2122349246639392
2.2375068950739596
2.2629806506924353
2.288656751555126
2.3145357460302445
2.340618170735788
2.3669045503871198
2.393395397686252
2.4200912131918897
2.4469924852295675
2.474099689764053
2.501413290327354
2.528933737897953
2.556661470831542
2.5845969147761263
2.612740482602144
2.641092574335688
2.6696535771046377
2.698423865065178
2.727403799404904
2.7565937282575477
2.7859939867094337
2.815604896761746
2.8454267673268046
2.875459894236007
2.905704560216497
2.936161034940438
2.966829575013099
2.9977104240262267
3.0288038125983836
3.0601099584058558
3.091629066254519
3.123361328132093
3.1553069232966413
3.187466018343845
3.219838767304809
3.252425311735431
3.2852257808317105
3.318240291533638
3.3514689486712856
3.3849118450400253
3.41856906159267
3.452440667566943
3.486526720608363
3.5208272669562994
3.555342341599248
3.5900719684332114
3.6250161604561972
3.660174919934541
3.6955482385802747
3.7311360977702033
3.7669384687174383
3.8029553126771938
3.839186581157419
3.875632216118137
3.912292150184688
3.9491663068664296
3.986254600777921
4.023556937843228
4.061073215533988
4.098803323082154
4.136747141712352
4.174904544879569
4.213275398464525
4.251859561046119
4.290656884090092
4.329667212204221
4.3688903833628565
4.408326229128727
4.447974574880453
4.487835240492859
4.52790803880953
4.568192778472415
4.608689262395007
4.6493972884637484
4.69031664971156
4.731447134556152
4.772788527012144
4.8143406069099
4.856103150085173
4.898075928606509
4.940258710978054
4.982651262313451
5.025253344580603
5.068064716738588
5.111085134990362
5.154314352919297
5.197752121689263
5.241398190237514
5.285252305441633
5.329314212278155
5.37358365402253
5.418060372373617
5.462744107651285
5.507634598941136
5.552731584227445
5.598034800569902
5.64354398424487
5.689258870863664
5.735179195539878
5.781304692997731
5.827635097718041
5.874170144058747
5.92090956636612
5.967853099126441
6.015000477024335
6.062351435106988
6.109905708864203
6.157663034334772
6.205623148207014
6.2537857879134835
6.302150691736098
6.350717598871299
6.399486249546363
6.44845638506879
6.497627747933434
6.547000081883929
6.596573131993006
6.646346644728769
6.696320368018869
6.746494051323358
6.7968674456927864
6.847440303827523
6.89821238012915
6.949183430758547
7.000353213686533
7.051721488749971
7.103288017674731
7.155052564144946
7.207014893842115
7.259174774460862
7.311531975773236
7.364086269653282
7.416837430105469
7.469785233306638
7.522929457620654
7.576269883642467
7.629806294217225
7.6835384744554185
7.737466211774089
7.791589295889754
7.8459075188659435
7.900420675128718
7.955128561456366
8.010030977010805
8.065127723368363
8.120418604502284
8.175903426811638
8.231581999123689
8.287454132714242
8.343519641290893
8.399778341027538
8.456230050551575
8.512874590956951
8.569711785803783
8.626741461115873
8.683963445394864
8.74137756961689
8.79898366722524
8.856781574133477
8.914771128728528
8.972952171864367
9.031324546859894
9.089888099498562
9.148642678015356
9.207588133102242
9.26672431790482
9.326051087996886
9.385568301396429
9.445275818549012
9.505173502325036
9.565261218003851
9.625538833274009
9.686006218220845
9.746663245315935
9.807509789411377
9.868545727736945
9.929770939866696
9.991185307741558
10.052788715629495
10.114581050132196
10.176562200170446
10.238732056969711
10.301090514051214
10.36363746721294
10.426372814538935
10.489296456364947
10.55240829526649
10.615708236069773
10.679196185811241
10.742872053745016
10.806735751315594
10.870787192161814
10.93502629208037
10.999452969048026
11.064067143158438
11.128868736657903
11.193857673908617
11.259033881374402
11.32439728761115
11.389947823250932
11.455685421003365
11.521610015612543
11.587721543874789
11.654019944602277
11.72050515862441
11.787177128763732
11.854035799827242
11.921081118589887
11.988313033790217
12.055731496104316
12.12333645813886
12.191127874414104
12.25910570135954
12.327269897287456
12.395620422386122
12.464157238707731
12.532880310154022
12.601789602458012
12.670885083177561
12.740166721679595
12.809634489125965
12.879288358460412
12.949128304394163
13.01915430339452
13.089366333678651