0.024850241901627566
0.025833561540708417
0.02684688628273899
0.0278908655807601
0.028966157857207294
0.030073430597994975
0.03121336048880183
0.03238663347613867
0.033593944884519104
0.03483599955957174
0.0361135119340728
0.037427206153184726
0.0387778162204232
0.040166086080818474
0.041592769740692724
0.0430586314329899
0.04456444566531079
0.046110997425954744
0.04769908226559167
0.04932950642709317
0.05100308700999352
0.05272065207363476
0.05448304079467685
0.056291103592336335
0.05814570226727834
0.06004771016731883
0.061998012306457156
0.06399750553889447
0.06604709867049482
0.06814771263714786
0.0703002806751877
0.07250574842106247
0.07476507434811808
0.07707922877474291
0.07944919628287608
0.08187597359863216
0.08436057095763805
0.08690401194752276
0.08950733375715351
0.09217158731726538
0.09489813401709477
0.09768716284024821
0.10054065707054603
0.10345942756582273
0.10644459653608922
0.10949730099359457
0.11261869291021219
0.11580993941814427
0.11907222300367552
0.12240674155781482
0.1258147088508118
0.12929735445247081
0.1328559239795252
0.13649167937615192
0.14020589900135316
0.14399987787657875
0.14787492786272358
0.15183237782049244
0.15587357387775802
0.15999987952612738
0.16421267587650812
0.16851336186775678
0.17290335437776766
0.17738408849554713
0.181957017695232
0.1866236139986889
0.19138536818503132
0.19624379008106393
0.2012004088447764
0.20625677292661726
0.21141444686653774
0.21667502223034044
0.2220401047886692
0.22751132189442091
0.23309001676134278
0.2387787669702838
0.24457835483261414
0.2504907902284208
0.2565178043993354
0.26266114844271193
0.2689225950192911
0.27530393819370397
0.2818069935439472
0.2884335983614672
0.29518561169261637
0.3020649145656715
0.30907341008380107
0.31621302340483304
0.32348570193625004
0.33089341541971606
0.33843815592611154
0.3461219380976947
0.3539467989565817
0.3619147979073535
0.37002801705977145
0.3782885608360573
0.38669855616464643
0.3952601522900339
0.40397552075279086
0.412846855254272
0.4218763715102763
0.43106630699759085
0.44041892086288564
0.44993649356325754
0.45962132659850025
0.469475742184044
0.47950208280374546
0.4897027108302003
0.5000800079658236
0.5106363747102447
0.521374229701097
0.5322960090373082
0.5434041654790124
0.5547011676045165
0.5661894988602741
0.5778716565161549
0.58975015053209
0.6018275023173542
0.6141062434018436
0.626588913945129
0.6392780610986711
0.6521762374227752
0.6652859853114478
0.6786098885459051
0.6921504911190874
0.7059103468531193
0.7198920041182111
0.7340980158127751
0.7485308737474432
0.7631931313343665
0.7780872749531149
0.7932157828911545
0.8085811104828999
0.8241856853266912
0.8400319040976004
0.85612212848059
0.8724586811137238
0.8890438413824334
0.9058798410999642
0.9229688600910071
0.9403130217277913
0.9579143890924948
0.9757749567301126
0.9938966535484327
1.0122813308017056
1.0309307614052452
1.0498466348463218
1.0690305529727178
1.0884840315421376
1.1082084692403538
1.1282051973006544
1.1484754252113443
1.1690202613654732
1.1898407070938162
1.2109376541771066
1.2323118832025424
1.253964062393568
1.275894746885253
1.2981043785443167
1.3205932862152594
1.3433616865210718
1.366409685112642
1.3897372784296678
1.413344355882341
1.4372307024838413
1.4613960019048422
1.4858398398619066
1.5105617078635976
1.5355610072474075
1.560837053467041
1.586389080582014
1.612216245922514
1.638317636313847
1.6646922669808168
1.6913390966955173
1.718257020286225
1.745444890148283
1.7729015012477363
1.8006256103836287
1.8286159355434408
1.8568711606259136
1.8853899389349462
1.9141709009909358
1.9432126535478607
1.9725137867081732
2.002072876318471
2.031888486757019
2.06195917431159
2.0922834930165313
2.12285999245631
2.1536872233763003
2.184763739283581
2.216088098607519
2.24765886665245
2.279474617353251
2.311533934905927
2.3438354152187166
2.3763776671996024
2.409159313935343
2.4421789937182057
2.4754353609622335
2.5089270869750293
2.542652860675927
2.576611389154039
2.6108013981849756
2.6452216326325027
2.6798708567813097
2.7147478546174018
2.749851430004477
2.7851804068341113
2.820733629135484
2.856509961065446
2.8925082869417866
2.9287275111901088
2.965166558254088
3.00182437249481
3.0386999180462966
3.075792178644958
3.1131001574614094
3.1506228768743245
3.1883593782637694
3.2263087217576247
3.2644699860045656
3.3028422678930522
3.3414246822996096
3.3802163618055836
3.4192164564024763
3.4584241332382404
3.497838576297667
3.5374589861202583
3.5772845795210766
3.617314589269767
3.6575482638105385
3.697984866985126
3.7386236777090796
3.7794639897055258
3.8205051112088873
3.861746364681888
3.903187086538015
3.9448266268535592
3.986664349105593
4.028699629888973
4.07093185866003
4.113360437467597
4.155984780702161
4.1988043148343355
4.241818478174193
4.28502672062215
4.3284285034307795
4.372023298973324
4.415810590505381
4.459789871951291
4.503960647671038
4.548322432263761
4.592874750331931
4.63761713629367
4.682549134171999
4.727670297403316
4.77298018863992
4.818478379561593
4.864164450690906
4.910037991225659
4.956098598842021
5.002345879539753
5.048779447465207
5.095398924756299
5.142203941375324
5.189194134956274
5.236369150658015
5.283728641002795
5.331272265739965
5.378999691715278
5.426910592706796
5.475004649312315
5.523281548814572
5.5717409850437125
5.6203826582598735
5.669206275032541
5.7182115481136915
5.767398196333412
5.816765944475648
5.866314523172957
5.916043668796528
5.9659531233566385
6.016042634386358
6.066311954859248
6.116760843080761
6.167389062595517
6.218196382089378
6.269182575310374
6.320347420966934
6.371690702645583
6.423212208729772
6.474911732321557
6.526789071138702
6.578844027475457
6.631076408080915
6.683486024117189
6.736072691074014
6.788836228694643
6.84177646091019
6.894893215774223
6.948186325391382
7.0016556258488745
7.055300957166326
7.109122163214851
7.163119091678829
7.217291593975594
7.271639525211124
7.326162744115372
7.380861112995226
7.435734497674807
7.490782767441228
7.546005794992955
7.60140345640481
7.656975631051386
7.712722201580487
7.768643053856523
7.82473807692092
7.8810071629406115
7.937450207150066
7.9940671078553915
8.050857766337886
8.107822086841262
8.1649599765267
8.22227134543389
8.279756106438326
8.337414175214812
8.395245470200976
8.453249912569088
8.511427426175555