-0.15803493261159E-04
 0.11947315839364E-05
 0.78791220754804E-06
 0.59042873748551E-06
 0.47029606018007E-06
 0.38997676597667E-06
 0.33139046010214E-06
 0.28604011083120E-06
 0.24745473028751E-06
 0.22440046566321E-06
 0.20196814625249E-06
 0.18051686315001E-06
 0.16315957158515E-06
 0.14381013500770E-06
 0.13449736048572E-06
 0.12076361735954E-06
 0.11191484415047E-06
 0.10184184916829E-06
 0.92733821891529E-07
 0.82855413076874E-07
 0.80927976805087E-07
 0.64880325566963E-07
 0.67251418693433E-07
                  NaN
 0.27745776254061E-07
 0.49290415065481E-07
 0.56054630649697E-07
 0.26963792360716E-07
 0.32240277418129E-07
 0.29153259329070E-07
 0.25652250130051E-07
 0.22073368349116E-07
 0.19672060250815E-07
 0.15930776436748E-07
 0.12594725770907E-07
 0.10919062688755E-07
 0.24215561211140E-07
                  NaN
 0.33162998571779E-08
 0.18137218160201E-09
-0.71533586421401E-09
-0.76250388819102E-09
-0.36039649534617E-08
-0.79168486146450E-08
-0.73260537821733E-08
-0.94291215111979E-08
-0.10332893527083E-07
                  NaN
-0.12480273508024E-07
                  NaN
-0.14711717509098E-07
-0.15341742550521E-07
-0.16166282349765E-07
-0.16262521945171E-07
                  NaN
-0.18210135822596E-07
-0.21296657338625E-07
-0.20738602684351E-07
-0.23883430354065E-07
-0.17485979751387E-07
-0.20994327779996E-07
-0.22655479338304E-07
-0.21899545930322E-07
                  NaN
-0.23170886777468E-07
-0.10937042283207E-07
                  NaN
-0.27659539766810E-07
-0.19904374970185E-07
-0.27828592666402E-07
-0.25382237836953E-07
-0.23737741167804E-07
-0.24877088632742E-07
-0.25790620412708E-07
-0.26271939460122E-07
-0.26081447627286E-07
-0.32715025522371E-07
-0.27390862443187E-07
-0.26693849278978E-07
-0.27302036717465E-07
-0.16371855481876E-07
-0.26403706250067E-07
-0.26486454997238E-07
-0.27059957135685E-07
-0.26142992945180E-07
-0.26738153798636E-07
-0.26581028520432E-07
-0.26720338251328E-07
-0.32813637441814E-07
-0.26729657918051E-07
-0.26630336491856E-07
-0.26695119734907E-07
-0.24742437244340E-07
-0.26021439127973E-07
-0.25494386861686E-07
-0.25388976293608E-07
-0.25581065046668E-07
-0.25550219277686E-07
-0.24791022696907E-07
-0.24495430614752E-07
-0.24210708859883E-07
-0.23859649202464E-07
-0.23276078824054E-07
-0.22825360960299E-07
-0.22346232097306E-07
-0.21672360348285E-07
-0.21062414136294E-07
-0.19593688101678E-07
-0.19616354565591E-07
-0.18819268487625E-07
-0.17966843127566E-07
-0.17057101427405E-07
-0.16089052974001E-07
-0.15062156168676E-07
-0.13976438465239E-07
-0.12832635070114E-07
-0.11632345492787E-07
-0.10378206258598E-07
-0.90740744486159E-08
-0.77252163080589E-08
