0.025607588944202002
0.03732013761228628
0.052882429074424996
0.07315846009463191
0.09913666185340543
0.13193643178249276
0.1728094082151405
0.22313328451157066
0.284396509191862
0.35817338535559273
0.4460906937753486
0.5497884950146592
0.6708784465847016
0.8109021672102168
0.9712898782938233
1.1533166856255828
1.3580523854740598
1.5863032610842258
1.838552937429752
2.1149215105215147
2.41516769344566
2.7387463073196923
3.0849073083988254
3.4528041813049897
3.8415829981232115
4.250440300312744
4.678652508416749
5.125585515654561
5.5906928755363365
6.073508533940286
6.5736376451259515
7.090747321290093
7.6245581556538236
8.174836814261402
8.741389722855555
9.324057757176899
9.922711803692076
10.537249053628594
11.167589904668878
11.813675361743716
12.475464845982273
13.15293433692135
13.846074786944452
14.5548907584355
15.279399243655432
16.019628634956334
16.77561781914923
17.54741537486011
18.335078855613244
19.138674144688014
19.958274870305125
20.793961871824948
21.645822709275663
22.513951209987177
23.398447047049554
24.299415345416552
25.21696631202119
26.15121488703022
27.102280413726778
28.070286325026526
29.055359844887413
30.057631703226694
31.077235863090884
32.11430925916518
33.16899154669681
34.24142486020784
35.33175358134898
36.44012411546955
37.56668467645462
38.711585079509014
39.87497654161371
41.05701148946477
42.25784337464951
43.477626495995864
44.71651582892855
45.97466686180194
47.25223543910888
48.549377611575586
49.86624949307984
51.20300712444844
52.55980634407774
53.936802665439096
55.334151161496784
56.75200635605993
58.19052212209645
59.64985158708392
61.13014704541612
62.63155987791348
64.15424047849413
65.69833818804499
67.26400123552517
68.85137668636447
70.46061039816043
72.09184698376352
73.74522978170977
75.42090083409416
77.11900087185428
78.83966930752192
80.5830442354256
82.34926243937905
84.13845940782662
85.9507693564755
87.78632525840231
89.6452588816021