0.08475824476551758
0.11918358830790235
0.16416733404718337
0.2220848872953117
0.29559338361143594
0.38754483773534615
0.5008515557997748
0.638311493873658
0.8023839740359312
0.9948740151151108
1.2165276388610011
1.4667652190001452
1.743905990582879
2.0458040547505054
2.3704132941700724
2.7160232549298766
3.081280531524078
3.4651578335515127
3.866828842038946
4.285665309576914
4.721166218670741
5.172931040983777
5.640637683866697
6.124023833932935
6.622876249776609
7.137021734007324
7.666318060286575
8.210650166388964
8.769930018035788
9.344082818744875
9.93305611110345
10.536811873639369
11.155325062830308
11.788549773689153
12.436586790125476
13.099345336052652
13.77687851114626
14.469215549116848
15.176393955864619
15.898459410944168
16.635465252932143
17.38747208111377
18.154547391293647
18.936765238887286
19.73420592394797
20.546955693915258
21.375106460759255
22.218755530000966
23.0780053395299
23.95296320665867
24.84374108225559
25.75045531096954
26.673226396879446
27.612178774005848
28.567440581348546
29.539143442119197
30.527422246999667
31.532414941321612
32.554262316057
33.593107802609815
34.649097271436446
35.72237883448864
36.81310265153234
37.92142074045072
39.04748679155716
40.19145598602844
41.3534848185708
42.53373092439861
43.732352910644444
44.94951019230228
46.18536283283721
47.44007138956476
48.71379676391564
50.00670005672143
51.31894242863246
52.650684965790795
54.00208855086405
55.37331373959476
56.764520642945605
58.17586881497448
59.607517146562614
61.05962376507559
62.53234594010148
64.02583999534079
65.5402612267414
67.07576382703911
68.6325008166807
70.21062398131672
71.81028381588621
73.43162947537489
75.07480873233148
76.7399679411764
78.42725200937504
80.13680437550984
81.86876699431033
83.62328032864536
85.40048334855084
87.2005135372538
89.02350690428514
90.86959800561266
92.73891997085899
94.63160453757877
96.54778209259823
98.48758172039038