0.1294079782830513
0.18134889438521443
0.24952935070681498
0.337677080701613
0.449776663576857
0.5897418957600459
0.7608421071259587
0.9646987217858333
1.2003183703197207
1.464615937510411
1.7541334929036165
2.0660735011948446
2.3984115462649225
2.7497081085048976
3.118928999138753
3.505303742650282
3.908254068443937
4.327332258517676
4.762186623901346
5.2125363488381335
5.678155924657626
6.158862912860368
6.654507486401826
7.164971671004079
7.690155464338724
8.229981821678882
8.784390378595273
9.353334928331284
9.936782856592464
10.534670552202284
11.147118279493464
11.773995306066555
12.415355854066684
13.071216832216036
13.741605799072191
14.426556848968973
15.126111488218443
15.840319337479675
16.56923589613561
17.312922930199665
18.071448768117097
18.84489142759508
19.633327601127647
20.436844804284
21.25553456572522
22.089493583640536
22.938823514091165
23.80363076165665
24.68402627191828
25.580125325457672
26.4920473331615
27.419915632764564
28.36385728667454
29.324002881103137
30.300486326647075
31.293444660457848
32.303017850159854
33.32934859970905
34.37258215736984
35.432866125999794
36.51035027587459
37.6051863601676
38.717527933371464
39.847530172759846
40.995349703145415
42.16114442505456
43.3450733465426
44.54729641880136
45.76797437569535
47.007268577467705
48.26534085869867
49.54235338073364
50.83846848867779
52.1538485731764
53.488655937066305
54.84305266708131
56.21720051074743
57.61126075857793
59.025394131750474
60.45976067534912
61.91451965731637
63.38982947325299
64.88584755713735
66.40273029811615
67.9406329634421
69.49970962768481
71.08011310828446
72.68199490752112
74.30550516104753
75.95079259295456
77.61800447753976
79.30728660776113
81.01878327047586
82.75263722848085
84.50898970942254
86.28798040157898
88.08974745656106
89.91442749895837
91.7621556429139
93.63306551567214
95.52728928808374
97.44495771206078
99.38620016499807
101.35114470112659