3.626521207145377
3.657312853745938
3.688260655872763
3.7193644287771486
3.7506239900888074
3.782039159792411
3.8136097601943235
3.8453356159193763
3.8772165538578656
3.909252403171637
3.9414429952549854
3.973788163713308
4.006287744339022
4.0389415750955555
4.071749496081971
4.104711349525147
4.1378269797410505
4.171096233123694
4.20451895811981
4.238095005201918
4.271824226850454
4.30570647753254
4.339741613673444
4.373929493640434
4.408269977725907
4.442762928108907
4.477408208851277
4.512205685871097
4.547155226914384
4.582256701544547
4.617509981113334
4.6529149387532645
4.688471449335431
4.724179389476445
4.760038637491523
4.796049073394733
4.832210578875161
4.868523037273207
4.904986333558492
4.941600354324641
4.978364987754159
5.01528012361173
5.052345653226961
5.089561469463105
5.126927466711722
5.164443540871831
5.2021095893301705
5.239925510946552
5.277891206038846
5.316006576355667
5.354271525076632
5.392685956783679
5.431249777440595
5.469962894395986
5.508825216352133
5.547836653147894
5.586997116556315
5.6263065192762625
5.665764774861554
5.705371798787408
5.745127507577621
5.785031819016817
5.825084652128974
5.865285927155825
5.905635565561203
5.946133489998154
5.986779624308306
6.027573893507231
6.06851622376086
6.109606542388215
6.150844777839679
6.192230859689191
6.233764718607052
6.2754462863799105
6.317275495864719
6.3592522809924485
6.401376576759411
6.443648319212355
6.486067445438914
6.528633893545509
6.5713476026656705
6.614208512935579
6.65721656548774
6.700371702442419
6.743673866895602
6.78712300290546
6.830719055492484
6.874461970617878
6.918351695182574
6.962388177019033
7.0065713648699015
7.0509012083938405
7.095377658148277
7.140000665584064
7.184770183033442
7.22968616370768
7.274748561681313
7.319957331888168
7.365312430117146
7.410813812993478
7.4564614379819565
7.502255263377743
7.5481952482913535
7.594281352652759
7.640513537192634
7.686891763444472
7.733415993732298
7.780086191167066
7.826902319639587
7.873864343809976
7.920972229111874
7.968225941732465
8.015625448615204
8.063170717454852
8.110861716684077
8.15869841547444
8.20668078373106
8.254808792080697
8.303082411870145
8.351501615167466
8.400066374744735
8.448776664082397
8.497632457360064
8.54663372945281
8.595780455924826
8.645072613027192
8.694510177695896
8.744093127539657
8.793821440842173
8.843695096558882
8.893714074303075
8.943878354355185
8.994187917648782
9.044642745772794
9.095242820964808
9.14598812610933
9.196878644731836
9.247914360996278
9.299095259705215
9.350421326291494
9.401892546816889
9.453508907970976
9.505270397067543
9.557177002032665
9.609228711422835
9.661425514399637
9.713767400743397
9.766254360838545
9.81888638567696
9.871663466860703
9.924585596589603
9.977652767664738
10.03086497348644
10.084222208042632
10.137724465931548
10.19137174232523
10.245164032998336
10.299101334305163
10.353183643190835
10.407410957185085
10.461783274395184
10.516300593515124
10.570962913816187
10.625770235146575
10.680722557933883
10.735819883177665
10.791062212452774
10.846449547909863
10.90198189226496
10.957659248809273
11.013481621398263
11.069449014459844
11.12556143299127
11.181818882548473
11.238221369254864
11.294768899803199
11.351461481444908
11.408299121994185
11.465281829828987
11.522409613888795
11.579682483672755
11.63710044924067
11.694663521210389
11.75237171075906
11.810225029624982
11.868223490097549
11.926367105035135
11.98465588783939
12.04308985248168
12.101669013479139
12.160393385915885
12.219262985420555
12.278277828185924
12.337437930956108
12.396743311032289
12.456193986269593
12.515789975157665
12.575531296509109
12.635417969919239
12.695450015465585
12.755627453778386
12.815950306040099
12.876418593995208
12.937032339934571
12.997791566710704
13.058696297730197
13.11974655695248
13.180942368894039
13.242283758625064
13.303770751773056
13.365403374523689
13.427181653610752
13.489105616334408
13.55117529054455
13.613390704649126
13.675751887613629
13.738258868962605
13.800911678774302
13.863710347688121
13.926654906898783
13.989745388160674
14.05298182378921
14.116364246654006
14.179892690187451
14.24356718838134
14.307387775787513
14.371354487516726
14.435467359243244
14.499726427198521
14.564131728179252
14.628683299539444
14.693381179204556
14.758225405650775
14.823216017926118
14.888353055637891
14.953636558956912
15.01906656862285
15.08464312593367
15.15036627275706
15.216236051523344
15.28225250522909
15.348415677435874
15.41472561227672
15.481182354443822
15.547785949205048
15.614536442388433
15.681433880393458
15.748478310188087
15.815669779309506
15.883008335862504
15.950494028519605
16.018126906530377
16.0859070190848
16.153834417790378
16.22190915300012
16.29013127624581
16.35850083962163
16.427017895802027
16.495682498026955
16.564494700111418
16.633454556446953
16.70256212198975
16.77181745227376
16.841220603412104
16.9107716320778
16.980470595532715
17.050317551605687
17.120312558698014
17.190455675791508
17.26074696243732
17.331186478767123
17.401774285484542
17.472510443868135
17.543395015773864
17.614428064881672
17.68560965174189
17.756939841147695
17.8284186972595
17.900046284813637
17.971822669122982
18.043747916075098
18.11582209213558
18.188045264351903
18.260417500337656
18.332938868290185
18.405609436983617
18.478429275770242
18.551398454569835
18.62451704389112
18.6977851148118
18.771202738990844
18.844769988660655
18.91848693663055
18.99235365628901
19.066370221597072
19.140536707096306
19.214853187900594
19.289319739703846
19.36393643877229
19.438703361949695
19.513620586656874
19.588688190886707
19.66390625320652
19.739274852766005
19.814794069279497
19.890463983045805
19.966284674928875
20.04225622637142
20.118378719392712
20.194652236578133
20.271076861088982
20.347652676662623
20.424379767604506
20.501258218794657
20.578288115682557
20.655469544290394
20.732802591211804
20.810287343606173
20.887923889209805
20.965712316322268
21.043652713816314
21.12174517113145
21.199989778273657
21.278386625820385
21.356935804913206
21.43563740725895
21.514491525135032
21.59349825137728
21.67265767939386
21.751969903150734
21.83143501717899
21.911053116576575
21.990824296998994
22.070748654665643
22.150826286355567
22.231057289407737
22.311441761724254
22.39197980175882
22.472671508530755
22.55351698161371
22.634516321136534
22.715669627784877
22.796977002799963
22.878438547978952
22.96005436566936
23.041824558771424
23.123749230739698
23.20582848557525
23.2880624278352
23.370451162621332
23.452994795587756
23.53569343293001
23.618547181392984
23.701556148272303
23.784720441399173
23.868040169152803
23.951515440458152
24.035146364776644
24.118933052113594
24.2028756130114
24.286974158554244
24.37122880036128
24.455639650591205
24.540206821934213
24.624930427617823
24.709810581406003
24.79484739758862
24.880040990990015
24.965391476963536
25.050898971391774
25.136563590688578
25.22238545178921
25.308364672158955
25.394501369782276
25.480795663173154
25.567247671362903
25.653857513903898
25.740625310871312
25.827551182855434
25.914635250965116
26.00187763682544
26.089278462573
26.1768378508642
26.264555924859128
26.35243280823572
26.440468625177072
26.528663500378293
26.617017559035936
26.705530926855452
26.79420373004735
26.883036095323085
26.972028149897177
27.061180021481015
27.15049183828867
27.239963729028336
27.32959582290682
27.41938824962306
27.509341139370246
27.59945462283334
27.68972883118696
27.78016389609477
27.87075994970686
27.96151712466211
28.05243555407963
28.14351537156521
28.234756711205115
28.326159707560993
28.417724495681544
28.509451211085025
28.60133998976979
28.693390968203502
28.785604283330812
28.877980072562586
28.97051847378482
29.06321962534648
29.156083666063115
29.24911073521584
29.342300972550365
29.435654518271406
29.52917151304379
29.62285209799122
29.716696414693306
29.810704605185553
29.904876811957
29.999213177946878
30.093713846546848
30.188378961592296
30.283208667372275
30.378203108615732
30.473362430499808
30.56868677863495
30.66417629908193
30.75983113833581
30.85565144332484
30.951637361418033
31.047789040414468
31.144106628545302
31.24059027447388
31.33724012728916
31.434056336509066
31.531039052074526
31.62818842435059
31.72550460412209
31.82298774259612
31.920637991394955
32.01845550255966
32.116440428545374
32.21459292221695
32.31291313685456
32.41140122614091
32.51005734417498
32.60888164545447
32.70787428488317
32.8070354177689
32.906365199814324
33.005863787126465
33.10553133620397
33.205368003945395
33.305373947637314
33.40554932496261
33.50589429398757
33.606409013172716
33.70709364135724
33.80794833777083
33.908973262023366
34.01016857410018
34.11153443437424
34.21307100358506
34.314778442854546
34.41665691367439
34.51870657790689
34.620927597784984
34.723320135909994
34.82588435524407
34.928620419119355
35.031528491223874
35.13460873560905
35.23786131668603
35.3412863992171
35.44488414832299
35.54865472947548
35.652598308494355
35.756715051554146
35.86100512517012
35.965468696206656
36.07010593186815
36.17491699970303
36.279902067596474
36.385061303771025
36.49039487678795
36.59590295553844
36.70158570924632
36.80744330746595
36.913475920078895
37.01968371729313
37.12606686964148
37.23262554797624
37.3393599234717
37.44627016762037
37.55335645223253
37.660618949429995
37.7680578316485
37.875673271634064
37.98346544244538
38.09143451744088
38.19958067028771
38.3079040749582
38.4164049057215
38.52508333714708
38.63393954410458
38.742973701753925
38.85218598555346
38.9615765712465
39.07114563487387
39.18089335275779
39.29081990150906
39.4009254580206
39.51121019946748
39.621674303304886
39.732317947268164
39.84314130936175
39.95414456787319
40.06532790135481
40.17669148863198
40.28823550879954
40.39996014121522
40.51186556550535
40.62395196155259
40.7362195095078
40.84866838977691
40.961298783018584