7.252997668853257
7.597270736458195
7.958425701380188
8.33621994169011
8.730432668674876
9.14086393043355
9.56733344082811
10.009679329582292
10.467756882467583
10.941437319590937
11.430606643882268
11.93516457970772
12.455023612431603
12.990108132927922
13.540353686059106
14.105706318566748
14.6861220193618
15.281566243673502
15.892013511646896
16.51744707123047
17.157858616581883
17.813248051489563
18.483623289944283
19.169000085585
19.86940188295396
20.584859683364737
21.315411925414818
22.0611043647129
22.821989955161513
23.598128741006263
24.389587731803505
25.19644077924312
26.01876844644293
26.856657870237736
27.710202616016325
28.579502524955384
29.46466355376745
30.365797607228433
31.28302236386441
32.21646109536077
33.16624248019743
34.1325004121761
35.115373804437716
36.115006389592004
37.131546516582894
38.165146944878906
39.2159646365514
40.28416054674306
41.36989941307434
42.47334954438268
43.594682609254825
44.734073424745986
45.891699745597975
47.06774205434035
48.262383352531074
49.475808953447434
50.708206276455506
51.95976464332663
53.23067507671747
54.52113010102263
55.83132354581925
57.161450352099386
58.51170638148836
59.882288228629996
61.27339303695647
62.685218317998284
64.11796177445468
65.57182112721111
67.04699394647909
68.54367748725288
70.06206852935843
71.60236322214448
73.16475693402614
74.74944410739043
76.35661811969398
77.98647114331065
79.6391940282391
81.31497616776204
83.01400538735508
84.73646783296078
86.48254786679945
88.2524279697562
90.04628865047277
91.86430836130134
93.7066634212397
95.57352794598745
97.46507378519654
99.38147046704705
101.32288515020593
103.28948258324722
105.28142507158452
107.2988724519577
109.34198207449816
111.41090879239339
113.50580495914271
115.62682043340007
117.77410259136583
119.94779634671205
122.14804417797212
124.37498616334858
126.62876002287187
128.90950116782423
131.2173427573602
133.5524157622147