167.45540943245896
167.52323652536953
167.60800562241278
167.7266550680257
167.87915730772102
168.06547677568062
168.2855693452106
168.5393828255086
168.82685561342407
169.14791969631514
169.50249313178023
169.89050211006727
170.31184841571522
170.76644358757096
171.25419520860947
171.77501266188438
172.32880897375222
172.91550110847538
173.53501328217985
174.18727702966106
174.8722307560632
175.58982449874512
176.34001367430577
177.12276500487204
177.93805382984633
178.7858538430488
179.66619246627266
180.57903803271645
181.52441471382127
182.50234052483168
183.51284582848575
184.55596736176227
185.63174786999986
186.7402407497438
187.881503864251
189.05560888684704
190.26262403481988
191.50263365553207
192.77572093329013
194.08198342714914
195.4215163462134
196.7944262573746
198.20081986166997
199.6408153678803
201.11453142058795
202.62208988258365
204.1636199371963
205.73925248747233
207.34912169584044
208.99336514310838
210.67212501885842
212.3855409998713
214.13375876875836
215.91692461258518
217.7351838975128
219.58869062414155
221.47757160744646
223.40199627881253
225.36210238802195
227.35803651854872
229.38994258215305
231.45796262336782
233.5622367406103
235.70290250106828
237.88008804697435
240.09393856171735
242.34456593262345
244.63209971453045
246.95665459909702
249.3183441146398
251.71727610422747
254.15355455553234
256.62727197606716
259.1385210141429
261.6873837916798
264.27393694843005
266.8982509349378
269.56039201972754
272.2604145858329
274.99836710135776
277.774294691617
280.5882294201881
283.4399859112127
286.33023553933356
289.2583399949665
292.2245261658601
295.22879166858166
298.27113225006525
301.35153261166676
304.4699802468559
307.6264443528177
310.8208958163385
314.05329798702996
317.32360871795413
320.6317846172747
323.9777704486164
327.361511334739
330.78294270239286
334.2419947170636
337.73863317491833
341.2727492246764
344.84427953297586
348.4531469513894
352.0992718815249
355.7825698213892
359.5029602621392
363.26040177242834
367.05466290267594
370.8857950157092
374.7536715748681
378.65818568694004
382.59926111385886
386.5767913179236
390.5906929388981
394.64087266512985
398.72723599227015
402.8496953192371
407.0081493784948
411.20251793678585
415.4327094773318