 0.25528580962481E-32
 0.20422864769985E-31
 0.68927168598698E-31
 0.16338291815988E-30
 0.31910726203101E-30
 0.55141734878958E-30
 0.87563032701309E-30
 0.13070633452790E-29
-0.17001312958990E-14
-0.17787098469091E-14
-0.57681524606018E-14
-0.12604197238439E-14
-0.31773342464670E-14
-0.67304672714748E-14
-0.59097205640322E-14
-0.29283585293639E-14
 0.28252319060704E-14
 0.24166384238056E-13
-0.55953316248441E-13
-0.26520747536206E-12
-0.44318615724770E-12
-0.79569978670845E-12
-0.16311321216789E-11
-0.28740023465888E-11
-0.47813519255534E-11
-0.76756413479428E-11
-0.11432218736700E-10
-0.18391102601005E-10
-0.27422555936770E-10
-0.39176328583074E-10
-0.54658767903903E-10
-0.74571908262127E-10
-0.99973462332460E-10
-0.13545804331148E-09
-0.17545468307224E-09
-0.22411008294539E-09
-0.28417114215906E-09
-0.35564517434959E-09
-0.44072411121047E-09
-0.54203298355997E-09
-0.65928456601025E-09
-0.79889937007551E-09
-0.95945009614595E-09
-0.11435764558082E-08
-0.13565344735171E-08
-0.16081261958189E-08
-0.18972929362191E-08
-0.22246650357470E-08
-0.26055381280807E-08
-0.30431411822620E-08
-0.35452971880231E-08
-0.41143811203408E-08
-0.47676831839383E-08
-0.55092747972417E-08
-0.63367363983586E-08
-0.72797704573525E-08
-0.83278077882977E-08
-0.94949990972586E-08
-0.10787046954335E-07
-0.12206128649918E-07
-0.13760493547960E-07
-0.15439501322914E-07
-0.17258137237796E-07
-0.19206846667208E-07
-0.21270936400464E-07
-0.23451991100002E-07
-0.25730436274195E-07
-0.28104686297206E-07
-0.30552258332183E-07
-0.33043283051902E-07
-0.35583022655489E-07
-0.38119145618953E-07
-0.40647723003071E-07
-0.43129956734055E-07
-0.45545453576805E-07
-0.47885923897172E-07
-0.50067225225314E-07
-0.52103321356578E-07
-0.53944986813685E-07
-0.55532004042670E-07
-0.56825255814341E-07
-0.57748733223478E-07
-0.58296029617079E-07
-0.58305473922193E-07
-0.57702752479609E-07
-0.56327203574895E-07
-0.54056750283002E-07
-0.50626311322924E-07
-0.45749144149932E-07
-0.39118708018459E-07
-0.30305119008873E-07
-0.18740738436672E-07
-0.38295156377481E-08
 0.15225191704412E-07
 0.39254033299769E-07
 0.69307472555623E-07
 0.10650077322192E-06
 0.15210042138092E-06
 0.20736047729896E-06
 0.27357452128044E-06
 0.35183100012939E-06
 0.44298400601718E-06
 0.54737102852531E-06
 0.66453186754747E-06
 0.79303137724273E-06
 0.92977538684943E-06
 0.10700301613464E-05
 0.12067255526020E-05
 0.13304352742365E-05
 0.14292646162836E-05
 0.14890277894408E-05
 0.14942426237347E-05
 0.14290249046228E-05
 0.12789399321480E-05
 0.10333187246173E-05
 0.68767840492474E-06
 0.24571702044704E-06
-0.27836355191450E-06
-0.85975312484381E-06
-0.14636729076036E-05
