3.971889227456797e-12
3.971889227456797e-12
3.971889227456797e-12
3.971889227456797e-12
3.971889227456797e-12
3.971889227456797e-12
3.971889227456797e-12
3.971889227456797e-12
3.971889227456797e-12
3.971889227456797e-12
3.971889227456797e-12
3.971889227456797e-12
3.971889227456797e-12
3.971889227456797e-12
3.971889227456797e-12
3.971889227456797e-12
7.943778454913594e-12
1.1915667682370391e-11
7.943778454913594e-12
1.1915667682370391e-11
1.1915667682370391e-11
7.943778454913594e-12
8.192021531629644e-12
1.2784518450876565e-11
1.4770463064604964e-11
2.1100661520864233e-11
3.500227381696302e-11
8.216845839301248e-11
1.9859446137283984e-10
4.691794149933342e-10
1.0647145560351376e-9
2.3169767565292507e-9
4.819763455980465e-9
9.638161575038991e-9
1.8572926392203055e-8
3.4605084894217346e-8
6.245845458791156e-8
1.0950312417790852e-7
1.8687068558877096e-7
3.110228819667703e-7
5.057688309212812e-7
8.04882251282599e-7
1.2553529509207664e-6
1.921491401897535e-6
2.8898810657253125e-6
4.275382648663693e-6
6.228290204891951e-6
8.942744963229717e-6
0.000012666476633710392
0.000017712110259117875
0.000024469946389183586
0.00003342250973846204
0.0000451607918549619
0.000060402312045192476
0.0000800110774828686
0.0001050194465972847
0.0001366519515960503
0.00017635107255077322
0.00022580500375755477
0.00028697735415929586
0.00036213882887187654
0.0004539008095216299
0.0005652508327735012
0.0006995898430524774
0.000860771299516677
0.0010531418957415888
0.0012815840859933013
0.001551559968646631
0.0018691568776397435
0.002241134231155832
0.0026749718857749386
0.003178919596921045
0.003762047814360429
0.004434299579030435
0.005206543348173222
0.006090627035991748
0.007099432744421495
0.008246932566064052
0.009548245083194282
0.011019692661517698
0.012678859515343198
0.01454465042662807
0.01663735017908718
0.01897868358374128
0.02159187612445241
0.02450171531368273
0.02773461248516119
0.0313186653697571
0.035283721091877426
0.039661439916551244
0.044485359514969756
0.04979095988302979
0.05561572886956229
0.061999228376058285
0.06898316118593933
0.07661143848481258
0.08493024799413444
0.09398812294641833
0.10383601158249749
0.11452734750051001
0.12611812062263658
0.13866694894703108
0.1522351510154361
0.1668868190267269
0.18268889276320296
0.19971123413599828
0.21802670245896041
0.23771123038633196
0.2588439005360791
0.2815070227304766
0.30578621189565447
0.3317704665623887
0.35955224798675517
0.38922755989412267
0.4208960287454479
0.45466098472335265
0.49062954322647795
0.5289126870409213
0.5696253491543756
0.6128864963233125