 0.51057161924961E-32
 0.40845729539969E-31
 0.13785433719740E-30
 0.32676583631975E-30
 0.63821452406202E-30
 0.11028346975792E-29
 0.17512606540262E-29
 0.26141266905580E-29
 0.37220671043297E-29
 0.52402748223960E-14
-0.31040805964904E-14
 0.51444221084648E-14
-0.10247430609300E-13
 0.38497572479980E-28
 0.10047699430595E-13
-0.14918473260403E-13
-0.68388688161202E-15
 0.26702354468405E-13
 0.14856428029225E-14
 0.18664061040531E-13
 0.70649724557212E-13
 0.46465425395380E-13
-0.16719045637944E-12
-0.15985179634274E-13
 0.20492536238186E-12
 0.47807187168620E-12
 0.20983419234444E-12
-0.77675527594012E-12
 0.53562082306652E-12
-0.12168163841305E-11
-0.38785062365462E-12
-0.81107146400569E-12
 0.57037062542176E-12
-0.15938954844119E-11
-0.26701625414296E-11
-0.34178352471181E-11
-0.39083029437379E-11
-0.63117655844402E-11
-0.88564911656586E-11
-0.11420750780874E-10
-0.14633875472080E-10
-0.20067782492003E-10
-0.26043566160205E-10
-0.34825932441823E-10
-0.42525249393932E-10
-0.52703363678538E-10
-0.65329328076539E-10
-0.77322101045159E-10
-0.95567351532612E-10
-0.10811077199143E-09
-0.13434856083854E-09
-0.16176461642506E-09
-0.18828982773235E-09
-0.22954708496009E-09
-0.25787406364556E-09
-0.30477113500552E-09
-0.35098395521034E-09
-0.40246100127699E-09
-0.46348471244274E-09
-0.53007751863697E-09
-0.60949934128290E-09
-0.68531504122145E-09
-0.79136148827072E-09
-0.89058025690969E-09
-0.10045520994480E-08
-0.11298102007689E-08
-0.12711634775458E-08
-0.14308388281145E-08
-0.16056163722977E-08
-0.17980424390714E-08
-0.19956740394675E-08
-0.22167633032253E-08
-0.24476407529780E-08
-0.27075155368162E-08
-0.29925865866362E-08
-0.32994351056397E-08
-0.36228281867626E-08
-0.39856572995639E-08
-0.43120437428329E-08
-0.46766687941368E-08
-0.50741481552769E-08
-0.55029610813557E-08
-0.59014971004318E-08
-0.63321992406580E-08
-0.67735162664621E-08
-0.72051761901054E-08
-0.76367859215320E-08
-0.80867388686333E-08
-0.85083809169473E-08
-0.89245317473338E-08
-0.93457728127096E-08
-0.97201569091614E-08
-0.10080357731653E-07
-0.10423407396698E-07
-0.10717192884476E-07
-0.11020080617604E-07
-0.11264502234069E-07
-0.11488320177279E-07
-0.11631184723266E-07
-0.11760256714439E-07
-0.11859422374546E-07
-0.11911642312771E-07
-0.11896548116647E-07
-0.11870283808062E-07
-0.11835617114222E-07
-0.11681400714248E-07
-0.11577939991577E-07
-0.11419143622403E-07
-0.11249529897678E-07
-0.10996249611928E-07
-0.10747470261056E-07
-0.10502739391166E-07
-0.10166414981993E-07
-0.98106738044377E-08
-0.94364186324414E-08
-0.89715509138872E-08
-0.84582752419262E-08
-0.78401423883771E-08
-0.69635523743818E-08
-0.58389341484416E-08
