3.5592865503890962
3.5934948442356345
3.650452029105464
3.730071580407918
3.8322256329915523
3.9567376731067765
4.103375205130853
4.271850702608971
4.46182941823092
4.672946890139401
4.90482064628104
5.157069089370601
5.4293203896585345
5.7212218573150775
6.032445364353963
6.36268965925409
6.711683128751135
7.079181584029132
7.464970113805139
7.8688579766442786
8.290682949436691
8.730299009411238
9.187596443136176
9.662465478495847
10.154826349400013
10.664613174752843
11.191774970695091
11.736271905088723
12.298088303064544
12.877204281865648
13.473622506887136
14.08735355076267
14.718418349515487
15.366849574542524
16.032688637593473
16.71598732117546
17.41680643293232
18.135217200371518
18.87130026566315
19.62514844469839
20.396858184815837
21.186539729114546
21.994312172284054
22.82030298413183
23.664618145625607
24.52750124898151
25.40900647775068
26.309347663083624
27.228675522979827
28.167200854748597
29.125093949964786
30.1025628604924
31.09981791235524
32.11707450029683
33.154568524474314
34.21251663898125
35.29117598892658
36.390790868308116
37.51162015783372
38.653919435029295
39.81798580837825
41.00407261857975
42.2124762937333
43.443482033549856
44.697404329274526
45.97452657748206
47.27518350156196
48.59967716321907
49.94831786925884
51.32145836437323
52.71941921057344
54.142532712693146
55.5911517241523
57.06561063642526
58.56627301554448
60.09348133403275
61.64760159124881
63.228989707865345
64.83801452412843
66.47504252093024
68.14044206118243
69.83458821436207
71.55785510544119
73.31061785587104
75.09325514139213
76.90614605716137
78.74967057500578
80.62420922720486
82.53014278366507
84.467851922751
86.43771689600354
88.44011718712937
90.47543116566989
92.54403573583176
94.64630598106642
96.78261480501777
98.95333256954153
101.15882673057435
103.39946147267234
105.67559734312168
107.98759088653492
110.33579428094899
112.7205549764116
115.14221533712893
117.60111228823078
120.09757696822543
122.63193438822559
125.20450309900686
127.8155948669228
130.46551435969164
133.1545588429937
135.88301788878002
138.65117309610957
141.4592978252551
144.30765694573114
147.19650659879878
150.12609397486193
153.09665710618123
156.1084246750087
159.16161583734538