                  NaN
 0.82307188801991E-11
 0.21190836488075E-09
 0.27934321067363E-09
 0.45753748076748E-09
-0.44332006997615E-08
-0.19051989219450E-09
 0.52601570501965E-09
 0.57427324219631E-09
 0.48059122411432E-09
-0.69506616536430E-08
 0.63912792242713E-07
 0.19668012310536E-08
 0.53611019602818E-07
-0.59776138335754E-08
 0.25847088938144E-08
 0.52887900122067E-08
 0.64101922994377E-09
 0.19586184974149E-08
-0.85749630696490E-08
 0.26191512366053E-08
 0.12913379905693E-09
 0.32807754958585E-07
 0.20370807176996E-08
 0.26779069171272E-08
-0.43240122304259E-07
 0.10232306444568E-07
-0.35260250160774E-07
-0.10410842721818E-07
 0.20243343297400E-08
 0.19196896991330E-07
-0.24038368291491E-06
-0.22725489119756E-06
 0.26042637681450E-06
 0.20403887793825E-06
-0.11851236489230E-05
 0.10325877520321E-08
 0.20837974577533E-07
-0.78224213843516E-08
 0.12791336607124E-07
 0.49736245415062E-08
-0.80652327852261E-09
-0.93238747163117E-07
 0.46187640905628E-07
 0.27739716945081E-07
 0.62566173893805E-08
 0.32821934395358E-07
 0.18601624666694E-07
-0.19383569088563E-07
-0.32002363145329E-06
 0.58964835341121E-06
-0.42541862112973E-07
 0.24557151647577E-08
-0.39149956495982E-06
-0.20138619659003E-07
-0.21374082918174E-07
-0.43550858637627E-08
 0.29052436978169E-07
-0.11951557777185E-08
 0.62979631861457E-08
 0.20343048177854E-06
-0.16342311391299E-07
-0.12875282910270E-07
 0.60902446266058E-08
-0.43729329357285E-07
 0.22493376212627E-07
 0.28544088343402E-07
 0.19368503389636E-07
-0.82171510321908E-08
 0.81157373368379E-08
-0.12150273606940E-07
-0.28127645113377E-05
 0.18561977477270E-05
-0.20951316836295E-05
 0.16769282646659E-05
-0.10704899680692E-05
 0.19207638919896E-05
-0.34097457709903E-05
 0.35357395207480E-05
 0.22251596190423E-07
 0.18077088205461E-06
-0.46848889920725E-08
 0.78245913918678E-08
 0.95454610295549E-08
-0.36283510592094E-07
-0.26031112747675E-06
 0.25422321798928E-07
-0.12281034085493E-06
 0.57628494571687E-07
-0.18856686016621E-05
-0.77484141104730E-07
-0.18252861425105E-06
 0.87631521707013E-07
-0.27242923865258E-08
-0.15982952032140E-06
 0.78068304626557E-07
 0.12056783020547E-07
-0.47943127419541E-06
 0.12098697687355E-07
-0.12264417177759E-06
 0.66501685916745E-07
-0.20339511387154E-06
-0.20337705437759E-07
-0.37814596938300E-06
 0.40509437428722E-07
-0.47519444893667E-06
-0.12515512806902E-07
 0.13921430627077E-06
-0.80954306303476E-07
 0.27090957828816E-05
-0.34105420717346E-07
-0.57682182855550E-06
-0.31038226505633E-07
 0.62540645528040E-07
 0.23098829115466E-07
-0.40354221037832E-07
-0.52200994149692E-07
 0.14051023435676E-06
 0.13030058251638E-07
 0.17250278739521E-07
