0.01297576374000994
0.019445857612964332
0.028203785239792778
0.0397797602118079
0.05477596033393026
0.07387263205351359
0.09783443476819284
0.12751651082538065
0.16386963203703842
0.20794366918263293
0.26088857406346455
0.3239520674774911
0.3984732873247993
0.48587173528237776
0.5876308936519983
0.7052757542312093
0.8403431085209705
0.9943428250193164
1.1687078793045023
1.3647316373880047
1.583494470701897
1.8257892988683948
2.0920648522879843
2.3824088055031276
2.6965827250260426
3.0341000184339753
3.3943217102077936
3.776544197809393
4.180064480717189
4.604220724811843
5.048413003990916
5.512110756003708
5.9948524635426885
6.49624135755141
7.015939459815541
7.553661249161032
8.109167612784288
8.682260356710644
9.272777372906424
9.880588448972912
10.505591665421772
11.147710308717516
11.806890226978858
12.483097560462923
13.176316787047957
13.886549031346718
14.613810594083823
15.358131665600832
16.119555193376424
16.89813587872953
17.693939282103003
18.507041019920436
19.337526039014723
20.185487956915235
21.05102845838768
21.93425674017661
22.83528899724344
23.75424794496603
24.69126237257186
25.646466723901163
26.620000702229994
27.61200889632978
28.62264042546159
29.652048601283347
30.700390605055876
31.76782717867125
32.85452232833124
33.96064303985968
35.08635900480247
36.23184235658947
37.397267416139016
38.58281044644329
39.78864941567804
41.014963768535665
42.261934205476486
43.52974246970474
44.81857114171033
46.12860344122906
47.46002303656628
48.813013861213726
50.187759937765044
51.58444520909148
53.003253376852555
54.44436774733465
55.90797108471887
57.39424547180161
58.90337217827971
60.43553153666251
61.99090282590068
63.56966416283259
65.17199240151419
66.79806304055192
68.44805013849106
70.12212623736957
71.8204622944826
73.54322762246822
75.29058983772755
77.06271481727478
78.85976666403974
80.68190768065857
82.5292983517914
84.4020973349769
86.30046146002515
88.22454573695056