1.1915667682370391e-11
1.1915667682370391e-11
1.1915667682370391e-11
1.1915667682370391e-11
1.1915667682370391e-11
1.1915667682370391e-11
1.1915667682370391e-11
1.1915667682370391e-11
1.1915667682370391e-11
1.1915667682370391e-11
1.1915667682370391e-11
1.1915667682370391e-11
1.1915667682370391e-11
1.1915667682370391e-11
1.1915667682370391e-11
1.1915667682370391e-11
1.1915667682370391e-11
1.1915667682370391e-11
1.1915667682370391e-11
1.1915667682370391e-11
1.1915667682370391e-11
1.1915667682370391e-11
7.943778454913594e-12
7.943778454913594e-12
7.943778454913594e-12
7.943778454913594e-12
1.1915667682370391e-11
7.943778454913594e-12
1.6011678448185214e-11
1.2288032297444466e-11
1.3032761527592615e-11
1.5018706141321012e-11
1.998356767564201e-11
3.1526870742938325e-11
5.771651533648158e-11
1.1394357221266686e-10
2.3012133211577817e-10
4.5726374731096377e-10
9.013706115559769e-10
1.7276476924053485e-9
3.219712705007166e-9
5.836815341286121e-9
1.0328029085232895e-8
1.7827576554363115e-8
3.008395785952629e-8
4.969938105239839e-8
8.048226729441872e-8
1.2791382371947763e-7
1.9973116642112265e-7
3.0674478490418427e-7
4.637602686286228e-7
6.908617237161502e-7
1.014904830935139e-6
1.471351858523707e-6
2.106542962220131e-6
2.980397069937517e-6
4.16953552439812e-6
5.7710878977424745e-6
7.907061193801138e-6
0.000010729331519881297
0.000014425533777883393
0.0000192255915743126
0.000025409311348360183
0.00003331480401828109
0.00004334784722078922
0.00005599253220837472
0.00007182283694154042
0.00009151546273829891
0.00011586393410856534
0.00014579387786728623
0.00018237974441572243
0.00022686285774380026
0.0002806708267974953
0.0003454384499042011
0.00042303007204070437
0.0005155634005292359
0.0006254348952152357
0.0007553465929936149
0.0009083345622990599
0.001087798800260977
0.001297534741080125
0.001541766282411665
0.001825180398642074
0.00215296315872539
0.0025308374243768425
0.002965101946992096
0.0034626720514603668
0.004031121688541617
0.004678727149603514
0.005414512020587827
0.0062482937251048835
0.007190731481768828
0.008253375622773793
0.009448718336144125
0.010790245852014569
0.012292491918533254
0.01397109274959787
0.01584284329883049
0.017925754882877624
0.020239114247747287
0.022803543955178637
0.025641064194175084
0.028775155991883666
0.032230825819600475
0.03603467169741957
0.04021495070691659
0.04480164806739142
0.04982654766631878
0.055323304244959515
0.06132751714914452
0.06787680579566654
0.07501088678055169
0.0827716528012431
0.09120325346431496
0.10035217788016419
0.11026733932482237
0.12100016184464195
0.13260466907233198
0.14513757514586073
0.15865837794483176