0.006341545704019504
0.009847398863411499
0.014731455223042934
0.021346819873446804
0.03009626994210949
0.04143533650631974
0.05587577541628206
0.0739892985806999
0.09641135131907484
0.12384464364764843
0.15706207996252164
0.19690868937186157
0.2443021445188428
0.30023147580762455
0.3657536391630451
0.44198767118151383
0.5301062456494211
0.6313244991363576
0.7468859838904058
0.8780455041211658
1.0260483988520652
1.1921056249389566
1.3773639580224484
1.58287109846846
1.8095368381289234
2.0580938746607433
2.32906477017307
2.622743284463785
2.9391968299534974
3.278291547187531
3.6397347772986204
4.023125271430171
4.428001403737194
4.853880930898963
5.300289924585108
5.766781510431424
6.252946489431703
6.758418185870451
7.282873536295138
7.826031925607051
8.387652800708677
8.967532722320884
9.56550225515861
10.181422924404712
10.815184357692148
11.466701665744427
12.135913076369606
12.822777815229882
13.527274215943702
14.249398037493204
14.989160965766445
15.746589276864004
16.521722641528683
17.314613052246493
18.125323856716825
18.953928883501
19.80051164764043
20.665164625672293
21.547988591060836
22.449092002307232
23.368590437131004
24.306606067116427
25.263267167979578
26.238707661360515
27.23306668458701
28.246488185456435
29.279120539370854
30.331116186682785
31.402631288325725
32.4938253981123
33.6048611503144
34.73590396132167
35.88712174440436
37.05868463666685
38.25076473749531
39.463535857880686
40.69717328006733
41.95185352714498
43.22775414217075
44.525053476573056
45.84393048757981
47.18456454449426
48.547135243668684
49.93182223206833
51.338805039384155
52.768262918588356
54.22037469495845
55.69531862354249
57.19327225508295
58.71441231040945
60.25891456334833
61.82695373216733
63.41870337961679
65.03433582158834
66.67402204446738
68.33793163118091
70.02623269602145
71.73909182825064
73.47667404453497
75.2391427502267
77.0266597095096
78.83938502442038
80.67747712274814
82.54109275481318