0.028865095863633707
0.041743047255801136
0.058728036702779735
0.08070997921882667
0.10870750806268593
0.1438807784801073
0.18754252656613485
0.2411655391811653
0.30638436949306685
0.3849888531062047
0.4789065976062318
0.5901707382374378
0.7208672348168361
0.8730525208941883
1.048629415924312
1.2491749054971444
1.475741642118923
1.7287054826209267
2.0077544259257993
2.3120472590865067
2.6404594729789514
2.991802151476042
3.3649582073859663
3.7589427220361937
4.172916211879729
4.606175358186088
5.058135689508075
5.528313202224865
6.016307727780116
6.521788862343685
7.044484433637633
7.584171181814781
8.140667267642652
8.71382624890321
9.303532221404398
9.909695878932665
10.532251297537236
11.171153291582709
11.82637522243878
12.497907166795992
13.185754371989933
13.889935941269801
14.610483704277495
15.34744123728396
16.100863005193954
16.870813602963377
17.65736707865367
18.46060632376669
19.280622519473102
20.117514629337215
20.971388931143828
21.842358581626694
22.730543209216215
23.6360685306517
24.559065988218787
25.499672404795735
26.45802965453437
27.434284347243
28.428587524991023
29.441094369636776
30.471963920220148
31.52135879938185
32.58944494804219
33.67639136778795
34.782369870434216
35.90755483441997
37.05212296766407
38.2162530766528
39.400125841560794
40.60392359725198
41.82783012005243
43.07203042023271
44.33671054017279
45.62205735818032
46.92825839800389
48.25550164407834
49.60397536256241
50.97386792823804
52.36536765738771
53.77866264672835
55.213940618541564
56.67138877210747
58.1511936415803
59.653540960437404
61.178615532641466
62.726601110645525
64.2976802804094
65.89203435351111
67.50984326653315
69.15128548783053
70.81653793180375
72.50577588080641
74.21917291476315
75.95690084863429
77.71912967780459
79.50602753144814
81.31776063399151
83.15449327468235
85.016387785344
86.90360452633654
88.81630188076046
90.75463625690168
92.71876209893293
94.70883190586358