0.006536571492553656
0.010134534106249541
0.015140444450568979
0.021913341684707568
0.030862614529554584
0.04245117042482655
0.05719899801221308
0.07568698432051185
0.09856076025295685
0.12653426939460477
0.16039269141366339
0.20099430955145994
0.24927089963299562
0.3062262395828691
0.3729323936229863
0.45052350355967347
0.5401868994118444
0.6431513899547455
0.7606725721120968
0.8940148774249725
1.0444298640750116
1.2131300554883975
1.4012576428240922
1.6098479777627348
1.8397893905077223
2.091783561443569
2.3663136562376548
2.6636287915195602
2.983751089932179
3.3265055398324894
3.6915660192821815
4.0785070600177225
4.48685175774914
4.916110068054465
5.365805864188704
5.835493902638667
6.324769008547756
6.833269870079865
7.360679407464611
7.906723144967359
8.471166542064022
9.053811885229335
9.654495097298263
10.27308266263391
10.909468767542032
11.563572696252441
12.235336489207164
12.924722851974229
13.631713294453046
14.35630647659435
15.098516736551595
15.858372778460113
16.63591649906483
17.431201934755915
18.24429431284853
19.075269193094865
19.924211687361414
20.791215747141575
21.676383510054382
22.57982469776928
23.501656058924812
24.442000851515385
25.400988360069025
26.37875344360159
27.375436110889968
28.3911811201691
29.42613760071008
30.480458694139845
31.55430121366199
32.647825319615485
33.76119420997206
34.894573824703855
36.04813256295849
37.22204101224823
38.416471688952775
39.63159878949865
40.867597951764495
42.12464602624621
43.40292085669144
44.70260106987124
46.0238658743012
47.366894867725506
48.731867853232565
50.11896466388538
51.52836499584052
52.96024824986727
54.4147933812858
55.89217875829421
57.392582028724085
58.9161799952359
60.463148498975414
62.03366231176807
63.62789503685749
65.24601901825257
66.88820525873452
68.55462334654449
70.24544139082559
71.9608259658314
73.7009420639283
75.4659530574543
77.25602066940392
79.0713049529804
80.91196428001798
82.7781553382443