0.006646540768822238
0.010296261939395394
0.015370588289643309
0.022231874692153333
0.03129320607118984
0.043021615976956466
0.05794170062138168
0.07663948399328231
0.09976630095985511
0.12804238606619525
0.16225979181239106
0.20328421885452747
0.25205532963920935
0.3095851401327373
0.3769541416962695
0.455304884464517
0.545832833375439
0.6497743527012722
0.7683916458568756
0.9029543460652772
1.0547172343236115
1.2248933572839664
1.4146218681536973
1.6249306103243426
1.8566952145207343
2.1105993191389425
2.3871035193179586
2.686431750893944
3.008581013981135
3.3533538765390785
3.720406341139018
4.109300297023053
4.51955111541039
4.950665048790909
5.402165222430212
5.873607626810343
6.364589533101367
6.874752732407084
7.4037835310018645
7.951410884744706
8.517403588091303
9.101567087206282
9.70374025132665
10.323792285071335
10.961619870851457
11.617144575219594
12.290310521661054
12.981082315770925
13.689443200905949
14.415393419747934
15.15894875720975
15.92013924172646
16.69900798408457
17.495610135407425
18.310011948182854
19.142289926420993
19.99253005303991
20.860827084163784
21.747283901671075
22.652010916464477
23.57512551612658
24.5167515515491
25.47701885784595
26.456062805677366
27.454023879497907
28.47104727995437
29.507282547861315
30.56288320769123
31.638006428747193
32.7328127024815
33.847465534611075
34.982131150929185
36.13697821580487
37.312177562601626
38.50790193527303
39.72432574057676
40.961624810418854
42.21997617390128
43.49955783874863
44.800548581846044
46.12312774866779
47.467475061405295
48.83377043571987
50.22219380594911
51.632924958774296
53.066143375269476
54.52202808133802
56.00075750650799
57.50250935115556
59.02746046210987
60.57578671675768
62.14766291561266
63.743262683460955
65.36275837906864
67.00632101355751
68.67412017743968
70.36632397639896
72.08309897582267
73.8246101541334
75.59102086494767
77.38249280806527
79.19918600930933
81.04125880923188
82.90886786065249