0.016844869454205214
0.024937329647229053
0.03578922978776153
0.05002192172549147
0.06834182223905479
0.09154823149120633
0.1205410915924946
0.1563279090792752
0.2000289013928592
0.2528793112020543
0.3162277865721578
0.3915297471300904
0.4803347014247808
0.5842664309748281
0.7049946323329639
0.8441958524505697
1.0035005034507232
1.1844223403477823
1.3882693362653928
1.6160435062419842
1.86835198606954
2.1453633209677467
2.4468350922571185
2.772208236242963
3.1207327177873285
3.4915838953212686
3.8839465437359872
4.2970639050773025
4.730259962151236
5.182944966455832
5.6546120268005895
6.144829715916926
6.65323346500517
7.1795171335523476
7.723425358852059
8.284746879517224
8.863308829099976
9.45897191042486
10.071626333062083
10.701188395401154
11.347597603410172
12.01081423276952
12.690817255885547
13.38760256888265
14.101181465239014
14.831579312696071
15.578834397964014
16.342996910491728
17.124128041837047
17.922299181509878
18.73759119368969
19.570093762020907
20.419904791976663
21.287129862179896
22.171881717508995
23.07427979812196
23.99444979948839
24.932523259327876
25.888637168106705
26.862933600173825
27.855559363242005
28.86666566412928
29.896407789123884
30.94494479756033
32.0124392273737
33.09905681168821
34.20496620554319
35.330338722088726
36.47534807763561
37.640170145099376
38.824982715410954
40.02996526657984
41.255298740154444
42.50116532485797
43.76774824726386
45.05523156938364
46.36379999310678
47.69363867143999
49.04493302654408
50.41786857457547
51.81263075735829
53.229404780963335
54.66837546122711
56.129727076323654
57.61364322644464
59.12030670071733
60.6498993514318
62.20260197570727
63.778594204671286
65.37805440030286
67.00115955999946
68.6480852289969
70.31900542070078
72.01409254508575
73.73351734516501
75.47744884166192
77.24605428592655
79.03949912115556
80.85794695196965
82.70155952237785
84.57049670215584
86.46491648166979
88.38497497512132
90.33082643224829