0.0014031689954179555
0.002360412547831856
0.0037896331399925143
0.0058461847704215
0.008713810569390011
0.0126059949394871
0.017767275679528054
0.024474592578970257
0.03303872188953904
0.04380581554599862
0.05715903155915789
0.07352021024224364
0.0933515216575851
0.11715698342257176
0.1454837284782335
0.17892288958788735
0.21810996403910946
0.26372452856113743
0.31648919063912145
0.3771676875889169
0.4465620757939416
0.5255089852303909
0.6148749445004928
0.7155508019124313
0.8284452740516376
0.954477640706204
1.0945695732002907
1.2496360381754874
1.4205751742481978
1.6082570196456463
1.8135110101046366
2.0371123100901634
2.2797673203542885
2.542099120830309
2.8246340926616735
3.1277913618086295
3.4518768062270047
3.797082993822703
4.163495558518904
4.551105406455155
4.959825148955044
5.3895076189729565
5.839964356580435
6.310982420872572
6.802338549502384
7.313810313203934
7.845184372136135
8.396262205381735
8.966863789821467
9.556829703942238
10.166022075585758
10.794324715763217
11.441642702953025
12.107901614652448
12.793046547733592
13.497041026776605
14.219865867937573
14.961518042924272
15.722009571471112
16.50136645930485
17.299627690927363
18.11684428133974
18.9530783874382
19.808402477706668
20.682898557566663
21.576657447010202
22.48977810685838
23.422367009930774
24.37453755348436
25.34640950947188
26.33810850942905
27.3497655610601
28.381516593820926
29.433502031149438
30.505866387126797
31.598757885728524
32.71232810090058
33.84673161600721
35.00212570129646
36.17867000826322
37.37652627985591
38.59585807567945
39.83683051140057
41.099610011729844
42.38436407635215
43.69126105837087
45.02046995481405
46.3721602088574
47.74650152344031
49.14366368605548
50.563816404460944
52.0071291531525
53.473771030447445
54.96391062604182
56.47771589895435
58.01535406574945
59.57699149898677
61.162793635825096
62.77292489671426
64.40754861415188
66.06682697143793
67.75092095139372
69.45999029499426
71.19419346988118