0.010970021375996114
0.01657375196270986
0.024207535422731682
0.03435189411800384
0.0475526220244893
0.06442597897812863
0.08566422551774536
0.11204110841210592
0.14441678682408193
0.18374159072709167
0.23105794122429804
0.28749974965265845
0.3542886526926761
0.4327265246766481
0.524183794552549
0.6300831174111735
0.7518778211285404
0.8910242092542934
1.048946321045883
1.2269914860454876
1.4263757723775579
1.6481213755585788
1.8929937545444915
2.161453127422594
2.4536375383923192
2.7693876783214573
3.108308500576731
3.469849345695449
3.853381644713926
4.258260460848593
4.683865804419599
5.129626200290873
5.5950294071013795
6.079624997353968
6.5830223424630585
7.10488633418058
7.6449322401454625
8.202920467627633
8.778651626015668
9.371962056830803
9.982719878743573
10.61082153278172
11.256188784335064
11.918766128251619
12.598518542528948
13.295429539763886
14.00949947120487
14.740744044276562
15.489193020179982
16.254889063437414
17.0378867197833
17.838251502632087
18.656059071720694
19.49139449013673
20.34435154834178
21.215032145568916
22.10354572065977
23.01000872558789
23.934544136088604
24.87728099465257
25.838353981891526
26.817903012938505
27.816072856021467
28.833012770815337
29.868876164516244
30.9238202639303
31.998005802087047
33.09159671814203
34.20475986950318
35.337664755306776
36.49048325045156
37.66338934960388
38.85655892059826
40.070169466838195
41.30439989828439
42.559430310808324
43.835441773598916
45.13261612450196
46.45113577313791
47.79118351167865
49.15294233326867
50.5365952580073
51.94232516652524
53.37031464113621
54.82074581461457
56.29380022664778
57.789658687993914
59.308501152445636
60.850506596635284
62.41585290780167
64.00471677954575
65.61727361570456
67.25369744237614
68.91416082820565
70.59883481298324
72.30788884461654
74.04149072454837
75.79980656166713
77.58300073474216
79.39123586342457
81.2246727878603
83.08347055688131
84.9677864248301
86.87777585699922