0.042882965060769676
0.06109028454916246
0.08488910234786305
0.11548736121926238
0.15428057435966946
0.20287022124274617
0.263076957163494
0.33694457005118317
0.42672927727125004
0.5348663538864812
0.6639003369911579
0.8163543484260439
0.9945038709809857
1.200041071227082
1.4337196763740248
1.695210635179204
1.9833303003809946
2.296490395211742
2.6330825512956397
2.9916769824730425
3.371078661573472
3.7703150244432644
4.188601640143631
4.625306200675898
5.0799175608355585
5.552021002633378
6.041279043060491
6.5474166888166705
7.070210112060804
7.609477914886953
8.165074343911781
8.736883976070828
9.324817519312568
9.928808463277614
10.548810382116343
11.184794741069057
11.836749094588383
12.504675590722035
13.188589716407282
13.888519233297187
14.604503265094312
15.336591505908517
16.084843525786646
16.849328154669532
17.630122929844365
18.427313595212084
19.24099364292989
20.07126388998177
20.91823208368053
21.78201253130987
22.662725750026283
23.560498133937678
24.47546163583985
25.407753461581226
26.35751577542614
27.324895415090023
28.310043615349404
29.313115739396736
30.334271017203978
31.373672290340515
32.43148576279344
33.50788075740525
34.603029477693276
35.71710677475628
36.85028991917333
38.00275837772227
39.17469359486654
40.36627877895627
41.57769869310799
42.80913945081202
44.06078831626615
45.33283350950355
46.62546401639102
47.93886940357516
49.27323963848979
50.628764914540554
52.005635481583816
53.40404148184121
54.824172791400564
56.266218867446426
57.73036860136256
59.21681017790888
60.725730940563594
62.25731726326596
63.81175442865958
65.38922651303743
66.98991627810757
68.61400506975477
70.26167272394324
71.93309747986585
73.62845590051195
75.34792280074416
77.09167118300721
78.8598721807696
80.6526950097926
82.4703069272895
84.31287319907095
86.18055707470386
88.07351977074961
89.99192046210409
91.93591628146433
93.90566232692761
95.9013116777309
97.92301541810474