3.971889227456797e-12
3.971889227456797e-12
3.971889227456797e-12
3.971889227456797e-12
3.971889227456797e-12
3.971889227456797e-12
3.971889227456797e-12
3.971889227456797e-12
7.943778454913594e-12
7.943778454913594e-12
1.1915667682370391e-11
1.1915667682370391e-11
7.943778454913594e-12
7.943778454913594e-12
1.2039789220728415e-11
8.936750761777794e-12
9.557358453567918e-12
3.562288150875315e-11
1.2399741681966688e-10
4.3206707502428466e-10
1.390533594224953e-9
4.056291873540254e-9
1.0892409720146833e-8
2.7068176842041353e-8
6.283057095990892e-8
1.37272339468596e-7
2.841032786061435e-7
5.601504487651594e-7
1.0573046243167019e-6
1.918708969372163e-6
3.360013237647083e-6
5.696548817947715e-6
9.3770467224306e-6
0.000015024644488080676
0.000023485666437772134
0.000035886576848144
0.00005369930859064104
0.00007881510303468293
0.00011362672939588802
0.00016111896387618863
0.00022496679127369845
0.00030964115702987954
0.0004205213189430258
0.0005640135558904546
0.0007476752392217633
0.0009803436877961742
0.001272269058583456
0.0016352504310361482
0.002082774515763473
0.002630156127841155
0.00329468004357991
0.004095743284768511
0.005054997637010074
0.006196491881213474
0.0075468130224309645
0.009135226733875321
0.010993816247307681
0.013157619740313556
0.01566476608480218
0.0185566086428258
0.02187785725891303
0.02567670829984629
0.030004972744738085
0.03491820226185598
0.040475813371865774
0.046741209603905334
0.05378190156368583
0.061669624987348716
0.07048045654015846
0.08029492728220682
0.09119813369624596
0.10327984579407311
0.11663461242807016
0.13136186306143208
0.14756600594954486
0.16535652212357319
0.18484805483579228
0.2061604940658754
0.2294190554197427
0.2547543531157565
0.2823024666228446
0.3122050002446722
0.3446091355803549
0.3796676761923252
0.41753908433823966
0.4583875093902187
0.5023828078448523
0.5497005546362577
0.6005220459507831
0.6550342932115818
0.7134300087428228
0.7759075829797349
0.8426710536805075
0.9139300674144804
0.9898998337768108
1.0708010727675201
1.1568599559904045
1.248308042210125
1.3453822079985525
1.4483245741031425
1.5573824283711815
1.6728081460635114
1.794859108186903
1.923797618875407
2.0598908225269397
2.2034106215169103
2.3546335953640667
2.5138409220637556
2.6813183023396516
2.857355887468818
3.0422482113585536
3.236294127360961
3.4397967502633766
3.653063403775281
3.876405573735347
4.110138867056626
4.354582976313435
4.610061649537743
4.876902664856796
5.155437809006315