1.9859446137283985e-12
1.9859446137283985e-12
1.9859446137283985e-12
3.971889227456797e-12
1.9859446137283985e-12
1.9859446137283985e-12
4.5924969192469216e-12
2.805146766891363e-11
4.0798749658282785e-10
3.968041459767698e-9
2.62823633826967e-8
1.2960138015499334e-7
5.082060814484794e-7
1.6626592685010855e-6
4.70135523203306e-6
0.00001179913766554142
0.000026826416012666055
0.000056142744218217135
0.0001095322970836765
0.00020124622780350065
0.0003511118782308342
0.0005856667471699934
0.0009392825432198579
0.0014552488361806487
0.0021867962805103636
0.003198046871452459
0.004564887043739886
0.006375765442799315
0.00873242217403951
0.011750559399747965
0.01556046467683592
0.020307598635210162
0.02615315730965781
0.03327461761875689
0.041866271273797724
0.05213974925012307
0.06432453499195637
0.07866846076140079
0.09543817768695328
0.11491958689160021
0.13741821592837053
0.16325952303052607
0.19278911017437422
0.22637282610721954
0.2643967410535044
0.30726697690413246
0.3554093793890196
0.40926902218833777
0.46930953702598194
0.536012268142108
0.6098752536394587
0.691412040281796
0.7811503416831002
0.8796305522594723
0.987404130848085
1.105031868031451
1.2330820502231052
1.3721285313595712
1.5227487191802036
1.6855214792586346
1.8610249549592577
2.049834296833147
2.252519292343387
2.469641884080732
2.7017535678061533
2.949392667083318
3.213081493065376
3.493323415725498
3.7905998959444505
4.105367555343025
4.438055389492228
4.7890622550166375
5.158754777436126
5.547465827809819
5.9554936989540925
6.383102075007984
6.830520834565447
7.2979476648626775
7.785550401937051
8.293469959556951
8.821823674937935
9.370708886095775
9.94020656260029
10.53038483450596
11.141302297349656
11.773011007832661
12.425559094256359
13.098993142248055
13.793359819091265
14.508707658879159
15.245088138911939
16.002556625267253
16.78117304621167
17.581002357055954
18.4021148317616
19.2445862128788
20.108497747587116
20.993936133619055
21.90099339508184
22.82976670496421
23.78035816806349
24.75287457559595
25.747427140555406
26.76413122119303
27.803106038382168
28.86447439154885
29.948362376775844
31.05489910994812
32.184216457132294
33.3364487739152
34.51173265498274
35.71020669492323
36.932011260969766
38.1772882782247
39.4461810277168
40.7388339575617
42.05539250736177
43.396002945935145
44.760812222420284
46.14996783069989