9.348254264862058
9.704100756542555
10.077516087215322
10.468233619910281
10.876007046700577
11.300610025606984
11.741835536148825
12.199495059131348
12.673417661254836
13.163449044416117
13.669450603065426
14.191298519650466
14.728882917746565
15.2821070844067
15.850886767028733
16.435149545461428
17.03483427670354
17.64989060732028
18.280278546841583
18.92596809570776
19.58693891923613
20.263180060868972
20.95468968727668
21.66147485884089
22.38355131955221
23.120943299923738
23.873683336834567
24.641812081390423
25.425378133630876
26.224437859744725
27.039055215005927
27.8693015626913
28.715255489198775
29.577002614722947
30.454635399244165
31.348252943671074
32.25796078630958
33.18387069490517
34.126100454584694
35.08477365218782
36.060019457409055
37.0519724012989
38.060772152602546
39.08656329245224
40.12949508789932
41.18972126473485
42.267399780066505
43.36269259499935
44.47576544785061
45.606787628218065
46.75593175220151
47.92337353909104
49.10929158975119
50.3138671669826
51.53728397802046
52.779727959440464
54.04138706459966
55.32245105383347
56.62311128756839
57.94356052248803
59.283992710960845
60.64460280384394
62.02558655684751
63.42714034060838
64.84946095463187
66.29274544527482
67.75719092792626
69.24299441355463
70.75035263979882
72.27946190677802
73.83051791778291
75.40371562513872
76.99924908106296
78.61731129431607
80.2580940921985
81.92178798846035
83.60858205714271
85.31866381259853
87.05221909578734
88.80943196706974
90.59048460561435
92.39555721557836
94.22482793919679
96.07847277690291
97.95666551459823
99.85957765816778
101.78737837534196
103.74023444496835
105.71831021377615
107.72176756065866
109.7507658685377
111.8054620038171
113.88601030342737
115.99256256948995
118.12526807154097
120.28427355632257
122.46972326508428
124.68175895833856
126.92051994801866
129.1861431369659
131.47876306565337
133.79851196607547
136.14551982268964
138.5199144403194