11.839871229297314
12.20696484311326
12.592337248087029
12.99570473146659
13.416801723505168
13.855381028500325
14.311213701814347
14.784088679452129
15.273812244969593
15.780207399409914
16.30311318393879
16.84238399152682
17.397888893241383
17.969510996084875
18.557146842582576
19.160705857189043
19.78010984081408
20.41529251166079
21.06619908983337
21.732785920292475
22.415020129796705
23.11287931234003
23.82635123800274
24.555433580420885
25.30013365854113
26.060468187333797
26.836463044807186
27.628153020754063
28.43558159819633
29.25880071268657
30.097870520077496
30.952859161261138
31.82384252481966
32.71090400729589
33.61413427097252
34.53363099929146
35.46949865005693
36.42184820677429
37.390796928476085
38.37646809842549
39.37899077212843
40.39849952508109
41.43513420065875
42.489039658555136
43.56036552412845
44.649265939019976
45.755899313351975
46.88042807979738
48.02301844977484
49.183840172021206
50.36306629371848
51.56087292439795
52.77743900276362
54.012946066599596
55.26757802589681
56.54152093932336
57.834962794173606
59.14809328989291
60.48110362530651
61.83418628966808
63.20753485762389
64.60134378822366
66.01580822810449
67.45112381895035
68.90748650938396
70.38509237139954
71.88413742149892
73.40481744667129
74.94732783535615
76.511863413561
78.0986182862873
79.70778568439357
81.33955781724204
82.99412573079567
84.67167917213
86.37240645973411
88.09649436023346
89.84412797152753
91.61549061252623
93.41076371961701
95.23012675000128
97.0737570920462
98.94182998273297
100.83451843235044
102.75199315649597
104.69442251548129
106.66197246122202
108.65480649164844
110.67308561270174
112.7169683079255
114.78661051569551
116.8821656140612
119.00378441321439
121.15161515554557
123.32580352326441
125.52649265352483
127.75382316100819
130.0079331678876
132.28895834110037
134.59703193683367
136.9322848521385
139.29484568356264
141.68484079269342
144.10239437850623