-0.12649693845078E-33
-0.20239510152125E-32
-0.10246252014513E-31
-0.32383216243401E-31
-0.79060586531740E-31
-0.16394003223222E-30
-0.30371914922033E-30
-0.51813145989441E-30
-0.82994641317559E-30
-0.12649693845078E-29
 0.18017922238033E-14
 0.25518723825412E-14
-0.36811973288941E-14
-0.94553172692613E-14
 0.86216084443275E-14
 0.27778705505182E-14
-0.18572381493786E-13
 0.55171873454532E-14
-0.19658683272802E-13
-0.40053863472593E-13
-0.19782913185238E-13
-0.13605526293183E-12
 0.49470070689442E-13
 0.55243976547303E-13
 0.28352228518507E-13
-0.10909078609703E-12
-0.14120635524486E-13
 0.22783075267716E-12
 0.38757784628861E-12
 0.12948412377843E-11
 0.26106914605148E-11
 0.26700559496122E-11
 0.34202925071071E-11
 0.47986853194406E-11
 0.94377642918131E-11
 0.88631026357578E-11
 0.18427199302756E-10
 0.22546510091004E-10
 0.26792994320715E-10
 0.36858496056824E-10
 0.43269100605140E-10
 0.52884567449942E-10
 0.76300438392646E-10
 0.86541445473280E-10
 0.97384500103237E-10
 0.13531640780909E-09
 0.16173076589091E-09
 0.17960296666354E-09
 0.24368996314297E-09
 0.27411912713220E-09
 0.32731149573482E-09
 0.38483014444257E-09
 0.45317972154361E-09
 0.53017513599666E-09
 0.61786025701198E-09
 0.72039029792878E-09
 0.84382372360780E-09
 0.96890619074215E-09
 0.11450407749565E-08
 0.13143389401465E-08
 0.15101574930329E-08
 0.17552960206537E-08
 0.19882968876578E-08
 0.63189314559847E-08
 0.36361698755034E-08
 0.29716435282701E-08
 0.33601936656382E-08
 0.38127290156112E-08
 0.43065853962226E-08
 0.48455347346886E-08
 0.54589400762224E-08
 0.60931745811030E-08
 0.68023013080911E-08
 0.74849826870378E-08
 0.82631231704498E-08
 0.90560058648712E-08
 0.99287862002075E-08
 0.10784533529630E-07
 0.11719223437119E-07
 0.12602234228780E-07
 0.13525000240973E-07
 0.14482667249879E-07
 0.15463479685052E-07
 0.16328935274116E-07
 0.17145474570544E-07
 0.18583261164219E-07
 0.18601915279020E-07
 0.20430703441554E-07
 0.20252900933065E-07
 0.19732072160873E-07
 0.20558676413831E-07
 0.22867566550482E-07
 0.24344133750436E-07
 0.24951115938834E-07
 0.23191975470545E-07
 0.26272125192908E-07
 0.26803303051528E-07
 0.17597921787595E-07
 0.20828942280573E-07
 0.19624758005841E-07
 0.18188254289343E-07
 0.16331212870133E-07
 0.11660654993102E-07
 0.13562215637470E-07
 0.59387677365206E-08
 0.51373382547631E-09
-0.65173466687897E-08
-0.15487921341376E-07
-0.26690868902074E-07
-0.40659814978973E-07
-0.58316646497549E-07
-0.80153801026149E-07
-0.10744016036751E-06
-0.14118043307095E-06
-0.19217258058746E-06
-0.23131426990528E-06
-0.29101873896807E-06
-0.36196287269555E-06
-0.44537212211369E-06
-0.54305890931866E-06
