26.191822171233827
26.230766632519398
26.295644786725607
26.38641220672886
26.503005664094303
26.645343293072266
26.81331900676869
27.00680361380106
27.225640244464046
27.46964263474363
27.738594978535158
28.032253342200164
28.350349859971793
28.69259639125614
29.05868996661479
29.448317059368854
29.86116065102899
30.296899609438796
30.755217815566706
31.235803368201694
31.738353265026543
32.262575108528026
32.80819746059456
33.374923860012856
33.962531637723956
34.570772261349795
35.199425919717804
35.84828702677226
36.51716763114305
37.20589612207648
37.91431843549183
38.642301278492404
39.38971901531405
40.156471264446616
40.94247060985942
41.74764187965266
42.57194406628886
43.41532488053607
44.277765066885216
45.15925490811725
46.05980243088905
46.97942373193137
47.91815272968168
48.87603482460655
49.85312704392401
50.84950488304017
51.86524223659566
52.90043767708456
53.955193957457574
55.029621892203274
56.12384098167279
57.238000221329976
58.37221907114587
59.526665807679706
60.701484524117625
61.896851092694746
63.112927398641375
64.35005774349769
65.60795009574925
66.88727150206903
68.18805521824684
69.51051510035506
70.85484855960368
72.2212719780928
73.60979870932653
75.02124252725129
76.45523799137946
77.91220547344172
79.39237563584312
80.89598212423752
82.42325522503297
83.97443469985768
85.54975662046631
87.14946227288573
88.7737902215001
90.42298005413105
92.09728074166854
93.79692690051711
95.5221648524171
97.2732327486198
99.05037854521406
100.8538361793034
102.68384647353722
104.54065336093832
106.42448505245969
108.33557927251387
110.2741719538501
112.24050254318546
114.23477949898802
116.25724041763252
118.30810528457206
120.38759488842143
122.49592461539356
124.63331010826029
126.79995904685715
128.99607831338957
131.2218706484279
133.477532498264
135.76326142863945
138.0792446704008
140.42566906576667
142.80271617062965
145.21056315299595
147.64938274029382
150.11934317927194
152.6206082084954
155.15333704337317
157.7176843735923
160.31380037282554
162.94183072048605
165.60191663529957
168.294194920413
171.0187980196942
173.77585408485353
176.5654870531106
179.38781673483055
182.242958910816
185.1310254387677
188.05212436844053
191.00636006503814