6.529728376647336
6.869352593860474
7.225598617582703
7.598235336545117
7.987053784081782
8.391865894301471
8.812503135514362
9.248815109632199
9.70066817924244
10.167944163778037
10.650539130867942
11.148362297793222
11.661335049605759
12.18939007449563
12.732470612689223
13.290529812098839
13.863530182056227
14.451443135165833
15.054248606858268
15.67193474164568
16.30449763654814
16.951941130772802
17.614276633217724
18.291522979215507
18.983706309105454
19.69085996128895
20.41302437908469
21.15024701675589
21.902582246265233
22.670091273006754
23.4528420345444
24.250909099582543
25.064373558401314
25.8933229051134
26.737850911317896
27.598057490986665
28.474048556710393
29.36593586758328
30.273836869175888
31.197874526146816
32.13817714809806
33.09487820934472
34.068116163251396
35.058034251844624
36.06478031133605
37.08850657422563
38.129369468574545
39.18752941502995
40.26315062216249
41.35640088058318
42.46745135633896
43.59647638398691
44.743653259760244
45.90916203518036
47.09318531144372
48.29590803490065
49.51751729391104
50.75820211732782
52.018153274873285
53.29756307964684
54.596625192971565
55.915534431817015
57.254486578995184
58.61367819633081
59.99330644103218
61.39356888544625
62.81466334039157
64.25678768228616
65.720139684268
67.20491685148141
68.71131626084792
70.23953440520178
71.78976704253625
73.36220905000002
74.95705428319263
76.57449544084015
78.21472393505886
79.87792976740012
81.56430141086277
83.27402569805884
85.00728771569713
86.76427070555488
88.54515597210015
90.35012279690473
92.17934835997929
94.0330076681785
95.91127349075646
97.8143163022087
99.74230423245524
101.6954030244689
103.6737759993812
105.67758402913968
107.70698551673118
109.76213638399416
111.84319006703599
113.95029751924112
116.0836072218442
118.24326520205783
120.4294150586872
122.6421979952041
124.88175286019126
127.1482161951116
129.4417222893031
131.76240324211656