0.07087774724020729
0.07339984882948061
0.07599271598781114
0.07865787901796142
0.08139689514887583
0.08421134894168206
0.08710285273156387
0.09007304711369687
0.09312360131797144
0.09625621370969899
0.09947261216954807
0.1027745546184543
0.10616382937099439
0.10964225564316733
0.1132116839731665
0.11687399663768319
0.12063110813424299
0.12448496556796845
0.1284375491138077
0.13249087241186158
0.13664698303904543
0.1409079628476927
0.14527592843088658
0.1497530315323093
0.15434145935741486
0.1590434350601095
0.16386121802165302
0.1687971042909175
0.1738534268871201
0.1790325561190635
0.1843368999579969
0.1897689042861076
0.19533105322655986
0.2010258693907453
0.20685591411101054
0.21282378768654212
0.2189321295897806
0.22518361858967317
0.23158097295411595
0.2381269505389491
0.24482434886069207
0.2516760051341524
0.25868479632257085
0.26585363903671055
0.273185489487939
0.2806833433428821
0.28835023554344724
0.2961892400475341
0.3042034695099179
0.31239607492068316
0.32077024513455515
0.32932920630403667
0.33807622130224285
0.34701458890953285
0.35614764304271496
0.3654787517614539
0.3750113161552726
0.38474876915049644
0.39469457408484115
0.40485222316061037
0.41522523568303865
0.42581715612722243
0.4366315519390591
0.4476720111182279
0.45894213955044594
0.4704455580182491
0.4821858989148744
0.4941668026191661
0.5063919135122676
0.5188648755947658
0.5315893276593557
0.5445688980352871
0.5578071988950327
0.5713078199469291
0.5850743217308754
0.5991102282353357
0.6134190190575748
0.6280041209008368
0.6428688985654785
0.65801664526476
0.6734505724980158
0.6891737993061983
0.7051893410656886
0.7215000978830575
0.738108842626769
0.755018208705182
0.7722306777607677
0.7897485673522884
0.8075740188288683
0.8257089855697252
0.8441552217647015
0.8629142719890471
0.8819874617058882
0.9013758889988632
0.9210804176391908
0.941101671737645
0.9614400321741992
0.9820956347987597
1.0030683706604193
1.0243578881860376
1.0459635973961536
1.0678846760293907
1.0901200775720028
1.1126685409522632
1.13552860182274
1.1586986051678172
1.1821767189277717
1.2059609486081253
1.2300491534637301
1.2544390565229455
1.2791282710707084
1.3041143052237756
1.329394582533535
1.3549664555480205
1.3808272198427354
1.4069741273202747
1.433404398627072
1.460115234740517
1.4871038275424977
1.5143673695085746
1.5419030624241687
1.5697081251707055
1.59777980060654
1.626115361646058
1.6547121164648364
1.6835674129897404
1.7126786426914564
1.742043243738669
1.7716587035604268
1.8015225608723
1.8316324072652634
1.8619858883541902
1.8925807045351193
1.923414611441277
1.9544854201071657
1.9857909968496563
2.017329263017261
2.049098194437298
2.0810958208058326
2.113320224907326
2.145769541721332
2.1784419574660157
2.2113357085268635
2.2444490803847663
2.277780406451884
2.3113280669109875
2.3450904875152
2.379066138383152
2.413253532800089
2.4476512259828653
2.4822578139167977
2.517071932129967
2.55209225454919
2.5873174923361315
2.6227463927473718
2.6583777380353104
2.694210344358504
2.730243060739789
2.7664747680108768
2.8029043778311733
2.8395308317139203
2.876353100057428
2.913370181261329
2.9505811008057212
2.9879849104309715
3.0255806872605504
3.0633675330250223
3.101344573276234
3.139510956631166
3.177865854043833
3.2164084581126895
3.255137982398207
3.2940536607593214
3.3331547467377893
3.3724405129373323
3.4119102504412604
3.451563268242627
3.491398892698221
3.5314164669984414
3.571615350670069
3.6119949190632696
3.6525545629026483
3.693293687809256
3.7342117138789495
3.7753080752374144
3.8165822196555155
3.8580336081177227
3.8996617144881016
3.941466025091528
3.9834460383948183
4.025601264660183
4.067931225584901
4.110435454019318
4.15311349363519
4.195964898634372
4.23898923346483
4.282186072531061
4.325554999945854
4.369095609248778
4.412807503170481
4.456690293385932
4.500743600278962
4.544967052720958
4.589360287846824
4.633922950844343
4.678654694758317
4.723555180277325
4.768624075556599
4.813861056019559
4.859265804205633
4.90483800955206
4.950577368274229
4.996483583161005
5.0425563634557005
5.088795424671624
5.135200488473549
5.181771282499102
5.228507540258968
5.275409000971063
5.322475409457269
5.369706515994359
5.417102076203905
5.464661850929768
5.512385606135822
5.560273112767436
5.608324146666325
5.656538488463185
5.704915923467473
5.753456241572952
5.802159237156777
5.851024709008753
5.900052460196154
5.949242298026003
5.998594033927893
6.048107483382499
6.097782465837541
6.1476188046374105
6.197616326925366
6.2477748636034365
6.298094249236851
6.34857432198316
6.399214923539495
6.450015899065477
6.500977097125753
6.552098369620862
6.603379571728525
6.654820561850146
6.706421201549993
6.758181355488673
6.81010089139433
6.862179679982963
6.914417594923172
6.966814512778076
7.019370312957145
7.072084877680954
7.124958091912297
7.177989843330489
7.231180022279366
7.28452852172607
7.338035237216369
7.3917000668348125
7.4455229111773
7.499503673287534
7.553642258636909
7.6079385750953445
7.662392532869348
7.717004044489975
7.77177302477075
7.826699390776022
7.881783061780492
7.937023959250975
7.992422006804688
8.047977130185549
8.103689257233887
8.159558317847349
8.215584243972948
8.27176696956152
8.328106430549717
8.384602564831589
8.441255312236615
8.49806461449507
8.555030415225366
8.612152659908357
8.669431295853085
8.72686627218747
8.78445753982976
8.84220505146147
8.900108761529006
8.958168626188543
9.016384603312984
9.074756652458193
9.133284734851829
9.19196881337311
9.250808852523901
9.309804818424977
9.368956678789596
9.428264402907978
9.487727961633283
9.54734732735989
9.607122474011476
9.667053377022402
9.727140013322446
9.787382361322901
9.847780400899198
9.908334114157107
9.969043482335408
10.029908490366864
10.090929123849902
10.15210536977621
10.213437216519328
10.274924653818868
10.336567672772588
10.398366265827194
10.460320426750547
10.522430150640712
10.584695433894813
10.647116274214742
10.709692670578853
10.772424623244698
10.835312133734256
10.898355204814816
10.961553840502456
11.024908046041931
11.088417827900095
11.152083193754365
11.215904152482656
11.279880714158798
11.344012890037881
11.408300692544971
11.472744135274477
11.537343232974768
11.602098001539236
11.667008458002446
11.732074620524866
11.797296508391012
11.862674141999143
11.928207542847979
11.993896733541911
12.059741737765316
12.125742580290618
12.191899286961412
12.25821188469184
12.324680401450207
12.391304866261219
12.458085309191706
12.525021761351983
12.592114254876499
12.659362822930031
12.726767499694038
12.794328320358963
12.8620453211246
12.929918539187698
12.997948012731513
13.066133780936747
13.134475883956348
13.202974362919225
13.271629259920456
13.340440618022642
13.409408481239405
13.478532894538365
13.547813903834063
13.617251555973446
13.686845898747153
13.756596980869164
13.826504851976303
13.896569562627118
13.966791164291092
14.037169709347136
14.107705251077652
14.178397843656603
14.249247542162298
14.32025440254823
14.39141848166405
14.462739837226525
14.53421852783405
14.60585461294978
14.67764815290485
14.749599208885966
14.821707842939249
14.893974117958452
14.966398097687303
15.03897984671071
15.111719430447922
15.184616915157623
15.257672367922414
15.330885856650681
15.404257450076956
15.47778721774803
15.55147523002381
15.625321558072482
15.699326273871879
15.773489450191603
15.847811160604818
15.922291479479568
15.996930481962135
16.071728243998763
16.146684842305874
16.221800354380235
16.297074858494383
16.37250843369115
16.44810115977906
16.52385311732889
16.59976438766904
16.675835052889276
16.75206519582645
16.82845490006649
16.9050042499434
16.981713330527228
17.05858222763387
17.135611027808558
17.21279981832574
17.290148687196766
17.36765772314719
17.445327015628177
17.523156654808812
17.60114673157734
17.679297337521557
17.75760856494829
17.83608050686441
17.914713256978583
17.993506909696283
18.07246156012353
18.151577304050495
18.230854237964675
18.3102924590299
18.38989206510073
18.469653154707082
18.549575827054834
18.629660182026445
18.709906320169676
18.790314342705635
18.870884351512416
18.9516164491334
19.03251073877105
19.113567324281586
19.19478631017162
19.276167801600014
19.357711904370955
19.43941872493095
19.52128837036709
19.60332094840496
19.685516567404772
19.767875336356905
19.85039736488302
19.933082763227866
20.015931642262757
20.098944113476765
20.182120288976336
20.265460281484184
20.348964204334695
20.43263217146896
20.516464297438617
20.600460697395068
20.68462148708959
20.768946782879798
20.853436701704062
20.93809136110946
21.02291087921923
21.1078953747509
21.193044967005136
21.278359775862487
21.3638399217844
21.449485525807738
21.535296709544184
21.62127359517029
21.707416305440393
21.793724963668254
21.880199693729146
21.966840620061745
22.053647867664754
22.14062156208227
22.227761829421524
22.315068796334646
22.402542590018534
22.49018333821858
22.577991169221093
22.665966211849337
22.7541085954634
22.842418449961936
22.930895905770985
23.0195410938456
23.108354145668837
23.19733519324694
23.286484369106205
23.37580180629351
23.465287638370697
23.55494199941274
23.644765024005242
23.734756847247546
23.82491760473697
23.91524743258073
24.00574646738252
24.096414846247114
24.187252706774903
24.27826018706066
24.369437425684964
24.460784561724385
24.552301734737334
24.64398908476443
24.735846752331366
24.827874878437477
24.920073604561953
25.012443072658005
25.104983425144425
25.197694804916132
25.290577355330775
25.38363122020736
25.47685654383072
25.570253470940468
25.663822146735345
25.757562716869998
25.85147532744279
25.94556012501346
26.039817256575798
26.134246869575136
26.22884911190031
26.32362413187407
26.418572078258066
26.51369310025123
26.608987347482575
26.704454970010815
26.80009611832364
26.895910943332233
26.99189959637339
27.088062229199352
27.184398993984235
27.280910043318226
27.377595530200477
27.47445560804608
27.571490430674512
27.668700152314358