3.971889227456797e-12
3.971889227456797e-12
3.971889227456797e-12
3.971889227456797e-12
3.971889227456797e-12
3.971889227456797e-12
3.971889227456797e-12
3.971889227456797e-12
3.971889227456797e-12
3.971889227456797e-12
3.971889227456797e-12
3.971889227456797e-12
3.971889227456797e-12
3.971889227456797e-12
3.971889227456797e-12
3.971889227456797e-12
3.971889227456797e-12
5.9578338411851955e-12
5.9578338411851955e-12
5.9578338411851955e-12
4.468375380888897e-12
5.709590764469145e-12
1.241215383580249e-11
2.755498151548153e-11
7.223873532437049e-11
1.9263662753165464e-10
5.046781749637293e-10
1.2412153835802491e-9
2.880364419136326e-9
6.355519250084307e-9
1.337682643192106e-8
2.6951999082138242e-8
5.217250270418204e-8
9.738153886340217e-8
1.7579010761647336e-7
3.077270827587497e-7
5.236620677694357e-7
8.681743061221231e-7
1.4049982218190437e-6
2.2234670649333887e-6
3.4463680672858347e-6
5.239607538393405e-6
7.823711718970649e-6
0.00001148745855300135
0.00001660372999413146
0.00002364784376391227
0.00003321841272105071
0.00004606085695617743
0.0000630937143308187
0.00008543778644879059
0.00011444809970408303
0.00015174878988745847
0.00019927084531207883
0.00025929267717953326
0.000334483422109168
0.00042794896516329444
0.0005432805237479761
0.0006846057069937768
0.0008566418396098546
0.0010647515581551806
0.0013150003202709055
0.0016142158653515534
0.0019700493071662024
0.0023910377628560647
0.0028866683149973917
0.003467443207928954
0.004144945976977005
0.004931908500399761
0.005842278749143168
0.006891289065602667
0.008095524899648706
0.00947299382516693
0.011043194771576871
0.012827187308722903
0.014847660967512204
0.01712900440738673
0.019697374524713342
0.022580765269984808
0.025809076282313895
0.02941418117936607
0.0334299955983044
0.03789254493834627
0.042840031757517494
0.04831290289484958
0.054353916356249615
0.06100820796950403
0.06832335780270678
0.07634945654197559
0.08513917177955253
0.09474781425126294
0.10523340429193179
0.11665673837396148
0.12908145600710333
0.14257410699892617
0.1572042192673778
0.17304436728487632
0.19017024130486435
0.20866071754285714
0.2285979294393346
0.250067340157394
0.27315781657879823
0.29796170483689643
0.32457490776796777
0.35309696431648596
0.38363113129248727
0.41628446757785603
0.4511679211375094
0.48839641906411174
0.5280889609936822
0.570368716127926
0.6153631243260139
0.6632040014867477
0.7140276497369593
0.7679749727237871
0.8251915965606894
0.8858279968308368
0.9500396321726687
1.0179870850155974
1.0898362100253947
1.1657582908557942