3.971889227456797e-12
3.971889227456797e-12
3.971889227456797e-12
3.971889227456797e-12
3.971889227456797e-12
3.971889227456797e-12
3.971889227456797e-12
3.971889227456797e-12
3.971889227456797e-12
3.971889227456797e-12
3.971889227456797e-12
3.971889227456797e-12
3.971889227456797e-12
3.971889227456797e-12
3.971889227456797e-12
3.971889227456797e-12
3.971889227456797e-12
3.971889227456797e-12
5.9578338411851955e-12
3.971889227456797e-12
3.971889227456797e-12
4.2201323041728465e-12
4.468375380888897e-12
7.943778454913594e-12
1.0674452298790142e-11
2.482430767160498e-11
6.603265840646925e-11
1.6806056293676572e-10
4.0612567350745747e-10
9.485367961320262e-10
2.118754659771485e-9
4.5177757531553904e-9
9.2291811061493e-9
1.812397878796208e-8
3.432357724522134e-8
6.28735170121808e-8
1.1168009183916992e-7
1.9283472550687405e-7
3.2434323309873845e-7
5.324468937682633e-7
8.545690960596232e-7
1.3430834195691403e-6
2.069980356544469e-6
3.1325759096767586e-6
4.660405550584134e-6
6.823475074952508e-6
9.841888213779859e-6
0.000013997121585677598
0.0000196449472384721
0.000027230192934303162
0.00003730336425779783
0.000050539276251950255
0.00006775773256289828
0.00008994627220128603
0.00011828512988714153
0.00015417424737905418
0.00019926257434924882
0.0002554794162710703
0.000325067991918094
0.00041062104855009923
0.0005151185161676746
0.0006419671556552159
0.0007950421385033038
0.000978730376893015
0.0011979756920202174
0.0014583255974893212
0.0017659795292194395
0.002127838706804048
0.0025515572050556425
0.003045594293327794
0.003619267935870066
0.004282809312958471
0.005047418279143537
0.0059253196675107785
0.006929820351827287
0.008075366969511383
0.009377604225739316
0.010853433733757014
0.012521073264048171
0.014400116411047194
0.01651159257462437
0.01887802722854004
0.021523502442603176
0.024473717585799182
0.02775605026425564
0.031399617407905644
0.035435336489216464
0.039895986976011454
0.0448162718614955
0.0502328794311044
0.05618454521181295
0.06271211410911467
0.06985860286845538
0.07766926273848827
0.0861916425742158
0.09547565225564847
0.10557362659922619
0.11654038981115417
0.12843332048091585
0.1413124173217492
0.15524036561414742
0.17028260459615868
0.18650739572204028
0.2039858920943577
0.22279220905810954
0.2430034961251871
0.26470001036942603
0.28796519147594973
0.3128857385418675
0.3395516888142623
0.3680564986154473
0.3984971265796147
0.43097411436907174
0.4655917004055653
0.5024578610935273
0.541684455995108
0.583387301050713
0.6276862758627105
0.6747054301192235
0.7245730945525795