1.9859446137283985e-12
1.9859446137283985e-12
1.9859446137283985e-12
1.9859446137283985e-12
1.9859446137283985e-12
1.9859446137283985e-12
1.9859446137283985e-12
3.971889227456797e-12
1.9859446137283985e-12
2.8547953822345726e-12
1.1915667682370391e-11
1.1332296452087674e-10
7.537901024482852e-10
3.923233584420451e-9
1.6588222993858238e-8
5.922657797214531e-8
1.8384795376513797e-7
5.074572562075654e-7
1.2681953100085179e-6
2.9116601755748415e-6
6.214181681991409e-6
0.000012448740521056594
0.000023596599566193466
0.00004260590352620491
0.0000736955629769617
0.00012270084025106203
0.00019745535631049136
0.000308202674168293
0.00046803035612833855
0.0006933188916542441
0.0010041983052584726
0.0014250058322090304
0.0019847388813413534
0.0027174985157293894
0.0036629198238880465
0.004866586375739623
0.006380427531189716
0.008263097342720212
0.010580335599871812
0.013405311374451485
0.016818950248846602
0.020910246611152674
0.025776562494657464
0.03152391443289412
0.038267249509914364
0.04613071170822927
0.05524789897370021
0.06576211112683869
0.07782658814475724
0.09160473771281336
0.10727035046451386
0.12500780068790424
0.1450122299621435
0.16748971047712072
0.19265738495541712
0.2207435794379483
0.2519878855699659
0.28664120892020695
0.3249657801905584
0.36723512649967033
0.41373400064137467
0.4647582664637815
0.5206147396011138
0.5816209830879835
0.6481050585665797
0.7204052341106505
0.7988696506185817
0.883855949323172
0.9757308632531599
1.0748697764621264
1.1816562538620652
1.2964815468798154
1.4197440771149377
1.551848902734269
1.6932071702151736
1.844235554244369
2.0053556877577807
2.1769935830177034
2.359579044038194
2.5535450691415638
2.7593272416189345
2.977363105211105
3.2080915198936895
3.4519519927004154
3.709383977476451
3.980826137058893
4.266715561541323
4.567486937007536
4.883571660376043
5.2153968986934816
5.563384593799035
5.927950417936145
6.309502690460559
6.708441258994759
7.125156451277919
7.560027869154867
8.013423480390582
8.485698616824312
8.977195168107711
9.488240918222589
10.019149064810952
10.570217942040141
11.141730958826194
11.733956754246288
12.347149561535577
12.981549762744777
13.63738460816559
14.314869069225418
15.014206790290526
15.735591104458234
16.47920607995012
17.245227566987978
18.033824219727627
18.845158472679632
19.6793874563787
20.536663841980605
21.417136608803368
22.320951732580156
23.248252795201775
24.19918151899844