3.971889227456797e-12
3.971889227456797e-12
3.971889227456797e-12
3.971889227456797e-12
3.971889227456797e-12
3.971889227456797e-12
3.971889227456797e-12
3.971889227456797e-12
3.971889227456797e-12
3.971889227456797e-12
3.971889227456797e-12
3.971889227456797e-12
3.971889227456797e-12
3.971889227456797e-12
3.971889227456797e-12
3.971889227456797e-12
3.971889227456797e-12
3.971889227456797e-12
3.971889227456797e-12
3.971889227456797e-12
3.971889227456797e-12
6.08195537954322e-12
6.454319994617295e-12
7.943778454913594e-12
1.266039691251854e-11
2.6686130746975354e-11
6.541205071467913e-11
1.624750937106546e-10
4.046362150471612e-10
9.423307192141252e-10
2.104977169013744e-9
4.48326996549186e-9
9.156694127748213e-9
1.7989679283458697e-8
3.407334822389156e-8
6.242072164025072e-8
1.1089340952905675e-7
1.9152052665873928e-7
3.221856283974609e-7
5.289935843280663e-7
8.491573969872134e-7
1.3347841570283694e-6
2.0574912473548847e-6
3.1141017840290885e-6
4.633531375706546e-6
6.784977290372306e-6
9.787542839425181e-6
0.000013921441208337637
0.000019540905461981946
0.000027088871005524096
0.00003711357758490842
0.000050287133400620535
0.00006742612735095483
0.00008951434947961086
0.00011772763067443568
0.00015346087857266602
0.00019835722626299616
0.0002543394067350718
0.0003236431867535484
0.0004088529569715138
0.0005129393626020012
0.0006392988893760966
0.0007917954152138484
0.000974803585240576
0.001193253948460172
0.0014526797412729759
0.001759265313121599
0.0021198959692323546
0.002542209199546028
0.0030346472795640066
0.0036065108790613084
0.0042680140216143055
0.005030339820508676
0.0059056972678186
0.006907378826304081
0.008049818786517532
0.009348652331403145
0.010820775226468814
0.012484404091591565
0.014359137192271663
0.016466015765354024
0.018827585731884727
0.021467959883863557
0.024412880503560105
0.027689782306911204
0.03132785583847253
0.03535811127609538
0.03981344254950687
0.04472869195500383
0.05014071519389774
0.05608844681733352
0.06261296618124783
0.06975756396012259
0.0775678091036041
0.0860916165131512
0.09537931526047402
0.10548371742906278
0.1164601878658998
0.1283667144353674
0.14126397929293816
0.15521543089974685
0.17028735694809008
0.1865489582465099
0.20407242359040212
0.22293300565588262
0.24320909800528637
0.264982313133053
0.28833756175977854
0.31336313329623705
0.34015077756164985
0.36879578775818955
0.3993970849021738
0.4320573034568802
0.46688287862039735
0.5039841349136491
0.5434753764407089
0.5854749787222292
0.630105482248949
0.6774936877356643
0.7277707533086418