 0.12868070600492E-31
 0.51472282401969E-31
 0.11581263540443E-30
 0.20588912960788E-30
 0.32170176501231E-30
 0.46325054161772E-30
 0.63053545942412E-30
 0.82355651843151E-30
 0.10423137186399E-29
 0.12868070600492E-29
 0.20716077195908E-14
 0.19770847784622E-14
 0.14091071677725E-14
 0.51292259437880E-14
 0.93801512647575E-15
-0.70296347678655E-14
-0.96276322641819E-15
 0.70919174657710E-14
-0.74207125454162E-15
-0.51709363992425E-14
-0.12361162858131E-15
 0.76975482702419E-15
-0.71185525785859E-14
-0.13641800357010E-13
 0.36255394390437E-14
 0.45074352033466E-14
-0.20215165666835E-15
 0.45356969218648E-13
 0.23085347041007E-14
 0.17625922053153E-12
 0.17275446781737E-12
 0.45092831260273E-12
 0.62664160872596E-12
 0.94141654726163E-12
 0.14289292212996E-11
 0.19726105150579E-11
 0.29276559722250E-11
 0.39207746045087E-11
 0.52312697869076E-11
 0.72948156150099E-11
 0.99510825017897E-11
 0.12838196367229E-10
 0.16559879803009E-10
 0.21519162005971E-10
 0.27047038637880E-10
 0.33871913411678E-10
 0.42077645945289E-10
 0.51532465307731E-10
 0.62783840873938E-10
 0.75786861733660E-10
 0.90675248007241E-10
 0.10836017971032E-09
 0.12807019598045E-09
 0.15051693251419E-09
 0.17555425090123E-09
 0.20429959477082E-09
 0.23604696842608E-09
 0.27173708092562E-09
 0.31114107134249E-09
 0.35492941112450E-09
 0.40406638930393E-09
 0.45758150014697E-09
 0.51661141770080E-09
 0.58141118935692E-09
 0.65254701663442E-09
 0.73047034795068E-09
 0.81543979159359E-09
 0.90816983250948E-09
 0.10093090690483E-08
 0.11188356595681E-08
 0.12377472950961E-08
 0.13667738826638E-08
 0.15058531853082E-08
 0.16569836362018E-08
 0.18183670915248E-08
 0.19923696129688E-08
 0.21793604958600E-08
 0.23782707997540E-08
 0.25913337698619E-08
 0.28177516445315E-08
 0.30568910073993E-08
 0.33094314459686E-08
 0.35764922270490E-08
 0.38562930986659E-08
 0.41482924965087E-08
 0.44528824162933E-08
 0.47694419049918E-08
 0.50969813369083E-08
 0.54338882228011E-08
 0.57803215778091E-08
 0.61333393769112E-08
 0.64929945219163E-08
 0.68572990601874E-08
 0.72238807979989E-08
 0.75940148781155E-08
 0.79623731500661E-08
 0.83304464312163E-08
 0.86940872506164E-08
 0.90534440978792E-08
 0.94039226534450E-08
 0.97474126143206E-08
 0.10080180152763E-07
 0.10401793266443E-07
 0.10710219047861E-07
 0.11004806519092E-07
 0.11282391595606E-07
 0.11545826648755E-07
 0.11790538701520E-07
 0.12018530887940E-07
 0.12228822030655E-07
 0.12420879341952E-07
 0.12596133167315E-07
 0.12754131761464E-07
 0.12893015167415E-07
 0.13017046694761E-07
 0.13123036264843E-07
 0.13214535494553E-07
 0.13288186675570E-07
 0.13345713244701E-07
 0.13385179442667E-07
