0.0017070012572536302
0.002841182325953147
0.004518721263496053
0.006912651672473353
0.010226356368758587
0.014694958033265754
0.02058671895697527
0.02820452201146698
0.037887471670053324
0.05001261749578661
0.06499676618435024
0.08329831299398943
0.10541899188948778
0.13190541761674054
0.16335027417566952
0.2003929952696391
0.24371978423676874
0.2940628347171075
0.3521986375417594
0.41894529238982187
0.4951587796547443
0.581728183556548
0.6795698842157722
0.7896207474167071
0.9128303303629955
1.0501520881337107
1.2025335139228817
1.3709050922506312
1.5561679171123717
1.7591798709297044
1.9807404281156402
2.2215744842529754
2.4823161197157697
2.763493797585324
3.065518968792504
3.388680134901974
3.73314388921201
4.09896333973171
4.486092947232328
4.894407682910489
5.32372391129882
5.773819604786076
6.244452174120982
6.735373021781137
7.246338629885577
7.777118463791613
8.327500207541693
8.897292909342857
9.486328574993255
10.09446266041018
10.721573817333587
11.367563156918095
12.032353221955885
12.715886800964412
13.418125674376903
14.139049352185227
14.878653840407642
15.636950458739038
16.41396472148095
17.20973528712966
18.024312977608254
18.857759865435384
19.710148425524334
20.581560747458358
21.472087756438487
22.38182876943693
23.310890388797443
24.259386384675583
25.227436906891146
26.215168015999854
27.222711199296057
28.250202916174786
29.297784170309
30.3656001063678
31.45379962928775
32.56253504430614
33.69196171623347
34.84223774658466
36.013523667380134
37.20598215061145
38.41977773243391
39.655076551341274
40.91204609962526
42.19085498757787
43.49167271990622
44.81466948396005
46.160015949433365
47.527883079197956
48.91844195105272
50.331863590165824
51.76831881203668
53.22797807584024
54.7110113480285
56.21758797609983
57.747876572456065
59.302044908278845
60.88025981738469
62.48268711000535
64.10949149644834
65.76083652061274
67.43688450333833
69.13779649551381
70.86373224096523
72.6148501490452