99.00893206049831
99.05006045866322
99.11859467904667
99.21451494754136
99.3377934624858
99.48839411883533
99.66627225813309
99.87137448253391
100.10363793981458
100.36298959509813
100.6493454779116
100.96261081764827
101.30267684163239
101.66943067372684
102.06271509737257
102.4824061414138
102.92834218390136
103.40035184831429
103.89826031700781
104.4218862142092
104.97104064587728
105.54553746643036
106.14518710757584
106.769802881922
107.41920184451567
108.0932059942915
108.79164431080005
109.51435343778178
110.261179033225
111.03197591320075
111.82660914789922
112.6449546075607
113.48689853332696
114.35234697909307
115.24118255771673
116.15334999058112
117.0887710124887
118.04738557100754
119.02914409538187
120.03400609446312
121.06194775323223
122.11294099985975
123.18697665242793
124.28405187524096
125.40417168326132
126.5473558350294
127.71359712391504
128.90294853199083
130.11543425258395
131.35109213737624
132.60996422808273
133.8921071794343
135.1975676061432
136.52640646753636
137.8786873185616
139.25447694304603
140.6538437912254
142.0768631388441
143.52361007610673
144.9941642173383
146.48860627484308
148.00701940948733
149.54948859513237
151.11610105508007
152.70694367889163
154.3221055437096
155.96167890756968
157.6257662370531
159.31441471616037
161.0277609594132
162.7658808898911
164.52886678405292
166.31680851499812
168.12979896119137
169.9690071806493
171.8312828412083
173.7199557031971
175.63403506177093
177.57360606354413
179.53875647033695
181.52957117512565
183.54613325646866
185.5885277710713
187.65683421272144
189.75113319496424
191.8715032031288
194.01802220075496
196.19076390391808
198.38980565980904
200.61521628807216
202.86707049394536
205.1454360090981
207.45037992670447
209.78197011509312
212.14027085187206
214.52534528593782
216.93725483303444
219.37606119951633
221.84182175524822
224.3345939139038
226.85443496695794
229.40139862584272
231.97553905402341
234.57690208020082
237.20555502949404
239.86153223774772
242.54488579936523
245.255668330224
247.99392192433527
250.75969525177723
253.55303237202946
256.3739785800781
259.2225769562267
262.0988724008626
265.00290537909393
267.93472236599814
270.8943615608489
273.8818694007657
276.8972819150653
279.9406526593747