 0.58178395158697E-07
 0.73878229297777E-07
 0.91589774943762E-07
 0.11136471747292E-06
 0.13329287030806E-06
 0.15750318855069E-06
 0.18416013759256E-06
 0.21345573501299E-06
 0.24559816023691E-06
 0.28079718130482E-06
 0.31924703626390E-06
 0.36110753559065E-06
 0.40648425196595E-06
 0.45540873053654E-06
 0.50781987672873E-06
 0.56354687521367E-06
 0.62229347167188E-06
 0.68362182181317E-06
 0.74693247885769E-06
 0.81143546480059E-06
 0.87610754423948E-06
 0.93963413463745E-06
 0.10003443316200E-05
 0.10561657568069E-05
 0.11046503700366E-05
 0.11431394969781E-05
 0.11691175770008E-05
                  NaN
 0.11772577590127E-05
 0.11594612469393E-05
 0.11293856711145E-05
 0.10899206039028E-05
 0.10441872999302E-05
 0.99503751558238E-06
 0.94477263066659E-06
 0.89507069727945E-06
 0.84704571733075E-06
 0.80136432283695E-06
 0.75836731888820E-06
 0.71817432901556E-06
 0.68076341177310E-06
 0.64602776006787E-06
 0.61381409876480E-06
 0.58394765348067E-06
 0.55624778975312E-06
 0.53053738162738E-06
 0.50664809631030E-06
 0.48442307304789E-06
 0.46371798406764E-06
 0.44440112307017E-06
 0.42635293282266E-06
 0.40946523471563E-06
 0.39364032359633E-06
 0.37879002297556E-06
 0.36483476278341E-06
 0.35170270457225E-06
 0.33932893878801E-06
 0.32765475052487E-06
 0.31662696033231E-06
 0.30619733469352E-06
 0.29632205974075E-06
 0.28696127561109E-06
 0.27807866053954E-06
 0.26964106628952E-06
 0.26161819198185E-06
 0.25398229630118E-06
 0.24670794272405E-06
 0.23977177241969E-06
 0.23315230337614E-06
 0.22682975084104E-06
 0.22078586821663E-06
 0.21500380421879E-06
 0.20946797592203E-06
 0.20416395535572E-06
 0.19907836638826E-06
 0.19419879401540E-06
 0.18951370198024E-06
 0.18501235824478E-06
 0.18068476817645E-06
 0.17652163654303E-06
 0.17251420291179E-06
 0.16865440832143E-06
 0.16493463996468E-06
 0.16134778972132E-06
 0.15788720081307E-06
 0.15454663276741E-06
 0.15132023035669E-06
 0.14820249551604E-06
 0.14518826176525E-06
 0.14227267024360E-06
 0.13945114821026E-06
 0.13671938947960E-06
 0.13407333541398E-06
 0.13150915887959E-06
 0.12902324821206E-06
 0.12661219323605E-06
 0.12427277200456E-06
 0.12200193842953E-06
 0.11979681134595E-06
 0.11765466363056E-06
 0.11557291299251E-06
 0.11354911253103E-06
 0.11158094280465E-06
 0.10966620363652E-06
