 0.53121387402070E+01
 0.10501412127619E+01
 0.33263873036957E+00
 0.13644227223347E+00
 0.65913667658525E-01
 0.35651206045802E-01
 0.20947182810832E-01
 0.13111932213979E-01
 0.86281647777421E-02
 0.59123250252961E-02
 0.41893030652059E-02
 0.30532070793445E-02
 0.22793102398295E-02
 0.17372297628461E-02
 0.13482407459139E-02
 0.10631452833954E-02
 0.85026125716530E-03
 0.68864049905138E-03
 0.56410397676222E-03
 0.46685168049115E-03
 0.38998156887466E-03
 0.32854970363933E-03
 0.27895940402016E-03
 0.23855715887346E-03
 0.20535991097899E-03
 0.17786794282089E-03
 0.15493466126557E-03
 0.13567447408378E-03
 0.11939695290524E-03
 0.10555912001021E-03
 0.93730326344397E-04
 0.83566647279166E-04
 0.74790950857846E-04
 0.67179211291720E-04
 0.60548466581102E-04
 0.54748651245714E-04
 0.49656042252765E-04
 0.45168023554543E-04
 0.41199064851317E-04
 0.37677534726616E-04
 0.34543166085662E-04
 0.31745035958009E-04
 0.29239935443745E-04
 0.26991056728321E-04
 0.24966929983848E-04
 0.23140541203571E-04
 0.21488639284495E-04
 0.19991134926654E-04
 0.18630598507655E-04
 0.17391906876593E-04
 0.16261856311692E-04
 0.15228909443412E-04
 0.14282947409306E-04
 0.13415079975644E-04
 0.12617472239211E-04
 0.11883204849421E-04
 0.11206151054606E-04
 0.10580875967015E-04
 0.10002546027338E-04
 0.94668531340151E-05
 0.89699531932852E-05
 0.85084053778305E-05
 0.80791264142753E-05
 0.76793466011344E-05
 0.73065769526816E-05
 0.69585714004356E-05
 0.66333056154883E-05
 0.63289448705905E-05
 0.60438361267224E-05
 0.57764711511449E-05
 0.55254887206618E-05
 0.52896459147398E-05
 0.50677970445036E-05
 0.48589292440271E-05
 0.46620939393851E-05
 0.44764279552423E-05
 0.43011430253028E-05
 0.41355162167185E-05
 0.39788834853902E-05
 0.38306350631504E-05
 0.36902099666508E-05
 0.35570915677040E-05
 0.34308036457864E-05
 0.33109066716807E-05
 0.31969920204036E-05
 0.30886919922984E-05
 0.29856513982530E-05
 0.28875506057839E-05
 0.27940913069572E-05
 0.27049961974804E-05
 0.26200077589287E-05
 0.25388865568542E-05
 0.24614098079215E-05
 0.23873699387042E-05
 0.23165734879762E-05
 0.22488399728706E-05
 0.21840008365855E-05
 0.21218987123593E-05
 0.20623862054855E-05
 0.20053258586104E-05
 0.19505883628855E-05
 0.18980528967364E-05
 0.18476062362503E-05
 0.17991418406693E-05
 0.17525599405334E-05
 0.17077665734628E-05
 0.16646736259702E-05
 0.16231980207189E-05
 0.15832616221721E-05
 0.15447908308056E-05
 0.15077162638813E-05
 0.14719725318795E-05
 0.14374978803210E-05
 0.14042340453588E-05
 0.13721259708246E-05
 0.13411216497406E-05
 0.13111718349544E-05
 0.12822300116922E-05
 0.12542521395883E-05
*********************
