0.15570597156508656
0.16110493114189942
0.16666278868740397
0.17238383489066875
0.17827248641096682
0.18433329035074372
0.19057092901158235
0.19699022472898522
0.2035961450048
0.21039380779318353
0.21738848694407595
0.2245856179760935
0.23199080384731116
0.23960982108388776
0.24744862602511705
0.25551336098097305
0.263810360804718
0.2723461591863607
0.28112749505261125
0.2901613186257501
0.2994547972954453
0.3090153207514265
0.3188505054550877
0.3289681978440568
0.3393764760022509
0.3500836491115078
0.3610982541056411
0.37242904850329067
0.3840849984530322
0.39607526057327935
0.40840915597761746
0.42109613463839285
0.4341457278260701
0.4475674861797832
0.4613709010366225
0.47556530629394694
0.49015975901364967
0.5051628975828902
0.5205827779413106
0.5364266907151304
0.552700965187534
0.5694107696942309
0.586559921468019
0.604150721978903
0.6221838344359409
0.6406582187250938
0.659571134119914
0.6789182130937708
0.6986936012923287
0.7188901511264082
0.7394996513208686
0.7605130728285447
0.7819208126046994
0.8037129206170015
0.825879299899408
0.8484098744419357
0.8712947235840021
0.8945241845859813
0.9180889267514848
0.9419800014360525
0.9661888723472069
0.9907074303702735
1.0155279965947133
1.0406433166925328
1.0660465490631892
1.091731248956334
1.117691349873195
1.1439211435748151
1.170415259450323
1.1971686439334859
1.224176540312107
1.2514344692850066
1.2789382104324152
1.3066837846314263
1.3346674376333516
1.362885624609472
1.3913349958012233
1.4200123831799851
1.4489147880655846
1.478039369648282
1.507383434396363
1.5369444262645617
1.5667199175934707
1.596707600765966
1.6269052804537079
1.657310866468112
1.6879223671174892
1.718737883125835
1.7497556019241067
1.7809737924132885
1.8123908001204236
1.8440050426494365
1.8758150054953817
1.907819238174086
1.940016350580671
1.9724050096221353
2.004983936098678
2.037751901746501
2.0707077265539313
2.1038502761702578
2.1371784595647996
2.170691226773108
2.2043875668268664
2.238266505821071
2.272327105052951
2.306568459337515
2.340989695368777
2.3755899702338943
2.4103684699831645
2.445324408281322
2.480457025167313
2.515765585855036
2.551249379598497
2.5869077186805907
2.6227399373729647
2.6587453910079595
2.6949234550943686
2.731273524475025
2.7677950125125648
2.804487350360087
2.8413499862190337
2.878382384677868
2.915584026062174
2.952954405819637
2.9904930339421303
3.028199434414742
3.066073144682423
3.1041137151659153
3.1423207087702276
3.18069370044016
3.2192322767170616
3.257936035353065
3.2968045848819942
3.335837544274434
3.375034542569708
3.41439521852325
3.4539192203047393
3.4936062051567687
3.5334558391109754
3.5734677967152253
3.61364176073758
3.653977421911229
3.6944744786861223
3.7351326369935114
3.775951610007139
3.8169311179215595
3.85807088774324
3.8993706530982988
3.9408301540119393
3.9824491367478383
4.024227353592421
4.066164562730866
4.108260528039323
4.150515018937458
4.192927810241122
4.235498682002977
4.2782274193866385
4.321113812502335
4.364157656301162
4.40735875043445
4.450716899132989
4.494231911082049
4.537903599325919
4.581731781131133
4.625716277911125
4.669856915091062
4.714153522032624
4.75860593193682
4.803213981731905
4.8479775120080895
4.892896366925444
4.937970394108026
4.983199444604776
5.028583372777933
5.074122036232788
5.1198152957702625
5.165663015280415
5.211665061699743
5.257821304935469
5.304131617806087
5.350595875974087
5.397213957890226
5.4439857447433795
5.490911120382724
5.537989971284961
5.5852221864943745
5.632607657566719
5.6801462785265295
5.727837945820944
5.775682558265216
5.82368001699865
5.8718302254519585
5.9201330892968675
5.96858851639734
6.017196416784622
6.065956702607848
6.114869288102759
6.163934089551611
6.21315102525078
6.262520015468191
6.312040982424073
6.361713850248145
6.411538544951184
6.461514994390277
6.511643128244118
6.561922877988557
6.612354176852536
6.662936959809526
6.713671163541656
6.764556726404956
6.815593588428492
6.866781691266824
6.918120978186231
6.969611394038893
7.021252885247872
7.073045399774717
7.124988887098114
7.177083298211777
7.22932858557641
7.281724703120211
7.334271606215279
7.386969251659871
7.439817597648366
7.492816603774235
7.545966230992941
7.599266441624659
7.652717199314438
7.706318469047468
7.760070217101542
7.813972411049908
7.868025019749726
7.922228013311785
7.976581363100875
8.031085041724117
8.085739022998691
8.140543281961648
8.195497794843215
8.250602539061962
8.305857493202828
8.361262637018609
8.416817951412092
8.472523418426238
8.528379021224586
8.584384744100792
8.640540572445877
8.696846492756286
8.753302492611674
8.809908560673662
8.866664686672308
8.92357086139544
8.980627076686531
9.037833325429446
9.095189601543597
9.152695899970531
9.210352216681144
9.268158548642273
9.326114893833221
9.38422125122465
9.442477620779322
9.500884003434477
9.559440401108168
9.618146816678772
9.677003253991078
9.73600971784164
9.795166213971573
9.854472749066066
9.913929330750646
9.973535967568974
10.03329266899922
10.093199445430228
10.153256308167364
10.213463269420464
10.273820342302221
10.334327540822358
10.39498487987906
10.455792375259222
10.51675004363497
10.577857902546047
10.639115970410968
10.700524266514252
10.762082811003427
10.823791624884455
10.88565073001439
10.947660149107227
11.009819905718503
11.072130024244554
11.134590529921773
11.197201448817543
11.259962807836946
11.322874634702277
11.385936957962238
11.449149806988826
11.512513211963059
11.57602720388032
11.6396918145475
11.703507077468723
11.767473024291384
11.831589690094463
11.89585710988458
11.960275319461111
12.024844355409384
12.089564255104003
12.154435056705392
12.21945679914998
12.284629522152812
12.349953266201217
12.415428072560392
12.481053989918626
12.54683104109951
12.61275928963813
12.67883877319532
12.745069536855992
12.811451626455874
12.877985088583735
12.944669970580772
13.011506320534648
13.078494187283093
13.1456336204036
13.212924670215042
13.280367387778162
13.347961824887143
13.415708034070342
13.483606068591913
13.551655982441373
13.61985783033795
13.688211667726238
13.756717550773468
13.825375536370126
13.894185682119035
13.963148046349122
14.032262688093834
14.101529667109748
14.170949043857705
14.240520879508649
14.310245235937536
14.380122175729925
14.45015176216707
14.520334059235983
14.590669131619999
14.661157044699015
14.731797864549387
14.802591657938446
14.873538492324261
14.944638435858248
15.015891557373244
15.087297926390596
15.15885761311493
15.230570688433673
15.302437223909967
15.374457291790616
15.446630964991561
15.518958317110046
15.591439422410971
15.664074355833083
15.736863192983156
15.809806010133007
15.882902884223345
15.95615389285607
16.029559114294408
16.103118627465875
16.176832511949883
16.250700847987776
16.324723716472914
16.398901198952277
16.473233377623863
16.547720335335953
16.62236215558708
16.697158922515268
16.772110720909307
16.84721763619659
16.922479754448947
16.997897162373466
17.073469947319314
17.149198197264585
17.22508200082808
17.30112144725902
17.377316626434933
17.45366762886549
17.530174545684943
17.606837468654607
17.683656490157652
17.760631703201195
17.837763201410986
17.915051079033127
17.99249543092775
18.07009635257424
18.147853940062394
18.225768290093068
18.303839499980285
18.382067667642037
18.460452891605872
18.538995271006918
18.617694905573234
18.69655189564542
18.775566342157738
18.85473834664335
18.934068011232313
19.013555438648474
19.093200732206387
19.173003995815886
19.25296533397477
19.333084851763218
19.413362654852968
19.493798849498386
19.57439354253213
19.655146841375668
19.73605885401847
19.81712968903511
19.898359455572102
19.979748263349048
20.061296222656615
20.143003444360787
20.22487003988733
20.30689612123334
20.38908180096017
20.471427192189218
20.553932408607743
20.63659756445596
20.719422774534635
20.802408154203935
20.885553819368305
20.96885988649421
21.052326472591645
21.135953695223566
21.219741672492987
21.303690523054257
21.387800366102166
21.47207132137154
21.55650350913976
21.64109705021555
21.725852065950807
21.810768678225806
21.895847009454418
21.981087182582627
22.066489321080216
22.152053548945958
22.237779990706155
22.323668771405437
22.40972001661074
22.495933852408818
22.582310405402644
22.66884980270906
22.755552171963238
22.842417641307506
22.92944633939496
23.01663839538833
23.10399393895255
23.19151310026169
23.279196009985828
23.367042799302308
23.45505359988087
23.543228543891967
23.631567763998806
23.720071393357735
23.80873956561562
23.897572414906893
23.986570075857497
24.075732683573097
24.165060373647673
24.254553282151935
24.344211545638444
24.43403530113701
24.524024686154558
24.614179838667194
24.704500897126294
24.794988000454765
24.88564128803625
24.976460899728917
25.06744697584707
25.158599657175323
25.249919084950204
25.34140540087122
25.43305874709427
25.524879266227067
25.61686710132762
25.709022395915184
25.80134529394095
25.893835939818597
25.986494478394857
26.0793210549654
26.172315815262454
26.26547890545997
26.358810472164365
26.452310662423905
26.545979623712856
26.639817503939778
26.733824451440583
26.828000614975682
26.922346143735563
27.016861187329624
27.111545895790897
27.206400419568958
27.30142490952993
27.39661951695775
27.491984393545188
27.587519691398974
27.683225563036174
27.779102161376887
27.87514963974658
27.97136815187761
28.067757851898754
28.164318894339594
28.261051434130128
28.357955626587724
28.455031627429936
28.552279592759827
28.64969967907504
28.74729204325503
28.845056842566127
28.94299423465969
29.041104377564775
29.139387429691002
29.237843549823584
29.336472897126665
29.435275631130185
29.534251911743528
29.633401899240233
29.732725754256915
29.832223637804027
29.93189571124814
30.031742136320478
30.131763075107518
30.231958690054935
30.332329143963765
30.43287459998631
30.533595221624143
30.634491172730613
30.735562617508208
30.836809720496536
30.938232646585224
31.03983156099891