0.0032144753794432555
0.005171786590110413
0.007982105227693041
0.011889523882811769
0.01717600366326415
0.024163171748208683
0.03321432206811522
0.044736641918062627
0.05918363068151285
0.07705762173309255
0.09891226798567977
0.12535480763736084
0.15704789288198237
0.1947107450042948
0.23911939634508594
0.2911057960439748
0.35155559062553526
0.4214044397158092
0.5016327821429931
0.5932590179959497
0.6973311023027445
0.8149165419407011
0.9470907397639108
1.0949235426704862
1.2594637507769375
1.441721293874451
1.6426468809697379
1.8631093079939125
2.1038713700167615
2.3655664347890113
2.6486788918336632
2.9535322997524904
3.2802884653268873
3.628958706363855
3.999425795434698
4.391472750065438
4.804813703939621
5.239122702478834
5.694057787986508
6.1692793823229195
6.664463168632412
7.179308343968627
7.71354231041443
8.266922813060635
8.8392383534911
9.430307505430541
10.039977579492335
10.66812294148147
11.314643183727567
11.979461274730147
12.662521762155778
13.363789070714379
14.08324591517287
14.820891835216104
15.576741850906368
16.35082523283321
17.143184378767074
17.953873787532164
18.78295912081367
19.63051634385047
20.496630936632943
21.38139716800037
22.28491742566278
23.20730159609919
24.14866648884589
25.109135300453158
26.088837113874526
27.087906429672152
28.10648272582313
29.14471004336469
30.20273659542648
31.28071439760819
32.37879891781827
33.49714874403659
34.635925268619616
35.795292387977035
36.97541621660307
38.17646481459125
39.398607927882715
40.642016740627696
41.90686363967128
43.193321986725394
44.501565909838625
45.83177009384498
47.184109589539
48.55875962934974
49.955895453356106
51.37569214493604
52.818324475929
54.283966761250696
55.77279272289789
57.28497536328701
58.8206868479356
60.380098397425265
61.96338018867149
63.57070126549242
65.20222945847276
66.85813131411486
68.53857203331064
70.24371541910548
71.97372383375544
73.72875816509442
75.50897780217218
77.31454062015557