37.159243876543236
37.203854139946664
37.2781784998817
37.382176668073825
37.51579143355971
37.6789508397293
37.871559416928505
38.09350380190716
38.34464631430927
38.62481901165119
38.933845396640116
39.27149365939327
39.637526387831564
40.031678614765774
40.45366713984936
40.90319547217529
41.379956604661324
41.8836395989731
42.41393080658869
42.97052138095233
43.5531069826381
44.16139261083096
44.79509552288924
45.45394675112499
46.13768957117991
46.84609412985248
47.57893531688802
48.33601514769385
49.11715856349565
49.92220340358442
50.751012249952645
51.60346826043694
52.47947644692141
53.378958869770706
54.30186143164031
55.24815318478576
56.21781360086794
57.21084994054258
58.22728444666788
59.26715818077443
60.33052920412167
61.41747758484487
62.528091694123354
63.66248258475485
64.82077337706421
66.00310708703991
67.20962983093469
68.4405176721681
69.69594210416572
70.97610530112061
72.28120428337215
73.61146466384015
74.9671080818563
76.34837474844382
77.75551978289825
79.18879279231602
80.64847801043446
82.13484024997796
83.64817148596941
85.1887640959211
86.75692855257707
88.35296512106056
89.97709539219852
91.63033324484465
93.31156337669051
95.02235122580397
96.76268605742204
98.53289245187531
100.33333037952234
102.16435804555628
104.02634156301582
105.91963942786568
107.84462149807531
109.80167191062867
111.79114818719921
113.81343682557296
115.86891590667794
117.95795674487209
120.08096098199745
122.2382849703134
124.4303290591005
126.65746065459538
128.9200646088015
131.2185190857485
133.55315162836334
135.92447470380623
138.33272604691916
140.7783071228259
143.26159379975124
145.78293028911995
148.34268352546792
150.94118173898656
153.57877241595884
156.2558104128454
158.97258773005763
161.72945010089842
164.52668603056335
167.36458071348918
170.2434966915043
173.16364055138706
176.12530492196652
179.1287473945716
182.1742190857005
185.2619494155603
188.39216369003933
191.56506810731963
194.78085861109398
198.03971649724747
201.34180883003262
204.68728809869577
208.07629190013387
211.5089426493231
214.9853473195422
218.5055972148522
222.06976777780713
225.67791843609734
229.33009249263495
233.02631706461392
236.7666030781442
240.55094532634953