20.373571702238507
20.414591281744496
20.482923404055995
20.578518995655447
20.70130426915451
20.851184076114208
21.02803639013201
21.231710955865253
21.46202219082349
21.718751600112785
22.0016475782042
22.310429582469617
22.644793327933996
23.00441691268447
23.388967844012534
23.798108069618813
24.23150232853324
24.688816356163457
25.169724724567313
25.67392041268448
26.201100813449877
26.750984690928213
27.323306136076692
27.917815500719833
28.534286694977446
29.172188575685706
29.832284151055532
30.513462747029347
31.215859135105646
31.93936763539284
32.683868177334034
33.44927026119014
34.235478534800016
35.04248229228751
35.870205640586335
36.718650371267266
37.58778895819935
38.47766284667612
39.38829713643343
40.31973985572636
41.27205774728955
42.24533088293625
43.23965458749407
44.25514007360692
45.29191184426967
46.35010827076833
47.42988068256902
48.53139316854553
49.65482516562263
50.8003568538822
51.968197380549896
53.158559710014174
54.37165254882505
55.60771987474197
56.86699829341672
58.14973695495485
59.45631243364722
60.786674267729516
62.14140853277049
63.52068903303716
64.92484694136085
66.35414190648076
67.80890455280068
69.28944111582018
70.79607606400877
72.32915565814464
73.88895937740538
75.47588184463847
77.09024686049831
78.73240966702436
80.4027151861002
82.10152932301781
83.82921641544075
85.58613764604125
87.37266549454992
89.18916995437513
91.03603084735995
92.91362266677328
94.82231979400215
96.76252498508443
98.73459798579565
100.73893199906092
102.7759103523701
104.84591311481164
106.94933277871854
109.08654734624436
111.25793924188902
113.46388864627906
115.7047773653468
117.98097112159687
120.29286231732777
122.64080697496185
125.02517246729539
127.44632552009408
129.9046229935065
132.40041038758162
134.93404224781608
137.5058358113027
140.1161847699893
142.765358482866
145.45369569032763
148.18150837562206
150.94910026346102
153.7567664020623
156.60479275631738
159.49345581331931
162.423022201396
165.3937483237127
168.40588000742218
171.45965216920132
174.5552884979493
177.69300115527946
180.87299049434142
184.09544479745722
187.36054003293208
190.66843963141832
194.01929428217133
197.41324174961537
200.8504067107387
204.33090061397144