0.007275088681495743
0.007610898228919302
0.007958850729304318
0.008319260124250731
0.00869244508972632
0.009078729124317115
0.00947844056300489
0.009891912552591094
0.01031948314193321
0.01076149525823755
0.011218296762913936
0.011690240461877789
0.012177684144276057
0.012680990615503538
0.01320052770117477
0.013736668285353464
0.014289790372737397
0.014860277070660788
0.015448516650658582
0.01605490254077091
0.016679833431667016
0.01732371322203176
0.017986951117614624
0.018669961603922973
0.019373164573818977
0.020096985235297335
0.02084185424131638
0.021608207703451468
0.022396487208775493
0.02320713985126164
0.02404061831072469
0.02489738085009033
0.02577789135809299
0.026682619390111798
0.027612040226383604
0.02856663488528397
0.02954689017049337
0.03055329869110485
0.03158635896129367
0.032646575359233036
0.033734458237810516
0.03485052390973348
0.03599529474173731
0.037169299130133504
0.038373071606561185
0.03960715284742036
0.04087208971719032
0.04216843531025863
0.043496749007768745
0.044857596492514654
0.046251549815469965
0.047679187432031436
0.04914109423155989
0.05063786159832388
0.05217008742986969
0.05373837621298371
0.0553433390327533
0.05698559362854562
0.058665764440429084
0.06038448263834191
0.062142386169382426
0.06394011980137575
0.06577833515675895
0.06765769076980106
0.06957885208722374
0.0715424915550863
0.07354928861878572
0.07559992978064904
0.07769510865082321
0.0798355259469027
0.08202188954246102
0.08425491454661264
0.0865353232686384
0.08886384529158943
0.09124121750319361
0.09366818412353453
0.09614549674973528
0.09867391434739411
0.10125420332890508
0.10388713753186088
0.10657349829079515
0.10931407444922224
0.1121096623659674
0.11496106595252732
0.11786909668448946
0.12083457365602118
0.12385832356025879
0.12694118071251803
0.1300839870936127
0.13328759233185689
0.13655285372950293
0.13988063628061487
0.1432718126706962
0.14672726328798472
0.1502478762348719
0.15383454731648372
0.1574881800643876
0.16120968571996053
0.16499998324555967
0.16885999930379417
0.17279066827080627
0.17679293221703227
0.18086774090174135
0.18501605175354843
0.18923882987190355
0.19353704800251598
0.19791168650111055
0.20236373334335744
0.20689418407894733
0.21150404182066848
0.21619431720766694
0.2209660283448751
0.2258202008481921
0.23075786772209983
0.23578006937654353
0.24088785356797404
0.24608227534709268
0.25136439702124236
0.25673528811804003
0.2621960252962573
0.2677476923478066
0.2733913800861557
0.27912818630214054
0.2849592157246187
0.290885579920055
0.2969083972490791
0.3030287927930055
0.30924789825031607
0.31556685190116146
0.321986798488949
0.32850888917776905
0.33513428142032986
0.34186413890681916
0.34869963143978994
0.3556419348775609
0.3626922309912285
0.3698517074088122
0.3771215574695358
0.3845029801397971
0.3919971798988522
0.39960536662338214
0.4073287554728048
0.41516856676130554
0.4231260258324745
0.4312023629612505
0.4393988131837504
0.44771661619238656
0.4561570161814595
0.46472126173470374
0.4734106056494078
0.4822263048084446
0.49116962003442893
0.500241815929104
0.5094441607060257
0.518777926068427
0.528244386997963
0.5378448216268658
0.5475805110467973
0.5574527391395476
0.5674627924182835
0.5776119598002813
0.5879015324842962
0.5983328036968562
0.6089070685556053
0.6196256238529595
0.6304897678449761
0.6415008000562342
0.6526600210618779
0.6639687323026746
0.6754282358467023
0.6870398341741223
0.6988048299345216
0.7107245257478227
0.722800223956536
0.735033226374166
0.7474248340717223
0.7599763470931088
0.7726890642199129
0.7855642827261424
0.798603298089766
0.811807403734169
0.8251778907684901
0.8387160476755807
0.8524231600544524
0.8663005103216403
0.8803493774186492
0.8945710364950704
0.9089667586233514
0.9235378104487723
0.938285453913524
0.953210945905817
0.9683155379321997
0.9836004757531382
0.999066999098902
1.0147163412515223
1.030549728728903
1.0465683809057538
1.0627735096479274
1.079166318921437
1.0957480044403243
1.1125197532338462
1.1294827432999284
1.1466381431462882
1.1639871114468654
1.181530796573388
1.1992703362052588
1.2172068569040655
1.2353414736794042
1.2536752895447731
1.2722093950941933
1.2909448680604596
1.3098827728550237
1.3290241601375392
1.3483700663336495
1.3679215132175686
1.387679507424033
1.4076450400184706
1.427819086007216
1.448202603912519
1.4687965352946766
1.4896018043033332
1.5106193172285336
1.5318499620463133
1.55329460798055
1.5749541050593538
1.5968292836842397
1.6189209541971932
1.6412299064843499
1.663756909552988
1.6865027111250328
1.7094680372592281
1.7326535920073214
1.756060057005827
1.7796880911581512
1.8035383303141113
1.8276113869427493
1.8519078498448682
1.8764282838839357
1.9011732297272912
1.926143203629801
1.9513386971976563
1.97676017722627
2.0024080855456203
2.028282838845117
2.054384828609305
2.080714421013355
2.1072719568560365
2.134057751553886
2.1610720951225884
2.1883152522092457
2.215787462151339
2.243488939060632
2.271419871928551
2.2995804247865492
2.327970736855675
2.356590922754597
2.385441072734072
2.4145212529145117
2.4438315055804014
2.4733718494745895
2.5031422801452092
2.533142770294582
2.563373270161143
2.593833707907938
2.624523990069959
2.655444001996885
2.6865936082886273
2.717972653307698
2.7495809616596905
2.7814183387174394
2.813484571137741
2.8457794274035173
2.8783026583926623
2.911053997885329
2.944033163212463
2.9772398557450903
3.0106737615455827
3.0443345519120557
3.0782218839782463
3.1123354012908035
3.1466747344306403
3.1812395015585726
3.216029309033816
3.251043751978863
3.286282414869433
3.321744872100342
3.3574306885462852
3.3933394201484335
3.4294706144357434
3.465823811084252
3.502398542448314
3.5391943340821617
3.5762107052516576
3.6134471694436896
3.6509032348450323
3.6885784048356056
3.7264721784402752
3.7645840507842587
3.8029135135472827
3.841460055364745
3.880223162271324
3.9192023180704907
3.95839700475441
3.9978067028513573
4.037430891789766
4.077269050269355
4.117320656549332
4.1575851888167925
4.198062125454447
4.238750945365075
4.279651128233174
4.32076215479815
4.362083507122421
4.403614668810861
4.445355125283874
4.4873043639602175
4.52946187447695
4.5718271489063955
4.614399681933882
4.657178971013024
4.700164516581935
4.743355822181893
4.78675239462217
4.830353744117441
4.874159384419342
4.918168832947554
4.962381610879412
5.006797243289788
5.051415259223463
5.0962351918038475
5.141256578300882
5.186478960232815
5.231901883412995
5.277524898025092
5.323347558694341
5.369369424523659
5.415590059146278
5.462009030777127
5.508625912242746
5.555440281019269
5.602451719261839
5.6496598138209935
5.6970641562699695
5.744664342936356
5.792459974882977
5.8404506579477395
5.888636003277101
5.937015625184732
5.985589144348134
6.034356185687783
6.083316378902708
6.132469358433754
6.181814763500197
6.23135223803309
6.281081430711383
6.331001994910787
6.381113588701784
6.4314158748349834
6.481908520712076
6.532591198361385
6.583463584425574
6.634525360128508
6.685776211247703
6.737215828097559
6.788843905495736
6.840660142727892
6.892664243530315
6.944855916047962
6.997234872810013
7.049800830698344
7.102553510919222
7.155492638948696
7.208617944530736
7.261929161627579
7.31542602837468
7.369108287061467
7.422975684101306
7.477027969982476
7.5312648992332845
7.585686230397001
7.640291725993499
7.695081152480533
7.750054280210542
7.805210883420723
7.8605507401614085
7.916073632295946
7.971779345428582
8.027667668916873
8.083738395775246
8.13999132270069
8.19642624998959
8.253042981537988
8.309841324776775
8.366821090663635
8.423982093628554
8.481324151545765
8.538847085705944
8.596550720777241
8.654434884767046
8.712499408994065
8.77074412805468
8.829168879795274
8.887773505259224
8.946557848683435
9.005521757444338
9.064665082027735
9.123987676017501
9.183489396037125
9.24317010173096
9.303029655743883
9.363067923669021
9.423284774034855
9.483680078265497
9.544253710660957
9.6050055483599
9.665935471309368
9.727043362242435
9.788329106651645
9.849792592747432
9.911433711448806
9.973252356341039
10.035248423654178
10.097421812240464
10.159772423539328
10.222300161562993
10.285004932848686
10.347886646465213
10.41094521395786
10.474180549339442
10.53759256906363
10.601181191994407
10.664946339392545
10.728887934873896
10.793005904418832
10.857300176299127
10.921770681106018
10.986417351692731
11.051240123172375
11.116238932884547
11.181413720367788
11.246764427361553
11.312290997754966
11.377993377596116
11.443871515038321
11.509925360354147
11.576154865888993
11.642559986045447
11.709140677275837
11.775896898050215
11.842828608845426
11.909935772116944
11.977218352287311
12.044676315725798
12.112309630725434
12.180118267491961
12.248102198125835
12.316261396593061
12.384595838718363
12.453105502169173
12.521790366430558
12.590650412792439
12.659685624334937
12.728895985906167
12.798281484110436
12.867842107292978
12.937577845517863
13.007488690566138
13.077574635895106
13.147835676648018
13.218271809632588
13.288883033291096
13.359669347710547
13.430630754585449
13.501767257217436
13.573078860488705
13.644565570867849
13.71622739637014
13.788064346562495
13.86007643254932
13.932263666946955
14.004626063877819
14.077163638960748
14.149876409291375
14.222764393433687
14.295827611402036
14.36906608465542
14.442479836082722
14.516068889985323
14.589833272069667
14.663773009439673
14.737888130576271
14.812178665325602
14.886644644899393
14.961286101848517
15.036103070058898
15.111095584744312
15.186263682427525
15.261607400928366
15.337126779364485
15.412821858128506
15.48869267888356
15.564739284550129
15.640961719296618
15.717360028529288
15.793934258885692
15.870684458210713
15.94761067557195
16.024712961221375
16.101991366602896
16.17944594434268
16.257076748231654
16.334883833220033
16.412867255407278
16.49102707203762
16.569363341482195
16.647876123236923
16.72656547791457
16.805431467221663
16.88447415397202
16.963693602059056
17.043089876459536
17.12266304321741
17.202413169439236
17.2823403232809
17.362444573947972
17.44272599168381
17.52318464775429
17.603820614446803
17.684633965063306
17.765624773911515
17.84679311629448