0.0012617824626193906
0.0013330496236936237
0.0014075718664017052
0.0014854609286761111
0.0015668309770113372
0.0016517986608291322
0.001740483139909358
0.0018330060474017723
0.0019294915857719754
0.002030066464988887
0.002134859962847811
0.00224400394942238
0.002357632868942813
0.0024758837851002703
0.0025988963747166634
0.002726812966718811
0.0028597785353117583
0.0029979407082949203
0.003141449846127498
0.0032904589518162456
0.0034451237594141262
0.003605602750280232
0.0037720571265177755
0.003944650844983393
0.004123550641863207
0.004308926012937502
0.004500949272414334
0.004699795533814815
0.00490564273343208
0.005118671630207169
0.005339065847309743
0.005567011860470653
0.0058026990169725455
0.006046319559977673
0.006298068614626291
0.006558144233092772
0.006826747381056356
0.007104081968110932
0.007390354836469975
0.007685775832460554
0.007990557728078516
0.008304916297571482
0.008629070329354506
0.008963241629361364
0.00930765497909147
0.009662538260352021
0.010028122370482994
0.010404641273246966
0.010792332015957893
0.01119143472724692
0.011602192655415941
0.012024852137283083
0.012459662653665046
0.012906876826894658
0.013366750426902845
0.013839542400635426
0.014325514852690157
0.014824933129222888
0.015338065730441882
0.015865184415118146
0.016406564163969586
0.01696248321329793
0.017533223051140967
0.01811906846009449
0.018720307502417686
0.01933723154597456
0.019970135285831078
0.02061931674723407
0.021285077308573725
0.02196772170274894
0.022667558063216384
0.023384897888491765
0.024120056124690627
0.02487335108273931
0.02564510456820606
0.026435641817502565
0.02724529154281595
0.02807438593335
0.02892326068201128
0.029792254998441903
0.030681711635953898
0.031591976871918025
0.03252340057007275
0.033476336154955245
0.034451140657578115
0.035448174713071046
0.03646780259568312
0.03751039221332146
0.03857631513138256
0.03966594659931427
0.04077966554552688
0.041917854616863676
0.04308090018580009
0.04426919235739441
0.04548312499125737
0.04672309573146539
0.04798950599116954
0.049282761014159786
0.05060326984420701
0.05195144536440951
0.05332770432152083
0.05473246731105517
0.056166158840341145
0.05762920728147971
0.0591220449587257
0.060645108108769
0.062198836896373774
0.06378367547494986
0.06540007197563001
0.06704847849932616
0.06872935117196345
0.070443150124745
0.07219033953126416
0.07397138762897755
0.07578676667663142
0.07763695306696397
0.07952242723038702
0.08144367373341445
0.08340118124651465
0.08539544257625806
0.08742695465687686
0.08949621859656232
0.09160373964978571
0.09375002726247854
0.09593559505589672
0.09816096087316618
0.10042664673335788
0.10273317890856731
0.10508108786768741
0.10747090835373627
0.10990317932924369
0.1123784440195696
0.11489724991948247
0.11746014880246844
0.1200676966820054
0.12272045391048785
0.12541898509916852
0.1281638591499335
0.13095564928744965
0.1337949330268931
0.13668229221354394
0.13961831299200408
0.1426035858002395
0.14563870545373453
0.14872427102112218
0.15186088594892624
0.1550491579743038
0.15828969916290236
0.16158312589818546
0.16493005889496173
0.1683311231776638
0.17178694807699693
0.17529816726245886
0.17886541866737046
0.18248934456918228
0.1861705915168635
0.18990981036367002
0.19370765623028033
0.1975647885268892
0.20148187092403905
0.20545957136217735
0.20949856200337333
0.21359951926110718
0.21776312378698895
0.2219900604185035
0.22628101821202679
0.2306366904022381
0.23505777439256273
0.23954497174499392
0.2440989881547722
0.2487205334462894
0.25341032152554976
0.25816907041144915
0.2629975021667629
0.26789634289690495
0.2728663227388809
0.2779081758192109
0.28302264023891077
0.28821045806592077
0.2934723752674593
0.2988091417293858
0.3042215112126341
0.30971024130790825
0.3152760934346892
0.32091983279022124
0.32664222833486534
0.3324440527688885
0.33832608244868184
0.3442890974215145
0.3503338813555292
0.356461221499775
0.3626719086660855
0.3689667371831542
0.37534650486103527
0.3818117486311337
0.3883640661362426
0.3950034724027637
0.4017310431084119
0.4085475928820825
0.4154539395810715
0.42245090426885895
0.4295393111340565
0.4367199875136189
0.443993763746132
0.4513614732336252
0.4588239523073964
0.46638204023359725
0.4740365791228725
0.4817884139149694
0.48963839231469053
0.49758736470910486
0.5056361841769813
0.5137857063945799
0.5220367895743363
0.5303902944174471
0.5388470840874318
0.5474080241056227
0.5560739823212519
0.5648458288492655
0.5737244360091327
0.5827106782583158
0.5918054321447325
0.6010095762214835
0.6103239910246356
0.6197495589591534
0.6292871642686138
0.6389376929684286
0.6487020327577185
0.6585810729889031
0.6685757045542536
0.6786868198574693
0.6889153127279093
0.699262078349223
0.7097280131969169
0.720314014953455
0.7310209824517842
0.7418498156017294
0.7528014152792779
0.7638766833252137
0.7750765224000195
0.7864018359328623
0.7978535280671049
0.8094325035363078
0.8211396676422598
0.8329759261118662
0.8449421850775373
0.8570393509487224
0.8692683303554353
0.881630030076511
0.8941253569082859
0.9067552176452347
0.9195205189301552
0.9324221672243798
0.94546106867782
0.9586381290703807
0.9719542536991344
0.9854103473166321
0.9990073140097611
1.0127460571234101
1.0266274791816523
1.0406524817612648
1.0548219654263178
1.069136829619691
1.0835979725681215
1.0982062911886161
1.1129626809813338
1.127868035934882
1.1429232484359555
1.158129209148938
1.1734868069118896
1.188996928671506
1.2046604593290842
1.220478281650162
1.236451276172544
1.252580321086647
1.2688662921265246
1.2853100624524447
1.301912502557552
1.3186744801279824
1.3355968599628054
1.3526805038171335
1.3699262703400614
1.387335014887368
1.404907589476086
1.4226448426047755
1.4405476191791744
1.4586167603469926
1.4768531034006007
1.4952574816581226
1.5138307243136189
1.532573656336054
1.5514870983192313
1.570571866359287
1.5898287719401243
1.6092586217836
1.6288622177225474
1.6486403565757863
1.6685938299899916
1.6887234243586429
1.7090299206027004
1.7295140941293983
1.7501767146173886
1.771018545923527
1.792040345919653
1.813242866374922
1.8346268528048741
1.8561930443371344
1.8779421735536546
1.8998749663862025
1.9219921419274493
1.9442944123450774
1.9667824826978317
1.9894570508172331
2.0123188071657063
2.035368434692599
2.05860660868263
2.082033996652496
2.1056512581843005
2.1294590448026725
2.153457999819243
2.177648758229128
2.202031946553294
2.2266081827248603
2.2513780759411515
2.2763422265533477
2.301501225924244
2.3268556563104603
2.3524060907573077
2.378153092950588
2.404097217125614
2.430239007917643
2.4565790003114807
2.4831177194721836
2.5098556806754235
2.536793389195282
2.5639313402054524
2.5912700186973163
2.6188098993854885
2.646551446599707
2.674495114253183
2.702641345712147
2.7309905737620896
2.7595432205304333
2.788299697406597
2.8172604050154373
2.846425733149101
2.8757960607074504
2.90537175569136
2.9351531751391655
2.9651406650972474
2.995334560615687
3.0257351857152495
3.0563428533902393
3.0871578655635674
3.1181805131467035
3.1494110760002036
3.1808498229579145
3.2124970118511778
3.2443528895286886
3.276417691902422
3.308691643959297
3.3411749598217533
3.37386784279305
3.4067704854206964
3.4398830695482063
3.47320576638399
3.506738736592456
3.540482130339937
3.574436087424522
3.6086007373320337
3.6429761993469945
3.6775625826593696
3.7123599864625003
3.7473685000733763
3.782588203050429
3.818019165318147
3.853661447288469
3.889515100000544
3.9255801652482045
3.9618566757344964
3.9983446551958024
4.03504411858132
4.071955072173958
4.109077513765967
4.1464114332264215
4.183956811013379
4.2217136207892425
4.259681827977475
4.29786139031978
4.336252258054346
4.37485437408427
4.4136676741662315
4.452692087071595
4.491927534762916
4.531373932591787
4.5710311894569715
4.6108992079953
4.650977884760284
4.691267110402584
4.731766769847882
4.772476742481817
4.813396902323387
4.8545271182201875
4.895867254009776
4.937417168707707
4.979176716674612
5.021145747808202
5.063324107702029
5.105711637829304
5.148308175706371
5.191113555074167
5.234127606059456
5.277350155329738
5.320781026276944
5.364420039177929
5.408267011325787
5.452321757230932
5.496584088745346
5.5410538152157365
5.585730743660793
5.630614678879909
5.675705423630181
5.721002778748797
5.766506543312526
5.812216514737766
5.85813248895679
5.904254260528967
5.95058162277133
5.997114367862223
6.043852287015194
6.090795170537949
6.137942808001038
6.185294988314686
6.232851499858867
6.2806121305800025
6.32857666811098
6.376744899868468
6.425116613124535
6.473691595149386
6.522469633277026
6.571450515000456
6.620634028056705
6.670019960525374
6.71960810089368
6.769398238157863
6.819390161877674
6.869583662273937
6.919978530279806
6.970574557627285
7.0213715369089105
7.072369261637457
7.123567526319539
7.174966126514323
7.2265648588739895
7.278363521233348
7.33036191262883
7.382559833377428
7.434957085103754
7.487553470812158
7.540348794907079
7.593342863258954
7.646535483232522
7.699926463724553
7.75351561521722
7.807302749800818
7.861287681212483
7.9154702248690905
7.9698501979021295
8.02442741918476
8.079201709349574
8.134172890845297
8.189340787923902
8.24470522669707
8.300266035130985
8.356023043099576
8.41197608236578
8.468124986638262
8.524469591562108
8.58100973474613
8.637745255780494
8.694675996243046
8.751801799712595
8.809122511794609
8.866637980114756
8.924348054336036
8.982252586164243
9.040351429375143
9.098644439789775
9.157131475302757
9.215812395890348
9.274687063598408
9.333755342556179
9.393017098993038
9.452472201206474
9.51212051960628
9.571961926682274
9.63199629702044
9.692223507304913
9.752643436309661
9.813255964896753
9.874060976031489
9.93505835475573
9.996247988208866
10.057629765605594
10.119203578248836
10.180969319505904
10.242926884831459
10.305076171741574
10.367417079810753
10.429949510673548
10.492673368027281
10.555588557592214
10.618694987150139
10.681992566505409
10.745481207488039
10.809160823952348
10.873031331757709
10.937092648770664
11.001344694853756
11.065787391852247
11.130420663601932
11.195244435895631
11.260258636494365
11.325463195115178
11.390858043420971
11.456443114996421
11.522218345363987
11.588183671960083
11.654339034121673
11.720684373088753
11.78721963198573