0.0037068576724152112
0.003892349161050463
0.004085199691573424
0.004285621625634136
0.004493831008189295
0.004710047582148585
0.004934494790608872
0.005167399822158564
0.005408993595858904
0.005659510783834089
0.005919189848259492
0.006188273049926045
0.006467006455687532
0.006755639957823548
0.00705442730370455
0.007363626085117402
0.007683497799084928
0.00801430783545376
0.008356325482231567
0.008709823989882003
0.009075080533467648
0.0094523762869988
0.009841996378997976
0.010244229979260852
0.010659370263978127
0.011087714459674535
0.01152956385363506
0.011985223831637883
0.01245500385697784
0.012939217556482654
0.013438182651253107
0.013952221072964928
0.01448165891682673
0.015026826471865668
0.015588058282367586
0.016165693139436773
0.016760074075906965
0.017371548436842386
0.018000467902500226
0.018647188448611757
0.019312070459084688
0.019995478663694142
0.020697782218885793
0.02141935471298896
0.02216057418086296
0.02292182313964409
0.023703488626726842
0.02450596218387633
0.0253296399269846
0.0261749225291901
0.027042215303294388
0.027931928156581874
0.028844475670381748
0.02978027712439579
0.030739756470260476
0.03172334241359133
0.03273146844004844
0.033764572791256886
0.03482309853890726
0.03590749362360579
0.037018210799267794
0.038155707774864545
0.03932044715732734
0.04051289649858956
0.041733528349207176
0.04298282025724167
0.04426125481368849
0.045569319660172615
0.046907507541700186
0.04827631631882243
0.049676249004748
0.05110781377043194
0.052571523997327375
0.05406789830506457
0.05559746055281629
0.057160739900613856
0.05875827080674057
0.060390593067202354
0.06205825184650992
0.06376179770622671
0.06550178661328505
0.06727877998591107
0.06909334470256157
0.07094605314251158
0.07283748319479132
0.07476821832037092
0.07673884750040184
0.07874996535760771
0.08080217208255608
0.08289607353283164
0.08503228123030543
0.08721141237466415
0.08943408984130014
0.09170094226397617
0.09401260401931044
0.09636971522044624
0.09877292179164905
0.10122287545452906
0.10372023372890996
0.10626565999153852
0.10885982347198848
0.11150339925377777
0.11419706829733083
0.11694151748702081
0.1197374395815209
0.1225855332850501
0.1254865032149775
0.1284410599303702
0.1314499199552041
0.1345138057617316
0.13763344578773443
0.14080957442237385
0.14404293206179716
0.14733426506507435
0.150684325776292
0.15409387250581075
0.15756366957221837
0.16109448726633468
0.16468710185729327
0.16834229559278996
0.17206085668046447
0.17584357931545533
0.17969126363062735
0.183604715717672
0.18758474761283375
0.19163217725768736
0.19574782854121534
0.19993253122396942
0.204187120969846
0.20851243929805083
0.21290933358384379
0.2173786570236609
0.22192126862903216
0.22653803318748345
0.23122982124602817
0.23599750907504805
0.24084197866891366
0.24576411768901263
0.25076481940777084
0.2558449827539569
0.2610055122034549
0.2662473177731829
0.2715713149894414
0.2769784248294527
0.282469573690578
0.2880456933597844
0.29370772093793
0.2994565988192843
0.3052932746425
0.31121870122036016
0.3172338365072585
0.3233396435386281
0.3295370903868781
0.3358271500887828
0.3422108005701396
0.3486890246439075
0.35526280989402914
0.36193314863459486
0.3687010378389693
0.3755674790710281
0.3825334784196217
0.3896000464190134
0.3967681979994791
0.4040389523847827
0.4114133330154693
0.4188923675127455
0.42647708754182184
0.4341685287748003
0.4419677307896394
0.4498757369662647
0.45789359444250516
0.4660223539848832
0.4742630699274222
0.4826168000635372
0.4910846055404071
0.4996675508114362
0.5083667034712968
0.5171831342147204
0.5261179166957447
0.5351721274600666
0.5443468458041646
0.5536431536964814
0.5630621356525581
0.5726048786307716
0.5822724719218666
0.5920660070381151
0.601986577591305
0.6120352791817755
0.6222132092667236
0.6325214670517226
0.6429611533654832
0.6535333705339941
0.6642392222420023
0.6750798134272621
0.6860562501396565
0.6971696393865423
0.7084210890391619
0.7198117076666933
0.7313426044043088
0.7430148888059666
0.7548296707237647
0.7667880601344196
0.7788911670105513
0.7911401011696281
0.8035359721133531
0.8160798888758638
0.8287729598780126
0.8416162927544665
0.8546109942087327
0.8677581698236247
0.8810589239294462
0.8945143594109809
0.908125577540922
0.9218936778121843
0.9358197577651264
0.9499049127885842
0.9641502359720422
0.9785568178820904
0.9931257464050383
1.0078581065522925
1.0227549802625064
1.0378174461879681
1.0530465795495008
1.0684434518669967
1.0840091308105937
1.0997446799591355
1.1156511586182103
1.1317296215776154
1.1479811189148748
1.164406695769833
1.1810073921150308
1.1977842425510292
1.2147382760639995
1.2318705157792178
1.2491819787587475
1.2666736757378045
1.2843466109081658
1.3022017816410056
1.320240178285322
1.338462783869549
1.3568705738978728
1.3754645160812606
1.3942455700368386
1.4132146871089075
1.432372810038781
1.4517208727535291
1.471259800051456
1.49099050739556
1.5109139005750556
1.5310308754972204
1.5513423178936006
1.5718491030416053
1.5925520955001289
1.6134521488519973
1.6345501053811293
1.6558467958846155
1.67734303932431
1.699039642592488
1.7209374002314566
1.7430370941866749
1.7653394935199116
1.787845354145361
1.810555418586241
1.8334704157001125
1.856591060443048
1.8799180536145625
1.9034520815960885
1.9271938161409627
1.9511439141186124
1.9753030173045405
1.9996717521315868
2.024250729508462
2.049040544596949
2.0740417766077246
2.099254988627829
2.12468072740755
2.150319523234687
2.1761718897373217
2.202238323740957
2.2285193051420333
2.2550152967511656
2.2817267442052644
2.308654075834726
2.3357977026088177
2.3631580180024985
2.3907353979854933
2.4185302009192737
2.4465427675556914
2.4747734209864625
2.5032224666521024
2.5318901923162342
2.5607768681187113
2.5898827465803356
2.6192080626554834
2.6487530337945397
2.678517860035375
2.7085027240709927
2.7387077913575126
2.7691332102515767
2.799779112116842
2.8306456115069385
2.8617328062857417
2.89304077783813
2.924569591235937
2.9563192954587634
2.988289923570849
3.0204814929988584
3.052894005716944
3.0855274485360753
3.1183817933346565
3.151456997336805
3.184753003403048
3.218269740293951
3.252007122991598
3.2859650529699262
3.320143418549836
3.354542095172509
3.38916094575365
3.4239998209987554
3.4590585597377452
3.4943369892690286
3.5298349256938852
3.5655521742616507
3.601488529723955
3.6376437766754406
3.674017689906264
3.7106100347461637
3.7474205674324774
3.7844490354411766
3.8216951778506663
3.859158725673188
3.8968394022188715
3.934736923425025
3.972850998201941
4.011181328776712
4.0497276110140845
4.088489534758537
4.127466784152282
4.166659037953883
4.206065969866931
4.245687248838183
4.285522539369726
4.3255715018202245
4.365833792681458
4.406309064894339
4.446996968113786
4.487897148977694
4.529009251391673
4.5703329167892015
4.611867784363491
4.653613491354201
4.695569673261183
4.7377359640853935
4.780111996563987
4.822697402387521
4.8654918124174245
4.908494856885085
4.9517061656090595
4.995125368162768
5.038752094102623
5.0825859735826855
5.126626635673806
5.1708737113172205
5.215326831640723
5.2599856285744275
5.304849734997979
5.349918784886889
5.39519241344895
5.440670257245375
5.486351954336021
5.532237144385262
5.578325468783386
5.6246165707600335
5.671110095471338
5.717805690115232
5.764703004027146
5.8118016887594415
5.8591013981779865
5.906601788520484
5.954302518514764
6.002203249405595
6.050303645038335
6.098603371947194
6.147102099375452
6.195799499358755
6.244695246772402
6.293789019373419
6.343080497854805
6.392569365883386
6.442255310142513
6.4921380203659504
6.542217189375233
6.59249251310151
6.642963690633835
6.693630424220649
6.7444924193058995
6.79554938455226
6.846801031854275
6.8982470763561174
6.949887236466108
7.001721233866025
7.05374879353146
7.105969643727472
7.158383516031926
7.210990145312777
7.263789269773122
7.316780630906897
7.369963973540078
7.423339045803253
7.47690559914329
7.530663388314648
7.584612171375154
7.638751709685514
7.693081767893167
7.747602113935646
7.802312519019967
7.857212757629831
7.912302607500799
7.967581849610239
8.023050268171863
8.078707650625924
8.134553787613273
8.190588472970017
8.246811503714868
8.303222680029158
8.359821805239699
8.416608685810106
8.47358313132429
8.530744954452807
8.58809397096504
8.645629999681274
8.703352862467865
8.761262384230902
8.819358392872767
8.87764071929698
8.936109197367857
8.994763663909637
9.053603958675206
9.112629924330339
9.171841406430106
9.231238253409327
9.290820316551159
9.350587449965007
9.410539510587146
9.470676358125857
9.530997855072222
9.591503866664633
9.652194260871784
9.713068908368465
9.774127682522776
9.835370459361013
9.89679711756827
9.958407538441657
10.020201605897379
10.082179206433237
10.144340229103195
10.206684565511665
10.269212109789304
10.331922758564344
10.394816410949684
10.457892968522774
10.521152335300927
10.584594417725299
10.648219124641155
10.712026367266967
10.7760160592026
10.840188116372222
10.904542457032239
10.969079001749462
11.033797673357032
11.098698396978012
11.1637810999591
11.229045711892478
11.294492164569512
11.360120391972812
11.425930330258725
11.491921917740834
11.558095094856563
11.624449804169416
11.690985990340051
11.757703600105934
11.824602582271023
11.891682887688775
11.958944469229994
12.02638728178308
12.094011282231188
12.161816429434856
12.229802684202086
12.297970009302997
12.366318369418805
12.434847731147533
12.503558062976834
12.572449335272443
12.641521520269364
12.710774592035506
12.780208526473416
12.84982330130278
12.919618896039077
12.989595291979303
13.059752472184712
13.13009042148778
13.200609126437454
13.271308575312688
13.34218875810966
13.413249666507758
13.484491293865114
13.555913635220964
13.627516687249097
13.69930044826357
13.771264918209027
13.843410098635744
13.915735992688342
13.988242605099076
14.06092994216749
14.133798011744766
14.206846823229013
14.280076387552361
14.353486717157622
14.427077826001767
14.50084972951844
14.574802444636205
14.648935989741435
14.723250384680664
14.797745650737141
14.872421810637393
14.94727888851288
15.022316909911044
15.09753590177209
15.172935892417826
15.248516911549666
15.324278990221824