3.3039504526978942
3.334374718873866
3.364953688967388
3.3956871923545386
3.4265750606928753
3.4576171278944985
3.4888132300955186
3.5201632056354524
3.5516668950311545
3.583324140961679
3.615134788222103
3.647098683726506
3.679215676460309
3.7114856174715833
3.74390835984114
3.776483758659317
3.8092116710019
3.842091955916347
3.8751244743789632
3.9083090892896895
3.9416456654482714
3.975134069521367
4.008774170027899
4.04256583731808
4.0765089435443675
4.110603362650168
4.14484897033856
4.179245644061617
4.213793262989008
4.24849170799248
4.2833408616288535
4.318340608112221
4.353490833301037
4.388791424672422
4.424242271309262
4.459843263872023
4.495594294589698
4.531495257234854
4.567546047106381
4.603746561009508
4.640096697243763
4.67659635557728
4.713245437235008
4.7500438448752496
4.786991482579861
4.824088255835131
4.861334071505593
4.898728837660383
4.936272464234554
4.973964861989436
5.011805943365973
5.049795621547354
5.087933811564443
5.126220429544344
5.16465539286506
5.2032386201590874
5.241970031282762
5.280849547314771
5.319877090530703
5.359052584399699
5.398375953559628
5.437847123816471
5.477466022115144
5.517232576545212
5.557146716311228
5.597208371726392
5.637417474205985
5.677773956245638
5.718277751409051
5.758928794326249
5.799727020671495
5.8406723671595575
5.881764771524869
5.923004172519409
5.964390509896814
6.005923724405934
6.0476037577679795
6.089430552683237
6.131404052810333
6.173524202756184
6.215790948066684
6.258204235222737
6.30076401162449
6.343470225579292
6.38632282629897
6.429321763887038
6.472466989331871
6.515758454495538
6.5591961121038675
6.602779915742604
6.646509819848345
6.69038577969228
6.734407751383294
6.778575691851588
6.822889558844946
6.867349310919811
6.911954907436181
6.956706308541736
7.0016034751837415
7.046646369071945
7.091834952704391
7.1371691893319165
7.18264904297504
7.22827447840087
7.274045461122733
7.31996195739732
7.366023934208675
7.41223135927564
7.458584201029514
7.505082428627214
7.551726011926941
7.598514921494388
7.64544912859753
7.692528605191603
7.739753323923568
7.787123258125296
7.8346383818020096
7.882298669632792
7.9301040969708305
7.978054639825045
8.02615027486915
8.074390979426015
8.122776731473998
8.171307509639124
8.21998329318217
8.268804062004136
8.317769796641773
8.366880478261253
8.416136088653445
8.465536610233432
8.515082026031319
8.564772319698436
8.614607475494187
8.664587478285796
8.714712313547073
8.764981967357665
8.815396426389645
8.865955677917084
8.916659709805113
8.967508510508445
9.018502069071738
9.069640375124516
9.120923418875202
9.172351191119317
9.223923683224825
9.27564088713537
9.327502795371393
9.37950940101969
9.431660697737904
9.483956679755496
9.536397341857006
9.588982679396937
9.641712688290573
9.694587365009138
9.747606706585135
9.800770710602908
9.854079375206224
9.907532699089819
9.961130681497295
10.014873322224473
10.068760621618273
10.122792580570135
10.176969200517387
10.231290483447216
10.285756431878418
10.340367048888961
10.395122338090781
10.45002230363301
10.505066950211544
10.560256283058846
10.615590307945453
10.671069031178476
10.726692459604333
10.782460600602796
10.83837346209431
10.894431052528695
10.950633380893715
11.006980456708872
11.063472290030123
11.120108891441062
11.176890272064837
11.233816443551625
11.290887418087925
11.348103208388002
11.405463827700093
11.46296928980504
11.520619609008222
11.578414800155445
11.636354878616801
11.69443986029636
11.752669761626443
11.811044599573101
11.869564391633375
11.928229155829216
11.987038910721264
12.0459936753968
12.10509346947535
12.164338313107791
12.2237282269765
12.283263232375516
12.342943350889577
12.40276860487744
12.462739017147555
12.522854611039984
12.58311541043397
12.643521439737151
12.704072723890505
12.764769288367495
12.825611159184247
12.886598362876452
12.947730926529914
13.009008877756091
13.070432244708229
13.132001056069948
13.193715341064669
13.255575129454256
13.317580451535038
13.379731338143275
13.442027820651429
13.504469930972762
13.56705770156096
13.629791165407527
13.692670356043154
13.755695307545407
13.818866054524834
13.882182632140598
13.945645076092038
14.009253422621901
14.073007708514597
14.136907971103772
14.200954248260771
14.265146578407295
14.329485000510305
14.393969554078927
14.458600279176368
14.5233772164039
14.588300406920968
14.6533698924272
14.718585715176792
14.783947917969332
14.849456544156007
14.915111637645184
14.98091324288342
15.046861404881277
15.112956169193474
15.179197581932403
15.245585689760315
15.312120539898007
15.378802180117255
15.445630658743038
15.512606024661125
15.579728327308501
15.646997616095096
15.714413942724484
15.781977357740441
15.849687912810051
15.917545660158689
15.985550652570902
16.053702943391396
16.12200258652206
16.190449636426436
16.25904414813157
16.32778617721821
16.396675779835853
16.465713012693012
16.53489793305676
16.60423059876178
16.67371106820688
16.74333940034582
16.81311565470406
16.883039891367105
16.95311217098458
17.023332554773976
17.093701104514057
17.16421788254859
17.234882953013532
17.305696376976556
17.37665821966303
17.44776854568393
17.51902742021237
17.59043490898957
17.661991078324615
17.733695995088095
17.805549726725303
17.877552341247643
17.949703907225313
18.022004493807167
18.09445417070272
18.167053008191562
18.23980107711942
18.312698448903717
18.385745195525885
18.458941389538808
18.53228710406075
18.60578241277658
18.679427389944003
18.75322211038509
18.82716664949089
18.90126108322143
18.975505488101486
19.049899941227537
19.124444520262177
19.199139303436365
19.273984369545428
19.348979797955533
19.424125668598965
19.499422061975118
19.57486905914988
19.650466741757366
19.726215191993965
19.80211449262925
19.878164726991354
19.95436597897911
20.030718333056104
20.107221874248697
20.18387668815098
20.26068286092117
20.33764047928038
20.414749630513363
20.492010402468495
20.569422883562392
20.64698716276463
20.724703329616858
20.80257147421704
20.880591687225902
20.958764059866198
21.037088683918856
21.115565651727696
21.194195056195202
21.272976990781544
21.351911549506802
21.43099882695109
21.51023891824488
21.589631919083644
21.669177925715438
21.748877034944147
21.828729344128842
21.908734951183042
21.988893954572738
22.069206453319737
22.149672546996822
22.23029233572737
22.31106592018872
22.39199340160559
22.473074881755156
22.55431046295937
22.635700248093013
22.717244340574652
22.79894284436923
22.880795863991423
22.962803504496094
23.044965871482617
23.127283071100848
23.209755210031513
23.292382395505197
23.375164735288806
23.458102337693408
23.541195311563534
23.62444376628489
23.707847811777775
23.791407558502534
23.87512311745076
23.958994600149747
24.043022118656552
24.127205785564918
24.21154571400108
24.29604201761258
24.38069481058528
24.46550420762398
24.55047032396945
24.635593275382902
24.720873178151447
24.80631014908598
24.89190430551761
24.97765576530159
25.063564646813507
25.14963106894479
25.235855151108915
25.322237013233856
25.40877677576095
25.495474559650603
25.5823304863725
25.669344677912292
25.756517256760194
25.843848345921018
25.93133806890513
26.01898654973564
26.106793912929785
26.19476028352053
26.28288578703608
26.371170549513913
26.459614697485637
26.54821835798431
26.636981658538854
26.725904727181007
26.81498769243043
26.90423068330377
26.993633829313037
27.083197260454316
27.1729211072177
27.2628055005812
27.35285057201038
27.44305645345574
27.533423277350618
27.623951176611435
27.714640284637316
27.805490735306
27.89650266297248
27.98767620246749
28.079011489104367
28.17050865865941
28.26216784739039
28.353989192019668
28.44597282974498
28.53811889822543
28.630427535588556
28.722898880430208
28.81553307180523
28.90833024923281
29.001290552688534
29.094414122611575
29.18770109989428
29.28115162588613
29.37476584238829
29.46854389165819
29.562485916400725
29.65659205976861
29.750862465365753
29.845297277240658
29.939896639883337
30.034660698229263
30.129589597654174
30.224683483970228
30.31994250343392
30.415366802731842
30.510956528984753
30.606711829749457
30.7026328530111
30.798719747186148
30.89497266111631
30.991391744071016
31.087977145741835
31.184729016247807
31.281647506118947
31.37873276631534
31.475984948209785
31.5734042035884
31.670990684653727
31.76874454402065
31.86666593471228
31.964755010165433
32.06301192421795
32.16143683111506
32.26002988550362
32.35879124243837
32.45772105736888
32.55681948614054
32.65608668500263
32.75552281059057
32.85512801993835
32.95490247047017
33.054846319996265
33.15495972671837
33.25524284921984
33.35569584647172
33.45631887782259
33.5571121030077
33.65807568213302
33.75920977568771
33.86051454452955
33.961990149896025
34.0636367533878
34.165454516983466
34.26744360302172
34.369604174210124
34.47193639361857
34.57444042468347
34.67711643119351
34.77996457730213
34.88298502751482
34.98617794669403
35.089543500053956
35.193081853159455
35.2967931719259
35.40067762261123
35.50473537182416
35.60896658651338
35.71337143396953
35.81795008182257
35.922702698040375
36.027629450928
36.13273050912059
36.23800604159062
36.34345621763602
36.44908120688401
36.55488117929049
36.66085630513371
36.767006755015494
36.87333269985492
36.97983431089578
37.086511759695874
37.19336521812395
37.30039485836835
37.40760085292524
37.5149833746021
37.622542596508744
37.730278692064815
37.838191834995534
37.94628219931954
38.054549959364664
38.16299528975031
38.27161836539487
38.38041936150559
38.489398453590425
38.59855581743814
38.70789162913288
38.81740606504266
38.92709930181887
39.03697151639452
39.14702288598577
39.25725358808677
39.367663800467746
39.478253701170374
39.58902346851585
39.69997328109334
39.81110331776
39.9224137576381
40.033904780119755
40.14557656485798
40.257429291765966
40.36946314101852