3.971889227456797e-12
3.971889227456797e-12
3.971889227456797e-12
1.4522219987888913e-11
1.4517255126354592e-9
4.17904807497634e-8
4.901969150834985e-7
3.2512437958824085e-6
0.000014671252843116933
0.000050385838199204374
0.00014153186943850215
0.0003413207302813274
0.0007310698731816347
0.0014251751802846844
0.002574913506316547
0.004371254331057306
0.007047015166718742
0.010878666067527002
0.016188269305922834
0.023345567785463078
0.032770621945434786
0.04493699668449759
0.06037554639250655
0.07967876951761332
0.1035056363708119
0.13258673522055817
0.16772952961530674
0.2098265932038866
0.2598445829832064
0.3188593012259997
0.3880267362316671
0.46859904807573527
0.5619185779162034
0.669410541121552
0.7925686811772319
0.932930774489851
1.0920395086197896
1.2713844863332788
1.4723238434372772
1.6959919283642289
1.9432115373722665
2.2144385425093573
2.5097618796036754
2.8289603615857266
3.1715941508020955
3.537100511076202
3.9248722386282417
4.334311369096813
4.764860578521871
5.21601842351845
5.687344364271631
6.178458011915675
6.689035474800805
7.218804506345958
7.7675393914179445
8.335056046513214
8.921207545948302
9.525880143403702
10.148989785074306
10.790479076518574
11.450314652082747
12.128484893643545
12.824997948410651
13.539880000730282
14.273173758799489
15.024937122784706
15.795242006140535
16.584173286330568
17.391827970010755
18.218313821569307
19.063749644712793
19.928263532826602
20.811992751069145
21.715083038488476
22.637688057725825
23.579968881743266
24.54209351264312
25.5242364283968
26.526578154032727
27.549304854273267
28.592607945114388
29.656683722141228
30.741733003758227
31.84796078772635
32.97557591970532
34.124790772608584
35.29582093582968
36.48888491352598
37.70420383125346
38.942001150421625
40.20250239008639
41.48593485571955
42.79252737468693
44.12251003821956
45.47611394974422
46.85357097949839
48.255113525407516
49.68097428025047
51.13138600518493
52.60658130975027
54.106792438483275
55.63225106431051
57.18318808895654
58.75983345049685
60.36241593854891
61.99116301678859
63.646300653799806
65.3280531619486
67.03664304478033
68.77229085317047
70.53521505049045
72.32563188703605
74.14375528396884
75.98979672699879
77.86396517000198
79.76646694884809
81.69750570547065
83.65728232250213
85.64599486848668
87.66383855383606