3.971889227456797e-12
3.971889227456797e-12
3.971889227456797e-12
1.9114716907135837e-11
1.934806539924892e-9
5.312277720185108e-8
6.021353038439914e-7
3.892331417380069e-6
0.00001721664401236646
0.00005819055113078471
0.00016133654769171489
0.0003848883600065734
0.000816898041852129
0.0015801689942377382
0.0028359656506136946
0.004786735939330614
0.007678217119233006
0.011801289698178598
0.017493977014513114
0.025143748451603005
0.03519040243189349
0.04812954457225355
0.06451682087101121
0.08497248965568317
0.11018682432146518
0.14092556565267736
0.17803555470480448
0.22245013873824684
0.2751939432370614
0.3373867408188931
0.41024543923106904
0.495083879872546
0.5933085344760957
0.7064087447536678
0.8359380215054083
0.9834824405278187
1.1506108268781945
1.3388026215217135
1.5493547885194052
1.783280840492597
2.0412290954387986
2.323451537236831
2.629838462064319
2.960005071326202
3.3133970050093042
3.6893845581664104
4.0873309330875935
4.506633962950703
4.946747452044282
5.407189249786999
5.887541681540846
6.3874480695795
6.90660757539839
7.444769594243036
8.001728327462844
8.57731781450557
9.171407520783646
9.783898483340085
10.414719972549817
11.063826611049379
11.731195888283926
12.416826012090864
13.120734045774952
13.842954285188286
14.583536837723988
15.34254637092287
16.12006100376398
16.916171318193708
17.73097947220663
18.564598398958736
19.41715107902336
20.28876987494458
21.179595919165877
22.089778547736763
23.01947477346937
23.968848793309494
24.938071525277618
25.927320171305013
26.936777802674044
27.966632965302203
29.01707930259947
30.088315193857188
31.180543406468594
32.29397076057053
33.42880780482671
34.5852685023539
35.7635699258679
36.963931961342
38.18657701951872
39.43172975482174
40.69961679122473
41.99046645476078
43.30450851245112
44.641973917457655
46.00309456039291
47.38810302668602
48.79723236006132
50.23071583214334
51.688786718303554
53.17167807986327
54.67962255280706
56.212852143222825
57.771598029649745
59.35609037257779
60.96655813135209
62.60322888873282
64.26632868337596
65.95608185052006
67.67271087111774
69.41643622973555
71.18747628143791
72.98604712793895
74.81236250325388
76.66663366909141
78.54906932019557
80.45987549984328
82.39925552565904
84.367409925922
86.36453638648058
88.39082970840013