 0.24162953000148E-29
 0.12081476500074E-29
 0.70974017951161E-15
 0.60407382500371E-30
 0.44850179537862E-15
 0.93373205108334E-15
-0.31714393830490E-15
 0.26615256731685E-15
 0.27719153513264E-15
-0.44315889376224E-16
 0.10533624806014E-15
-0.46901176747299E-15
-0.46196083459150E-14
-0.20405967890595E-13
-0.72723012546203E-13
-0.21855565636213E-12
-0.58108670528571E-12
-0.13743967557419E-11
-0.29551065207799E-11
-0.58653254925912E-11
-0.10869975722940E-10
-0.18984869669681E-10
-0.31504846878170E-10
-0.49991148059029E-10
-0.76273695044364E-10
-0.11241494702458E-09
-0.16068051790029E-09
-0.22349519999485E-09
-0.30337991726543E-09
-0.40294322323057E-09
-0.52478750700823E-09
-0.67150952476253E-09
-0.84564888503892E-09
-0.10496722223782E-08
-0.12859528485257E-08
-0.15567712331649E-08
-0.18643063895287E-08
-0.22106504534460E-08
-0.25978222420467E-08
-0.30277749998800E-08
-0.35024243193372E-08
-0.40236578559165E-08
-0.45933557703469E-08
-0.52134029788917E-08
-0.58856932793529E-08
-0.66121305787253E-08
-0.73946232464633E-08
-0.82350667370507E-08
-0.91353192423619E-08
-0.10097170645503E-07
-0.11122297337506E-07
-0.12212217536669E-07
-0.13368237427268E-07
-0.14591392132939E-07
-0.15882391480878E-07
-0.17241558420181E-07
-0.18668780194361E-07
-0.20163456130905E-07
-0.21724460396276E-07
-0.23350111032486E-07
-0.25038148990584E-07
-0.26785732373473E-07
-0.28589439126754E-07
-0.30445284989955E-07
-0.32348753041267E-07
-0.34294833779294E-07
-0.36278076815347E-07
-0.38292650972110E-07
-0.40332411204186E-07
-0.42390975494183E-07
-0.44461798002196E-07
-0.46538246747462E-07
-0.48613684933736E-07
-0.50681538366460E-07
-0.52735365860901E-07
-0.54768912951309E-07
-0.56776159383938E-07
-0.58751349300270E-07
-0.60689007713968E-07
-0.62583934283144E-07
-0.64431183485045E-07
-0.66226018959982E-07
-0.67963848976585E-07
-0.69640136139450E-07
-0.71250291660978E-07
-0.72789544599107E-07
-0.74252792097844E-07
-0.75634438211270E-07
-0.76928218969417E-07
-0.78127024646900E-07
-0.79222724634251E-07
-0.80206009829135E-07
-0.81066260843399E-07
-0.81791464385974E-07
-0.82368192945815E-07
-0.82781674277020E-07
-0.83015970353024E-07
-0.83054291569109E-07
-0.82879466203972E-07
-0.82474574972089E-07
-0.81823755157776E-07
-0.80913153182288E-07
-0.79731991346161E-07
-0.78273680134496E-07
-0.76536894113303E-07
-0.74526499715420E-07
-0.72254224242596E-07
-0.69738957108987E-07
-0.67006605316401E-07
-0.64089459702867E-07
-0.61025094718151E-07
-0.57854869246767E-07
-0.54622157370754E-07
-0.51370463278591E-07
-0.48141589041945E-07
-0.44974011463910E-07
-0.41901586458637E-07
-0.38952655078076E-07
-0.36149572327766E-07
-0.33508636551221E-07
