1.9859446137283985e-12
1.9859446137283985e-12
1.9859446137283985e-12
1.9859446137283985e-12
1.9859446137283985e-12
0.
4.964861534320996e-12
3.748470458412352e-11
5.439005810848651e-10
5.170034437226811e-9
3.342493730750924e-8
1.6155237419450105e-7
6.22862359534398e-7
2.008368038483544e-6
5.607821901589402e-6
0.000013919930276851205
0.00003134214189861546
0.00006502929178961834
0.0001258935529219517
0.00022970632480147197
0.0003982580447334204
0.0006605334540813923
0.0010538639751492959
0.001625036083874925
0.0024313198120513
0.003541427428824372
0.005036386262854272
0.007010334877688917
0.009571250463573567
0.012841618995329564
0.016959060532957388
0.0220769218306124
0.028364846807138955
0.03600933259442641
0.04521427589522431
0.05620151012443689
0.06921132998013282
0.08450299588142092
0.1023552066689449
0.12306652588392288
0.14695574382719928
0.17436215607693017
0.2056457380836487
0.24118719595806784
0.2813878747962776
0.3266695083114592
0.3774737971511905
0.4342618068443105
0.497513181282946
0.5677251718776
0.6454114871767641
0.7311009716269045
0.8253361252162058
0.9286714780520127
1.0416718345725504
1.1649104016850231
1.2989668132637187
1.4444250600292692
1.6018713297672316
1.7718917577284732
1.9550700821021503
2.1519851957721094
2.3632085823583764
2.5893016263012263
2.8308127914424555
3.08827467357836
3.3622009495406546
3.6530832693532704
3.9613881665025787
4.287554092751662
4.6319887122725385
4.995066610229246
5.377127576032875
5.778475606792068
6.199378740391278
6.6400697716983546
7.100747838605949
7.58158079550293
8.082708232993161
8.604244962351993
9.146284765692231
9.708904218618308
10.292166415713403
10.896124464555541
11.52082465413905
12.166309241885317
12.832618837187159
13.519794385289298
14.227878774085125
14.956918098030552
15.706962619244143
16.47806746783547
17.270293122137915
18.083705706664293
18.91837714165667
19.774385173612185
20.651813312174212
21.55075069441787
22.471291894254062
23.413536691287135
24.377589810876934
25.36356064486834
26.371562960482425
27.40171460340956
28.454137199797177
29.52895586084004
30.62629889282908
31.74629751489258
32.889085586091
34.05479934316408
35.24357714985643
36.455559258530364
37.69088758453417
38.949705493702375
40.23215760316868
41.53838959562959
42.86854804714028
44.22278026839955
45.60123415954164
47.00405807831479