3.971889227456797e-12
3.971889227456797e-12
3.971889227456797e-12
3.971889227456797e-12
3.971889227456797e-12
3.971889227456797e-12
3.971889227456797e-12
3.971889227456797e-12
3.971889227456797e-12
5.9578338411851955e-12
3.971889227456797e-12
4.468375380888897e-12
1.1915667682370391e-11
4.865564303634576e-11
2.606552305518523e-10
1.1885878513164464e-9
4.618065956148675e-9
1.5633355999269953e-8
4.691943095779371e-8
1.2701282547253673e-7
3.14667462697577e-7
7.2189334952104e-7
1.5486768462469126e-6
3.1322812451446966e-6
6.014036073753709e-6
0.000011025894739115511
0.000019398630031545214
0.00003289267634780544
0.00005395194954170419
0.00008588009479194479
0.00013303796521086888
0.0002010604877410048
0.00029709055877492175
0.00043002728251532736
0.0006107855341843251
0.0008525639942794216
0.001171118400650763
0.0015850372993931828
0.0021160174777388662
0.002789136681915487
0.003633121417308993
0.0046806079842507935
0.005968395256991975
0.0075376880264616825
0.009434329934441535
0.011709025659311312
0.014417551757582511
0.017620956427336375
0.021385748184133132
0.02578407391857187
0.0308938869183758
0.0367991055044068
0.04358976323435907
0.05136215143028049
0.060218955264185955
0.07026938433143341
0.08162929894786446
0.09442133331883404
0.10877501680644991
0.12482689462982494
0.14272064916607757
0.162607223247455
0.1846449467779626
0.20899966803806402
0.2358448910691024
0.26536192059611907
0.29774001597877653
0.33317655570193755
0.37187721401823987
0.4140561513892615
0.45993622039794013
0.5097491889824008
0.5637359826740329
0.6221469478885654
0.6852421379284052
0.7532916237358026
0.8265758310692595
0.9053859057304099
0.9900241081702227
1.080804238385327
1.1780520912998282
1.2821059418844116
1.393317057936178
1.5120502365495576
1.6386843577959314
1.7736129458493015
1.9172447234175936
2.070004140079388
2.232331848204874
2.404685092411255
2.5875379693496234
2.7813815048899424
2.986723486409013
3.204087980230264
3.4340144605651064
3.677056479359256
3.9337798196338354
4.204760100627068
4.49057984314704
4.791825056426999
5.10908146818634
5.442930578212354
5.793945760302716
6.162688656057666
6.5497060891585015
6.95552768018379
7.380664268634387
7.825607164674183
8.290828174800428
8.776780285638967
9.28389885522875
9.812603151325359
10.363298086372097
10.936376021825279
11.532218543393322
12.151198137717666
12.793679726847136
13.460022037655483
14.150578798937762
14.865699769589224