 0.10881440554313E-12
 0.22789905921502E-13
 0.38965423286782E-11
 0.87346114188415E-10
 0.66360311073538E-09
 0.27277025605600E-08
 0.76708257643251E-08
 0.16801802300901E-07
 0.30968249378930E-07
 0.50438714823744E-07
 0.74986826178880E-07
 0.10405877017984E-06
 0.13693796059077E-06
 0.17288312389290E-06
 0.21120807727249E-06
 0.25132222970693E-06
 0.29275854141173E-06
 0.33516754353779E-06
 0.37831077831912E-06
 0.42203944392385E-06
 0.46628549831873E-06
 0.51104032872119E-06
 0.55633806807563E-06
 0.60222900028401E-06
 0.64878569510805E-06
 0.69610816093267E-06
 0.74437843625252E-06
 0.79360459438498E-06
 0.84363881389622E-06
 0.89435421305789E-06
 0.94555921106495E-06
 0.99675529001752E-06
 0.10470253672943E-05
 0.10951502546483E-05
 0.11398645076817E-05
 0.11801003719931E-05
 0.12151414407097E-05
 0.12446444341392E-05
 0.12685874070831E-05
 0.12871794027763E-05
 0.13007750023307E-05
 0.13098054458367E-05
 0.13147321921455E-05
 0.13160167079167E-05
 0.13141018959572E-05
 0.13094018016804E-05
 0.13022965140392E-05
 0.12931305076069E-05
 0.12822128810390E-05
 0.12698190521833E-05
 0.12561930135503E-05
 0.12415499291086E-05
 0.12260788184823E-05
 0.12099451890939E-05
 0.11932935351303E-05
 0.11762496596186E-05
 0.11589228004449E-05
 0.11414075561680E-05
 0.11237856172417E-05
 0.11061273118348E-05
 0.10884929861229E-05
 0.10709342196542E-05
 0.10534949084952E-05
 0.10362122193774E-05
 0.10191174283424E-05
 0.10022366674163E-05
 0.98559156735427E-06
 0.96919983586318E-06
 0.95307576246893E-06
 0.93723065876995E-06
 0.92167324878891E-06
 0.90641001015931E-06
 0.89144547432546E-06
 0.87678248964058E-06
 0.86242245282370E-06
 0.84836551171896E-06
 0.83461074333574E-06
 0.82115630999189E-06
 0.80799959622393E-06
 0.79513732878515E-06
 0.78256568176180E-06
 0.77028036861108E-06
 0.75827672267051E-06
 0.74654976754041E-06
 0.73509427854566E-06
 0.72390483634263E-06
 0.71297587361731E-06
 0.70230171569629E-06
 0.69187661580153E-06
 0.68169478559024E-06
 0.67175042154352E-06
 0.66203772770263E-06
 0.65255093519180E-06
 0.64328431891443E-06
 0.63423221176431E-06
 0.62538901665308E-06
 0.61674921661980E-06
 0.60830738325722E-06
 0.60005818366202E-06
 0.59199638609160E-06
 0.58411686448921E-06
 0.57641460201953E-06
 0.56888469374076E-06
 0.56152234852417E-06
 0.55432289031901E-06
 0.54728175884945E-06
 0.54039450981952E-06
 0.53365681469339E-06
 0.52706446011055E-06
 0.52061334698735E-06
 0.51429948935310E-06
 0.50811901295156E-06
 0.50206815367066E-06
 0.49614325578347E-06
 0.49034077008535E-06
 0.48465725190155E-06
 0.47908935901844E-06
 0.47363384954316E-06
 0.46828757970983E-06
*********************
