1.9859446137283985e-12
1.9859446137283985e-12
1.9859446137283985e-12
0.
1.9859446137283985e-12
0.
4.964861534320996e-13
2.4700186133246955e-11
3.275567397268277e-10
3.2466470788308575e-9
2.192048428171899e-8
1.0973547969771474e-7
4.3586109808727446e-7
1.4416995953745897e-6
4.1154818356585835e-6
0.00001041503443585418
0.000023853903266966577
0.00005024835013650211
0.00009860582655158115
0.0001821234346802285
0.00031925827168802375
0.0005348304843202416
0.0008611232465110558
0.0013389501534753444
0.0020186684260745493
0.0029611243921128993
0.004238525241922276
0.005935237545164529
0.008148517762311762
0.01098918348449254
0.014582235963702188
0.01906744491751272
0.024599905869161734
0.0313505786057764
0.03950681269953362
0.04927286300029642
0.06087039439310256
0.07453897167410128
0.09053652638841556
0.10913978967521082
0.13064467665683244
0.1553666064009207
0.18364073944000742
0.21582211478419297
0.2522856687375993
0.293426119351892
0.33965770251546606
0.3914137492026852
0.4491460966755615
0.5133243307114616
0.5844348600075702
0.6629798276392193
0.7494758682207461
0.8444527217419703
0.9484517171968325
1.0620241396955463
1.1857294941512357
1.3201336771623124
1.4658070656318904
1.623322527085251
1.793253352106506
1.9761711047681596
2.172643383652574
2.3832314824823233
2.6084879404616066
2.84895397531586
3.1051568003654815
3.3776068403774513
3.6667948799897836
3.973189202584459
4.297232804025748
4.639340792105957
4.999898103182642
5.37925767774566
5.777739231104051
6.195628732086865
6.6331786609165855
7.090609063407611
7.568109358139488
8.065840797296978
8.583939437730965
9.122519452988032
9.681676611003954
10.261491754248473
10.862034144182491
11.483364564683052
12.125538113411752
12.788606642371109
13.472620835546833
14.17763193233748
14.903693119602591
15.650860623959776
16.419194540113526
17.208759432049924
18.019624742422497
18.851865042889468
19.705560154621125
20.58079516449743
21.477660358881742
22.396251093411227
23.336667614175962
24.299014842977492
25.283402137015266
26.289943031391047
27.318754971185985
28.36995903855943
29.443679679096448
30.540044430862537
31.65918365877944
32.8012302964367
33.9663195969049
35.154588893803805
36.36617737353399
37.60122585939861
38.859876608071346
40.14227311880672
41.44855995563353
42.778882582672345
44.133387212671764
45.51222066879706