1.9859446137283985e-12
1.9859446137283985e-12
1.9859446137283985e-12
1.9859446137283985e-12
1.9859446137283985e-12
1.9859446137283985e-12
6.82668460969137e-12
9.12293306931483e-11
1.2465526097296441e-9
1.0896505730912649e-8
6.589811065888916e-8
3.009891450489843e-7
1.1062390443281997e-6
3.423628132607876e-6
9.22561310840766e-6
0.00002219882385256994
0.00004863014859648856
0.00009846873716726009
0.00018652022966643246
0.00033372024841841986
0.0005684371133421516
0.0009277527199998704
0.0014586907729848934
0.0022193643882203566
0.003280031008616281
0.004724051792935925
0.006648760399911029
0.009166252070690105
0.012404107209620286
0.016506064901103137
0.021632661409778573
0.027961846238914026
0.035689585385532796
0.04503045694071891
0.05621823959339715
0.06950648931451542
0.08516909470883076
0.103500796695034
0.12481765411071274
0.14945743361856692
0.1777799004833302
0.2101669856207423
0.24702280536886895
0.28877351201225676
0.33586695661644894
0.38877214988101055
0.4479785117864759
0.513994906444505
0.5873484639693818
0.6685831964317565
0.7582584194000771
0.8569469938169637
0.9652334046339138
1.0837116929364194
1.2129832564903242
1.353654530269106
1.5063345536996537
1.6716324254683257
1.8501546408457263
2.0425023011327843
2.2492681818762548
2.4710336480607364
2.708365409938561
2.9618121281804815
3.231900898793921
3.5191336789553973
3.823983752040034
4.146892369681399
4.48826574329653
4.8484725800204425
5.227842358391338
5.62666451279168
6.045188640726063
6.483625769387806
6.942150629569256
7.42090480062987
7.9200005241593985
8.439524946891336
8.979544546344991
9.540109514614647
10.121257915795914
10.723019482951337
11.345418971535889
11.988479031448469
12.65222259616163
13.336674785558381
14.041864557728333
14.767825576349377
15.514597317332097
16.28222549425578
17.07076243243115
17.880267239253925
18.71080583490432
19.562450874070663
20.435281584360755
21.329383542326816
22.244848404179457
23.181773604834266
24.140262036140392
25.120421712871213
26.12236543313811
27.146210438436224
28.192078077298422
29.260093475563316
30.350385215577823
31.463085025984924
32.59832748335222
33.756249726511825
34.936991184210875
36.14069331649948
37.367499370053785
38.617554147599456
39.89100379145791
41.18799558118126
42.50867774520842
43.85319928645652
45.221709821692436
46.614359434563355
48.03129854212879
49.472677774743374