0.00042498627316195294
0.00045182301136999193
0.0004800553781131624
0.0005097396262656205
0.000540933555628255
0.0005736965330363762
0.0006080895211559135
0.000644175068181327
0.0006820173866527846
0.0007216822927607299
0.0007632373084979082
0.0008067516154861539
0.000852296088365085
0.0008999433206093825
0.000949767679266389
0.0010018452270077825
0.0010562538267640336
0.0011130731248438757
0.001172384552175521
0.0012342713704798724
0.001298818682076125
0.0013661134214415017
0.0014362444028739238
0.0015093022981501343
0.001585379695731671
0.001664571096172371
0.0017469728861769674
0.001832683448945138
0.001921803056309889
0.002014434003037058
0.002110680521305574
0.0022106488608899743
0.0023144472706662913
0.002422186012141302
0.002533977394206559
0.002649935756754347
0.002770177501708068
0.0028948211180947893
0.003023987142202235
0.00315779823577535
0.003296379162184967
0.0034398567877931435
0.0035883601234097547
0.0037420203059225065
0.003900970651793319
0.004065346625034968
0.004235285861414788
0.0044109281757778365
0.004592415604496469
0.004779892385610887
0.004973504949395901
0.005173401990227306
0.005379734424132308
0.0055926554244124125
0.005812320411589575
0.006038887097717595
0.006272515455848211
0.00651336775975
0.006761608585025466
0.0070174048189166425
0.007280925662663405
0.007552342664768039
0.007831829684751754
0.00811956297606787
0.008415721105919299
0.008720485040033567
0.009034038123548088
0.009356566074431721
0.009688257021714214
0.010029301516160645
0.01037989250557124
0.010740225370404262
0.01111049793457457
0.011490910472032075
0.011881665700059166
0.01228296881824488
0.012695027488501332
0.01311805187813389
0.01355225463253443
0.013997850901246871
0.014455058362170863
0.014924097220817067
0.015405190189082365
0.01589856256630123
0.016404442157697874
0.016923059376910632
0.0174546471769804
0.017999441116259153
0.01855767934872849
0.019129602599547667
0.019715454247222073
0.02031548027097568
0.020929929302633866
0.021559052588518087
0.022203104056347393
0.022862340270802924
0.023537020502663587
0.02422740667642679
0.024933763437954656
0.025656358116741107
0.026395460768733763
0.027151344171244977
0.027924283842935396
0.028714558037980255
0.029522447761088075
0.030348236824224214
0.03119221175922929
0.032054661947153854
0.032935879505928356
0.03383615941051283
0.03475579943133259
0.03569510016431565
0.036654365072721684
0.03763390045263624
0.03863401546474584
0.03965502214277826
0.04069723538555874
0.04176097302924874
0.04284655577200414
0.04395430724497277
0.0450845540110532
0.046237625547021224
0.04741385429938459
0.04861357566005513
0.049837127985587606
0.05108485261741157
0.0523570938846861
0.053654199122669825
0.05497651863846334
0.056324405804721034
0.05769821700751997
0.05909831165616554
0.06052505222080026
0.061978804234141496
0.06345993630476246
0.06496882010207346
0.06650583039045542
0.06807134503546587
0.06966574500483194
0.07128941440109435
0.07294274042350206
0.07462611342212931
0.07633992690234397
0.07808457751152646
0.07986046504837906
0.08166799248849468
0.0835075660249449
0.08537959495694265
0.0872844918437532
0.08922267244461908
0.0911945556894676
0.09320056377125716
0.09524112207435917
0.09731665924220424
0.09942760713570153
0.10157440087792247
0.10375747884305392
0.10597728264808208
0.10823425719660733
0.11052885066668039
0.1128615144759241
0.11523270336618438
0.11764287534606185
0.12009249171809461
0.12258201707528264
0.1251119193281465
0.12768266966922834
0.13029474261802418
0.1329486159885879
0.13564477091572105
0.1383836918635373
0.1411658665943077
0.14399178619725705
0.14686194509836953
0.14977684102265565
0.15273697504752454
0.15574285154283324
0.15879497824225666
0.1618938661675733
0.16504002969879408
0.16823398651197735
0.17147625762006485
0.17476736736332446
0.17810784338713237
0.1814982166538887
0.18493902145257504
0.18843079537082685
0.1919740792979126
0.19556941745141976
0.19921735730365084
0.20291844967521092
0.2066732486151063
0.21048231149917285
0.2143461989527484
0.21826547487375914
0.22224070642713437
0.22627246402966353
0.23036132134577608
0.23450785525315998
0.238712645885211
0.24297627657654358
0.24729933387627176
0.2516824075360935
0.25612609045704254
0.2606309787627201
0.2651976717090587
0.26982677170480185
0.2745188843055465
0.2792746181704246
0.2840945850868031
0.2889793999174084
0.29392968061348324
0.29894604819542336
0.30402912671740345
0.309179543273955
0.31439792795193183
0.31968491386873904
0.32504113708867527
0.33046723665036376
0.3359638545151175
0.34153163559300487
0.3471712276594399
0.3528832814061965
0.35866845033714595
0.3645273908309385
0.3704607620512636
0.3764692259864444
0.38255344735870517
0.38871409364129994
0.39495183504175596
0.40126734444912243
0.40766129743123947
0.4141343721848413
0.420687249534067
0.4273206128932239
0.43403514823699835
0.44083154407153546
0.4477104914212824
0.4546726837787188
0.4617188170816428
0.46884958970559965
0.4760657023972282
0.4833678582638349
0.490756762744101
0.4982331235712187
0.505797650745708
0.5134510564835347
0.5211940552205779
0.5290273635317033
0.536951700148016
0.5449677858759333
0.5530763435841516
0.5612780981845323
0.5695737765539046
0.5779641075363
0.5864498218997581
0.5950316522735208
0.6037103331393442
0.6124866007833388
0.6213611932525278
0.630334850322699
0.6394083134751941
0.6485823258013356
0.6578576320212925
0.6672349784365429
0.6767151128553996
0.6862987845737726
0.6959867443342079
0.7057797442887764
0.7156785379402391
0.7256838800928953
0.7357965268589134
0.746017235543766
0.7563467646691927
0.7667858738736546
0.777335323891606
0.787995876533883
0.7987682945884069
0.8096533418136049
0.8206517828769704
0.8317643833247772
0.8429919094986704
0.8543351285323142
0.8657948082741886
0.8773717172452647
0.8890666245963058
0.9008803000562334
0.9128135138772655
0.9248670368076096
0.9370416400001098
0.949338094986801
0.9617571736398115
0.9742996481081845
0.9869662907441503
0.9997578740943136
1.0126751708014732
1.0257189536052425
1.038889995218797
1.052189068338681
1.0656169455782756
1.0791743993686285
1.092862201952867
1.1066811253291031
1.1206319411511347
1.1347154207140493
1.1489323348938993
1.1632834540641697
1.1777695480630088
1.192391386141098
1.2071497368585062
1.2220453680844423
1.2370790468985773
1.2522515395523197
1.2675636113783306
1.283016026785558
1.2986095491371021
1.3143449407230328
1.330222962688398
1.3462443749741428
1.3624099362586488
1.3787204038801564
1.3951765337827733
1.4117790804472143
1.4285287968404075
1.4454264343186805
1.4624727425989632
1.4796684696493132
1.4970143616814682
1.5145111630159265
1.5321596160604727
1.5499604612287552
1.5679144368449607
1.5860222791364904
1.6042847220858831
1.6227024974284578
1.6412763345278187
1.6600069603516519
1.6788950993490939
1.697941473417962
1.7171468018090588
1.7365118010641092
1.756037184936324
1.7757236643032663
1.795571947125643
1.81558273832008
1.835756739731692
1.8560946500335436
1.876597164644232
1.8972649756540367
1.9180987717581395
1.9390992381786778
1.9602670565462086
1.981602904881089
2.003107457460544
2.0247813847656646
2.0466253534060668
2.0686400260127757
2.0908260611765352
2.113184113364772
2.135714832840793
2.158418865559149
2.1812968531231864
2.204349432679544
2.2275772368155033
2.250980893540124
2.2745610261267313
2.2983182530833783
2.3222531880403876
2.346366439702444
2.3706586117195063
2.3951303026560264
2.419782105860868
2.4446146094354093
2.4696283961117786
2.494824043196504
2.520202122475063
2.5457632001514354
2.571507836764075
2.5974365870905807
2.6235500000875005
2.649848618822808
2.6763329803838056
2.703003615795946
2.7298610499786493
2.7569058016525805
2.7841383832687767
2.8115593009482027
2.839169054404916
2.8669681368867397
2.8949570350954503
2.9231362291523966
2.9515061924954797
2.9800673918530864
3.0088202871691205
3.0377653315461552
3.0669029712000033
3.096233645399768
3.1257577863994515
3.155475819426784
3.18538816260453
3.215495226925789
3.245797416199631
3.2762951270014447
3.3069887486784033
3.3378786632540116
3.368965245456035
3.4002488626350735
3.4317298751436334
3.4634086348263082
3.4952854871920325
3.5273607699473364
3.55963481332713
3.592107940106247
3.6247804655727576
3.6576526975221353
3.690724936265201
3.723997474617821
3.7574705978884935
3.791144583925392
3.825019703082605
3.859096218260721
3.8933743848976463
3.927854451016886
3.9625366572166234
3.9974212367135333
4.032508415374061
4.067798411728327
4.103291437014803
4.138987695207998
4.174887383085609
4.210990690230499
4.247297799101828
4.283808885084073
4.3205241165263795
4.357443654815544
4.394567654413125
4.431896262922595
4.469429621156611
4.507167863199079
4.545111116478259
4.583259501821132
4.62161313355133
4.660172119535806
4.698936561280908
4.73790655401243
4.7770821867533195
4.8164635423983935
4.856050697813018
4.895843723908944
4.935842685748325
4.9760476426227775
5.016458648147718
5.057075750361781
5.097898991813581
5.138928409665356
5.180164035792633
5.221605896875834
5.263254014501929
5.305108405267829
5.347169080880552
5.3894360482686885
5.431909309670273
5.474588862747849
5.5174747006850335
5.560566812298228
5.60386518213877
5.647369790597565
5.691080614006746
5.734997624756596
5.779120791387391
5.823450078699879
5.867985447868716
5.91272685653656
5.957674258908025
6.002827605889566
6.048186845155266
6.093751921266613
6.139522775775395
6.185499347322875
6.23168157175398
6.278069382181227
6.324662709127088
6.371461480584687
6.418465622157932
6.465675057111537
6.513089706506314
6.560709489258626
6.608534322268607
6.656564120483959
6.704798797005207
6.753238263175563
6.801882428655896
6.850731201539296
6.8997844884015915
6.949042194417402
6.998504223423442
7.048170478007886
7.098040859602968
7.148115268527298
7.198393604109249
7.248875764735732
7.299561647928775
7.3504511504258385
7.401544168252916
7.45284059679032
7.504340330838967
7.556043264697325
7.6079492922169045
7.660058306883303
7.712370201855059
7.764884870052148
7.817602204198559
7.870522096876286
7.923644440616929
7.976969127911997
8.030496051299792
8.084225103410716
8.13815617701282
8.19228916506791
8.246623960785787
8.30116045765726
8.355898549521429
8.410838130597075
8.465979095522638
8.521321339414055
8.576864757896526
8.632609247143757
8.688554703931182
8.744701025647899
8.801048110360586
8.857595856829136