-0.41456108860491E-02
 0.40332042706123E-02
 0.25267141469923E-03
 0.16729263381392E-03
 0.87717482747679E-04
 0.50408812317639E-04
 0.31301966995549E-04
 0.20604596828580E-04
 0.14180898042268E-04
 0.10108581859001E-04
 0.74132472324742E-05
 0.55656110723716E-05
 0.42616363987771E-05
 0.33184555585379E-05
 0.26217497026681E-05
 0.20976419646527E-05
 0.16970517789420E-05
 0.13865304195283E-05
 0.11428044654430E-05
 0.94935458378287E-06
 0.79425585982528E-06
 0.66876560389343E-06
 0.56639147839819E-06
 0.48231720854157E-06
 0.41244935364128E-06
 0.35463397677898E-06
 0.30593062916043E-06
 0.26496641239374E-06
 0.23027689413256E-06
 0.20094480357609E-06
 0.17554696329237E-06
 0.15390985537733E-06
 0.13527391298240E-06
 0.11916453331635E-06
 0.10519515042350E-06
 0.93041381248266E-07
 0.82433868807954E-07
 0.73153069642487E-07
 0.65010394632684E-07
 0.57847444566985E-07
 0.51534399800237E-07
 0.45952191195843E-07
 0.41013667442143E-07
 0.36631657891326E-07
 0.32735220339119E-07
 0.30582680906556E-07
 0.26173998080156E-07
 0.23405324181855E-07
 0.20935424839317E-07
 0.18720999318300E-07
 0.16731525694968E-07
 0.14945902486975E-07
 0.13339338344683E-07
 0.11894906306341E-07
 0.10591064927237E-07
 0.94136547076643E-08
 0.83509917650885E-08
 0.73905353077466E-08
 0.65226121752284E-08
 0.57347107549978E-08
 0.50229364700183E-08
 0.43770236809465E-08
 0.37900464170617E-08
 0.32583479179927E-08
 0.27741066379983E-08
 0.23315210755219E-08
 0.19354094740865E-08
 0.15646980001182E-08
 0.12408799537396E-08
 0.94008318213211E-09
 0.66669992408344E-09
 0.41681916166155E-09
 0.19022750745971E-09
-0.18465208038608E-10
-0.20606263865023E-09
-0.37821938948555E-09
 0.13417993975896E-09
-0.67817078739870E-09
-0.80752707383557E-09
-0.92603693113205E-09
-0.10340213790468E-08
-0.11324887595393E-08
-0.12224666596525E-08
-0.13036075214075E-08
-0.13769641456418E-08
-0.14452474294431E-08
-0.15051110947624E-08
-0.15616901500678E-08
-0.16119764664918E-08
-0.16578573364584E-08
-0.16993129658954E-08
-0.17352402281083E-08
-0.17695065472180E-08
-0.18001089341591E-08
-0.18273039707952E-08
-0.18506920955029E-08
-0.18718292201773E-08
-0.18917947311589E-08
-0.19083833250193E-08
-0.19223472690850E-08
-0.19355852043663E-08
-0.19474537474753E-08
-0.19554109840825E-08
-0.19633898779016E-08
