37.739163140569964
37.79065242065358
37.85498752323775
37.94500833334092
38.06066573018649
38.20189574971421
38.36861795043516
38.56073459132435
38.778127981948224
39.02065881405185
39.28816511991563
39.58046136868118
39.897340268823
40.238573567047816
40.603915953747354
40.99310760081839
41.40587823568868
41.84194952316217
42.301039079983404
42.782864260823125
43.28714245414178
43.81359640701896
44.36195368053487
44.93195136657383
45.52333251219149
46.13620182921089
46.76929407724575
47.42342028192826
48.09803218093797
48.79293843015845
49.50796181804807
50.242940089925895
50.99772620648377
51.772187195100514
52.56620546337313
53.3796777970448
54.212516041532005
55.064646826444644
55.93600918968265
56.826556896143906
57.73627594552236
58.66508914603889
59.61304578804914
60.58013158483688
61.56636192708335
62.57176366532151
63.59637471675298
64.64024363101605
65.7034267240999
66.78599068991625
67.88801446189974
69.00957828986971
70.15077506314375
71.3117050981134
72.49246864105021
73.69318889451216
74.91398879727032
76.1549788379204
77.41629798324914
78.69807944105538
80.0004657044187
81.3239867301356
82.6676330962404
84.03271624686454
85.4190059750373
86.82666090057319
88.25584295065836
89.70671697270421
91.1794493174902
92.67420534164688
94.19116078243516
95.73048183564316
97.29234412627761
98.87691839762343
100.48437891543323
102.1148997778165
103.76865834143459
105.44582211684839
107.14656384990406
108.87108329864805
110.6195213012963
112.39206251016444
114.18887574901908
116.01013318431029
117.85600386375576
119.7266528346038
121.62224646108355
123.54295014886463
125.48893958414297
127.46032948838182
129.457323208303
131.48006183184071
133.52869738859164
135.603383784189
137.70426657198973
139.83149468419143
141.98521141451323
144.16555606321327
146.372668379317
148.60668373815798
150.86771805505597
153.15595334534086
155.47146706170813
157.81440393644797
160.18488059040996
162.58301906241317
165.00893675415503
167.4627481868159
169.94456531755142
172.45449758585977
174.99265196660085
177.55913302953797
180.15404300501316
182.77748185588473
185.42954735521414
188.11033516969073
190.8199389485567
193.55845041785273
196.3259594797923
199.12255431711762