10.074441964911525
10.108449866357356
10.165090781252655
10.244305464237254
10.346008939648181
10.470087452044735
10.616394548603816
10.784746597788729
10.974934740641372
11.186658117358412
11.419666634480217
11.673629856737158
11.948215349344038
12.24308076337903
12.557880671142026
12.892280431701552
13.245942410199072
13.618548789935767
14.009793890944684
14.419387471917817
14.847056341733152
15.29254525165951
15.755615748266747
16.236047258052395
16.733636167719663
17.248195286066277
17.77955327866038
18.327554544586242
18.89205905415422
19.472939607020866
20.070083684811728
20.68339310712261
21.31277847813314
21.958171674797374
22.619504867448477
23.296729924991457
23.989807583941435
24.698709594341402
25.423419057679414
26.16392294148638
26.92023998844959
27.692367869885395
28.480333918878394
29.28416972462014
30.103916178601906
30.93962294677895
31.79133995249176
32.65915724678726
33.543127075802005
34.443521281958965
35.359877778396715
36.29284590315102
37.24234543660121
38.208484988227426
39.191374869418404
40.19116503400299
41.20795625418884
42.24189147203436
43.29311068079716
44.361759020490055
45.44798585465311
46.55194534521936
47.67379623408224
48.813697317847456
49.97182368901625
51.148331407349794
52.3434143544772
53.557230684766445
54.78996441483831
56.04179662538641
57.31291174800459
58.60349660426664
59.913738052570245
61.243824620055676
62.59394904466616
63.96430229452061
65.35507759886644
66.76645163859123
68.19867466117293
69.65188342900014
71.12629392682987
72.62210183597709
74.13950152676347
75.67868784261583
77.23985599642698
78.82320026113509
80.42891200846766
82.05718460100387
83.70820887275079
85.38217466338666
87.07927045932911
88.79968326054498
90.54359845879175
92.31119972246202
94.1026688881472
95.9181858591039
97.75792851070737
99.62207260302746
101.51079170063673
103.42425709973895
105.36263776271366
107.32610026014129
109.31480872036529
111.3289247866579
113.36860758199047
115.43401368146107
117.525297092369
119.6426092419226
121.78609897254962
123.95591254484648
126.15219364802121
128.37508341783357
130.62472046195978
132.90124089268784
135.20477836686564
137.53546413300722
139.89342708545092
142.27879382546345
144.6916887291741
147.13223402221587