 0.79104603075678E-29
 0.19776150768920E-29
 0.87894003417420E-30
 0.49440376922299E-30
 0.31641841230271E-30
 0.21973500854355E-30
 0.16143796546057E-30
 0.12360094230575E-30
 0.97660003797134E-31
 0.79104603075678E-31
 0.65375705021222E-31
 0.54933752135888E-31
 0.46807457441230E-31
 0.40359491365142E-31
 0.35157601366968E-31
 0.15089426853385E-16
-0.24542073822645E-16
 0.11594251966819E-16
 0.14896009630174E-16
-0.16783024189969E-16
 0.49188845414050E-16
 0.14963683737578E-16
 0.66040896557722E-16
 0.12225149297258E-15
 0.31591050451902E-15
 0.75553934650769E-15
 0.16555823654676E-14
 0.34732528290503E-14
 0.69073485663333E-14
 0.13087491202930E-13
 0.23766018823662E-13
 0.41525012879888E-13
 0.70017862448524E-13
 0.11450033396801E-12
 0.18166207139282E-12
 0.28068586618842E-12
 0.42318127854719E-12
 0.62373099491865E-12
 0.90043211079563E-12
 0.12750910183223E-11
 0.17738582971902E-11
 0.24272793926432E-11
 0.32708979952600E-11
 0.43452581398307E-11
 0.56962470701998E-11
 0.73751834942625E-11
 0.94387960611601E-11
 0.11949292094141E-10
 0.14974162413852E-10
 0.18586254980286E-10
 0.22863280109119E-10
 0.27887706555626E-10
 0.33746397645541E-10
 0.40530238907682E-10
 0.48333804795538E-10
 0.57254829998626E-10
 0.67393806365664E-10
 0.78853504690710E-10
 0.91738465839358E-10
 0.10615465061576E-09
 0.12220886332266E-09
 0.14000817319997E-09
 0.15965973325194E-09
 0.18127013493132E-09
 0.20494515723382E-09
 0.23078922785742E-09
 0.25890520482112E-09
 0.28939402599317E-09
 0.32235435529039E-09
 0.35788238475783E-09
 0.39607164051459E-09
 0.43701270737716E-09
 0.48079314283490E-09
 0.52749734250740E-09
 0.57720640142450E-09
 0.62999811287833E-09
 0.68594689178261E-09
 0.74512381492758E-09
 0.80759658017156E-09
 0.87342959739308E-09
 0.94268409096887E-09
 0.10154180858413E-08
 0.10916866093563E-08
 0.11715418245649E-08
 0.12550331016606E-08
 0.13422072473674E-08
 0.14331086684834E-08
 0.15277795806332E-08
 0.16262601296995E-08
 0.17285887252880E-08
 0.18348022011773E-08
 0.19449360333305E-08
 0.20590246399998E-08
 0.21771015826871E-08
 0.22991998636852E-08
 0.24253521764274E-08
 0.25555912023944E-08
 0.26899498792064E-08
 0.28284616849745E-08
 0.29711609920985E-08
 0.31180833225081E-08
 0.32692656839636E-08
 0.34247469465641E-08
 0.35845672079190E-08
 0.37487677795321E-08
 0.39174073594604E-08
 0.40905330885714E-08
 0.42681652898289E-08
 0.44504069122660E-08
 0.46372975437474E-08
 0.48289078808704E-08
 0.50253104527713E-08
 0.52265836920912E-08
 0.54328125229359E-08
 0.56440888676027E-08
 0.58605121992912E-08
 0.60821901185651E-08
 0.63092389309804E-08
 0.65417842563749E-08
 0.67799616350260E-08
