 0.24162953000148E-29
 0.12081476500074E-29
 0.80543176667162E-30
 0.60407382500371E-30
 0.48325906000297E-30
 0.40271588333581E-30
 0.34518504285926E-30
 0.30203691250186E-30
 0.26847725555721E-30
 0.24162953000148E-30
 0.21966320909226E-30
 0.20135794166790E-30
 0.18586886923191E-30
 0.17259252142963E-30
 0.16108635333432E-30
 0.15101845625093E-30
 0.14213501764793E-30
 0.13423862777860E-30
 0.59013394128766E-16
-0.20258906413725E-16
 0.11506168095309E-30
 0.51012718526640E-16
 0.10195211985752E-15
 0.74267236795600E-16
-0.10030355702885E-15
 0.15111459300259E-15
 0.61175141772475E-16
-0.63976762544690E-16
-0.84155978901733E-16
-0.30223510323501E-15
-0.54403011748974E-15
-0.12979190428915E-14
-0.24509109152001E-14
-0.44704002809730E-14
-0.78652705072566E-14
-0.13153177827747E-13
-0.21783654743720E-13
-0.34476401548590E-13
-0.53618321831251E-13
-0.81533692609854E-13
-0.12115640021032E-12
-0.17723911143677E-12
-0.25335591603731E-12
-0.35665327008122E-12
-0.49424769988346E-12
-0.67476447706514E-12
-0.90869492297553E-12
-0.12080147167862E-11
-0.15859065824909E-11
-0.20588509397050E-11
-0.26442509077951E-11
-0.33625956772741E-11
-0.42339566297629E-11
-0.52845918233600E-11
-0.65393605648321E-11
-0.80271745368468E-11
-0.97798568856388E-11
-0.11828987622570E-10
-0.14210202020208E-10
-0.16961456649058E-10
-0.20120482143029E-10
-0.23728917458292E-10
-0.27829849759532E-10
-0.32466720104035E-10
-0.37686431047158E-10
-0.43534888603652E-10
-0.50062262822933E-10
-0.57316685040784E-10
-0.65349524233488E-10
-0.74211279246836E-10
-0.83954282557822E-10
-0.94630554245805E-10
-0.10629332553374E-09
-0.11899495252514E-09
-0.13278847022918E-09
-0.14772783853055E-09
-0.16386510973066E-09
-0.18125323069556E-09
-0.19994488739397E-09
-0.21999202575147E-09
-0.24144604949125E-09
-0.26435857031849E-09
-0.28877976142246E-09
-0.31476048546238E-09
-0.34234945633165E-09
-0.37159639600152E-09
-0.40254897869848E-09
-0.43525545355729E-09
-0.46976305685182E-09
-0.50611834598190E-09
-0.54436753106372E-09
-0.58455584218633E-09
-0.62672901315467E-09
-0.67093123892379E-09
-0.71720706484059E-09
-0.76560043361512E-09
-0.81615457161686E-09
-0.86891311458849E-09
-0.92391889320748E-09
-0.98121397800679E-09
-0.10408411933234E-08
-0.11028428549145E-08
-0.11672596573882E-08
-0.12341339346506E-08
-0.13035063411300E-08
-0.13754181535429E-08
-0.14499091858689E-08
-0.15270196163425E-08
-0.16067888301272E-08
-0.16892556069712E-08
-0.17744582857314E-08
-0.18624345252585E-08
-0.19532209216081E-08
-0.20468534269850E-08
-0.21433668484405E-08
-0.22427951501817E-08
-0.23451712652587E-08
-0.24505262418602E-08
-0.25588772450499E-08
-0.26702936507170E-08
