11.735935631730886
12.102600888216594
12.487517277357648
12.890401627576143
13.31098900315463
13.74903291348715
14.204305170513738
14.676595501068869
15.16571099879116
15.671475481226304
16.1937288015987
16.732326151417475
17.287137379316086
17.858046342874644
18.44495030348805
19.04775936916679
19.666395986477212
20.300794479649053
20.95090063421088
21.616671319631052
22.298074146477056
22.995087152547733
23.707698512784493
24.43590626812596
25.17971806886819
25.939150927179483
26.71423098598161
27.504993269827832
28.311481468278544
29.133747697326395
29.97185226921513
30.82586345918606
31.695857270105254
32.5819171946205
33.48413397476964
34.40260535911769
35.337435857620015
36.28873649450168
37.256624559538736
38.2412233581301
39.24266196057324
40.26107495099676
41.29660217634231
42.349388495817195
43.41958353117265
44.507341418179365
45.61282055961869
46.73618338007059
47.877596082770125
49.03722840878593
50.21525339869523
51.41184715698155
52.627188619319476
53.861459322883526
55.11484317984497
56.38752625417511
57.679696541884
58.991543754816625
60.323259108105546
61.67503511141835
63.0470653641103
64.43954435437857
65.85266726256486
67.2866297687315
68.74162786462402
70.21785767016519
71.71551525464409
73.23479646270152
74.77589674530411
76.33901099585445
77.92433339157589
79.53205724033899
81.16237483324625
82.81547730264909
84.49155448657346
86.19079479892021
87.91338510606938
89.6595106098931
91.42935473735245
93.22309903681497
95.0409230812347
96.88300437833382
98.7495182878773
100.64063794617718
102.5565341979078
104.49737553531165
106.46332804488972
108.45455536160333
110.47121863065789
112.5134764768874
114.58148498176007
116.67539766801464
118.79536549190485
120.94153684303971
123.11405755179233
125.31307090420991
127.53871766438343
129.79113610421243
132.07046204046281
134.37682887906607
136.71036766653054
139.07120714838973
141.4594738345616
143.87529207152332