11.815036107442099
12.18202764678125
12.567291382462829
12.970543729931746
13.391519269818689
13.829970973794898
14.285670076942452
14.758405703204998
15.247984328737104
15.754229148777291
16.27697939768544
16.816089658455272
17.371429187233282
17.942881269712448
18.530342619588225
19.13372282410802
19.752943837970705
20.387939523751097
21.03865523626759
21.705047445469244
22.387083393413516
23.08474077987385
23.798007471444215
24.526881229327422
25.27136945148553
26.031488923759152
26.80726558734774
27.598734288048682
28.405938558167836
29.228930376324353
30.0677699357113
30.92252540930203
31.793272712987672
32.68009526628373
33.58308375055272
34.50233586482784
35.43795607941407
36.390055387593115
37.358751055798606
38.34416637263952
39.346430397220686
40.36567770716896
41.40204814678271
42.455686575711724
43.52674261852865
44.61537041554678
45.7217283752151
46.84597892834658
47.988288284485755
49.148826190615274
50.32776569241836
51.52528289829433
52.741556746300006
53.97676877415147
55.23110289243173
56.50474516114988
57.79788356975255
59.11070782071616
60.44340911683173
61.796179952292746
63.16921390771336
64.56270544916957
65.97684973140981
67.41184240534537
68.86787942995393
70.34515688873728
71.84387081085751
73.36421699712734
74.90639085096927
76.47058721453674
78.05700021012953
79.66582308704345
81.29724807420797
82.95146623825839
84.62866734803467
86.32903974484991
88.0527702191909
89.80004389382354
91.5710441134971
93.36595234137204
95.18494806232675
97.02820869325973
98.8959095005047
100.78822352446969
102.70532151160137
104.64737185374318
106.61454053497125
108.60699108595975
110.62488454592682
112.6683794321733
114.73763171726287
116.83279481381153
118.95401956690311
121.10145425409887
123.27524459299752
125.47553375632127
127.70246239443667
129.95616866528044
132.2367882715723
134.54445450526515
136.87929829910348
139.24144828521517
141.63103086060957
144.04817025948665