12.524293399775766
12.894133520761812
13.282430787288071
13.688898215677506
14.113266355343468
14.555283657694297
15.014716477672671
15.491348813772383
15.984981871391538
16.49543351589895
17.022537666021023
17.566143664934174
18.126115655686633
18.70233197892745
19.294684604121674
19.903078600294617
20.527431648152042
21.167673593456733
21.82374603840289
22.495601967698878
23.183205404750066
23.886531093329417
24.605564200151978
25.34030003402646
26.090743777681954
26.856910227225406
27.638823547597493
28.436517007748627
29.250032750069444
30.079421536119124
30.924742501471595
31.78606290763094
32.663457892179466
33.557010216958446
34.46681001425544
35.392954531146216
36.33554787220147
37.294700740927
38.27053018025503
39.263159312539564
40.272717079426855
41.29933798203488
42.34316182182591
43.40433344254904
44.483002473600635
45.57932307513135
46.69345368517255
47.82555676906336
48.97579857140344
50.14434887073125
51.33138073714844
52.53707029297604
53.761596476688425
55.00514081018226
56.26788716953079
57.55002155932421
58.851731890714525
60.17320776325099
61.51464025061713
62.876221690362684
64.25814547774516
65.66060586377253
67.08379775756954
68.52791653318032
69.99315784093302
71.47971742348584
72.98779093670596
74.5175737754984
76.0692609047614
77.64304669558408
79.2391247668732
80.85768783252307
82.49892755444533
84.16303440118125
85.850197512979
87.56060457277971
89.294441683687
91.05189325293276
92.83314188252508
94.63836826667787
96.46775109619811
98.32146696991849
100.19969031331172
102.1025933043725
104.03034580686877
105.98311531103288
107.96106688176674
109.96436311440273
111.9931640980611
114.04762738664299
116.1279079774459
118.23415829742609
120.36652819706532
122.525164951847
124.71021327126068
126.92181531532263
129.1601107185241
131.4252366211431
133.7173277078365
136.03651625341453
138.38293217571518
140.75670309545322
143.15795440294247
145.58680933158104