7.714072714789856
7.748002124427184
7.782104357423958
7.816379134962494
7.8508261804506025
7.88544521952296
7.920235980035398
7.955198192067882
7.99033158792687
8.025635902139106
8.061110871457453
8.096756234845751
8.132571733490238
8.1685571107813
8.204712112325513
8.24103648592591
8.277529981590295
8.31419235151659
8.351023350090495
8.388022733880126
8.425190261629213
8.462525694249507
8.500028794815833
8.537699328554162
8.575537062840995
8.613541767185865
8.6517132132317
8.690051174744283
8.728555427596113
8.76722574976938
8.80606192133561
8.845063724453935
8.884230943357801
8.923563364342689
8.963060775759901
9.002722968008252
9.042549733517925
9.082540866739434
9.122696164143122
9.16301542419446
9.203498447353926
9.244145036056894
9.284954994710533
9.325928129677301
9.367064249264764
9.408363163717524
9.449824685200351
9.491448627787742
9.53323480745239
9.575183042060457
9.617293151345766
9.659564956909797
9.701998282206414
9.744592952527604
9.787348794994406
9.830265638541272
9.873343313912228
9.916581653636781
9.959980492028073
10.003539665169086
10.047259010893667
10.091138368787636
10.135177580162475
10.179376488053219
10.223734937202812
10.268252774054293
10.312929846729944
10.357766005029294
10.402761100416598
10.447914985998109
10.49322751652333
10.538698548371475
10.584327939532361
10.630115549603802
10.676061239767401
10.72216487279761
10.768426313035546
10.814845426377692
10.861422080269321
10.908156143695061
10.955047487164494
11.002095982698883
11.049301503826944
11.096663925572562
11.144183124434806
11.191858978395501
11.23969136688795
11.287680170805993
11.33582527247658
11.384126555661005
11.432583905545108
11.481197208717676
11.529966353172174
11.578891228293847
11.62797172484755
11.677207734973278
11.726599152166438
11.776145871281189
11.825847788509353
11.875704801380284
11.925716808747588
11.975883710779815
12.02620540894966
12.076681806035083
12.127312806091746
12.178098314467046
12.229038237772807
12.280132483883666
12.331380961933593
12.382783582302373
12.434340256602685
12.486050897684699
12.537915419614233
12.589933737678091
12.64210576836271
12.694431429358875
12.746910639546709
12.799543318989084
12.852329388924307
12.905268771764625
12.958361391078602
13.011607171592978
13.065006039180135
13.118557920227438
13.172262744123882
13.226120440181383
13.280130937504817
13.33429416824352
13.388610065014145
13.443078561534422
13.497699592619197
13.552473094168631
13.607399003167458
13.6624772576768
13.717707796828819
13.773090560819893
13.828625490901937
13.884312529389215
13.940151619637248
13.9961427060417
14.052285734043709
14.108580650107912
14.165027401728421
14.221625937423342
14.278376206719274
14.335278160164211
14.392331749304455
14.449536926689582
14.50689364586723
14.564401861376274
14.622061528740863
14.679872604471788
14.737835046054817
14.795948811950938
14.854213861589415
14.912630155368895
14.971197654641285
15.029916321725397
15.088786119881997
15.147807013331192
15.206978967228094
15.266301947676972
15.3257759217176
15.385400857320294
15.445176723388258
15.505103489747055
15.565181127149676
15.625409607268237
15.685788902687017
15.746318986902596
15.806999834378331
15.867831420323553
15.928813721003365
15.98994671353671
16.05123037593136
16.11266468709733
16.174249626825144
16.235985175800135
16.297871315589504
16.35990802864197
16.42209529828553
16.48443310872398
16.546921445034805
16.60956029316211
16.672349639926054
16.735289473004716
16.798379780942174
16.861620553142668
16.925011779868743
16.98855345223764
17.05224556221956
17.116088102634205
17.180081067154223
17.24422445029307
17.30851824741084
17.372962454708542
17.437557069226127
17.502302088842974
17.567197512270585
17.632243339056654
17.69743956957814
17.762786205040886
17.82828324747912
17.893930699752225
17.959728565540907
18.025676849347796
18.09177555649522
18.158024693124972
18.22442426619219
18.290974283465278
18.357674753527483
18.424525685770213
18.49152709039502
18.558678978406146
18.625981361621577
18.69343425265255
18.76103766492059
18.82879161264281
18.89669611083532
18.964751175313435
19.032956822684863
19.101313070353683
19.169819936515115
19.238477440155414
19.30728560104937
19.37624443976169
19.445353977638923
19.51461423681467
19.58402524020958
19.65358701151933
19.723299575224782
19.793162956582186
19.86317718163038
19.933342277176262
20.00365827081019
20.0741251908886
20.14474306654654
20.215511927682154
20.28643180496948
20.357502729845397
20.428724734515843
20.500097851948247
20.571622115879087
20.643297560804474
20.71512422198076
20.7871021354254
20.859231337912135
20.931511866972965
21.003943759954566
21.076527057754983
21.149261799253928
21.222148025000294
21.295185776292787
21.36837509517522
21.441716024444457
21.515208607641338
21.588852889049697
21.662648913704796
21.73659672737708
21.81069637658109
21.884947908572258
21.959351371345775
22.03390681362865
22.108614284891512
22.183473836881873
22.258485517487184
22.333649379879997
22.408965476458594
22.484433860348354
22.56005458541033
22.63582770622784
22.71175327811118
22.787831357093275
22.86406199993255
22.940445264109194
23.01698120782181
23.093669889992007
23.170511370254726
23.247505708963192
23.32465296718744
23.401953206710328
23.47940649002544
23.557012880338938
23.634772441568323
23.7126852383381
23.790751335977895
23.868970800525958
23.94734369872343
24.0258700980156
24.10455006654705
24.18338367316589
24.26237098741568
24.341512079537292
24.420807020471777
24.500255881851036
24.57985873599982
24.659615655938833
24.739526715371937
24.81959198869746
24.899811551000866
24.98018547805016
25.06071384630086
25.14139673289239
25.222234215641635
25.30322637304814
25.384373284291645
25.465675029223753
25.54713168837899
25.62874334295816
25.710510074842503
25.792431966577684
25.87450910138248
25.956741563143066
26.039129436412768
26.1216728064086
26.204371759012112
26.287226380764565
26.370236758870774
26.453402981192404
26.536725136247224
26.620203313211967
26.703837601914636
26.78762809283499
26.871574877105665
26.955678046508584
27.03993769347023
27.124353911067853
27.208926793017067
27.29365643368251
27.37854292806544
27.463586371806095
27.54878686118655
27.634144493120278
27.719659365158865
27.805331575483066
27.891161222907904
27.97714840687558
28.063293227458093
28.149595785348172
28.23605618187256
28.322674518967062
28.409450899200504
28.496385425754625
28.583478202427052
28.670729333636398
28.75813892441046
28.84570708039007
28.93343390782836
29.021319513581805
29.109364005121535
29.19756749051583
29.285930078441044
29.37445187817055
29.46313299958269
29.551973553148862
29.640973649938978
29.730133401614633
29.81945292043209
29.908932319238062
29.998571711462258
30.088371211130045
30.178330932844453
30.26845099179598
30.35873150375241
30.449172585064407
30.53977435265719
30.630536924032526
30.72146041726735
30.812544951006473
30.903790644469247
30.995197617438293
31.086765990267068
31.178495883867704
31.270387419718816
31.36244071986042
31.454655906883893
31.547033103942866
31.63957243474593
31.732274023549667
31.825137995165107
31.918164474950412
32.011353588811495
32.10470546319544
32.19822022509706
32.29189800205075
32.385738922123245
32.47974311392929
32.57391070660977
32.668241829840795
32.76273661383131
32.85739518931455
32.952217687555894
33.047204240345344
33.14235497998851
33.237670039319894
33.33314955169234
33.42879365096693
33.524602471529946
33.62057614827568
33.71671481660943
33.81301861244442
33.909487672201244
34.006122132805345
34.10292213168606
34.19988780677023
34.297019296484514
34.394316739754444
34.49178027599567
34.589410045118626
34.68720618752264
34.78516884409832
34.883298156217734
34.981594265739645
35.080057315005014
35.17868744683454
35.27748480452592
35.37644953185061
35.47558177305846
35.57488167286784
35.674349376467205
35.77398502951306
35.87378877812374
35.97376076888891
36.07390114884542
36.17421006550341
36.27468766682182
36.375334101217256
36.47614951755749
36.57713406516197
36.67828789379748
36.77961115367777
36.88110399546045
36.982766570245985
37.08459902957437
37.186601525423605
37.28877421020465
37.391117236767705
37.49363075839022
37.59631492877995
37.699169902070786
37.80219583282482
37.90539287602419
38.00876118707338
38.112300921796574
38.216012236428654
38.319895287626764
38.423950232456896
38.52817722839454
38.632576433322285
38.73714800553308
38.84189210371929
38.94680888697555
39.0518985147973
39.15716114707828
39.26259694410308
39.36820606655423
39.47398867550277
39.57994493240773
39.68607499911688
39.792379037861686
39.89885721125376
40.00550968228778
40.11233661433549
40.21933817114496
40.326514516837406
40.43386581590463
40.541392233209336
40.649093933981874
40.75697108381588
40.86502384866979
40.97325239486189
41.081656889070516
41.19023749832801
41.298994390024305
41.40792773189849
41.517037692041534
41.6263244388927
41.735788141236924
41.84542896820059
41.9552470892543
42.06524267420835
42.175415893206676
42.28576691673382
42.39629591560236
42.50700306095704
42.6178885242725
42.728952477348095
42.840195092310864
42.951616541606825
43.063216998002616
43.17499663458335
43.2869556247513
43.39909414222064
43.511412361017946
43.623910455477265
43.736588600243564
43.84944697026378
43.96248574078922
44.075705087371915
44.1891051858638
44.30268621241021
44.41644834345612
44.530391755732715
44.644516626265755
44.758823132368676
44.87331145163855
44.98798176195917
45.10283424149509
45.21786906868776
45.33308642226229
45.448486481212356
45.56406942480842
45.679835432593926
45.79578468437628
45.91191736023424
46.02823364050859
46.14473370580571
46.26141773699019
46.37828591518463
46.49533842177057
46.61257543838213
46.72999714690614
46.84760372947782
46.96539536848357
47.08337224655298
47.201534546560886
47.319882451622306
47.438416145094536
47.557135810568354
47.67604163187471
47.79513379307331