5.805063005093133
5.837771704783315
5.8706460237383045
5.903685712726147
5.936890524971875
5.970260216132933
6.003794544301653
6.037493269981805
6.071356156093307
6.105382967948395
6.139573473251499
6.173927442073305
6.208444646856085
6.24312486238615
6.277967865788879
6.312973436513828
6.3481413563245495
6.38347140928035
6.418963381723502
6.454617062269937
6.49043224178926
6.526408713390602
6.562546272418648
6.598844716419873
6.635303845148006
6.671923460533001
6.708703366678796
6.745643369835519
6.782743278394766
6.82000290286912
6.857422055877631
6.8950005521315445
6.932738208415056
6.9706348435726575
7.008690278494113
7.046904336099196
7.085276841316215
7.123807621070966
7.162496504275064
7.201343321798516
7.240347906466614
7.279510093032506
7.318829718177196
7.358306620471315
7.397940640380952
7.437731620242586
7.477679404243718
7.517783838414063
7.558044770605315
7.5984620504864315
7.63903552950888
7.67976506090825
7.720650499680422
7.761691702572138
7.802888528059647
7.844240836337909
7.8857484893068195
7.9274113505470005
7.969229285319681
8.01120216054386
8.053329844775199
8.095612208207518
8.138049122645237
8.180640461489599
8.223386099741528
8.266285913959175
8.309339782269587
8.352547584340657
8.39590920136995
8.439424516078871
8.483093412686603
8.526915776906254
8.570891495930955
8.615020458409662
8.659302554454843
8.70373767560811
8.7483257148438
8.793066566544416
8.837960126499626
8.883006291880937
8.928204961245186
8.973556034500884
9.019059412924866
9.064714999122435
9.110522697034442
9.156482411919166
9.202594050339279
9.248857520149556
9.295272730496881
9.34183959179169
9.388558015716173
9.435427915197208
9.482449204405
9.529621798739177
9.57694561481787
9.624420570070589
9.672046584734476
9.719823577819731
9.767751471129039
9.815830187233152
9.864059649861245
9.912439783895955
9.960970515364696
10.009651771420659
10.058483480346668
10.107465571541399
10.156597975505601
10.205880623841733
10.255313449239672
10.30489638546842
10.354629367375333
10.404512330866163
10.454545212904792
10.504727951508277
10.555060485728225
10.605542755650175
10.656174702392113
10.706956268081626
10.757887395863229
10.808968029882106
10.86019811528175
10.911577598195649
10.963106425739959
11.014784546005313
11.066611908054096
11.118588461915472
11.170714158567515
11.222988949945526
11.275412788924527
11.327985629320384
11.380707425883102
11.433578134287636
11.486597711126079
11.53976611391262
11.593083301068159
11.646549231913847
11.700163866677793
11.753927166475322
11.807839093311346
11.861899610079107
11.916108680541324
11.970466269343714
12.024972341997245
12.079626864872429
12.134429805210859
12.189381131097415
12.244480811473908
12.299728816128656
12.355125115690784
12.410669681625619
12.466362486235807
12.522203502654751
12.578192704837527
12.63433006756649
12.690615566438348
12.747049177866911
12.803630879079224
12.860360648102922
12.917238463780743
12.974264305743723
13.031438154434651
13.08875999107816
13.146229797697476
13.203847557101396
13.261613252885024
13.319526869424685
13.377588391875692
13.43579780617222
13.494155099020231
13.55266025789462
13.611313271043562
13.670114127476591
13.729062816968323
13.788159330056729
13.847403658032198
13.906795792944372
13.966335727599295
14.026023455547733
14.08585897110008
14.145842269300287
14.205973345948701
14.266252197646004
14.326678821546713
14.387253215733894
14.447975378960125
14.508845310718492
14.569863011230307
14.631028481455152
14.69234172307574
14.753802738507357
14.815411530891145
14.87716810409113
14.939072462695341
15.001124612014443
15.063324558079007
15.125672307636895
15.188167868156878
15.250811247821542
15.313602455523448
15.37654150087718
15.43962839420232
15.502863146532409
15.566245769611454
15.629776275884872
15.693454678513394
15.757280991359288
15.821255228990323
15.88537740667767
15.949647540392297
16.014065646811915
16.07863174331218
16.143345847967165
16.208207979550387
16.273218157530426
16.338376402074427
16.40368273404747
16.46913717500438
16.534739747194934
16.600490473564605
16.666389377746764
16.732436484068607
16.79863181754807
16.864975403887378
16.931467269485566
16.99810744142409
17.06489594746931
17.13183281608267
17.19891807640083
17.266151758251688
17.333533892147667
17.401064509278523
17.468743641525
17.536571321442064
17.604547582271824
17.67267245793086
17.740945983024634
17.809368192828362
17.877939123301662
17.94665881108075
18.01552729347767
18.08454460848293
18.153710794763242
18.223025891658303
18.29248993918589
18.362102978033796
18.431865049567378
18.501776195823375
18.57183645950891
18.642045884005693
18.71240451336459
18.78291239150898
18.85356956539951
18.92437608032477
18.99533198301628
19.066437320865866
19.13769214194345
19.209096494976418
19.280650429364144
19.352353995167825
19.424207243117426
19.496210224600624
19.568362991675116
19.64066559706164
19.713118094136565
19.785720536943025
19.858472980186217
19.931375479227704
20.00442809009359
20.07763087086183
20.15098387612046
20.224487165226506
20.29814079683459
20.37194483025645
20.44589932546065
20.52000434307138
20.594259944365586
20.668666191274824
20.743223146381666
20.8179308729253
20.892789434790203
20.96779889651834
21.042959323297225
21.118270780965887
21.193733336009775
21.269347055565987
21.34511200741444
21.421028259982464
21.49709588234593
21.5733149442223
21.649685515973836
21.72620766860662
21.802881473767574
21.879707003747445
21.956684331473472
22.033813530519435
22.111094675091273
22.18852784003751
22.26611310084252
22.343850533627823
22.42174021514545
22.499782222791644
22.57797663458982
22.656323529195422
22.73482298589841
22.81347508462213
22.892279905912527
22.971237530952777
23.05034804154841
23.12961152013425
23.20902804977169
23.288597714146686
23.368320597568555
23.448196784974282
23.52822636191563
23.608409414568573
23.68874602973428
23.769236294824598
23.849880297876084
23.930678127536087
24.011629873074433
24.092735624371002
24.17399547191921
24.255409506827494
24.33697782081621
24.418700506211795
24.50057765595261
24.582609363586705
24.664795723265847
24.747136829748765
24.82963277839518
24.91228366517736
24.995089586658878
25.078050640012254
25.16116692300194
25.244438534000587
25.327865571968314
25.411448136466603
25.495186327650735
25.57908024627042
25.66312999366269
25.747335671761373
25.831697383087878
25.91621523074786
26.000889318439523
26.08571975044383
26.17070663162523
26.255850067435023
26.34115016390007
26.426607027631828
26.512220765820295
26.597991486229528
26.683919297202984
26.77000430765806
26.85624662708484
26.94264636554239
27.029203633664963
27.115918542655148
27.20279120427781
27.28982173087126
27.377010235329873
27.46435683112022
27.55186163226333
27.639524753343107
27.727346309501772
27.815326416437355
27.903465190407054
27.991762748217926
28.080219207231348
28.168834685359812
28.257609301065276
28.346543173357095
28.435636421789376
28.52488916646423
28.614301528025187
28.703873627655707
28.793605587081778
28.883497528566597
28.97354957490893
29.063761849445132
29.15413447604402
29.244667579104803
29.335361283558285
29.426215714863662
29.51723099900554
29.608407262497405
29.69974463237206
29.791243236185487
29.882903202016347
29.974724658458648
30.066707734625727
30.158852560141177
30.251159265150775
30.343627980302376
30.436258836758558
30.52905196619067
30.622007500774757
30.715125573194374
30.80840631662946
30.901849864769325
30.99545635179867
31.089225912400163
31.183158681751465
31.27725479552598
31.371514389890752
31.465937601499494
31.560524567498437
31.65527542551727
31.750190313672853
31.845269370569103
31.94051273528358
32.03592054738078
32.13149294689859
32.22723007435153
32.32313207073236
32.41919907750153
32.51543123659065
32.611828690402255
32.708391581804825
32.805120054132416
32.90201425117935
32.999074317206365
33.09630039692727
33.19369263551797
33.291251178609876
33.388976172285865
33.486867763080966
33.5849260979835
33.68315132442441
33.781543590285445
33.88010304389173
33.978829834009005
34.077724109843395
34.176786021041664
34.27601571768736
34.37541335029472
34.47497906981689
34.574713027629144
34.67461537554653
34.77468626580422
34.87492585106155
34.97533428440554
35.07591171933917
35.1766583097884
35.277574210097264
35.378659575022226
35.47991455973121
35.58133931981009
35.682934011249216
35.78469879044483
35.88663381420612
35.988739239736375
36.09101522464935
36.19346192695038
36.29607950504872
36.39886811774609
36.50182792423531
36.60495908410626
36.70826175733872
36.81173610429123
36.91538228571945
37.0192004627551
37.123190796912944
37.2273534500924
37.33168858456166
37.43619636297305
37.54087694834769
37.64573050408064
37.750757193934646
37.85595718204245
37.96133063289958
38.06687771136862
38.172598582671846
38.27849341239135
38.3845623664656
38.490805611190645
38.59722331321628
38.70381563954382
38.8105827575226
38.91752483485064
39.024642039568505
39.13193454006581
39.239402505071766
39.34704610365144
39.45486550521163
39.562860879492746
39.67103239656762
39.779380226842584
39.8879045410529
39.9966055102584
40.10548330585056
40.214538099535915
40.32377006334641
40.43317936963546
40.54276619107191
40.65253070063587
40.76247307162633
40.872593477648735
40.982892092622436
41.09336909077124
41.20402464662059
41.31485893500547
41.42587213105778
41.53706441020631
41.6484359481832
41.759986921011155
41.871717505006316
41.98362787677427
42.095718213212784
42.20798869150249
42.320439489111024
42.433070783788466
42.54588275356745
42.65887557675538
42.77204943193771
42.88540449797667
42.99894095400275
43.11265897942107
43.22655875390403
43.34064045738888
43.454904270078245
43.569350372440255
43.68397894519897
43.79879016933811
43.91378422609897
44.02896129697552
44.14432156371533
44.25986520831733
44.37559241302581
44.491503360334065
44.60759823297619
44.72387721393226