161.85733346484994
161.91986180013626
161.9980094093644
162.10739199018698
162.2479856497092
162.41975866811026
162.62267343650885
162.85668320834992
163.12173467067595
163.41776631732156
163.74470845069604
164.1024835699849
164.49100711606968
164.9101875805193
165.35992861786687
165.84013003058305
166.35068985901864
166.89150473616817
167.4624753246815
168.06350156253703
168.69448988600774
169.3553509983675
170.04600149992467
170.76636696695226
171.51637682722142
172.29597041656552
173.10509471866848
173.94370409492794
174.81176135972086
175.70923688174483
176.6361076275964
177.5923629363099
178.5779924154556
179.59299800868033
180.63738552407523
181.71116742996182
182.81436586641416
183.9477525052104
185.10911180519756
186.300728560723
187.52189234249474
188.77264965958503
190.05304992965478
191.36314863951935
192.70300048791947
194.07266941400167
195.4722172447917
196.90171140917107
198.36122185399222
199.85081864027885
201.37057742679525
202.9205711567628
204.500878220027
206.1115764389542
207.75274333273387
209.42445882979783
211.12680166170733
212.8598549681098
214.62369616810486
216.4184038708918
218.24406067591426
220.10074221642114
221.98852738649026
223.90749218386213
225.857711895062
227.83926029127048
229.85221032979297
231.89664670473778
233.97259249755672
236.08015980748647
238.21939989423146
240.39037274385996
242.59313863081223
244.82775125309982
247.09427910104168
249.39276037181472
251.7232507050125
254.08579549969534
256.48044179044444
258.9072314311674
261.36620202663704
263.85943606679524
266.3808331849633
268.93655779708286
271.5245987210972
274.1449769960247
276.7977192531119
279.4828461350802
282.2003730082058
284.95032812461653
287.7327161830086
290.5475520124198
293.39484567883636
296.274604917967
299.1868426853032
302.1315571780947
305.1087564260695
308.1184360350346
311.1606038641954
314.2352536410584
317.34238846174964
320.48199986870503
323.6540867567234
326.8586442686733
330.0956712714647
333.36514769402214
336.6670806691437
340.00145785179643
343.3682728611059
346.76751692658775
350.1991821205751
353.6632637917147
357.1598289510444
360.6886394688414
364.24991931900064
367.8435861608319
371.4696329800423
375.1280579292978
378.81885216852424
382.5420148680981