92.97962136687866
93.02285373170193
93.0948927037978
93.19571572717624
93.3252910127507
93.48357731030438
93.67052358296759
93.88606854369156
94.13014000084956
94.40265399270042
94.70351377999637
95.03260886659785
95.38981426557429
95.77499021277715
96.18798245206742
96.62862313161585
97.09673226775273
97.59211967647002
98.11458724184156
98.66393138296901
99.23994558984734
99.84242291748411
100.4711583510524
101.1259509790072
101.80660593338845
102.51293607550798
103.24476342056779
104.00192030630367
104.78425031899481
105.59160899558107
106.42386432369689
107.28089706280272
108.16260090956659
109.06888252981678
109.99966147789453
110.95487002239656
111.93445289534309
112.93836697977265
113.96658094880152
115.01907486734511
116.09583976602994
117.19687719526495
118.32219876612992
119.47182568353814
120.64578827611909
121.84412552640198
123.06688460414011
124.31412040499596
125.58589509629633
126.88227767115158
128.20334351187114
129.54917396335765
130.9198559169139
132.31548140474652
133.73614720531356
135.181954459552
136.65300829796738
138.14941747852248
139.67129403519974
141.2187529371426
142.79191175823576
144.3908903570176
146.0158105668064
147.66679589595378
149.34397123815157
151.04746259272974
152.77739679491629
154.53390125604503
156.3171037137066
158.12713199187448
159.96411377102888
161.82817636833755
163.7194465279367
165.63805022138263
167.58411245833798
169.5577571075479
171.5591067281776
173.58828241155413
175.64540363336246
177.73058811631745
179.84395170333542
181.98560824119863
184.15566947468076
186.35424495110442
188.58144193525672
190.83736533456232
193.12211763441755
195.43579884353295
197.77850644912306
200.1503353817607
202.55137798967544
204.981724022277
207.44146062264053
209.93067232868245
212.449441082749
214.9978462492969
217.57596464037124
220.183870548534
222.82163578692686
225.4893297361149
228.18701939738463
230.91476945214114
233.67264232706535
236.4606982647043
239.27899539917078
242.12758983658463
245.00653574001547
247.91588541857212
250.85568942037926
253.8259966291552
256.82685436415073
259.85830848319125
262.920403488618
266.01318263591224
269.1366880448207
272.29096081281307
275.47604113073015
278.69196840046953
281.9387813546267
285.2165181779651