0.
5.9578338411851955e-12
5.9578338411851955e-12
0.
8.688507685061743e-13
8.700919838897546e-11
2.466791453327387e-9
3.170237859817657e-8
2.3928696299428815e-7
1.240064404555055e-6
4.876439956947045e-6
0.000015560923634345744
0.00004222402338163569
0.00010075715132362548
0.00021675322683550676
0.00042832253115073827
0.0007887917106014381
0.0013691535956925555
0.0022601994972973566
0.0035743247841818087
0.00544704455692675
0.008038275097804616
0.011533457372150833
0.016144594744623444
0.022111271496591405
0.029701706111827635
0.03921387792647144
0.05097674857706418
0.06535158241565225
0.0827333834102232
0.10355220509983847
0.12827493269903711
0.15740640903968503
0.19149090788531892
0.23111323860092223
0.27689961437836913
0.3295181650281763
0.3896790120402658
0.45813380791990754
0.5356746452040816
0.6231322174729178
0.721372942643759
0.8312954934499582
0.9538253257296637
1.089908197624121
1.2405015395932937
1.4065635876126648
1.589039917070154
1.788847241358713
2.0068546879420577
2.2438633875865954
2.5005859551010814
2.7776281809315915
3.0754756162951926
3.394487410836999
3.7348986607999124
4.096830869198711
4.480308789796219
4.885280676981186
5.311639321414081
5.759241549258872
6.227924855172437
6.71752065042093
7.227864199379893
7.758801657055429
8.310194751603865
8.881923655689294
9.473888524034917
10.086010084359222
10.718229579905731
11.370508284758824
12.042826751181146
12.735183900946021
13.447596037558888
14.1800958309024
14.932731307893738
15.705564870215161
16.498672351518348
17.312142156852648
18.146074233651607
19.000579634669627
19.875779404392443
20.771804053715183
21.68879285973763
22.626893241145325
23.586260169813357
24.567055615691185
25.569448022185078
26.59361180935122
27.639726902537973
28.707978284325108
29.798555567730308
30.91165258905362
32.04746701873251
33.206199988870615
34.388055736271525
35.59324125993605
36.821965992151355
38.07444148241108
39.35088109353309
40.651499709452615
41.976513454249115
43.326139422073055
44.700595417695055
46.100099707489996
47.52487078069422
48.97512712086601
50.45108698751373
51.95296820786232
53.480987978813275
55.035362679149166
56.616307692062534
58.22403723809362
59.85876421861351
61.52070006994977
63.21005462826541
64.92703600534709
66.67185047540019
68.4447023729446
70.24579400195486