91.28631732293786
91.32702217071413
91.39484991461039
91.48977992410398
91.6117831215203
91.76082185077567
91.93684949399999
92.13981010879944
92.36963780000679
92.62625621440614
92.90957692564879
93.21949991282833
93.5559109437404
93.91868276055122
94.3076743874793
94.72273167233351
95.16368878422867
95.63036907851983
96.12258749648264
96.64015202032874
97.18286645067244
97.75053192972763
98.34294941083162
98.95992258611533
99.60125701527761
100.26676486956987
100.95626467569873
101.66958279225778
102.40655451809484
103.16702507085586
103.95084999060633
104.75789578689634
105.58803976752415
106.44117076437801
107.31718907340588
108.216006366903
109.13754519492304
110.08173936139896
111.04853324713977
112.03788206551131
113.04975039328365
114.08411333202646
115.14095464123432
116.22026708845713
117.32205320512551
118.44632149002402
119.59308951145718
120.76238110048926
121.9542296471679
123.16867100286474
124.40574950989607
125.66551463483488
126.94802131908875
128.25332894078784
129.58150016261592
130.93260853248643
132.30671795494118
133.70391498673874
135.12426950484718
136.56786638588648
138.0347907265731
139.5251284826416
141.0389688551426
142.57640340869042
144.1375235409287
145.72242308237614
147.33119693265047
148.9639409906248
150.62075111711053
152.30172410324718
154.00695846315003
155.73654969023278
157.49059701394577
159.26919581183182
161.0724434934853
162.90043603029858
164.75326805686944
166.63103765295324
168.53383840162613
170.4617604741034
172.41489525654018
174.39334170853326
176.3971811564556
178.4265059374017
180.4814010381321
182.56195443125574
184.6682501803022
186.80037030794927
188.9583963247471
191.14240741221323
193.3524836992476
195.58870003605736
197.85113192380078
200.1398522651757
202.45493468330417
204.7964485705817
207.16445947373552
209.55904026659383
211.98025257883737
214.4281608851222
216.9028293450394
219.4043161504966
221.9326850057954
224.48799384772275
227.07029738401224
229.67963759644738
232.31611558210074
234.97973850204113
237.67057281726142
240.38867642634202
243.13408958858477
245.90687684378764
248.7070755376368
251.53473849743906
254.38991317474725
257.27264754049656
260.18298924780714
263.1209854641235
266.0866797731671
269.08012691765896