103.86442569475268
103.90580956493524
103.97477000330187
104.07128766593493
104.19533451628942
104.3468780197143
104.52587211055311
104.73226556711137
104.96599719815802
105.22699622302888
105.51518120891254
105.83045939627448
106.17272611513775
106.54186421595409
106.93774412227961
107.36022426008103
107.80915195609002
108.28436506702562
108.78569312090492
109.31295989304188
109.86598517529136
110.44458653717936
111.04858195815257
111.67779138388121
112.33203877724542
113.01115263011191
113.71496892255122
114.44333109073008
115.19609096685015
115.97311000150059
116.77426022365539
117.5994227843735
118.4484899478153
119.32136505681682
120.21796118457168
121.13820289020943
122.08202498781542
123.04937163530478
124.04019773366787
125.05446622165988
126.0921547731533
127.1532412411089
128.23771528148256
129.34558442354518
130.47684551911198
131.63151773771463
132.8096196445631
134.01117859187258
135.23622846241673
136.48480635487107
137.75696149294347
139.0527374623159
140.37219123443646
141.715380512364
143.08236616831778
144.47321441686034
145.88799424747063
147.32677717134806
148.78963658476763
150.2766527727753
151.78790138168665
153.32346480413239
154.8834222446473
156.46786604740444
158.07687330364016
159.7105325058592
161.3689305852935
163.05215474278205
164.76029233422568
166.49343183635122
168.2516584181268
170.0350668474959
171.8437387513645
173.6777605698624
175.5372223584432
177.42220429026787
179.33280167919293
181.26908444719425
183.23115469009232
185.21907349810533
187.23293507517948
189.27281481207075
191.33879200841182
193.4309433131905
195.549344031633
197.69406954313212
199.8651918151822
202.0627807499655
204.28690906484718
206.53758162535348
208.81504760588183
211.11919155260904
213.4501362224875
215.80794342013812
218.1926722331492
220.60438862041698
223.04314229488833
225.50899235209744
228.00199327222666
230.52219832634026
233.06965707199922
235.6444268292638
238.24655088638633
240.87607954727724
243.5330600695915
246.21759053490536
248.92955958161926
251.66916863375664
254.43640798662335
257.2313198271547
260.05394697262955
262.904329645583
265.7825109577713
268.68852864181883
271.62242353207427
274.5842351851093
277.5740037905689
280.59176646300557
283.63756619167765
286.7114400780048