0.11368153822628944
0.1584045995197874
0.21688611854284764
0.29266838312449633
0.39012335023925504
0.5145036773670792
0.6714834009363042
0.8650592341150309
1.0943921287763592
1.3548028488842938
1.6416188917556238
1.951541497323851
2.2823852313659714
2.6326730807794014
3.001369942392447
3.3877248717300534
3.7911770167438528
4.211297641850046
4.647753057315371
5.1002800880295505
5.568669340185588
6.052753483592018
6.552398859211597
7.067499351076285
7.597971836535295
8.143752759088132
8.704795513487227
9.281068427147869
9.872553184622003
10.479243584381148
11.101144547669536
11.738271313985043
12.390648789826018
13.058311001249264
13.741300634678923
14.439668641742985
15.153473893208151
15.88278287000968
16.627669382092762
17.38821430790265
18.164505349052835
18.956636795880694
19.764709300818822
20.588829657049192
21.429110580772537
22.285670495741773
23.15863331916799
24.048128248376017
24.954289547821173
25.877256336225027
26.817172373764333
27.774185849275423
28.74844916758041
29.74011873703543
30.74935475744911
31.77632100857205
32.82118463932787
33.8841159579813
34.96528822348988
36.06487743817739
37.183062142004076
38.320023208571705
39.47594364312502
40.65100838269951
41.8454040986495
43.0593190017275
44.292942649928825
45.54646575925152
46.82008001768627
48.11397790248595
49.428352500994045
50.76339733523253
52.119306190432404
53.496272947707915
54.89449142110041
56.31415519916473
57.75545749134433
59.21859097929878
60.70374767342919
62.21111877477388
63.74089454249273
65.29326416713641
66.86841564989854
68.46653568802297
70.08780956657728
71.7324210567499
73.4005523208443
75.09238382413342
76.80809425372905
78.54786044459713
80.3118573128595
82.10025779649797
83.91323280356606
85.75095116800271
87.61357961314113
89.50128272296338
91.41422292117761
93.35256045814789
95.31645340571269
97.30605765992144
99.3215269516724
101.36301286527582
103.430664864893
105.52463032887061