0.1295654567227368
0.180521419753201
0.24749597889109334
0.3349077546263678
0.44834610364354116
0.5944423914912618
0.7788116081744859
1.0012350662960852
1.2559877662366998
1.537472299253576
1.8420118752138575
2.167300624578448
2.511833489612965
2.87457883699919
3.2547991046806715
3.651948911598182
4.065614260076886
4.495474535713648
4.9412777765338705
5.402824014928663
5.879953727380735
6.372539627941872
6.880480716493334
7.403697886632865
7.9421306360538715
8.495734570836515
9.064479490229658
9.648347901244598
10.247333854656938
10.861442023099315
11.490686963423736
12.135092513731557
12.794691304459606
13.46952434179467
14.159640655304733
14.865096990319007
15.585957534087402
16.3222936666995
17.07418372990024
17.841712808448236
18.62497252003929
19.42406081074248
20.2390817537312
21.07014534964128
21.917367327438928
22.780868945013285
23.6607767889644
24.557222573361646
25.470342937325174
26.400279241440806
27.34717736313435
28.3111874911364
29.292463919256154
30.29116483971319
31.30745213624264
32.341491177264906
33.393450609358425
34.463502151310934
35.55182038898253
36.658582571253326
37.78396840727184
38.92815986525939
40.09134097309308
41.27369762088124
42.47541736575429
43.69668923912121
44.93770355653764
46.19865173039233
47.479726085786226
48.78111967955699
50.103026122848576
51.44563940735463
52.80915373546921
54.193763354555834
55.599662395524
57.02704471595017
58.4761037479418
59.947032350962935
61.44002266980715
62.955265997964695
64.49295264655088
66.0532718190178
67.63641149183778
69.24255830135755
70.87189743699514
72.52461254096441
74.20088561470436
75.90089693215816
77.62482496006577
79.3728462853978
81.14513555008055
82.94186539310655
84.76320640014933
86.60932706078302
88.48039373336319
90.37657061766932
92.29801973532852
94.24490091810186
96.21737180402128
98.21558784142911
100.23970230090484
102.2898662950779
104.36622880631134
106.46893672222119