82.24607137281508
82.28858645323332
82.35942905046616
82.45857518085516
82.58599104736153
82.74163284612433
82.9254462675733
83.13736588693777
83.37731462541068
83.64520248970395
83.94092562236814
84.26436499685535
84.61538609735334
84.99383831830569
85.39955527960788
85.83235732277922
86.29204959440119
86.77842902657937
87.29128256289141
87.83039120396266
88.39553315414906
88.98648604771054
89.6030289205611
90.24494439252011
90.9120228249408
91.6040597478615
92.32086239093108
93.06224410513485
93.82804095208942
94.61808624328478
95.43223548221594
96.27066385827719
97.13232517005264
98.01804453990742
98.92741417018847
99.8603545849033
100.81680656591058
101.79671062458299
102.80002821736885
103.82673091741898
104.87680205863083
105.95023599298636
107.0470393626707
108.16722557352321
109.31082295585084
110.47786478547599
111.66839497440758
112.88246607603571
114.12013838575837
115.38148043376809
116.6665658338315
117.9754756396686
119.30829864326486
120.66512719456999
122.04605990432948
123.45119953427711
124.88065571935424
126.33453902307758
127.81296541221025
129.3160556759409
130.84393033283175
132.3967158437686
133.97453981946137
135.5775296225956
137.20582038469163
138.8595426822073
140.53883062014248
142.2438205599346
143.97464819561347
145.7314484023601
147.51436013845614
149.3237846317479
151.1590587727428
153.02111812842878
154.9098317460966
156.82533250356423
158.7677556122932
160.73718832580093
162.73389243979662
164.7578650607367
166.80927866635105
168.88825786470022
170.99492698258135
173.12877662383406
175.29181754629894
177.48227643979283
179.70089814904134
181.94779468228526
184.22307731581702
186.52685102020155
188.85922666834648
191.22029988547274
193.61017362310793
196.0289442326639
198.47661523870028
200.9535557502846
203.45957637245294
205.99485684943514
208.55948194641738
211.15353241481736
213.77708846911932
216.4302256692471
219.11301956974862
221.82554118822813
224.56786009747927
227.34004235138568
230.1421562751286
232.97426864191925
235.83643300640406
238.72871184355841
241.65116158006737
244.60383629006046
247.58680595993926
250.60010446627047
253.64379192589328
256.71791682158613
259.8225285099459
262.95767330388594
266.12340711233605
269.3197670572688