4.865342429744508
5.198294979421663
5.547586733193912
5.913041487472151
6.294506838460999
6.6918488010301145
7.104953681352482
7.533773576261837
7.978075744298958
8.437940036695252
8.913260125846518
9.403989266878387
9.910091634234762
10.431540800036393
10.968318926533348
11.520415695787873
12.087833082979275
12.670573418289969
13.268649286778572
13.882088196675351
14.510911070443267
15.15515518290123
15.814850745287655
16.49008159993173
17.180868853662947
17.887287408114155
18.609407162324345
19.347303910826678
20.101067537061414
20.87078292183773
21.656551944162583
22.458478865589882
23.276675199529027
24.111264836893234
24.962368263196325
25.83011762348036
26.714663339608087
27.616140260698653
28.53470431896952
29.470514181219972
30.42373476946219
31.394536433940928
32.38309502273178
33.38959379247004
34.414217659496146
35.457161046689194
36.51862055807622
37.598799342798785
38.6979022792411
39.81614254331322
40.953733447226654
42.11089297100169
43.287849556430764
44.484823299468545
45.70204770254007
46.939753145681735
48.1981774433727
49.47755677351685
50.778132517505014
52.10014779108498
53.44384613032511
54.8094744602076
56.1972806446695
57.60751382216677
59.04042418298021
60.49626274720324
61.9752811436515
63.477731389936324
65.00386567395908
66.55393613711973
68.12819465952592
69.72689264754688
71.35028082403512
72.99860902157674
74.67212597916635
76.37107914266876
78.09571446950254
79.84627623794462
81.6230068614743
83.42614670862916
85.25593392874319
87.11260428406122
88.99639098862306
90.90752455436734
92.84623264484692
94.81273993697668
96.80726799118703
98.83003513035585
100.88125632786334
102.96114310508999
105.06990343863548
107.207741677548
109.37485847076923
111.57145070499014
113.797711453129
116.05382993348701
118.33999147972348
120.65637752169312
123.00316557716386
125.38052925439374
127.78863826553491
130.22765845075477
132.69775181298252
135.19907656312705