5.092863930637889
5.427979836032401
5.779532606858498
6.147341863453447
6.531245899097923
6.931106716072533
7.346803936026762
7.778235716291716
8.225312958087747
8.687961929042519
9.166121574548562
9.659741796210943
10.168784747390022
10.693218741136999
11.233025063293043
11.788190543607573
12.358709875283578
12.944592271641664
13.545848098323965
14.162491960698867
14.79455501040169
15.442065779324059
16.105074309650238
16.78362236185571
17.477765616153103
18.18756731234048
18.913097684311413
19.654429226661772
20.411659252344826
21.184865639208844
21.97414982888839
22.77962320236399
23.60139191593103
24.439577368951745
25.29430759698877
26.16571371902961
27.053938168661
27.959125054295683
28.88142603621137
29.82100581926328
30.778024795409255
31.75265356683383
32.745071033541905
33.755458269866864
34.78399925335702
35.83090032310999
36.89636098304129
37.98054205690861
39.0836969241714
40.20602139524392
41.34773191393813
42.509045632176985
43.69019081178303
44.891389371745035
46.112868925051366
47.35487454468585
48.61763110601618
49.90137905202458
51.20636065761584
52.53281831897367
53.88099698011439
55.25114328176587
56.64350528401541
58.058332298106244
59.495874663295616
60.956383524439616
62.440110610554456
63.94730801457152
65.47822797457935
67.03312265681143
68.61224394069382
70.21584320627181
71.84417112436371
73.49747744978934
75.17601081807265
76.88001854598707
78.60974643636872
80.3654385876074
82.14733720824051
83.95568243709317
85.7907121693748
87.65266188920386
89.54176450895395
91.45825021587392
93.4023463263754
95.37427714840953
97.37426385229614
99.40252435038815
101.4592731858965
103.5447214312149
105.65907659599874
107.80254254529872
109.97531942795317
112.17760361540302
114.40958765118411
116.67146021110072
118.96340607424975
121.28560610492336
123.63823724539259
126.02147251957379
128.43548104750707
130.88042807056618
133.35647498727474
135.86377939958672