0.5216872185354213
0.4763786410058961
0.7070370923138225
0.9608960883300556
1.2344859680944056
1.5262451198030222
1.8352869617591983
2.161047967904066
2.5031406257061377
2.861289778007007
3.235288035850234
3.6249841834363536
4.030254414164187
4.451013469290493
4.887190406991646
5.338735586142416
5.8056091617035746
6.287790245744141
6.785261578369951
7.297967455253176
7.826071713537587
8.369426534166752
8.928093738810682
9.50213120021116
10.09154418540472
10.69638170894188
11.316694279773023
11.95253386816119
12.603963504133576
13.271052017925681
13.953874085225712
14.652512103534157
15.367053881074114
16.097597273992065
16.84424232368529
17.607038235461356
18.386283410933892
19.181917703229747
19.994130605297254
20.82305800943329
21.668841435853146
22.531627941309285
23.411576101782988
24.308837403968237
25.223588524363524
26.155993574874763
27.10623207012482
28.07448491193662
29.060940559761868
30.065791500485272
31.089234989343097
32.131472854959405
33.192711300361225
34.273160700504526
35.37303539674352
36.49255348866638
37.631936623641614
38.79140978444115
39.9712010751977
41.1715415060026
42.39266477637759
43.634807057871924
44.89820677599248
46.18310439170669
47.489742182724996
48.818364024782795
50.16921517314608
51.54254204457444
52.93859199997969
54.357613128042146
55.79985403002871
57.26556360612905
58.75499084357529
60.26838460688632
61.805993430531544
63.368065314406145
64.95484752242913
66.5665863846776
68.20352710340971
69.86591356340175
71.55398814698269
73.26799155418726
75.00816262843932
76.77473818817705
78.56795286484929
80.38803894766824
82.23522623554803
84.10974189659775
86.01181033556877
87.94165306960606
89.89948861265788
91.88553236884795
93.89999653516733
95.94309001367482
98.01501833354212
100.11598358309574
102.2461843520935
104.40581568436198
106.59506904093618
108.81413227379363
111.06318961023605
113.34242164795793
115.6520053607892
117.99211411507497