3.971889227456797e-12
3.971889227456797e-12
3.971889227456797e-12
3.971889227456797e-12
3.971889227456797e-12
3.971889227456797e-12
5.9578338411851955e-12
4.468375380888897e-12
1.8618230753703734e-11
2.0355932290716084e-10
1.7401839677795091e-9
1.0741477929503475e-8
5.099856119439184e-8
1.9662961742063232e-7
6.410135209392605e-7
1.8221071620127263e-6
4.623784235420829e-6
0.000010669165714228397
0.000022714617856022858
0.00004514485688362442
0.00008456126844461695
0.0001504488699810964
0.0002559028377844618
0.0004183929343137008
0.00066054447297096
0.001010915409788632
0.0015047521862538058
0.0021847100914944894
0.0031015276746723347
0.004314648117511347
0.005892783910838544
0.00791442399433727
0.010468284898868484
0.013653709324809995
0.017581017167944905
0.02237181477373579
0.028159269270004037
0.03508835476522834
0.043316077900466494
0.05301168983975794
0.06435689201572342
0.07754604265365499
0.09278637111774528
0.11029820688603312
0.1303152299805018
0.15308474957202164
0.17886801776754294
0.20794058542186247
0.24059270738972977
0.27712980473136933
0.31787299181172196
0.3631596767056185
0.4133442436060822
0.468798826120379
0.5299141804057097
0.5971006662643273
0.6707893430952634
0.7514331844563497
0.8395084100017712
0.9355159252688251
1.0399828464313332
1.153464067104935
1.2765437947525342
1.4098369418752414
1.5539901993283027
1.7096825441469987
1.8776248437995162
2.0585581235604935
2.2532499867713813
2.4624886616879684
2.6870742544523707
2.927807079742557
3.1854734502870787
3.4608299756014316
3.7545880653303367
4.067400677513225
4.399853165067625
4.752459333039697
5.12566277398939
5.519842589218591
5.935322036516304
6.372378551976675
6.831253854592425
7.312163259175545
7.815303732292475
8.340860540474344
8.889012540788821
9.459936268953768
10.053809018783916
10.670811106267028
11.311127491281052
11.974948902592276
12.662472583966526
13.373902754211008
14.10945085298906
14.869335627332871
15.65378310042791
16.463026453988153
17.297305847703175
18.15686819322278
19.041966895792537
19.95286157317312
20.88981775904618
21.85310659621445
22.843004523513354
23.859792959295124
24.903757983648884
25.9751900208595
27.07438352329213
28.20163665753652
29.35725099343263
30.54153119648111
31.754784724008157
32.99732152541844
34.26945374677917
35.57149544002688
36.90376227701527
38.26657126867131
39.66024048949987
41.08508880773148