 0.32956592387615E-07
 0.46909384441263E-07
 0.69255640282453E-07
 0.92905289080029E-07
 0.12721632699988E-06
 0.17852469798310E-06
 0.25167659893654E-06
 0.35322032090896E-06
 0.46998031743476E-06
 0.63051045579838E-06
 0.83994639436486E-06
 0.11145902133035E-05
 0.14587762595073E-05
 0.18718317998632E-05
 0.23735693866040E-05
 0.29701827248254E-05
 0.36856537428915E-05
 0.44656049679799E-05
 0.53154522501554E-05
 0.62057358952184E-05
 0.70633079254024E-05
 0.77562397891582E-05
 0.80976253927761E-05
 0.77162337591545E-05
 0.61338825297080E-05
 0.26710426942571E-05
-0.34167247751269E-05
-0.12710914285021E-04
-0.25111468163110E-04
-0.39155110133409E-04
-0.51530419808376E-04
-0.57453747768301E-04
-0.52515141671923E-04
-0.35388092343838E-04
-0.96509528395677E-05
 0.17295933523145E-04
 0.37733365106807E-04
 0.47244160934234E-04
 0.46053128614359E-04
 0.39926971188628E-04
 0.29649027867080E-04
 0.19487076323475E-04
 0.11052119879336E-04
 0.48170115287913E-05
 0.65177863051377E-06
-0.18823090126045E-05
-0.32181640177032E-05
-0.38111233518147E-05
-0.38883083519337E-05
-0.37261516265744E-05
-0.34017772541860E-05
-0.30601593767267E-05
-0.26702224694043E-05
-0.22932206662047E-05
-0.19910035535496E-05
-0.17072043757039E-05
-0.14484837755082E-05
-0.12217813482745E-05
-0.10337060545391E-05
-0.90914258817798E-06
-0.77122090122102E-06
-0.66658964013279E-06
-0.57395022503349E-06
-0.47212098325952E-06
-0.41110883020388E-06
-0.36216941391416E-06
-0.32629563565758E-06
-0.25962777473181E-06
-0.25712382173787E-06
-0.20261660430346E-06
-0.18909980829713E-06
-0.15342337969210E-06
-0.14151773697799E-06
-0.11638804859588E-06
-0.12482030139572E-06
-0.95546916493640E-07
-0.72858581091935E-07
-0.79245568059227E-07
-0.68714434626286E-07
-0.48076664548579E-07
-0.51564633386716E-05
-0.53914471344874E-05
-0.58634372845473E-07
-0.30085527412047E-07
-0.55236752410791E-07
-0.45386347241688E-07
-0.37032052000857E-07
-0.21819923020373E-07
-0.33967928731923E-07
-0.28703759029372E-07
-0.37425857575612E-07
-0.50894646660476E-08
-0.20200084620693E-07
-0.23898030807178E-07
-0.78645688746813E-08
-0.45947956544724E-08
-0.42638770144561E-07
-0.26702867410893E-08
-0.19054207673283E-07
-0.21560908426559E-07
-0.24239563591443E-07
 0.11556608574516E-07
-0.21071153815321E-07
-0.23599203825510E-07
