3.971889227456797e-12
3.971889227456797e-12
3.971889227456797e-12
3.971889227456797e-12
3.971889227456797e-12
3.971889227456797e-12
3.971889227456797e-12
3.971889227456797e-12
4.2201323041728465e-12
6.950806148049394e-12
4.170483688829637e-11
3.2519843049802524e-10
2.0030733860218057e-9
9.717971724203201e-9
3.8701840389262316e-8
1.3110685029373784e-7
3.8839242932224645e-7
1.0284030482315742e-6
2.476318029639442e-6
5.498302641611507e-6
0.000011384794897951584
0.000022187790440782218
0.000041013303418814625
0.00007236701170710351
0.00012254825441679852
0.0002000852754885781
0.0003162030253585671
0.0004853139273430384
0.000725522169298906
0.0010591317373003567
0.0015131501912019868
0.002119780316754802
0.002916893849607215
0.003948482263879945
0.005265081282721785
0.006924166890063679
0.008990521795488832
0.011536572339310228
0.014642696702734402
0.018397505887993916
0.02289809968178374
0.028250300066807125
0.03456886511570603
0.041977686260152705
0.05060997246511898
0.06060842448906181
0.07212540274415404
0.08532309211404802
0.10037366727780692
0.11745946188334126
0.13677314501695798
0.15851790846031213
0.1829076681414014
0.2101672833674604
0.24053279734668462
0.27425170282470673
0.3115832364656349
0.3527987061027089
0.39818185478006957
0.4480292658472303
0.5026508133355689
0.562370161804699
0.6275253197003676
0.6984692497896423
0.775570539378244
0.8592141317091241
0.9498021175947412
1.047754583047267
1.1535105036867244
1.267528669553937
1.390288613882212
1.522291505904806
1.6640609495005672
1.8161436065337881
1.9791095353850292
2.1535521032838267
2.3400872980661815
2.5393522378909403
2.7520026664678947
2.978709240581329
3.220152483477819
3.47701640395544
3.74998096781828
4.039713833309839
4.346861976116737
4.672043965319895
5.015843648981351
5.378805843942915
5.761434333122177
6.164192135107704
6.587503717692167
7.031758643779187
7.497316082785199
7.984509670377736
8.493652310216937
9.025040641196457
9.578959012263446
10.15568289989337
10.755481767424998
11.378621404210989
12.025365802521474
12.695978636687036
13.390724408005447
14.109869313413467
14.853681888702024
15.622433469362358
16.416398504880878
17.235854755878414
18.081083397889724
18.95236905101887
19.849999750860515
20.774266873015648
21.72546502108954
22.70389188601039
23.709848083043855
24.743636971529845
25.805564461499422
26.895938810435727
28.015070412956966
29.16327158561301