 0.67153043109924E-07
 0.68720753952593E-07
 0.70303693211456E-07
 0.71901687503195E-07
 0.73514468571427E-07
 0.75141861979509E-07
 0.76783662298752E-07
 0.78439664190902E-07
 0.80109697014328E-07
 0.81793488069618E-07
 0.83490867267300E-07
 0.85201631462562E-07
 0.86925578273760E-07
 0.88662543347456E-07
 0.90412252980732E-07
 0.92174544546511E-07
 0.93949220279547E-07
 0.95736083717761E-07
 0.97534979538220E-07
 0.99345635713738E-07
 0.10116789962970E-06
 0.10300158124866E-06
 0.10484649233960E-06
 0.10670248871475E-06
 0.10856930212058E-06
 0.11044679171019E-06
 0.11233477707168E-06
 0.11423307984659E-06
 0.11614156855394E-06
 0.11805998009758E-06
 0.11998818690549E-06
 0.12192601934237E-06
 0.12387331005987E-06
 0.12582994130474E-06
 0.12779565624581E-06
 0.12977034132238E-06
 0.13175383848238E-06
 0.13374599212635E-06
 0.13574669874996E-06
 0.13775570846751E-06
 0.13977292209312E-06
 0.14179819360742E-06
 0.14383137938200E-06
 0.14587239049448E-06
 0.14792098409762E-06
 0.14997707559439E-06
 0.15204053097720E-06
 0.15411121863916E-06
 0.15618906404509E-06
 0.15827383144283E-06
 0.16036545053181E-06
 0.16246379913636E-06
 0.16456875736687E-06
 0.16668026470158E-06
 0.16879809224454E-06
 0.17092218352903E-06
 0.17305242770611E-06
 0.17518871617527E-06
 0.17733100183197E-06
 0.17947906214800E-06
 0.18163285382986E-06
 0.18379227679035E-06
 0.18595723298835E-06
 0.18812768800493E-06
 0.19030342506330E-06
 0.19248441327286E-06
 0.19467056246433E-06
 0.19686178439883E-06
 0.19905805647582E-06
 0.20125916692828E-06
 0.20346509631416E-06
 0.20567576357369E-06
 0.20789108931941E-06
 0.21011106182151E-06
 0.21233547347333E-06
 0.21456431531463E-06
 0.21679751439330E-06
 0.21903499924165E-06
 0.22127676794044E-06
 0.22352261618129E-06
 0.22577254442531E-06
 0.22802648680980E-06
 0.23028437877580E-06
 0.23254622713926E-06
 0.23481175942652E-06
 0.23708119602774E-06
 0.23935426556160E-06
 0.24163097984277E-06
 0.24391135334492E-06
 0.24619511302853E-06
 0.24848249249028E-06
 0.25077321939266E-06
 0.25306731235543E-06
 0.25536479240782E-06
 0.25766538505443E-06
 0.25996933586116E-06
 0.26227637064063E-06
 0.26458651375095E-06
 0.26689979168434E-06
 0.26921592760516E-06
 0.27153517784927E-06
 0.27385726552597E-06
 0.27618221964667E-06
 0.27851007112971E-06
 0.28084053996010E-06
 0.28317389205965E-06
 0.28550984699618E-06
 0.28784843742701E-06
 0.29018969769526E-06
 0.29253334380762E-06
 0.29487965012041E-06
 0.29722833189183E-06
 0.29957942445447E-06
 0.30193296462897E-06
 0.30428866367822E-06
 0.30664680335352E-06
 0.30900709383809E-06
 0.31136957226848E-06
 0.31373427703896E-06
 0.31610091396929E-06
 0.31846977119910E-06
 0.32084055320646E-06
 0.32321329806263E-06
 0.32558804492150E-06
 0.32796449355997E-06
 0.33034293756528E-06
 0.33272307510518E-06
 0.33510494443617E-06
 0.33748858473760E-06
 0.33987368917280E-06
 0.34226055594415E-06
 0.34464887640251E-06
 0.34703868829678E-06
 0.34943003017364E-06
 0.35182258810786E-06
 0.35421666417432E-06
 0.35661194242914E-06
 0.35900845955702E-06
 0.36140625286964E-06
 0.36380500098394E-06
 0.36620500915190E-06
 0.36860595380729E-06
 0.37100787003210E-06
 0.37341079342583E-06
 0.37581439482530E-06
 0.37821898208085E-06
 0.38062422372576E-06
 0.38303015281817E-06
 0.38543680283116E-06
 0.38784383659578E-06
 0.39025156405915E-06
 0.39265973898172E-06
 0.39506811207289E-06
 0.39747699433160E-06
 0.39988594710408E-06
 0.40229528201936E-06
 0.40470474599909E-06
 0.40711408295286E-06
 0.40952360533115E-06
 0.41193286486769E-06
 0.41434217450209E-06
 0.41675127424693E-06
 0.41915990113248E-06
 0.42156817557387E-06
 0.42397621924012E-06
 0.42638376658271E-06
 0.42879074384667E-06
 0.43119688116152E-06
 0.43360229725351E-06
 0.43600711202345E-06
 0.43841105299732E-06
 0.44081404206770E-06
 0.44321580250865E-06
 0.44561645123401E-06
 0.44801610625375E-06
 0.45041448822230E-06
 0.45281151467084E-06
 0.45520690208322E-06
 0.45760076546838E-06
 0.45999322086529E-06
 0.46238398214287E-06
 0.46477296247782E-06
 0.46715987166279E-06
 0.46954482272988E-06
 0.47192792967282E-06
 0.47430889969009E-06
 0.47668764161769E-06
 0.47906385866714E-06
 0.48143766182975E-06
 0.48380916299778E-06
 0.48617806279581E-06
 0.48854426574749E-06
 0.49090746859200E-06
 0.49326778020896E-06
 0.49562531031416E-06
 0.49797975306885E-06
 0.50033100868899E-06
 0.50267876753677E-06
 0.50502313630264E-06
 0.50736422243756E-06
 0.50970171371760E-06
 0.51203550605255E-06
 0.51436528350718E-06
 0.51669115047431E-06
 0.51901321202747E-06
 0.52133114963480E-06
 0.52364485486663E-06
 0.52595397294771E-06
 0.52825870366130E-06
 0.53055905176620E-06
 0.53285472506931E-06
 0.53514562579235E-06
 0.53743138049249E-06
 0.53971213366732E-06
 0.54198797021153E-06
 0.54425855911077E-06
 0.54652378314137E-06
 0.54878330781020E-06
 0.55103722983090E-06
 0.55328564635031E-06
 0.55552822020611E-06
 0.55776482972605E-06
 0.55999513436551E-06
 0.56221922803805E-06
 0.56443720501870E-06
 0.56664872211288E-06
 0.56885365322864E-06
 0.57105165192055E-06
 0.57324280926940E-06
 0.57542721666244E-06
 0.57760452507791E-06
 0.57977460414237E-06
 0.58193710176926E-06
 0.58409210629091E-06
 0.58623970632167E-06
 0.58837954737153E-06
 0.59051149507133E-06
 0.59263519212145E-06
 0.59475072437101E-06
 0.59685817796396E-06
 0.59895719349907E-06
 0.60104763311290E-06
 0.60312913495258E-06
 0.60520178287774E-06
 0.60726566111402E-06
 0.60932040616665E-06
 0.61136587744900E-06
 0.61340170949399E-06
 0.61542798495749E-06
 0.61744478698836E-06
 0.61945174912940E-06
 0.62144872915265E-06
 0.62343535924069E-06
 0.62541172195426E-06
 0.62737790053460E-06
 0.62933352702865E-06
 0.63127845898991E-06
 0.63321232785327E-06
 0.63513521752208E-06
 0.63704721284263E-06
 0.63894794616255E-06
 0.64083727656818E-06
 0.64271483667389E-06
 0.64458071348307E-06
 0.64643499525335E-06
 0.64827731673447E-06
 0.65010754057806E-06
 0.65192530277783E-06
 0.65373069544468E-06
 0.65552381229492E-06
 0.65730429280016E-06
 0.65907200541084E-06
 0.66082659188355E-06
 0.66256815159908E-06
 0.66429678591043E-06
 0.66601214144715E-06
 0.66771409477605E-06
 0.66940229585939E-06
 0.67107685354200E-06
 0.67273787899899E-06
 0.67438502842806E-06
 0.67601818878513E-06
 0.67763702060260E-06
 0.67924164427849E-06
 0.68083218285757E-06
 0.68240830436037E-06
 0.68396990821136E-06
 0.68551666766720E-06
 0.68704871652388E-06
 0.68856619147966E-06
 0.69006877434082E-06
 0.69155637876974E-06
 0.69302869256490E-06
 0.69448586440936E-06
 0.69592804606442E-06
 0.69735493469336E-06
 0.69876645955619E-06
 0.70016232438581E-06
 0.70154269380657E-06
 0.70290773560231E-06
 0.70425716340619E-06
 0.70559092296905E-06
 0.70690873487481E-06
 0.70821078026674E-06
 0.70949724342959E-06
 0.71076785509349E-06
 0.71202257790755E-06
 0.71326114974251E-06
 0.71448376835465E-06
 0.71569063453449E-06
 0.71688149626405E-06
 0.71805633303378E-06
 0.71921489997456E-06
 0.72035741110727E-06
 0.72148408329607E-06
 0.72259468149902E-06
 0.72368920157630E-06
 0.72476741548658E-06
 0.72582955277704E-06
 0.72687584558244E-06
 0.72790607519626E-06
 0.72892002650138E-06
 0.72991816709668E-06
 0.73090028764537E-06
 0.73186618231722E-06
 0.73281632647149E-06
 0.73375029402899E-06
 0.73466856523252E-06
 0.73557094548762E-06
 0.73645724353644E-06
 0.73732794648469E-06
 0.73818264317725E-06
 0.73902182497943E-06
 0.73984531081282E-06
 0.74065292273463E-06
 0.74144515801326E-06
 0.74222161922488E-06
 0.74298280724437E-06
 0.74372855318434E-06
 0.74445869108208E-06
 0.74517372672741E-06
 0.74587327517377E-06
 0.74655784515931E-06
 0.74722727863068E-06
 0.74788142024216E-06
 0.74852078266400E-06
 0.74914499217005E-06
 0.74975456372833E-06
 0.75034934876600E-06
 0.75092920122947E-06
 0.75149463908451E-06
 0.75204529858719E-06
 0.75258169934525E-06
 0.75310370099187E-06
 0.75361116543889E-06
 0.75410461443030E-06
 0.75458369302848E-06
 0.75504892404780E-06
 0.75550017409677E-06
 0.75593731188160E-06
 0.75636086147327E-06
 0.75677047564439E-06
 0.75716667903105E-06
 0.75754934407999E-06
 0.75791834517476E-06
 0.75827420742355E-06
 0.75861659031896E-06
 0.75894601904487E-06
 0.75926237086813E-06
 0.75956552483787E-06
 0.75985600591224E-06
 0.76013347940673E-06
 0.76039846991334E-06
 0.76065085859770E-06
 0.76089052827414E-06
 0.76111800268345E-06
 0.76133295216678E-06
 0.76153589970606E-06
 0.76172672955114E-06
 0.76190532748412E-06
 0.76207221508042E-06
 0.76222706700967E-06
 0.76237040374199E-06
 0.76250211189864E-06
 0.76262207953268E-06
 0.76273082522199E-06
 0.76282802735901E-06
 0.76291420311350E-06
 0.76298924086138E-06
 0.76305303032484E-06
 0.76310608635866E-06
 0.76314809056140E-06
 0.76317955611764E-06
 0.76320037262961E-06
 0.76321043097542E-06
 0.76321024166086E-06
 0.76319948905386E-06
 0.76317868176541E-06
 0.76314771017792E-06
 0.76310646589157E-06
 0.76305545452933E-06
 0.76299436286292E-06
 0.76292369443140E-06
 0.76284334002326E-06
 0.76275319159947E-06
 0.76265374944904E-06
 0.76254470244808E-06
 0.76242654864294E-06
 0.76229917892177E-06
 0.76216248530823E-06
 0.76201696238209E-06
 0.76186230088048E-06
 0.76169899300900E-06
 0.76152692950643E-06
 0.76134600221873E-06
 0.76115669970711E-06
 0.76095871437715E-06
 0.76075253230950E-06
 0.76053804389542E-06
 0.76031514061279E-06
 0.76008430475455E-06
 0.75984523024604E-06
 0.75959839681494E-06
 0.75934369435186E-06
 0.75908101381925E-06
 0.75881083104523E-06
 0.75853284136279E-06
 0.75824751796953E-06
 0.75795475014042E-06
 0.75765442821320E-06
 0.75734702140003E-06
 0.75703222636289E-06
 0.75671050963469E-06
 0.75638175979380E-06
 0.75604586647579E-06
 0.75570329216691E-06
 0.75535373480578E-06
 0.75499765416512E-06
 0.75463493807359E-06
 0.75426547541522E-06
 0.75388972187496E-06
 0.75350737663914E-06
 0.75311889265808E-06
 0.75272415698160E-06
 0.75232305771606E-06
 0.75191604370031E-06
 0.75150281535889E-06
 0.75108381878590E-06
 0.75065894024365E-06
 0.75022806705418E-06
 0.74979164119242E-06
 0.74934936432634E-06
 0.74890167568567E-06
 0.74844846075331E-06
 0.74798960607632E-06
 0.74752554677076E-06
 0.74705598576628E-06
 0.74658135544123E-06
 0.74610154052107E-06
 0.74561642680080E-06
 0.74512644256200E-06
 0.74463129202456E-06
 0.74413140074686E-06
 0.74362665272977E-06
 0.74311693305057E-06
 0.74260266319709E-06
 0.74208354871619E-06
 0.74156000839261E-06
 0.74103192554524E-06
 0.74049918457678E-06
 0.73996220023580E-06
 0.73942050342227E-06
 0.73887520986971E-06
 0.73832497216765E-06
 0.73777090257568E-06
 0.73721270793000E-06
 0.73665009777326E-06
 0.73608417313049E-06
 0.73551360012422E-06
 0.73493947633940E-06
 0.73436151007337E-06
 0.73377941233138E-06
 0.73319426954004E-06
 0.73260476136038E-06
 0.73201197081638E-06
 0.73141560771967E-06
 0.73081538458900E-06
 0.73021237337641E-06
 0.72960526727931E-06
 0.72899513488786E-06
 0.72838168758123E-06
 0.72776463944431E-06
 0.72714504808924E-06
 0.72652162024100E-06
 0.72589541019315E-06
 0.72526613094666E-06
 0.72463349820494E-06
 0.72399855538477E-06
 0.72336002272239E-06
 0.72271894036150E-06
 0.72207502297832E-06
 0.72142798794678E-06
 0.72077886464119E-06
 0.72012638678539E-06
 0.71947158052762E-06
 0.71881416227183E-06
 0.71815385111344E-06
 0.71749166254420E-06
 0.71682634374427E-06
 0.71615890702762E-06
 0.71548907057700E-06
 0.71481655525868E-06
 0.71414236284756E-06
 0.71346525394168E-06
 0.71278622718754E-06
 0.71210500259552E-06
 0.71142130285051E-06
 0.71073611618086E-06
 0.71004821655718E-06
 0.70935858912970E-06
 0.70866695578322E-06
 0.70797304106679E-06
 0.70727781983643E-06
 0.70658007938334E-06
 0.70588079153600E-06
 0.70517968009819E-06
 0.70447647152630E-06
 0.70377212748133E-06
 0.70306544851643E-06
 0.70235739331589E-06
 0.70164768764450E-06
