0.06152205330315828
0.06372282520827273
0.06598512031106647
0.06831024328679024
0.07069952161095253
0.07315430609018737
0.07567597131145025
0.07826591612944331
0.08092556420989537
0.08365636452195209
0.08645979187115377
0.0893373474587271
0.09229055944038025
0.0953209834966414
0.09843020343795124
0.10161983176333389
0.10489151033661122
0.10824691019885509
0.1116877353414339
0.11521571878923335
0.11883262628123241
0.12254025624903021
0.12634044050385893
0.13023504503120967
0.13422597070204909
0.13831515405900505
0.1425045680903886
0.14679622311257406
0.15119216760260612
0.15569448898066227
0.16030531454853544
0.16502681240081057
0.1698611923309515
0.17481070679324315
0.17987765186225083
0.1850643682691111
0.19037324236682493
0.19580670722500956
0.20136724369721978
0.20705738150068115
0.21287970029875378
0.21883683096200737
0.22493145661208325
0.2311663138800385
0.2375441940933203
0.24406794453212416
0.25074046963386915
0.25756473229982557
0.2645437551859787
0.2716806219288535
0.2789784784829237
0.28644053442550177
0.29407006419509973
0.3018703977351471
0.30984496319924787
0.31799722767259525
0.32633073759599857
0.3348491103436163
0.343556035194207
0.35245527439981594
0.36155066388495144
0.37084611400993256
0.3803456100315041
0.390053212467878
0.3999730571211993
0.41010935481838046
0.42046639095520283
0.4310485243762441
0.4418601860640305
0.4529058771220618
0.46419016620698533
0.4757176862300654
0.4874931302800397
0.499521246625241
0.5118068255383442
0.5243547166731336
0.5371697878958709
0.5502569410322223
0.5636210642909769
0.5772670836172222
0.5911998824713538
0.6054243178113358
0.61994519451448
0.634767244608933
0.6498951068886996
0.6653332890480091
0.6810861670037364
0.6971579307790308
0.7135525679627569
0.7302738309421523
0.7473252063586274
0.7647098850781731
0.7824307331587114
0.8004902648814652
0.818890618287968
0.8376335344935953
0.8567203411098929
0.8761519408271327
0.8959288049167978
0.9160509749450818
0.9365180620286544
0.9573292697522152
0.9784833944857477
0.9999788657018018
1.0218137555705853
1.043985815798367
1.0664925081891792
1.0893310330504038
1.112498371645441
1.1359913107069692
1.1598064795507739
1.1839403804008737
1.2083894179444723
1.2331499261866465
1.2582181941936492
1.2835904877434303
1.3092630696675416
1.3352322172897186
1.3614942375656032
1.3880454800098787
1.4148823475371697
1.4420013053552245
1.4693988886431995
1.497071707849537
1.5250164533666324
1.5532298987924984
1.581708903172649
1.6104504123762353
1.6394514597748653
1.6687091662428528
1.6982207396773636
1.7279834740711029
1.7579947482408145
1.7882520242742728
1.8187528457370976
1.8494948357426657
1.8804756948636407
1.9116931989665489
1.9431451969696485
1.9748296086145747
2.006744422143406
2.0388876920570276
2.0712575368505366
2.1038521367997802
2.1366697317548486
2.1697086190383232
2.202967151331986
2.236443734671882
2.2701368264718087
2.3040449336245046
2.338166610664776
2.3725004579758133
2.407045120094316
2.441799284064512
2.476761677830664
2.511931068726755
2.547306262001804
2.5828860994270944
2.6186694579156966
2.654655248259158
2.69084241386432
2.72722992955579
2.763816921651369
2.8006025419039666
2.8375845850865513
2.874764305705689
2.912138128381137
2.9497086432172352
2.987471745330886
3.0254387377726526
3.0635783629466427
3.1019188891946134
3.140447154894539
3.179172145122785
3.2180836424020924
3.257183501906099
3.296471125246729
3.335945155750372
3.3756092112275975
3.4154568857452072
3.455491436171316
3.4957106678072516
3.5361136666198973
3.5767002025827486
3.617469518241884
3.658425094018983
3.699560400140693
3.740877639096421
3.7823757895528334
3.8240553620449047
3.8659157037135743
3.907955560320255
3.9501752435842743
3.9925736424856746
4.03514853694715
4.077903941300171
4.120837579261476
4.163947979492487
4.207235545558003
4.250700263304071
4.294340870753623
4.3381570146788535
4.382148844065204
4.42631600722497
4.470658158503499
4.515174945351308
4.559866074182733
4.604731221832576
4.649770094475617
4.694982387627943
4.740367836981302
4.78592617043075
4.8316571230780845
4.877560448401298
4.923635921187818
4.969882736991927
5.016300778002178
5.062890519543121
5.109651432977647
5.1565833131714545
5.203685960318533
5.250957620527428
5.298400602568849
5.3460159666058145
5.393798936935905
5.441751045592883
5.489872782133071
5.538164016251072
5.586623348190068
5.635252214698819
5.684050727082198
5.732998122728037
5.782151213101231
5.831453977072588
5.880924465825353
5.930560002108088
5.980367814251033
6.0303414310473356
6.0804833471131445
6.130791599621733
6.181267421644621
6.231909296305893
6.282718660222864
6.333693429368468
6.38483619640581
6.436145946274411
6.487618275777095
6.539262836955079
6.591070587175974
6.6430433672775
6.695183807612393
6.747489434996196
6.799960372022014
6.852596737099064
6.905398931064697
6.958367278406252
7.011497997464784
7.064798340027147
7.11826196253444
7.171891191570429
7.225684255109876
7.279642590345272
7.333766623600467
7.3880543021286345
7.442506079413276
7.497124843827754
7.551907033531746
7.60685369998785
7.661964974169733
7.717239692023902
7.772679804417482
7.828284630536387
7.884053025966999
7.939985504946716
7.996082316662432
8.052343009292757
8.10877002354575
8.165357076268492
8.222111229554628
8.279027933755728
8.336108824807447
8.393353667670509
8.450762361439317
8.508334905746471
8.566071242843433
8.623971357534126
8.682035226236948
8.740262827143868
8.798654140200568
8.857209147085348
8.91592783119856
8.97481017763644
9.033856173172468
9.09306580625118
9.152439066953775
9.211975946995636
9.271676439708584
9.331540540000404
9.391568244387877
9.451759550938679
9.51211445927188
9.572632970541312
9.633315087425396
9.694160814102313
9.755170156255833
9.816343121038583
9.877679717074656
9.939179954437133
10.000843844648092
10.062671400650181
10.124662636801784
10.186817568871296
10.249136214018773
10.311618590777044
10.374264719058065
10.43707462012832
10.500048316600644
10.563185832427143
10.626487192886906
10.689952424424273
10.753581555227745
10.817374614467743
10.881331632364265
10.945452640910752
11.009737672960064
11.074186763012158
11.138799946433231
11.203577260078195
11.268518741852525
11.333624431147186
11.398894368315208