0.014331043579506764
0.021375959790688806
0.03087723583800073
0.0433975785478708
0.05957621164390567
0.08013558735221578
0.10588824774299281
0.13774323347977785
0.17671129248002504
0.22390803296014225
0.2805541123855848
0.34797156775253435
0.4275754590343313
0.5208600611976547
0.6293787929117008
0.7547167730968214
0.8984542729195119
1.0621185785083507
1.2471217311154699
1.454684006804048
1.6857498722819866
1.9409140882545928
2.2203839005367554
2.5239977562672276
2.8512990307405484
3.2016397019627636
3.57428200763413
3.9684769945017297
4.383514510831566
4.818749243921856
5.27361046067493
5.747602200630298
6.240298615861591
6.751337307107752
7.280412220586603
7.827266881596189
8.391688295520366
8.973501611402492
9.572565527381506
10.188768367434651
10.822024742064464
11.472272706223999
12.139471335072374
12.823598648379654
13.524649824951014
14.242635657855004
14.977581209725061
15.729524634613881
16.49851613871558
17.284617057270342
18.087899028996198
18.908443252673376
19.74633981326028
20.601687067053867
21.474591077258733
22.365165092793085
23.273529064349773
24.199809192737888
25.144137505359705
26.106651457319437
27.08749355423513
28.086810994307662
29.104755327557314
30.141482130477915
31.197150694647664
32.271923728014386
33.36596706783879
34.47944940437509
35.612542014565015
36.76541850511618
37.938254564422444
39.131227722933154
40.34451712158292
41.57830328802757
42.83276792043694
44.10809367869403
45.4044639828497
46.722062818768634
48.061074550894446
49.42168374211798
50.8040749807519
52.208432714613615
53.63494109230395
55.083783811681336
56.55514397564164
58.049203955273775
59.56614526046266
61.10614841804107
62.66939285760054
64.2560568050244
65.86631718386069
67.50034952462785
69.15832788213322
70.84042476089174
72.54681104872733
74.27765595862414
76.03312697889305
77.81338983170902
79.61860844006658
81.44894490318035
83.30455948037772
85.18561058347892
87.09225477767411
89.02464679091835