0.016277045997996946
0.024134801538042847
0.03468448642584404
0.0485343562873363
0.06637578726311075
0.08899084673151739
0.11725985604541635
0.1521682097056969
0.19481155571579992
0.2463983277018123
0.3082485723961207
0.3817880378040052
0.4685365423652229
0.5700896316621427
0.6880922841960531
0.824202791803405
0.9800439725725342
1.1571382834258928
1.3568250781184938
1.5801650781029128
1.8278501246660743
2.1001489573333654
2.3969173870734775
2.7176761556503295
3.0617283943348723
3.428276965996018
3.816514673551789
4.225680386175334
4.655086994725913
5.104130737353328
5.572290033918105
6.059119288083638
6.564240839655699
7.0873367332838875
7.628141078143586
8.186433290751832
8.762032270740264
9.35479144834802
9.964594599993006
10.591352319399231
11.234999038457971
11.895490504428826
12.572801634059658
13.266924678262853
13.977867642726826
14.705652919649589
15.45031609399017
16.211904894433086
16.990478264706788
17.78610553541011
18.59886568008077
19.42884664217998
20.276144722098238
21.14086401511362
22.023115892904002
22.923018522435807
23.840696417119204
24.77628001596309
25.729905287192576
26.701713353322294
27.691850135243925
28.70046601317533
29.727715502753227
30.773756944771677
31.83875220730155
32.92286639917992
34.02626759392441
35.149126563399044
36.29161652054304
37.45391287071218
38.63619297114609
39.838635898272535
41.061422222508085
42.30473379039659
43.56875351386684
44.85366516651512
46.15965318681545
47.48690248820979
48.83559827606319
50.20592587147518
51.59807054198813
53.01221733923583
54.44855094358893
55.90725551587025
57.388514556244644
58.892510770328805
60.41942594269507
61.9694408177805
63.542734988390876
65.13948679183494
66.75987321383217
68.40406980027699
70.07225057695783
71.76458797731033
73.48125277830384
75.22241404451337
76.988239080468
78.77889339130317
80.59454065178832
82.43534268375583
84.3014594419592
86.19304900837685
88.11026759497213
90.05326955489785