64.36808544542687
64.40925671892197
64.47785768659021
64.5738613058943
64.69722955075234
64.84791268792489
65.02584965706833
65.23096578568055
65.46317306780738
65.72236824665725
66.00843129616936
66.32122490373177
66.66059362926953
67.02636367799415
67.4183450644664
67.83633146002875
68.28010313471081
68.7494307778494
69.244075486786
69.76379275333944
70.3083357216445
70.87745688270824
71.47091246763551
72.08846377410532
72.729867983509
73.39490863096249
74.08336641059178
74.79503656745958
75.52972616780345
76.28755599872287
77.06745800070003
77.87018105154047
78.69528702346439
79.5426516868835
80.41216608781487
81.30373490971293
82.21727708989397
83.15272582401415
84.11002740660597
85.0891411620323
86.09004091405197
87.11270975778855
88.15714487150782
89.22335298330972
90.31135677804642
91.42135020635921
92.55286724454861
93.70646325945556
94.88202678255436
96.07962126884675
97.29932775692392
98.54122056402521
99.8053906051953
101.09193069990687
102.40094587939012
103.732544409047
105.08683299269535
106.4639324556467
107.86396408577983
109.2870530048109
110.73333062442588
112.20292816142947
113.69598655727292
115.21264102200192
116.75303472478925
118.31731123464574
119.90561752453253
121.51809977668054
123.15519698990491
124.81619154141165
126.50210007112571
128.21278822964248
129.9484037329989
131.7090988410563
133.49502671499877
135.30633459600307
137.14317932956396
139.00570413543502
140.8940545493289
142.8083969521333
144.74885751073245
146.71558738310634
148.7087213109465
150.72842875846393
152.7748235093223
154.84804795453184
156.9482321273977
159.07553208218255
161.2300568507915
163.4119331488312
165.6213121842535
167.85829470812453
170.12300832830226
172.41557191710288
174.7360993296408
177.0847154811476
179.46151708291697
181.8666169289416
184.30012018231352
186.76213220849883
189.25275197374145
191.77206684677472
194.3201981597527
196.89721532054972
199.50321327577157
202.13827996849386
204.8025018178266
207.4959617571785
210.21872195572823
212.97091746901057
215.75256527899654
218.56375863691247
221.40457394879445
224.27507840487146
227.17534155123636
230.10543064458497
233.06541140824376
236.05534811054108
239.07530372943543
242.12534006991783