67.02828961843093
67.06967505280976
67.13863325417783
67.23513778209694
67.35915122427139
67.51062512239922
67.68949920619251
67.89570061879128
68.12914330254937
68.38972627266536
68.6773322180962
68.99182750153885
69.33305965699503
69.70085916755723
70.09503961882132
70.51539974340618
70.96172385716753
71.43378848761998
71.93135154390838
72.45418021306412
73.00202857678332
73.57465331401497
74.17181276186182
74.7932696168629
75.43879227020864
76.1081591148283
76.80115617860878
77.51758192493611
78.257245104355
79.01996957780973
79.8055910305663
80.61395925134555
81.44493880002524
82.29840813626961
83.17425979454744
84.07240068392105
84.99275171634885
85.93524827937493
86.89983774945681
87.88648159191177
88.89515304712629
89.92583904590839
90.9785357622483
92.05325237672756
93.15001296780058
94.26884264245687
95.40977959559343
96.57288036721029
97.7581909103172
98.96579422942345
100.195749602737
101.4481438974171
102.72306454252411
104.02060629218064
105.34087054293597
106.68396452275691
108.04999887289176
109.43908936044595
110.85135879274482
112.28693086367454
113.74593543933956
115.22850421980651
116.73477170423443
118.26487790509759
119.81896066570779
121.39716478622202
122.99963245776937
124.62651077999533
126.27794582884098
127.95408726320878
129.65508098526763
131.38107760422426
133.13222736338054
134.90867656445724
136.7105766428457
138.53807594576017
140.3913211907022
142.27046092882284
144.17564006863097
146.1070035854126
148.06469541307257
150.04885595639246
152.0596291829521
154.09714985586984
156.1615574310469
158.25298353402042
160.3715614494173
162.51742384194333
164.69069681959013
166.89150609968226
169.1199764002577
171.376224743711
173.660372379801
175.97253219807016
178.31281880579456
180.68134109618495
183.07820742545675
185.5035286617116
187.95739341881256
190.4399122220659
192.95117976070617
195.49128731374094
198.06033131797287
200.65839601535015
203.2855706348255
205.94194346435373
208.62759080599352
211.34259652803115
214.08703424631346
216.860981882969
219.66451195885838
222.49769817048391
225.36060983452109
228.25331043769918
231.17587184544888
234.128353805344
237.11082221577752
240.12333819234277
243.16596227039864
246.23875386965403