40.28214430306202
40.32104514151853
40.385857641680595
40.47654822851419
40.593069209492896
40.7353585175362
40.9033384038754
41.09691410631679
41.31597201246588
41.560377829512916
41.82997519992296
42.12458468691945
42.44400611328448
42.78801740782762
43.15638048501868
43.54885972651278
43.965136148266154
44.40499072813457
44.86812752273098
45.35426727111161
45.86313073174877
46.39444236229867
46.947931975710446
47.52333737516491
48.12040476174354
48.73889044115306
49.37856303134685
50.03920314436732
50.72060587793351
51.422577853688416
52.14494212343548
52.88753428306546
53.65021177453149
54.43283545873286
55.23528851978209
56.057468285488284
56.89928548245763
57.76066524341423
58.641547144766776
59.54188459455106
60.46164401419908
61.40080423434917
62.35935810461705
63.337306863324585
64.33467137102676
65.35147407044872
66.38775309183877
67.44355598231708
68.51893808834187
69.61396988461134
70.72872566342373
71.863285991357
73.01774249311873
74.19219671727767
75.38675542414765
76.60152533999079
77.83663190884393
79.09219493832614
80.36834569984097
81.66521925017359
82.98295391673527
84.32169594955174
85.68160403104262
87.06278922318928
88.46545053526911
89.88972434882513
91.3357829014916
92.80377982619432
94.29388135928048
95.80625554079248
97.34106936194826
98.8984921186116
100.47869774926129
102.0818533153505
103.70813289467176
105.35770737090412
107.03074990291212
108.72743230354453
110.4479264289585
112.19240304936086
113.96103301939529
115.75398676256741
117.57143150147478
119.41353516415155
121.28046435870621
123.17238214165025
125.08945339344419
127.03183645501416
128.9996921531619
130.99321123355784
133.0124486757921
135.0576535489935
137.12895135165925
139.2264812645743
141.35039432020434
143.500829865203
145.67793053924845
147.88183347400877
150.11267628057558
152.37058845833124
154.65570207048629
156.96814397980086
159.30803807804423
161.67550666646798
164.07066787633534
166.49364072140924
168.94453686830178
171.42346868909777
173.93054482827986
176.46587160852465
179.02955291563276
181.62169026098724
184.24238285001852
186.8917276567929
189.5698195041961
192.27675114971265
195.012613376553
197.77749508993432
200.57148341835074
203.39466381965144