-0.94608820229764E-14
-0.23652205057441E-14
-0.10512091136640E-14
-0.59130512643602E-15
-0.51923962181753E-15
-0.25680998865165E-15
 0.61391145738064E-14
 0.96243478146998E-13
 0.75307148762287E-12
 0.37971569990217E-11
 0.14033144824975E-10
 0.41204384357663E-10
 0.10151637577126E-09
 0.21809845128874E-09
 0.42023014184128E-09
 0.74155002305147E-09
 0.12177035438264E-08
 0.18839719461977E-08
 0.27732501046421E-08
 0.39145378074525E-08
 0.53320092458128E-08
 0.70450245751982E-08
 0.90682704540723E-08
 0.11411922539921E-07
 0.14083200077563E-07
 0.17086842609584E-07
 0.20426069000770E-07
 0.24103437748094E-07
 0.28121504852439E-07
 0.32483333197588E-07
 0.37192807046804E-07
 0.42254751421619E-07
 0.47674859689905E-07
 0.53459445836732E-07
 0.59615039478859E-07
 0.66147851842501E-07
 0.73063145563198E-07
 0.80364544050891E-07
 0.88053317893766E-07
 0.96127689798287E-07
 0.10458219441160E-06
 0.11340712469928E-06
 0.12258809461758E-06
 0.13210573351210E-06
 0.14193552006843E-06
 0.15204775080222E-06
 0.16240762392023E-06
 0.17297540854327E-06
 0.18370665541813E-06
 0.19455240332321E-06
 0.20545933560595E-06
 0.21636985487543E-06
 0.22722206603026E-06
 0.23794967605815E-06
 0.24848182038687E-06
 0.25874280050603E-06
 0.26865169013560E-06
 0.27812178889386E-06
 0.28706003777976E-06
 0.29536675349586E-06
 0.30293629018205E-06
 0.30965932224423E-06
 0.31542723086107E-06
 0.32013543569078E-06
 0.32370701815285E-06
 0.32606946362315E-06
 0.32719308641629E-06
 0.32707987461982E-06
 0.32576792460013E-06
 0.32332927705557E-06
 0.31986472429466E-06
 0.31549647715006E-06
 0.31035980527926E-06
 0.30459474281418E-06
 0.29833874894767E-06
 0.29172089391015E-06
 0.28485781449904E-06
 0.27785139295673E-06
 0.27078792557533E-06
 0.26373843295589E-06
 0.25675975268350E-06
 0.24989608629286E-06
 0.24318072774306E-06
 0.23663786053166E-06
 0.23028416998851E-06
 0.22413012933755E-06
 0.21818169057962E-06
 0.21244091403606E-06
 0.20690704556680E-06
 0.20157721111475E-06
 0.19644696899971E-06
 0.19151076389360E-06
 0.18676228198194E-06
 0.18219472595502E-06
 0.17780102633179E-06
 0.17357400215129E-06
 0.16950648144134E-06
 0.16559139020923E-06
 0.16182181678971E-06
 0.15819105705520E-06
 0.15469264486109E-06
 0.15132037121291E-06
 0.14806829482294E-06
 0.14493074620401E-06
 0.14190232699854E-06
 0.13897790572296E-06
 0.13615261106362E-06
 0.13342182338113E-06
 0.13078116507003E-06
 0.12822649021055E-06
 0.12575387383931E-06
 0.12335960110706E-06
 0.12104015650367E-06
 0.11879221328915E-06
 0.11661262322431E-06
 0.11449840665716E-06
 0.11244674305491E-06
 0.11045496191793E-06
 0.10852053418388E-06
 0.10664106406404E-06
