3.971889227456797e-12
3.971889227456797e-12
3.971889227456797e-12
3.971889227456797e-12
1.5142827679679038e-11
7.299587670835444e-10
1.5199799465785372e-8
1.5559230616562541e-7
9.841076707162076e-7
4.42749979999837e-6
0.000015508896850327593
0.000044943864394130505
0.00011241153720991837
0.0002501695172160463
0.0005066633692627583
0.000949857287073305
0.0016701264444524042
0.0027826625708657
0.004429430279289103
0.006780771509745128
0.010036758708396024
0.014428444975706238
0.020219091407148056
0.027705482494787464
0.037219337706926404
0.04912899853588822
0.06384115714886036
0.08180284753220757
0.10350350973393795
0.1294771107173821
0.16030420862314626
0.19661391207687146
0.2390855229034122
0.2884498249471741
0.3454898244707435
0.4110408043744029
0.4859895215632098
0.5712722813196172
0.6678718431157489
0.7768124083134824
0.8991527461308236
1.0359764143277042
1.188378698449959
1.3574493253698021
1.5442504748809995
1.7497899342486931
1.9749905085555703
2.220658229775332
2.487453673018862
2.775871629654939
3.0862337082634808
3.4186958449455935
3.7732691302112062
4.149849366303395
4.548249701435565
4.968231460348431
5.4095301513832466
5.8718755106764
6.355005789461141
6.858677188907528
7.382669554227912
7.926789367524394
8.490870890308587
9.07477609891275
9.67839387327236
10.301638755813018
10.944449490937991
11.606787480788222
12.28863524146393
12.98999490954996
13.710886826278019
14.451348212213741
15.211431936405328
15.991205378433436
16.790749378747975
17.610157271062757
18.44953398994275
19.308995246509213
20.18866676560969
21.088683578073653
22.00918936226141
22.950335829670895
23.912282149858164
24.895194410522087
25.899245108993682
26.924612671848767
27.971480999762846
29.040039035205226
30.13048035054492
31.243002754823305
32.37780791742309
33.5351010072656
34.715090346227356
35.91798707578186
37.14400483588343
38.393359455404195
39.66626865344198
40.96295175100646
42.28362939263198
43.62852327763094
44.997855900698454
46.391850301700465
47.81072982453964
49.254717885027205
50.72403774775364
52.21891231198424
53.739563906630075
55.28621409442341
56.85908348537073
58.4583915596574
60.08435650009644
61.737195034540655
63.417122287757444
65.12435164388116
66.85909461886133
68.62156074338995
70.41195745640395
72.23049000932119
74.0773613811224
75.95277220441314