1.9859446137283985e-12
1.9859446137283985e-12
1.9859446137283985e-12
1.9859446137283985e-12
1.9859446137283985e-12
1.9859446137283985e-12
1.9859446137283985e-12
1.9859446137283985e-12
1.9859446137283985e-12
3.971889227456797e-12
6.206076917901245e-12
5.9578338411851955e-12
4.0339499966358095e-11
2.2515647058145717e-10
1.1475036221199403e-9
4.829569057510749e-9
1.736931983474529e-8
5.4655181714419256e-8
1.5358253021653227e-7
3.9185517199935866e-7
9.201091160803495e-7
2.010420760484909e-6
4.125092814616722e-6
8.009542514311057e-6
0.000014811706541735184
0.00002623013626651564
0.000044691179876407385
0.00007355487555748672
0.00011734803548326611
0.00018202196147485311
0.000275231843204402
0.00040663382038293215
0.0005881962358877485
0.000834520727631843
0.001163169399037394
0.0015949945359867465
0.002154467455915597
0.0028700037257305727
0.003774282513742907
0.0049045580912871825
0.006302962189809852
0.008016796439902118
0.010098814264842791
0.012607492216983705
0.01560729091697035
0.01916890601483203
0.02336950972155876
0.02829298355076318
0.034030142881477814
0.04067895404995283
0.04834474420566456
0.057140404561699935
0.06718658670227849
0.07861189229296639
0.09155305522245553
0.10615511592505808
0.12257158667993757
0.14096460660477686
0.16150508511942405
0.18437283200416407
0.20975667238330523
0.2378545448762716
0.26887358077423584
0.30303016287273554
0.3405499618723
0.3816679490917233
0.42662838420138055
0.4756847770521314
0.5290998228426688
0.5871453105368136
0.6501020045138772
0.7182594999355413
0.7919160527697275
0.871378385602824
0.9569614702488771
1.0489882902666128
1.1477895835457623
1.2537035684124096
1.3670756548561342
1.4882581432962252
1.6176099128448493
1.7554961012367045
1.9022877779793983
2.0583616122767
2.224099536698641
2.39988840709421
2.5861196586567767
2.783188957599955
2.9914958468742716
3.211443383849071
3.443437767151534
3.687887948756964
3.9452052271588403
4.21580281640196
4.5000953855088675
4.798498554499982
5.1114283962335465
5.43930077330145
5.782530780523185
6.141532014192212
6.51671583171605
6.908490547359354
7.31726057593215
7.743425531865937
8.187379295033411
8.64950905881607
9.13019437959464
9.62980625018389
10.14870622210346
10.68724560246855
11.245764750828885
11.824592499029347
12.424045713127601
13.044429011172012
13.686034644270235
14.349142541486712
15.034020512392026
15.740924595036624
16.470099532086266
17.221779354345422