-0.26903967423596E-16
-0.43046347877754E-15
-0.34232758121062E-14
-0.73904508529476E-14
-0.14198324044631E-13
 0.57772679383441E-13
 0.13699432380068E-11
 0.93537267049043E-11
 0.42783212982558E-10
 0.14362574672339E-09
 0.39866869061981E-09
 0.95246050614046E-09
 0.20107067826533E-08
 0.41849744810528E-08
 0.83707879369578E-08
 0.16243506212651E-07
 0.30400254744249E-07
 0.56173541302478E-07
 0.35559916217785E-07
 0.11901345192836E-06
 0.90211495101626E-07
 0.15630130861916E-06
 0.22954430277786E-06
 0.46011272777541E-06
 0.51360504885364E-06
 0.11952261728019E-05
 0.14189909045454E-05
 0.15021562146442E-05
 0.22374568697413E-05
-0.14278683433742E-02
 0.49991225428276E-05
-0.16610826430418E-04
 0.10385249648874E-04
 0.14018444472249E-04
 0.18521300760446E-04
 0.24096544831959E-04
 0.30702117068949E-04
 0.35962011346037E-04
 0.36343281572894E-04
 0.31981986985667E-04
 0.10565523218958E-04
-0.45015674657180E-04
-0.16061531253713E-03
-0.31721555884683E-03
-0.50860992220401E-03
-0.69319539049239E-03
-0.78602755381537E-03
 0.21590946500499E-02
 0.26848871061681E-04
 0.85307465482318E-03
 0.16367869022079E-02
 0.20143347723741E-02
 0.17646427683742E-02
 0.96661665303344E-03
-0.50953348571723E-04
-0.91047315101354E-03
-0.13714894587413E-02
 0.76911061505266E-02
-0.11157558443638E-02
-0.72265392655293E-03
-0.32096948641543E-03
-0.32183648157795E-04
 0.14292193978456E-03
 0.22280393633132E-03
 0.23812272198701E-03
 0.21744094708662E-03
 0.18138852064839E-03
 0.14247332604013E-03
 0.10708393141120E-03
 0.77791377552478E-04
 0.54859640871629E-04
 0.37665921233779E-04
 0.25083727404623E-04
-0.21089873727260E-04
 0.34995795543308E-04
-0.40314144460952E-07
-0.36844092663450E-04
 0.60450165419004E-05
 0.31868836013138E+00
 0.85696938270237E-05
-0.27026226336662E-04
-0.14464149433819E-04
 0.23974584361419E-04
-0.15003149588520E-04
-0.30599446540834E-05
-0.15842610172686E-05
 0.17412383238022E-04
 0.29421059696910E-04
-0.13530661969908E-05
-0.12674783253778E-05
-0.11070928918888E-05
-0.90794314484395E-06
-0.75252473652697E-06
-0.66502419312744E-06
-0.24310218456665E-05
-0.58840687145791E-06
-0.52335617061736E-06
-0.46518597432551E-06
-0.41427924113670E-06
 0.19623268791285E-03
-0.33425900870733E-06
-0.29754118307091E-06
-0.26964204170406E-06
 0.27745945713534E-06
-0.14171122370120E-04
-0.13146811716489E-06
-0.35183554522414E-06
-0.52136513002796E-06
-0.54122001068957E-06
-0.44273021429014E-06
-0.47147266884082E-06
-0.70617009734967E-06
-0.17360046777058E-06
-0.20865827862431E-04
 0.21302716590232E-07
 0.21974983741402E-07
-0.62558917384438E-08
 0.52668661115094E-07
 0.23467718111977E-07
 0.20157907708844E-07
