1.9859446137283985e-12
1.9859446137283985e-12
1.9859446137283985e-12
1.9859446137283985e-12
1.9859446137283985e-12
1.9859446137283985e-12
1.9859446137283985e-12
1.9859446137283985e-12
1.9859446137283985e-12
1.9859446137283985e-12
1.9859446137283985e-12
1.9859446137283985e-12
1.9859446137283985e-12
1.9859446137283985e-12
3.971889227456797e-12
2.1100661520864233e-12
2.730673843876548e-12
7.943778454913594e-12
2.4700186133246955e-11
7.881717685734581e-11
2.702125890054202e-10
8.385651131468163e-10
2.4119297333731398e-9
6.3800953146791964e-9
1.56920654869133e-8
3.615623175907758e-8
7.861026625290298e-8
1.6228220884004623e-7
3.196811039964727e-7
6.037266660872796e-7
1.0974224432155526e-6
1.926774759299283e-6
3.2775508594512385e-6
5.41643468146286e-6
8.717069540496386e-6
0.000013691625463449296
0.000021028086292049375
0.000031633894291144454
0.00004668590646133923
0.00006768692159762965
0.00009652889104463479
0.0001355625286618604
0.00018767340787704306
0.0002563640798753202
0.0003458420438706906
0.00046111299589413665
0.0006080791360309207
0.000793641811843824
0.0010258081511867506
0.0013138010547401303
0.0016681720409833956
0.0021009164801347076
0.0026255905098134043
0.0032574294180672744
0.004013466830086796
0.004912654304768691
0.005975981067689049
0.007226593447425981
0.008689913709148078
0.01039375813267506
0.012368453989952762
0.014646955440312408
0.017264958031348532
0.020261011795858177
0.023676632986546212
0.027556414189703362
0.03194813309750276
0.036902859678756304
0.042475061954669026
0.048722710379095036
0.05570738077352224
0.06349435597280666
0.07215272609824666
0.0817554875574184
0.09237964069729268
0.10410628612242452
0.11702071965028835
0.1312125258186113
0.14677566979588283
0.1638085876667413
0.18241427494986942
0.20270037303474428
0.22477925353835837
0.2487681002781866
0.27478898860856354
0.3029689620196843
0.3334401055445717
0.3663396161032204
0.40180986904018196
0.4399984812215003
0.48105836997792045
0.5251478080825378
0.5724304744309878
0.62307550034511
0.6772575114479549
0.7351566650583773
0.7969586830507234
0.86285488036108
0.9330421890232865
1.007723178074802
1.0871060693592394
1.1714047494764146
1.2608387782716393
1.3556333938707104
1.4560195149322206
1.562233740218097
1.6745183460105086
1.793121281704806
1.9182961640974485
2.050302270713603
2.189404532621748
2.335873527216006
2.4899854713349687
2.652022215106388
2.822271236843296
3.0010256392966523
3.1885841475832613
3.38525110872689
3.591336493076114
3.807155897413681