1.9859446137283985e-12
1.9859446137283985e-12
1.9859446137283985e-12
1.9859446137283985e-12
1.9859446137283985e-12
1.9859446137283985e-12
1.9859446137283985e-12
1.9859446137283985e-12
1.9859446137283985e-12
1.9859446137283985e-12
1.9859446137283985e-12
1.9859446137283985e-12
1.9859446137283985e-12
0.
1.9859446137283985e-12
0.
1.9859446137283985e-12
1.241215383580249e-13
4.964861534320996e-13
6.454319994617295e-12
1.0177966145358043e-11
3.711233996904945e-11
1.2647984758682737e-10
3.671515104630377e-10
1.0105975653110387e-9
2.5969949470649552e-9
6.218489071737048e-9
1.4047703346746184e-8
3.011548473026922e-8
6.152952899484011e-8
1.203945409257485e-7
2.2649574198034027e-7
4.111029471956143e-7
7.221540047515919e-7
1.2310909138179233e-6
2.0416812664065312e-6
3.3011770219130734e-6
5.214129730822345e-6
8.059156251501987e-6
0.00001220895583069349
0.00001815392025429557
0.00002652940508704298
0.000038147046405485
0.00005403010601961286
0.00007545306177522061
0.00010398536796759016
0.0001415395156976296
0.00019042315783602832
0.0002533954497754621
0.0003337272180910417
0.00043526489864775933
0.0005624981073729984
0.0007206303707910456
0.0009156531291460826
0.0011544223145506134
0.0014447375618758408
0.001795423622054621
0.0022164136707203065
0.0027188343283574847
0.0033150919956445334
0.004018960364103026
0.00484566876071975
0.005811991136635393
0.00693633550031245
0.008238833605152294
0.009741430633388585
0.011467974891772252
0.013444307196952592
0.01569835008261988
0.01826019644102609
0.02116219785606363
0.02443905231809466
0.028127891406050806
0.03226836695691086
0.03690273710352407
0.042075951759720086
0.047835737554319406
0.05423268220175608
0.061320318399052665
0.06915520712217099
0.07779702054230288
0.08730862436511974
0.09775615982111656
0.10920912503236926
0.12174045604366752
0.1354266073021754
0.15034763155570685
0.1665872592911309
0.18423297743549485
0.2033761074365398
0.22411188254685233
0.24653952425368778
0.2707623177128422
0.29688768621661044
0.32502726439620117
0.3552969701811986
0.3878170754098236
0.42271227481829066
0.4601117535877497
0.5001492530349891
0.5429631346024265
0.588696408623647
0.6374969611819531
0.689517278972012
0.7449148389033388
0.8038519957145738
0.8664960676331076
0.9330193867839405
1.0035993478938574
1.0784184551459428
1.157664367634378
1.2415299432616365
1.3302132815843701
1.4239177655328925
1.5228521025338857
1.6272303650702165
1.7372720311513832
1.8532020249002674
1.9752507577287155
2.1036541703286002