0.10300612624347193
0.14329089455931826
0.19623695964363955
0.26410237568860745
0.3524726851640806
0.46722862812756516
0.616701750748796
0.8077959790581275
1.0381046123709543
1.300050567170187
1.588076978220936
1.8988869118065872
2.2304560723612608
2.581459013011074
2.9509911206850057
3.338395690942891
3.7431871587747825
4.164998885879761
4.60355076522184
5.058623242259296
5.530046931686716
6.017690803864975
6.521452507589922
7.041255225657408
7.577047669423775
8.12879288596232
8.696467742656168
9.280061628526916
9.879616558217073
10.495112729757958
11.126597051874676
11.774108393712277
12.437703477279154
13.11743959474703
13.813388573254278
14.52562754418335
15.254256709471061
15.99935760914796
16.76104010499697
17.53941638994648
18.334606206195954
19.14673664219265
19.975941922004598
20.822363192672576
21.68614831214924
22.567451636954065
23.466433808921288
24.383261540749384
25.318107400106317
26.271149592247163
27.24257174117158
28.23256266936977
29.241316176296312
30.269030815686687
31.315909671849685
32.382160135121225
33.467993676570885
34.57362562215924
35.69927492644089
36.84516394595833
38.011518212472815
39.19856620614025
40.40653912877076
41.635670677299615
42.886196817604564
44.15835555882742
45.45238672832321
46.76853174743798
48.107033408265536
49.46813565158543
50.85208334619584
52.259122069865896
53.68949789213984
55.1434571592745
56.62124628157987
58.12311152345463
59.64929879645554
61.20005345570076
62.775620099979584
64.37624237595342
66.00216278660608
67.6536225049322
69.33086119227224
71.03411682265677
72.76362551297527
74.5196213595685
76.30233628159061
78.11199987155601
79.94883925342874
81.81307894863399
83.70494075032201
85.62464360627918
87.57240351072575
89.54843340535818
91.55294308987925
93.58613914227995
95.64822484907
97.73940014567472
99.85986156714542
102.00980220931389
104.18941170050137
106.39887618384414
108.63837831026561
110.90809724213221