9.512275276624141
9.54714021127795
9.582183902773643
9.617406055933818
9.652806377551874
9.688384576401447
9.724140363246459
9.760073450838886
9.79618355393428
9.832470389293123
9.868933675689025
9.90557313390351
9.942388486742896
9.979379459031472
10.016545777618196
10.053887171381787
10.091403371222773
10.129094110073806
10.16695912289246
10.204998146672018
10.24321092042808
10.281597185205259
10.32015668407284
10.358889162129373
10.397794366489011
10.436872046289094
10.476121952685054
10.515543838840605
10.55513745993433
10.594902573144285
10.634838937655944
10.674946314650404
10.71522446729831
10.755673160758855
10.796292162170602
10.837081240649864
10.87804016728214
10.91916871511567
10.960466659156083
11.001933776361568
11.043569845631076
11.085374647798243
11.127347965635732
11.169489583827923
11.211799288977867
11.254276869596863
11.296922116093528
11.339734820768342
11.382714777802349
11.425861783258153
11.469175635054468
11.512656132977172
11.55630307865696
11.600116275567734
11.64409552901021
11.688240646113796
11.732551435820689
11.777027708874337
11.821669277823666
11.866475956992657
11.911447562492645
11.956583912199354
12.001884825749045
12.04735012452809
12.092979631662558
12.138773172014348
12.184730572161097
12.230851660397782
12.27713626672184
12.323584222827314
12.370195362085262
12.4169695195502
12.463906531938257
12.51100623762457
12.558268476627156
12.605693090606149
12.653279922848922
12.70102881826177
12.748939623357607
12.797012186256605
12.845246356663344
12.893641985867683
12.942198926732601
12.990917033683766
13.039796162701466
13.088836171314902
13.138036918583326
13.187398265097023
13.236920072967765
13.286602205813534
13.336444528751453
13.386446908396051
13.436609212842129
13.486931311658923
13.537413075882545
13.58805437800728
13.638855091978646
13.689815093176756
13.740934258419426
13.792212465947395
13.843649595417634
13.895245527892543
13.947000145838082
13.998913333107774
14.050984974940578
14.103214957952341
14.155603170126476
14.208149500803543
14.26085384068286
14.313716081801154
14.36673611753815
14.419913842601668
14.473249153021674
14.526741946147302
14.580392120627105
14.634199576419123
14.688164214773256
14.74228593822294
14.796564650582177
14.851000256940932
14.905592663655094
14.96034177833678
15.015247509853474
15.070309768316978
15.125528465081429
15.180903512735348
15.236434825087873
15.292122317172348
15.347965905243846
15.403965506752362
15.460121040362042
15.516432425926244
15.572899584493367
15.629522438292456
15.68630091073295
15.743234926398973
15.80032441104239
15.85756929157249
15.914969496060971
15.972524953726282
16.03023559493562
16.08810135119636
16.146122155148117
16.204297940562864
16.262628642338115
16.321114196491564
16.379754540153677
16.43854961067286
16.497499350077657
16.556603696135884
16.61586259128382
16.67527597815571
16.734843800476597
16.79456600304814
16.854442531750987
16.914473333544407
16.974658356448288
17.03499754955331
17.09549086300618
17.156138248014226
17.21693965683534
17.27789504277537
17.339004360230327
17.400267564499202
17.461684612049226
17.523255460345553
17.584980067870404
17.646858394137563
17.708890399682094
17.771076046054866
17.83341529581685
17.895908112547932
17.958554460827553
18.02135430624326
18.084307615379675
18.147414355819606
18.21067449613684
18.274088005899753
18.337654855658656
18.401375016949
18.4652484622904
18.52927516517298
18.593455100066056
18.657788242410568
18.72227456860952
18.786914056038164
18.851706683030468
18.916652428881214
18.981751273840317
19.047003199111796
19.112408186851567
19.177966220162844
19.24367728309266
19.309541360632853
19.37555843871574
19.441728504208516
19.508051544916984
19.57452754957302
19.641156507843757
19.707938410323756
19.77487324852745
19.841961014892984
19.909201702780226
19.976595306464567
20.04414182113692
20.111841242903463
20.179693568773864
20.2476987966707
20.31585692542152
20.384167954753632
20.45263188530042
20.52124871858908
20.590018457049787
20.658941103998824
20.728016663648
20.7972451411048
20.866626542353362
20.93616087427102
21.005848144619343
21.07568836203681
21.145681536041813
21.215827677031637
21.286126796280612
21.35657890593205
21.427184019001952
21.497942149376414
21.568853311808155
21.63991752191278
21.71113479617263
21.782505151928607
21.85402860738003
21.92570518158688
21.997534894460486
22.06951776676886
22.1416538201274
22.21394307700533
22.28638556071441
22.35898129541887
22.431730306119398
22.504632618664427
22.577688259736984
22.650897256864123
22.72425963840439
22.797775433554023
22.871444672338892
22.945267385617473
23.01924360399888
23.09337336211911
23.16765669226813
23.242093628613496
23.316684206135513
23.391428460640387
23.466326428746704
23.541378147894118
23.616583656334026
23.691942993129835
23.76745619815435
23.843123312094857
23.91894437643762
23.99491943348089
24.071048527973847
24.147331700563807
24.22376899755567
24.300360464446563
24.377106147528856
24.45400609389438
24.531060351421658
24.60826896878433
24.685631995442716
24.763149481644565
24.84082147842357
24.91864803759563
24.996629211760474
25.074765054295824
25.153055619357893
25.231500961877664
25.310101137565347
25.38885620290009
25.46776621512936
25.546831232275128
25.626051313123344
25.70542651722603
25.784956904898063
25.864642537215683
25.944466237889642
26.024479783895956
26.10463152420349
26.184938761044148
26.265401559276015
26.346019984506764
26.426794103095613
26.507723982140188
26.588809689494383
26.67005129374825
26.751448864235467
26.833002471027353
26.914712184933265
26.996578077499954
27.078600221006255
27.16077868846157
27.24311355360613
27.32560489091286
27.408252775573718
27.491057283509384
27.574018491359446
27.657136476487242
27.740411316972548
27.823843091612922
27.90743187991926
27.991177762113924
28.075080819134204
28.15914113262328
28.243358784930823
28.32773385911413
28.412266438928924
28.496956608834452
28.581804453990994
28.666810060250818
28.75197351416722
28.837294902981753
28.92277431462944
29.00841183773256
29.094207561601902
29.180161576234017
29.26627397230664
29.352544841180425
29.43897427489137
29.525562366158752
29.61230920837088
29.69921489559376
29.786279522558555
29.873503184672657
29.9608859780044
30.048427999288766
30.136129345925173
30.22399011597026
30.31201040814272
30.400190321815998
30.488529957019644
30.577029414434346
30.6656887953897
30.754508201866813
30.84348773648975
30.932627502529986
31.021927603899595
31.111388145146766
31.201009231467236
31.29079096868144
31.380733463249413
31.47083682226161
31.561101153436535
31.651526565122854
31.742113166292206
31.83286106653832
31.923770376076906
32.01484120574378
32.10607366698854
32.19746787187779
32.28902393308907
32.380741963909585
32.47262207823352
32.56466439056497
32.656869016007306
32.74923607026811
32.841765669652496
32.934457931064706
33.027312971998555
33.12033091054899
33.213511865394196
33.30685595580653
33.40036330163912
33.49403402333317
33.5878682419062
33.681866078964035
33.77602765668312
33.8703530978163
33.96484252569209
34.059496064205895
34.1543138378253
34.24929597157829
34.34444259106533
34.439753822442675
34.53522979242787
34.63087062829637
34.72667645787959
34.82264740955904
34.918783612270694
35.015085195495146
35.111552289262384
35.208185024144164
35.30498353125689
35.40194794225131
35.49907838932271
35.59637500519673
35.69383792312949
35.7914672769136
35.88926320086557
35.98722582982955
36.0853552991757
36.18365174478795
36.28211530307873
36.380746110973824
36.47954430591214
36.578510025845965
36.67764340923647
36.776944595057444
36.87641372278228
36.976050932392525
37.0758563643698
37.17583015968998
37.27597245983052
37.37628340676288
37.47676314294892
37.57741181133792
37.67822955537355
37.77921651897708
37.88037284655637
37.98169868300244
38.08319417367578
38.18485946442204
38.28669470155719
38.38870003186859
38.490875602610814
38.59322156150785
38.695738056749654
38.79842523698367
38.901283251322944
39.00431224933332
39.10751238103849
39.210883796915724
39.31442664789186
39.41814108534203
39.52202726108886
39.62608532739981
39.73031543698085
39.83471774298097
39.93929239898096
40.044039559004474
40.14895937750078
40.25405200935322
40.359317609869954
40.46475633478606
40.570368340262796
40.67615378287937
40.78211281963189
40.88824560793876
40.99455230563005
41.101033070946215
41.20768806253729
41.31451743946279
41.42152136118674
41.528699987573724
41.636053478891945
41.74358199580606
41.851285699378046
41.959164751059106
42.06721931270001
42.175449546534935
42.2838556151827
42.39243768165262
42.50119590933296
42.610130461991275
42.71924150377471
42.82852919920537
42.9379937131786
43.04763521095899
43.1574538581835
43.26744982084957
43.37762326532448
43.48797435833498
43.59850326696543
43.70921015866247
43.82009520122019
43.93115856279237
44.04240041188217
44.15382091733698
44.26542024835282
44.37719857447114
44.48915606557064
44.60129289187334
44.7136092239339
44.82610523264596
44.93878108923367
45.05163696525078
45.16467303257878
45.277889463426526
45.39128643032467
45.504864106127364
45.618622664004874
45.732562277443115
45.846683120248244
45.96098536653249
46.07546919072261
46.19013476755169
46.304982272052946
46.420011879573494
46.53522376575251
46.65061810653216
46.76619507815049
46.88195485713974
46.99789762032432
47.11402354481946
47.23033280802612
47.34682558763111
47.46350206160795
47.58036240820808
47.6974068059616
47.814635433675384
47.932048470434594
48.049646095591754
48.16742848877121
48.285395829867014
48.40354829903662
48.52188607670087
48.6404093435441
48.75911828050821
48.878013068791404
48.99709388984895
49.116360925385706
49.23581435735989
49.355454367976826
49.47528113968611
49.595294855185095
49.715495697409324
49.835883849533126
49.95645949497327
50.0772228173765
50.19817400062664
50.31931322883567
50.440640686345525
50.56215655772532