0.028672280974858726
0.029791531671860976
0.03094457511304292
0.032132143167153876
0.03335497821789928
0.03461383323617943
0.03590947195212192
0.037242668918259544
0.038614209690747685
0.04002489091575295
0.041475520487211634
0.04296691762254384
0.04449991306795054
0.046075349144834986
0.04769407993908809
0.049356971399268555
0.05106490148803113
0.052818760306124056
0.054619450232894634
0.05646788600498228
0.05836499496940233
0.06031171706592082
0.06230900508286892
0.06435782472131382
0.06645915475083125
0.06861398714355671
0.07082332720215478
0.07308819366842556
0.0754096189128381
0.07778864897822128
0.08022634378940514
0.08272377721490914
0.08528203724766324
0.08790222608332852
0.09058546025819628
0.09333287078919701
0.09614560325035945
0.09902481792659698
0.10197168990233053
0.10498740916587472
0.10807318076099032
0.11123022484187002
0.11445977678944037
0.1177630873071836
0.12114142253905304
0.12459606411713584
0.12812830927745833
0.13173947095022243
0.13543087778202328
0.13920387429820044
0.14305982085716087
0.14700009383345847
0.15102608556864178
0.15513920450145754
0.159340875147743
0.163632538213873
0.16801565055344148
0.17249168524694766
0.1770621315847913
0.1817284951242444
0.1864922976610276
0.1913550772096987
0.19631838805019844
0.2013838006680239
0.20655290173858898
0.21182729409594608
0.21720859667655887
0.2226984444825623
0.22829848852851445
0.23401039572174354
0.23983584885204562
0.24577654642201055
0.25183420263485806
0.2580105471864101
0.2643073252232617
0.2707262971558543
0.27726923852479635
0.2839379398593653
0.290734206504854
0.29765985840188314
0.3047167299337313
0.31190666970552294
0.31923154031932033
0.3266932181170674
0.3342935929690872
0.3420345679756932
0.3499180591972253
0.35794599536137106
0.3661203175423116
0.3744429788247246
0.3829159439857849
0.3915411890726547
0.4003207010805125
0.40925647753935224
0.4183505260153873
0.42760486377778406
0.4370215172883982
0.4466025216558884
0.4563499202222671
0.4662657639893354
0.4763521110245128
0.4866110259350585
0.49704457923107986
0.5076548466640884
0.5184439086147087
0.5294138493367774
0.540566756273931
0.5519047192539326
0.5634298297407149
0.5751441799642892
0.5870498620733671
0.5991489672027112
0.6114435845815703
0.6239358004836113
0.6366276972359324
0.6495213521246839
0.6626188362880281
0.6759222135552305
0.6894335392089198
0.7031548587356804
0.7170882065050272
0.7312356044097782
0.7455990604454827
0.7601805672084281
0.7749821004241775
0.7900056172979955
0.8052530549279538
0.8207263285950332
0.8364273300241806
0.852357925580699
0.8685199544272911
0.8849152266458519
0.901545521275852
0.9184125843240487
0.9355181267905814
0.9528638225488515
0.9704513063285469
0.9882821715538181
1.006357968259277
1.0246802009546092
1.0432503264716881
1.0620697518830546
1.0811398323636758
1.100461869164786
1.120037107525913
1.1398667347675033
1.1599518783129203
1.1802936038977443
1.2008929138221396
1.2217507452790626
1.2428679688620723
1.26424538716586
1.2858837335152449
1.3077836708901571
1.3299457909680403
1.3523706133773847
1.3750585851103838
1.3980100801556585
1.421225399295692
1.4447047701395965
1.468448347338464
1.492456213017435
1.516728377435899
1.5412647798134007
1.5660652893968363
1.5911297067034063
1.6164577649758172
1.6420491317623482
1.6679034107583184
1.6940201437197928
1.720398812556271
1.7470388415847349
1.7739395998524592
1.8011004035769922
1.828520518690647
1.856199163422355
1.8841355109767035
1.9123286921959715
1.940777798299119
1.9694818835939678
1.998439968188759
2.027651040695894
2.0571140609051386
2.0868279623929076
2.116791655108336
2.147004027862785
2.1774639507919162
2.2081702776979903
2.2391218483309725
2.270317490587841
2.301756022592989
2.3334362547109793
2.3653569914593815
2.3975170333090308
2.4299151783633923
2.4625502240168244
2.4954209684467683
2.5285262120086265
2.5618647585665926
2.5954354167436806
2.629237001023674
2.6632683328230424
2.697528241452756
2.732015565004641
2.7667291511498497
2.801667857888806
2.836830554210785
2.872216120665494
2.9078234499454503
2.9436514473252484
2.979699031093749
3.0159651329027377
3.0524486981107426
3.0891486860408324
3.1260640701952247
3.1631938384684015
3.200536993275079
3.238092551684011
3.2758595454745865
3.3138370212335224
3.3520240403402166
3.390419678998647
3.4290230282073337
3.467833193707954
3.506849295960764
3.5460704700296644
3.5854958655016453
3.625124646404741
3.6649559910563525
3.704989091961223
3.745223155650448
3.785657402548297
3.826291066816437
3.8671233961831457
3.9081536517850517
3.9493811079851757
3.9908050522018907
4.032424784726462
4.07423961852917
4.116248879102545
4.1584519042321135
4.200848043842118
4.243436659795182
4.286217125692723
4.329188826691376
4.372351159318305
4.415703531283155
4.459245361274988
4.50297607878591
4.546895123927367
4.591001947245458
4.635296009534127
4.679776781653199
4.724443744357103
4.769296388119723
4.814334212950953
4.859556728234226
4.904963452556086
4.950553913527956
4.996327647646126
5.042284200110785
5.088423124669879
5.134743983474127
5.181246346907609
5.22792979345569
5.274793909545032
5.32183828939626
5.369062534888547
5.416466255422087
5.4640490677739875
5.511810595966581
5.559750471130885
5.607868331401355
5.656163821744962
5.704636593879773
5.753286306130595
5.8021126233180125
5.851115216641836
5.900293763558595
5.949647947682861
5.999177458665358
6.048881992101738
6.098761249403988
6.148814937727196
6.199042769840098
6.24944446404824
6.3000197440896
6.350768339037889
6.401689983214553
6.452784416102013
6.504051382248585
6.555490631186687
6.60710191733838
6.658884999952562
6.710839643011012
6.762965615147211
6.815262689576833
6.86773064401347
6.920369260607314
6.973178325857778
7.026157630560364
7.07930696971408
7.132626142479353
7.186114952086432
7.239773205796414
7.2936007148203155
7.347597294254652
7.4017627630352685
7.456096943866215
7.510599663168112
7.565270751014726
7.620110041082823
7.675117370597928
7.7302925802692855
7.785635514259822
7.841146020114776
7.896823948717385
7.952669154245695
8.0086814941167
8.06486082963017
8.121207023205196
8.177719942374063
8.234399457061862
8.291245440214936
8.348257767752333
8.405436318525224
8.462780974287986
8.520291619631047
8.577968141976916
8.63581043150298
8.693818381147711
8.751991886530602
8.810330845955777
8.868835160341973
8.927504733215232
8.986339470663333
9.045339281292733
9.104504076221117
9.163833769019057
9.22332827570381
9.282987514679244
9.342811406740797
9.402799875014788
9.462952844948234
9.523270244273355
9.583752002981262
9.644398053295015
9.705208329648654
9.766182768643748
9.827321309042583
9.888623891737485
9.950090459716828
10.011720958056458
10.073515333881838
10.135473536352666
10.1975955166363
10.259881227885051
10.322330625220792
10.38494366570417
10.447720308315008
10.51066051394124
10.573764245340445
10.637031467137493
10.700462145793997
10.764056249592063
10.827813748616414
10.891734614728948
10.955818821562275
11.020066344491305
11.084477160615984
11.149051248752368
11.213788589403691
11.278689164748089
11.343752958635982
11.40897995654391
11.474370145584954
11.539923514482176
11.60564005354789
11.671519754684034
11.73756261135176
11.803768618559648
11.870137772858978
11.936670072315442
12.003365516508886
12.07022410650204
12.137245844847962
12.204430735560242
12.271778784100977
12.339289997380009
12.406964383730115
12.474801952895456
12.542802716029097
12.610966685663715
12.679293875718049
12.747784301469476
12.816437979556488
12.885254927947292
12.954235165952591
13.02337871419878
13.092685594617759
13.162155830441858
13.231789446188428
13.301586467649926
13.37154692188671
13.441670837214376
13.511958243191602
13.582409170614802
13.653023651500385
13.72380171908437
13.794743407810117
13.86584875331515
13.937117792418634
14.008550563130436
14.080147104617227
14.15190745720982
14.223831662385908
14.295919762775782
14.368171802129053
14.440587825331301
14.513167878379232
14.585912008374986
14.658820263525136
14.731892693128895
14.805129347568187
14.87853027829325
14.952095537830461
15.025825179765194
15.099719258735506
15.173777830419835
15.248000951538993
15.322388679840277
15.396941074097347
15.4716581940988
15.546540100636516
15.621586855509985
15.696798521511797
15.772175162419446
15.847716842990241
15.923423628962675
15.999295587035318
16.075332784868184
16.151535291080002
16.22790317522923
16.304436507826956
16.381135360306242
16.45799980503801
16.535029915312435
16.612225765334454
16.68958743022404
16.7671149859998
16.844808509580474
16.922668078778347
17.000693772293058
17.07888566970103
17.157243851458592
17.235768398885213
17.314459394169578
17.39331692035682
17.472341061341183
17.551531901869623
17.630889527525802
17.710414024734188
17.790105480745268
17.869963983638044
17.949989622312334
18.030182486481692
18.110542666671314
18.19107025420722
18.271765341220977
18.35262802063655
18.43365838616756
18.514856532308855
18.596222554345182
18.677756548323657
18.759458611075335
18.841328840183827
18.92336733400291
19.00557419163868
19.087949512947024
19.17049339853417
19.25320594974882
19.33608726867263
19.41913745812565
19.502356621651924
19.585744863522233
19.669302288724904
19.753029002968916
19.836925112666396
19.920990724941674
20.005225947620005
20.089630889220597
20.174205658964325
20.25895036675212
20.343865123177142
20.42895003951361
20.514205227703627
20.59963080037484
20.68522687081458
20.770993552975614
20.856930961476106
20.943039211588975
21.02931841923443
21.11576870098878
21.2023901740667
21.289182956329533
21.376147166268417
21.463282923015203
21.55059034632173
21.638069556574973
21.72572067477667
21.813543822548056
21.901539122123154
21.98970669635014
22.078046668677565
22.166559163158702
22.255244304449924
22.34410221780042
22.433133029047205
22.522336864620858
22.611713851533455
22.701264117379207
22.79098779032651
22.88088499912279
22.97095587308507
23.061200542090766
23.151619136586906
23.24221178757806
23.33297862662462
23.423919785838944
23.515035397886102
23.606325595975445