 0.41689561176700E-17
 0.68482899821183E-16
 0.10932725517785E-15
 0.66703297882720E-16
 0.29167161628566E-15
 0.28390164527362E-15
 0.59014769884293E-15
-0.12389969774505E-14
 0.72677046280521E-15
 0.78356773576792E-14
 0.56154560767626E-13
 0.25668341732515E-12
 0.96145327801409E-12
 0.28987710913904E-11
 0.74974951371129E-11
 0.17093886906886E-10
 0.35147851823741E-10
 0.66361705741723E-10
 0.11660199823090E-09
 0.19302380867877E-09
 0.30367322235100E-09
 0.45750779055401E-09
 0.66492559220149E-09
 0.93928030758583E-09
 0.12858071381427E-08
 0.17275431481958E-08
 0.22731725912143E-08
 0.29432538981560E-08
 0.37616584580146E-08
 0.47544463964844E-08
 0.59547190392773E-08
 0.74015151176484E-08
 0.91407981655793E-08
 0.11225164436373E-07
 0.13713804998495E-07
 0.16670956470215E-07
 0.20165260866562E-07
 0.24266068409713E-07
 0.29040449558769E-07
 0.34549556453670E-07
 0.40844109453751E-07
 0.47959895518091E-07
 0.55912738886696E-07
 0.64694221024829E-07
 0.74268172846826E-07
 0.84567916597119E-07
 0.95495433314123E-07
 0.10692113094552E-06
 0.11868597676637E-06
 0.13060586091089E-06
 0.14247834224961E-06
 0.15408971334265E-06
 0.16522645489455E-06
 0.17568467747077E-06
 0.18527937069670E-06
 0.19385376183188E-06
 0.20128349969077E-06
 0.20747427872894E-06
 0.21235347975947E-06
 0.21585134017267E-06
 0.21787143763488E-06
 0.21824978354402E-06
 0.21669924329917E-06
 0.21274471992605E-06
 0.20564278880571E-06
 0.19429377908601E-06
 0.17714795408042E-06
 0.15211357622387E-06
 0.11648258795161E-06
 0.66887964818357E-07
-0.66251831230996E-09
-0.90647118544296E-07
-0.20771537169306E-06
-0.35615306580676E-06
-0.53907338315205E-06
-0.75733380004657E-06
-0.10082415279612E-05
-0.12842334398985E-05
-0.15718103813179E-05
-0.18511149711431E-05
-0.20965529092653E-05
-0.22787355338115E-05
-0.23677881858453E-05
-0.23376920631800E-05
-0.21709808060488E-05
-0.18628369644243E-05
-0.14236068321522E-05
-0.87899893934999E-06
-0.26768831705736E-06
 0.36335918819035E-06
 0.96499900318163E-06
 0.14923048183876E-05
 0.19100483137993E-05
 0.21963497006640E-05
 0.23440056695539E-05
 0.23595457846865E-05
 0.22604971055105E-05
 0.20715929675393E-05
 0.18207318247844E-05
 0.15353720732779E-05
 0.12398014798391E-05
 0.95347807155403E-06
 0.69038456154569E-06
 0.45920080487349E-06
 0.26402368557498E-06
 0.10536622439356E-06
-0.18789789886369E-07
-0.11202990428719E-06
-0.17872047420249E-06
-0.22342209252806E-06
-0.25049852089140E-06
-0.26388064802271E-06
-0.26695526884372E-06
-0.26254010583796E-06
-0.25290902752653E-06
-0.23984832136541E-06
-0.22472837458645E-06
-0.20857509585759E-06
-0.19213553607307E-06
-0.17593547193204E-06
