0.
0.
0.
0.
0.
7.447292301481494e-13
4.108422919650624e-11
8.807664361885447e-10
9.899437413282635e-9
7.054447632578345e-8
3.5999230425208513e-7
1.4273571033742433e-6
4.654122021826297e-6
0.000012998942876765433
0.00003204799415288373
0.00007134363719475544
0.00014592768349218848
0.00027801332595176235
0.0004986972845538218
0.0008496343675111694
0.0013846144917650832
0.0021710050221789776
0.003291041168095614
0.004842965284263237
0.006942029195824474
0.009721382093548961
0.013332871387968336
0.01794778509879127
0.023757562273092652
0.030974494363110505
0.03983243536900949
0.050587531730125854
0.06351897675355109
0.0789297868985325
0.09714759068589617
0.11852541432395851
0.14344244267037135
0.172304729183614
0.20554582486246759
0.24362729376484085
0.2870390819654974
0.3362997007873736
0.39195620365167044
0.4545839082641857
0.5247858392818034
0.6031918578899746
0.6904574573240814
0.7872621554279934
0.894307474337842
1.0123146907376805
1.1420204880185298
1.2841758588581684
1.4395391182866808
1.6088719794114932
1.7929331752367574
1.9924713812697419
2.208217192693465
2.4408742786143987
2.6911099891208643
2.9595458755088586
3.246748765543897
3.5532231589869063
3.8794057282857017
4.225662565535312
4.592289532806426
4.979515689014093
5.38750938170539
5.816386300141411
6.266218647589751
6.73704461140392
7.228877450458522
7.741713722949188
8.275540384007328
8.83034065854001
9.406098721076782
10.002803292054356
10.620450299632648
11.259044764679436
11.918602060201325
12.59914867907257
13.300722623824003
14.023373511692172
14.767162469486172
15.532161876683107
16.31845500185179
17.12613556665412
17.955307277295063
18.806083243932388
19.67858559779648
20.572944823234597
21.489299304815734
22.427794798639134
23.388583929927165
24.371825704892927
25.377685038242074
26.406332297014238
27.457942860970356
28.532696699542665
29.63077796507091
30.752374602000096
31.89767797159802
33.06688249174577
34.26018529136523
35.47778587903305
36.71988582539213
37.98668845899937
39.27839857527478
40.59522215831024
41.937366115259024
43.30503802316873
44.698445888069614
46.11779791621948
47.56330229743114
49.03516700042443
50.533599580160754
52.0588069971922
53.61099544898749
55.190370213297115
56.79713550355616
58.431494336396405