-0.25528580962481E-32
-0.20422864769985E-31
-0.68927168598698E-31
-0.16338291815988E-30
-0.31910726203101E-30
-0.55141734878958E-30
-0.87563032701309E-30
-0.13070633452790E-29
-0.18610335521648E-29
-0.25528580962481E-29
-0.33978541261062E-29
 0.81584486914724E-14
-0.57564418924020E-14
 0.10121913221148E-13
 0.14487354284794E-13
-0.18126396530611E-13
-0.10780813883700E-13
-0.90231799951628E-15
-0.33025310779015E-13
 0.38716351480028E-13
-0.35954684635675E-14
 0.62551478222940E-13
 0.66044722510767E-13
 0.15542292774096E-12
 0.20405975764762E-12
 0.21775771138767E-12
 0.53432377575912E-12
 0.13290161387698E-11
 0.11024137749659E-11
 0.29901944295052E-11
 0.53928265705291E-11
 0.71752440652122E-11
 0.86900569415328E-11
 0.12290187912023E-10
 0.17191271548389E-10
 0.22668827281420E-10
 0.32607055365080E-10
 0.42866844332816E-10
 0.56587044692081E-10
 0.66797163108930E-10
 0.89952502644742E-10
 0.11183335810836E-09
 0.13574045270079E-09
 0.17339618882034E-09
 0.19764870086062E-09
 0.24984796892947E-09
 0.29578186857352E-09
 0.34872919845420E-09
 0.41587309981441E-09
 0.49053892203353E-09
 0.57180553297245E-09
 0.66250051530817E-09
 0.77481386930247E-09
 0.89577488796421E-09
 0.10318312470620E-08
 0.11799557782811E-08
 0.13556674735965E-08
 0.15487902240252E-08
 0.17681203571615E-08
 0.20153905148698E-08
 0.22829853883972E-08
 0.25937414036559E-08
 0.29349622818530E-08
 0.22073387609680E-08
 0.37073883450064E-08
 0.41575255315920E-08
 0.46592823435511E-08
 0.52177922736381E-08
 0.57944403081930E-08
 0.64461368902292E-08
 0.71145183848052E-08
 0.78566067777033E-08
 0.86406705995461E-08
 0.94712096946246E-08
 0.10365412381867E-07
 0.11272806784975E-07
 0.12213097231385E-07
 0.13213278478336E-07
 0.14225873465387E-07
 0.15262133195183E-07
 0.16326864611147E-07
 0.17375993191704E-07
 0.18539490491599E-07
 0.19404618071741E-07
 0.20738327288199E-07
 0.21691836644287E-07
 0.22441712386876E-07
 0.23657991263973E-07
 0.24757754752632E-07
 0.25415114259268E-07
 0.25977591965700E-07
 0.27140548079412E-07
 0.27381630927772E-07
 0.28068434170179E-07
 0.28491448175582E-07
 0.28779707198843E-07
 0.29744570220895E-07
 0.27522833148482E-07
 0.28634668615391E-07
 0.28120183474580E-07
 0.22536400401873E-07
 0.31314244595560E-07
 0.28723401948895E-07
 0.22207537015465E-07
 0.19272531083148E-07
 0.15470389589347E-07
 0.10670782037547E-07
 0.44978810526548E-08
-0.32051247278175E-08
-0.12828864460408E-07
-0.24754802496888E-07
-0.39332707283970E-07
-0.57176020230521E-07
-0.78765110330094E-07
-0.10258215180222E-06
-0.13541090960337E-06
-0.17178203618867E-06
-0.21412379522876E-06
-0.26278599142705E-06
-0.31768756865739E-06
