62.3777640862205
62.416638117329924
62.481411933408666
62.572059982741
62.68854704708548
62.83082707533376
62.99884288435441
63.19252544720126
63.41179302125867
63.65654978906586
63.92668455274976
64.22207011439797
64.542562062073
64.88799993759027
65.25820528392094
65.6529876589463
66.07214273954229
66.5154514550761
66.98269293977356
67.4736351589056
67.98804389518618
68.52568264630115
69.08631633876418
69.66971210497307
70.27564166881504
70.90388304063855
71.55421693882096
72.22645233167337
72.92037904019223
73.63581654586959
74.37258841055431
75.13054307945316
75.90952047626672
76.70938831119147
77.53002247002465
78.37131079581994
79.23315430168338
80.1154672219625
81.0181757393692
81.94121677842145
82.88453987043006
83.84810611581553
84.83188662933465
85.83586450226748
86.86003086342264
87.9043874979207
88.96894591060538
90.05372586132701
91.158755269898
92.28406779764327
93.42971425802033
94.59573810402522
95.78219983703745
96.98916138799534
98.2166930315366
99.4648616639409
100.73377034079269
102.02348053130736
103.33408864483296
104.66568860519043
106.01837600576138
107.39225392046329
108.78741980120597
110.20398415652996
111.64205482400205
113.10174279292994
114.58315957595335
116.08642012621792
117.61164031113638
119.15893702006801
120.72842950842205
122.32023557841063
123.9344750667048
125.5712685235792
127.23073481362199
128.91299613678953
130.61817078227568
132.34638018010233
134.09774280944762
135.87237799306524
137.670404111646
139.49193827664155
141.337094684463
143.20599516641832
145.09874777990578
147.01546791358786
148.9562671097826
150.921254834989
152.91048591402222
154.9242383194884
156.96244450378495
159.02526542913688
161.11280789720158
163.225168862358
165.36244903595252
167.52474699532291
169.71225022608144
171.9247745906263
174.16269102380886
176.42599771790395
178.7147829304412
181.0291346027077
183.3691370666719
185.7348695819308
188.12643374297173
190.5438896602665
192.9873221153491
195.4568134412779
197.95243589723145
200.47426511876756
203.02237507985618
205.59682140481127
208.19772784580934
210.8251102740162
213.47905899450487
216.15963939546572
218.8669199017841
221.6009672901859
224.3618477014006
227.14962674052308