86.11243362904273
86.15284149027369
86.22017407064905
86.31440998871855
86.43551931475378
86.58346310124405
86.75819321288606
86.9596520126973
87.18777128266845
87.44247184753185
87.72366248265645
88.03123884984379
88.36507937897449
88.72506227122511
89.1110305499909
89.52282872364835
89.96028407903026
90.42321401526125
90.91142711219413
91.42472470057038
91.9629040484187
92.52575901242568
93.1130850367588
93.7246777478839
94.36033657035229
95.01986682855606
95.70307903055537
96.40979722575432
97.13984591522697
97.8930655935892
98.66930584537101
99.46842654735137
100.2914330307885
101.13481034695799
102.00185119958805
102.89133035746582
103.80316537280078
104.73728587997311
105.6936326608075
106.6721565327121
107.67281969481958
108.69559362127956
109.74045966803219
110.80740884330552
111.89644009965315
113.00756127802828
114.14078928341874
115.29614644597645
116.4736641683832
117.67337893521965
118.89533456430405
120.13958188020169
121.40617434421279
122.69517306482109
124.00664237930994
125.34065355184222
126.69727807307925
128.07659465292667
129.4786830560369
130.9036280268211
132.3515158205998
133.82243549343733
135.3164806256616
136.83373996528343
138.37431398561995
139.93829721899058
141.52578660340612
143.13688391858082
144.7716870771024
146.43029678666767
148.11281477259183
149.8193416359872
151.55090939811004
153.30482764430343
155.08398921093317
156.88756387535676
158.71565164539234
160.56835227523038
162.44576386147097
164.34798495609732
166.27511112806764
168.22723759504242
170.20446432551483
172.20687742499607
174.23457239561506
176.28764008841003
178.36616827166225
180.47024551244075
182.59995734810997
184.7553891386479
186.93662420643867
189.14374006468796
191.37682581239525
193.63595081251577
195.92119727506915
198.23263285974627
200.57033778917062
202.93438150225938
205.32483517726016
207.74176648120593
210.18524252434477
212.65532963372016
215.1520910042074
217.6755912950267
220.2258908025345
222.803049010438
225.40712405226077
228.038179647107
230.69626689552135
233.3814423910988
236.09376090519362
238.83327768623658
241.60004398396435
244.39411219979968
247.21553782034658
250.06436607508095
252.94065236841573
255.84444459088027
258.7757932915745
261.734747237979