0.001179139121178454
0.0012462234328314771
0.0013163978065331016
0.0013897694075783304
0.001466447812571292
0.0015465449935376844
0.0016301753745241944
0.0017174557789709684
0.001808505528264111
0.0019034464174078655
0.0020024027314086558
0.0021055012645139256
0.002212871359682787
0.0023246448754455696
0.0024409562484610774
0.0025619424963713817
0.0026877432034037247
0.0028185005964570216
0.0029543594839099427
0.003095467349208552
0.0032419742922809437
0.0033940330992935437
0.003551799216337345
0.003715430798207674
0.003885088691399535
0.0040609364761848175
0.004243140453703651
0.004431869672526418
0.004627295938707597
0.004829593845574931
0.005038940748036271
0.005255516815951837
0.005479505024825099
0.005711091161015888
0.005950463861335162
0.006197814624091824
0.006453337771732139
0.0067172305315187355
0.006989692997425292
0.0072709281696071845
0.0075611419608558085
0.0078605431932473
0.008169343662685725
0.008487758053259235
0.008816004058258553
0.009154302318860937
0.009502876478619537
0.009861953157149628
0.010231761997046555
0.01061253566438221
0.011004509860993076
0.011407923329693322
0.011823017875747834
0.012250038372209438
0.012689232797155371
0.013140852207869983
0.013605150782301349
0.014082385825267336
0.014572817779750665
0.015076710229133098
0.015594329925122788
0.01612594681965351
0.01667183402367631
0.017232267871206224
0.017807527916591598
0.01839789693426585
0.019003660961941757
0.019625109284227428
0.020262534461050113
0.020916232354466487
0.02158650210929965
0.022273646208497373
0.02297797045079019
0.023699783978742884
0.024439399314749727
0.025197132340554425
0.02597330233771375
0.0267682319800261
0.0275822473685338
0.028415678052499643
0.0292688570117816
0.03014212069953066
0.031035809053982368
0.03195026549572615
0.03288583697834689
0.03384287394907843
0.03482173045219677
0.03582276402376504
0.03684633581699625
0.0378928105776772
0.03896255662108189
0.040055945905451494
0.04117335404242052
0.042315160260276874
0.04348174746962213
0.04467350226746756
0.04589081495138398
0.04713407952657668
0.04840369373741228
0.04970005906369512
0.05102358073953369
0.0523746678002586
0.053753733062935495
0.055161193134432934
0.056597468477455094
0.05806298335779005
0.05955816592387176
0.06108344816358569
0.06263926598221721
0.06422605914274908
0.06584427135634607
0.06749435024400144
0.06917674735478273
0.07089191823111977
0.07264032233594529
0.0744224231464067
0.07623868812904173
0.07808958876013447
0.0799756005327902
0.08189720298424215
0.08385487967723333
0.08584911826691793
0.08788041046176316
0.08994925204489802
0.09205614292252084
0.09420158707338172
0.09638609262213835
0.09861017180373322
0.10087434098598362
0.1031791207048323
0.10552503563058625
0.10791261461471065
0.1103423906678593
0.11281490099636635
0.11533068698859295
0.11789029422162979
0.12049427249654766
0.12314317582188926
0.1258375623909549
0.12857799464013975
0.13136503925737397
0.13419926711273888
0.13708125333591875
0.1400115772960931
0.14299082258828333
0.14601957706041124
0.14909843281602972
0.152227986167653
0.15540883770589237
0.158641592257379
0.16192685888203326
0.16526525089143462
0.16865738584360873
0.1721038855232919
0.17560537595533632
0.17916248738969137
0.18277585430723733
0.18644611540861442
0.19017391360665128
0.19395989602202096
0.19780471397467633
0.20170902297516163
0.20567348272262656
0.20969875707329935
0.2137855140604704
0.21793442586011055
0.22214616879000226
0.2264214232855359
0.2307608739131149
0.2351652093074743
0.23963512222927327
0.24417130944966195
0.2487744718463516
0.2534453142695633
0.25818454564815185
0.26299287884972095
0.2678710307586954
0.2728197221636189
0.2778396778437908
0.28293162644502073
0.28809630051425794
0.2933344364490743
0.2986467744903411
0.30403405870224526
0.3094970369161865
0.3150364607197307
0.3206530854315368
0.32634767006958254
0.33212097732422935
0.3379737734998855
0.3439068285385892
0.34992091593374425
0.3560168127198176
0.36219529943113143
0.3684571600880852
0.3748031821172219
0.38123415636438446
0.3877508770230979
0.3943541415952227
0.40104475087953567
0.40782350891450986
0.41469122290706883
0.42164870325008785
0.42869676343339863
0.43583622002368166
0.4430678925984337
0.45039260373653434
0.4578111789175835
0.46532444653816146
0.4729332378065737
0.4806383867407408
0.4884407300806927
0.49634110725058783
0.5043403603376121
0.5124393339940471
0.5206388754109564
0.5289398342478087
0.5373430626131145
0.5458494149659984
0.5544597480838026
0.5631749210077223
0.5719957949590231
0.5809232333338284
0.5899581015840869
0.5991012671939888
0.6083535996042522
0.6177159701681841
0.6271892520698842
0.6367743202832847
0.6464720514733497
0.6562833239755951
0.6662090176962947
0.676250014070031
0.6864071959693345
0.6966814476699297
0.7070736547389013
0.7175847040277441
0.7282154835265194
0.7389668823655935
0.7498397906900258
0.7608350996313941
0.7719537011948432
0.7831964882245799
0.794564354287198
0.8060581936480957
0.8176789011427616
0.829427372148847
0.8413045024704846
0.8533111882837998
0.8654483260441912
0.8777168124278697
0.8901175442274719
0.9026514182783327
0.9153193313814052
0.9281221802284151
0.9410608612933796
0.9541362707748896
0.9673493044974342
0.9807008578183086
0.9941918255631959
1.007823101918925
1.0215955803431114
1.035510153502592
1.0495677131361467
1.063769150013291
1.0781153538012167
1.0926072129995037
1.1072456148284118
1.1220314451450981
1.136965588331287
1.152048927218921
1.167282342972494
1.1826667150000563
1.1982029208552818
1.2138918361195539
1.229734334314831
1.245731286805467
1.2618835626699931
1.2781920286167163
1.2946575488707674
1.311280985074681
1.3280631961506193
1.345005038223418
1.3621073644959671
1.3793710251300555
1.3967968671516648
1.4143857343154298
1.4321384670060853
1.450055902117572
1.468138872905208
1.4863882089433629
1.504804735905514
1.523389275531728
1.542142645442601
1.561065659060319
1.580159125458469
1.599423849249214
1.6188606304463864
1.6384702643457099
1.6582535414143331
1.6782112471144512
1.6983441618242416
1.7186530606837043
1.7391387134606104
1.7598018844304784
1.7806433322309765
1.801663809740411
1.8228640639378388
1.8442448357739822
1.865806860027496
1.8875508651807211
1.9094775732748366
1.931587699783501
1.9538819534734673
1.9763610362716455
1.9990256431178968
2.0218764618574188
2.044914173078148
2.068139449976458
2.0915529582486787
2.1151553559613894
2.1389472933664773
2.16292941281661
2.187102348636399
2.2114667269796597
2.2360231656893994
2.2607722741915737
2.2857146533700927
2.3108508954382327
2.3361815838101703
2.3617072929895206
2.387428588469544
2.4133460265835796
2.439460154433427
2.4657715097358084
2.4922806207570796
2.518988006201646
2.545894175075925
2.5729996266586803
2.600304850333831
2.6278103255609104
2.6555165217602528
2.6834238982374057
2.711532904107288
2.7398439782284103
2.768357549107172
2.797074034882226
2.8259938432058163
2.8551173712533364
2.8844450056206807
2.9139771223079842
2.9437140866766764
2.9736562534165896
3.003803966507108
3.034157559212204
3.0647173540444426
3.095483662777392
3.1264567864196846
3.157637015225442
3.1890246286936543
3.220619895590274
3.2524230739641036
3.284434411160324
3.316654143863939
3.3490824981315486
3.3817196894313164
3.4145659226818204
3.4476213923353383
3.480886282407387
3.5143607665550465
3.5480450081436095
3.5819391603321042
3.616043366143296
3.6503577585669595
3.684882460630874
3.7196175855290416
3.754563236696036
3.7897195079295116
3.8250864835082408
3.860664238298611
3.896452837887313
3.9324523387008665
3.9686627881380603
4.0050842247037535
4.041716678157822
4.078560169647351
4.115614712262691
4.152880309561789
4.190356958150168
4.228044646221263
4.2659433541215455
4.30405305451697
4.342373712528889
4.380905285937608
4.419647725307257
4.458600974199772
4.497764969290826
4.537139640587665
4.5767249115817705
4.616520699411466
4.656526915052689
4.696743463490401
4.737170243877341
4.777807149728899
4.818654069084838
4.859710884680466
4.900977474130211
4.942453710099398
4.984139460461272
5.026034588492232
5.068138953020787
5.110452408604297
5.152974805704482
5.195705990847544
5.238645806773852
5.281794092627602
5.325150684103775
5.368715413603419
5.412488110403436
5.456468600798219
5.500656708270182
5.545052253617366
5.589655055125713
5.634464928692698
5.679481687995134
5.724705144606596
5.770135108152449
5.815771386444389
5.861613785608425
5.907662110207993
5.953916163398872
6.000375747021271
6.047040661751765
6.093910707199357
6.140985682048593
6.188265384143717
6.235749610613039
6.283438158004974
6.331330822348114
6.379427399277962
6.42772768414578
6.476231472101131
6.524938558189816
6.573848737461357
6.622961805034288
6.6722775562051355
6.721795786520528
6.771516291857134
6.821438868524932
6.871563313308414
6.921889423570729
6.972416997310156
7.023145833234576
7.074075730838179
7.125206490436965
7.176537913270896
7.228069801536411
7.279801958457431
7.331734188331401
7.3838662965994235
7.436198089881011
7.488729376032795
7.541459964198423
7.594389664845051
7.647518289830863
7.700845652405945
7.7543715672968085
7.808095850714829
7.862018320403786
7.916138795692121
7.970457097483998
8.024973048336507
8.079686472460036
8.134597195764321
8.189705045882405
8.245009852183042
8.300511445811663
8.356209659712595
8.412104328643453
8.468195289198606
8.524482379830022
8.580965440867383
8.637644314522671
8.694518844932253
8.751588878143465
8.808854262147516
8.866314846879606
8.923970484241387
8.981821028107428
9.039866334332904
9.098106260763405
9.156540667248708
9.215169415648615
9.27399236982079
9.333009395659731
9.392220361077033
9.451625136021129
9.511223592460277
9.571015604404913
9.631001047896591
9.691179801029964
9.751551743928701
9.81211675876236
9.872874729739449
9.933825543103943
9.99496908714621
10.056305252192086
10.117833930592822
10.179555016747427
10.24146840707412
10.303574000022616
10.365871696054016
10.428361397670237
10.491043009349822
10.553916437618826
10.61698159097957
10.680238379943649
10.743686717009725
10.807326516662153
10.871157695371108
10.935180171559328
10.999393865642187
11.063798699967267
11.128394598844135
11.193181488530202
11.258159297206511
11.32332795498382
11.388687393893429
11.454237547876732
11.519978352771338
11.585909746307578