-0.14336172098502E+03
-0.43885492188830E+03
-0.69134509974619E+03
-0.88782392787391E+03
-0.10198343413969E+04
-0.10837528736690E+04
-0.10806839835721E+04
-0.10160634668683E+04
-0.89898696956275E+03
-0.74133172263370E+03
-0.55673537138032E+03
-0.35951434122132E+03
-0.16359649724945E+03
 0.18454808648286E+02
 0.17625643686098E+03
 0.30220585841518E+03
 0.39182652999479E+03
 0.44384024457218E+03
 0.45996966775896E+03
 0.44449909751496E+03
 0.40363930648063E+03
 0.34476751109816E+03
 0.27561981095903E+03
 0.20352259445876E+03
 0.13474461244239E+03
 0.74034939965544E+02
 0.24391521878920E+02
-0.12931285511482E+02
-0.38200434990167E+02
-0.52825065536777E+02
-0.58900562225829E+02
-0.58761630411270E+02
-0.54617373645556E+02
-0.48312004454510E+02
-0.41219266596997E+02
-0.34247188651479E+02
-0.27913165278771E+02
-0.22447330445857E+02
-0.17893434009578E+02
-0.14189989018339E+02
-0.11227132819699E+02
-0.88819060504123E+01
-0.70373871380730E+01
-0.55913149597188E+01
-0.44585686183792E+01
-0.35704465832816E+01
-0.28725933930471E+01
-0.23225357766294E+01
-0.18873387313733E+01
-0.15415694564459E+01
-0.12656154052988E+01
-0.10443443477796E+01
-0.86607863413285E+00
-0.72175393620483E+00
-0.60438054350296E+00
-0.50844672357854E+00
-0.42967985925706E+00
-0.36471445455590E+00
-0.31088834835634E+00
-0.26610050710320E+00
-0.22867395513323E+00
-0.19727072513196E+00
-0.17081183390789E+00
-0.14843751413608E+00
-0.12944394639093E+00
-0.11326179227736E+00
-0.99428043587312E-01
-0.87554737034808E-01
-0.77335817897401E-01
-0.68509252335800E-01
-0.60862512565671E-01
-0.54220420692386E-01
-0.48429097686383E-01
-0.43365165482814E-01
-0.38930229984571E-01
-0.35031743057387E-01
-0.31595770941012E-01
-0.28560132316656E-01
-0.25872037303094E-01
-0.23487703532381E-01
-0.21366000331272E-01
-0.19472708646619E-01
-0.17779943138329E-01
-0.16265855724729E-01
-0.14906564207306E-01
-0.13683403918355E-01
-0.12581134297926E-01
-0.11588512365336E-01
-0.10689913672253E-01
-0.98708809691110E-02
-0.91336969917112E-02
-0.84623773919388E-02
-0.78454871575946E-02
-0.72883733652399E-02
-0.67814482888403E-02
-0.63164239746652E-02
-0.58817655569272E-02
-0.54929066866957E-02
-0.51309219220491E-02
-0.48009809852400E-02
-0.44907478808412E-02
-0.42152506966934E-02
-0.39554636207131E-02
-0.37099608993581E-02
-0.34903351985732E-02
-0.32881568192104E-02
-0.30908061790809E-02
-0.29152800748601E-02
-0.27540651198741E-02
-0.25983696002541E-02
-0.24560362165089E-02
-0.23184083334526E-02
-0.21928029853644E-02
-0.20774150082311E-02
-0.19663756141727E-02
-0.18660412650893E-02
-0.17736192025934E-02
-0.16837400625524E-02
-0.15977846091858E-02
-0.15174328600265E-02
-0.14409154670808E-02
-0.13727385364756E-02
-0.13087463335129E-02
-0.12454258459862E-02
-0.11850528917743E-02
-0.11321019279444E-02
-0.10838056677235E-02
-0.10358872789166E-02
-0.98296258272769E-03
-0.94174066270785E-03
-0.90256985300318E-03
-0.86265643231896E-03
-0.82808606631279E-03
-0.78794904155484E-03
-0.75147904395340E-03
-0.72931701056175E-03
-0.69170480813848E-03
-0.66915517391219E-03
-0.64071918853038E-03
-0.61140777250202E-03
-0.58903761201216E-03
-0.56985623812781E-03
-0.54098049746784E-03
-0.51862235282003E-03
-0.50064096472130E-03
-0.48177437334984E-03
-0.46217348080869E-03
-0.44321034353428E-03
-0.42964762761082E-03
-0.41113554005869E-03
-0.39670273565050E-03
-0.38409201481010E-03
-0.36833692065949E-03
-0.35921569402249E-03
-0.33720811924387E-03
-0.32404251689180E-03
-0.31114424447292E-03
-0.31104326283666E-03
-0.29945221440304E-03
-0.29015298021793E-03
-0.27605470767873E-03
-0.26816318925653E-03
-0.25724500141417E-03
-0.25029723725531E-03
-0.24573314334430E-03
-0.24120128679130E-03
-0.23216082830784E-03
-0.22171451342086E-03
-0.20851818345838E-03
-0.20750508197971E-03
-0.20894825216762E-03
-0.18881135208055E-03
-0.18699873427115E-03
-0.17520487030159E-03
-0.17110455239866E-03
-0.16630237395563E-03
-0.16179443603175E-03
-0.15712987295957E-03
-0.15238450643801E-03
-0.14974275482152E-03
-0.14380902256314E-03
-0.14270673264417E-03
-0.13154551541431E-03
-0.13586312663363E-03
-0.12727582420588E-03
-0.12860796271672E-03
-0.11801529719311E-03
-0.12264888633493E-03
-0.11144877041388E-03
-0.10991225237557E-03
-0.11196869652643E-03
-0.10071695236667E-03
-0.10663544370212E-03
-0.10059894894271E-03
-0.10340268575636E-03
-0.86757474061792E-04
-0.99968619148328E-04
-0.84098019327122E-04
-0.84375586976917E-04
-0.86247041715876E-04
-0.86270054601337E-04
-0.75601785250895E-04
-0.75605514245330E-04
-0.74667328765724E-04
-0.80656817919687E-04
-0.74965180026521E-04
-0.73386234831792E-04
-0.64233382120502E-04
-0.66577104144981E-04
-0.61182851089384E-04
-0.64703246629488E-04
-0.59855774460815E-04
-0.59996065567119E-04
-0.68274170781634E-04
-0.58883997046442E-04
-0.49355602859695E-04
-0.46231312198938E-04
-0.53482606170786E-04
-0.56463283925351E-04
-0.45030164345407E-04
-0.42891834894868E-04
-0.39494839178841E-04
-0.50635211121733E-04
-0.45933385004704E-04
-0.39044777899462E-04
-0.42737568712184E-04
-0.52012423175616E-04
-0.31503023607480E-04
-0.45437926036817E-04
-0.40881471006831E-04
 0.33795186210782E-03
-0.14732609203866E-03
-0.44488231172674E-03
-0.47582047728962E-03
-0.21282745828745E-03
 0.19525640661235E-04
 0.24697798861034E-03
 0.42683584867626E-03
 0.45570288991958E-03
 0.54265660617544E-03
 0.56112097978365E-03
 0.51485174803388E-03
 0.53672480979973E-03
 0.57582879114687E-03
 0.68948520215303E-03
 0.71655804477591E-03
 0.67928064393487E-03
 0.44606877015206E-03
-0.35947957606627E-03
-0.71291037075851E-03
-0.20880519725046E-04
-0.26797663030926E-04
-0.17637143043429E-04
-0.37635965427430E-04
-0.13858006851304E-04
-0.25481530875441E-04
-0.21020761382043E-04
-0.24643025997268E-04
-0.11293962717263E-04
-0.11310586845260E-04
-0.18339890657937E-04
-0.14055488039882E-04
-0.16101703020304E-04
-0.17284733577368E-04
-0.85736327702811E-05
-0.17788648437129E-04
-0.94713106583629E-06
-0.11788329931685E-04
-0.20332470595882E-04
-0.18820851152708E-04
-0.12009789151719E-04
-0.14319484392616E-04
-0.18960477146712E-04
-0.92695994759571E-05
-0.14112279556397E-04
-0.21914277248363E-04
-0.14254718372780E-04
-0.22128290283518E-04
-0.16012065803700E-04
-0.21952996441966E-04
-0.12021998339531E-04
-0.19829041460106E-04
-0.26172378085515E-04
-0.96518191435215E-05
-0.14581328980418E-04
-0.13586627090367E-02
 0.25591310046822E-02
 0.34987421307456E-03
-0.43034009323569E-02
 0.29548350119527E-02
-0.19572240480818E-03
-0.40076464374261E-02
 0.31635836630880E-02
-0.66718337626741E-06
-0.11207890631875E-04
-0.73103336434681E-05
-0.20425928866691E-04
-0.13322511735139E-04
 0.34709128723504E-05
-0.45472724970913E-05
-0.13030958505035E-04
-0.62055922747170E-05
-0.18030813278211E-04
-0.15372716558994E-04
-0.71777313923018E-05
-0.10008866309572E-04
-0.42006295414305E-05
-0.73292005453230E-05
 0.35291527271120E-05
 0.30887888943849E-07
-0.12188376151783E-04
-0.51066177674320E-05
-0.19072389545937E-04
-0.43342914887344E-05
 0.48152847114890E-05
 0.36390555416402E-05
 0.76481192886054E-05
-0.16395978666218E-05
-0.92773433049066E-05
-0.73780460591949E-05
-0.24801239115443E-04
-0.55374743646436E-05
-0.26865083482379E-04
-0.33949789231202E-05
-0.74388873345750E-05
 0.43993766356988E-06
-0.11914105073453E-04
-0.16909212914541E-04
-0.11269861125196E-04
-0.61964545224526E-05
-0.91291274518930E-05
-0.26639503228615E-05
-0.99580646492117E-05
-0.26201589681635E-04
 0.12362271077888E-06
-0.14919330215610E-04
-0.16752154382634E-04
 0.27029539254873E-01
-0.21007240699668E-04
-0.36137494541736E-05
-0.15531775090296E-04
-0.14947572706134E-04
-0.29870562451403E-01
 0.94435886572419E-05
 0.11179118265080E-04
 0.91374778207180E-05
-0.48649250803717E-05
 0.33322051078470E-05
 0.51031918769919E-05
-0.26901053629307E-05
 0.13952676742775E-04
-0.21304105313327E-04
 0.40066691706468E-05
-0.31145766696805E-04
-0.88223442966456E-05
-0.47181215296200E-05
 0.99132855694541E-05
 0.50396390391267E-05
-0.10234973732284E-04
 0.24963711027866E-06
-0.12815807795218E-04
-0.14663765481828E-04
 0.82227318680954E-02
 0.30242162797534E-04
 0.53632708353879E-05
-0.26779107545743E-04
 0.17670914213976E-04
 0.46495678930636E-05
-0.71135079817750E-05
-0.23400074643526E-04
 0.43268058788634E-05
-0.37694701299605E-05
 0.14115132606151E-04
-0.13819690820544E-04
 0.19471560793496E-04
 0.31290956304212E-04
 0.13245517263881E-04
 0.17570694929262E-04
 0.26663817166288E-04
 0.15647695294727E-05
-0.16968392919505E-04
 0.33338464176363E-04
 0.54130325585687E-05
 0.58631741644645E-05
-0.93897129323767E-05
-0.45435671350315E-05
-0.23346176892734E-04
-0.67432408669851E-05
-0.30625682940951E-04
 0.13235981386012E-05
-0.30543738086436E-04
-0.90637656754850E-05
-0.14876544710981E-04
-0.42418388590887E-04
 0.44440870130491E-05
-0.54656947747081E-04
-0.32566394790838E-04
-0.14428930912174E-04
-0.13724482483521E-04
-0.14403013434428E-04
 0.50879928772419E-02
-0.24106604035364E-04
 0.98808652125088E-05
 0.12402225403062E-07
-0.30355036749533E-04
-0.15753288691146E-05
-0.42909672109301E-05
-0.89513202716303E-05
-0.57285680556366E-01
 0.52864028556209E-05
 0.15771640006899E-04
-0.17046749693873E-04
-0.53753648940480E-05
 0.26469629383910E-04
 0.47789171752212E-05
 0.11698403714973E-04
 0.86144136483668E-06
 0.38365780945046E-04
 0.29338227401580E-04
 0.15688077492131E-04
-0.14085190487479E-04
-0.11869932712670E-04
-0.81092556604916E-05
 0.28238609894435E-05
-0.29418204437602E-05
 0.51038202446019E-01
-0.23215107013026E-04
-0.35798063933736E-04
-0.19614581128409E-02
-0.44177387060015E-04
-0.31979804446570E-04
-0.57309859684907E-04
-0.20910303635818E-04
-0.47349423637380E-04
-0.31386761216125E-04
-0.16570569456339E-04
 0.20030289144658E-04
 0.42192148273199E-04
 0.34563372672008E-04
 0.13930337158714E-04
 0.41051981584404E-04
 0.98007636365893E-05
 0.46792866969461E-04
 0.57345429270390E-04
 0.75745463971290E-04
 0.41260975799336E-04
-0.37569137389182E-04
 0.33056950248551E-04
 0.33220410894031E-05
 0.59117322525060E-04
 0.15278644721546E-05
 0.72408555319085E-04
-0.37026368505580E-04
-0.14766148013009E-04
-0.27446682938256E-04
-0.57704226978657E-04
-0.80603211419758E-04
-0.35455126906402E-04
-0.29821657772640E-04
 0.80985190347893E-05
 0.15930053225910E-04
 0.95782929921563E-04
-0.34147528793517E-05
-0.37118337916024E-04
-0.92626040741560E-05
 0.14936736635563E-04
 0.21115146793716E-05
 0.21724996058246E-05
-0.25321753489840E-04
 0.23083581808305E-05
-0.41301748594187E-04
-0.26184418060407E-04
-0.27597883233186E-04
-0.19343816182955E-04
-0.17336460820678E-04
 0.10678524982349E-05
-0.20136028916584E-04
 0.74545872377500E-05
 0.17872756550190E-04
 0.19988137820056E-04
 0.27573653906203E-04
 0.75058227499155E-05
-0.87558555361280E-06
-0.19916949737667E-04
 0.11272877719742E-04
-0.21695952397810E-04
 0.14865378439675E-04
 0.62815811549724E-04
-0.66962315284349E-04
 0.18582701638509E-04
-0.74657353972355E-04
-0.27116837807326E-04
-0.14669234865004E-04
-0.48306089618240E-04
 0.37610290116738E-04
-0.64336725154324E-04
-0.26435287891355E-04
-0.25449198002912E-04
 0.26488996486066E-05
 0.12178713692443E-04
 0.36776931824540E-05
-0.25623863268703E-04
 0.41628313270482E-04
-0.39868549023384E-04
 0.31207716958009E-04
 0.80988419321050E-05
 0.46057059483104E-05
 0.37879522696662E-04
 0.52068445292580E-04
-0.78978603141270E-05
 0.41643026339710E-05
-0.41957345586568E-04
 0.50391193336380E-04
 0.18583544990574E-04
-0.50350399037952E-04
-0.73853322126846E-05
-0.36589814983572E-04
 0.42297602582683E-04
-0.38831221338838E-05
-0.14875055682658E-04
 0.20488273456086E-04
 0.29602496500061E-04
-0.32804577488081E-04
-0.21665809892442E-04
 0.34830361935991E-04
-0.23923045432016E-05
-0.19138987671164E-04
 0.26435644360919E-04
-0.37212165682431E-04
 0.39362283375742E-04
-0.49867168381648E-04
