3.971889227456797e-12
3.971889227456797e-12
3.971889227456797e-12
3.971889227456797e-12
3.971889227456797e-12
3.971889227456797e-12
3.971889227456797e-12
3.971889227456797e-12
3.971889227456797e-12
3.971889227456797e-12
5.9578338411851955e-12
5.9578338411851955e-12
4.716618457604946e-12
9.929723068641992e-12
4.269780919516057e-11
2.0852418444148183e-10
8.817594084954089e-10
3.2666306465064996e-9
1.0634485163438857e-8
3.099662353107284e-8
8.212576058381732e-8
2.0026339957760184e-7
4.54249083387324e-7
9.669157205597758e-7
1.9458578252141372e-6
3.7256877018036597e-6
6.8236257585000745e-6
0.000012010130627380842
0.000020395857472987404
0.0000335356931903738
0.00005355019567702078
0.00008326426787683708
0.00012636236307536844
0.00018755908920954146
0.00027278386845216816
0.0003893777403512771
0.0005463005591553097
0.0007543463273051568
0.0010263647960709079
0.0013774870023308273
0.0018253529119410777
0.0023903392284353336
0.0030957856082520835
0.00396821778930752
0.0050375663048135505
0.006337379591022404
0.00790503062104005
0.009781916365904145
0.012013649569808093
0.014650242471326716
0.017746282426456286
0.021361099393998245
0.02555892544538937
0.030409046632865304
0.035985947637970674
0.04236944957849003
0.049644841807151605
0.057903008122627636
0.0672405482855134
0.07775989554305401
0.08956943100515616
0.10278359574326594
0.11752300149263122
0.13391454089432137
0.15209149818284332
0.17219366136197467
0.19436743683621763
0.21876596752137947
0.2455492554699498
0.27488429019241534
0.30694518372507684
0.34191331361210314
0.3799774750909498
0.4213340436848714
0.4661871495276504
0.5147488648308108
0.5672394058517033
0.6238873509219234
0.6849298759301983
0.7506130089266918
0.8211919052371535
0.89693114469056
0.9781050522238078
1.064998043178151
1.1579049941440727
1.2571316397803254
1.3629949956274972
1.4758238056269766
1.5959590123849423
1.7237542460441566
1.8595763258779676
2.0038057657380386
2.1568372710029777
2.31908021027469
2.49095903984698
2.6729136527479778
2.8653996173908545
3.06888826357168
3.2838665670140483
3.510836778128261
3.7503157385929216
4.002833831949036
4.268933524100517
4.5491674681121
4.844096175870498
5.154285296234607
5.480302581912723
5.8227146697386685
6.182083833526734
6.558964887594786
6.953902416084305
7.367428477805695
7.800060890981386
8.252302146071743
8.724638937328459
9.217542254494056
9.731467941422792
10.266857610512826
10.824139799560657
11.40373126681795