3.971889227456797e-12
3.971889227456797e-12
3.971889227456797e-12
3.971889227456797e-12
3.971889227456797e-12
3.971889227456797e-12
3.971889227456797e-12
3.971889227456797e-12
3.971889227456797e-12
5.9578338411851955e-12
5.9578338411851955e-12
6.206076917901245e-12
5.461347687753096e-12
1.6880529216691386e-11
8.340967377659274e-11
4.021537842800007e-10
1.6555330786193361e-9
5.928292915055985e-9
1.8713804338239415e-8
5.3033161451156586e-8
1.369698552796175e-7
3.2633538378938476e-7
7.246679623894952e-7
1.512799763827602e-6
2.9904036242384027e-6
5.631801065706327e-6
0.000010158045879666963
0.000017626731024770615
0.00002954070295868396
0.000047976008354017174
0.00007572897042574282
0.00011648169482463015
0.00017498470206878504
0.0002572551516263525
0.00037078854832795833
0.0005247817959701881
0.0007303651201477102
0.0010008406464822866
0.0013519250279446068
0.0018019939531139153
0.0023723264332530573
0.0030873468172146414
0.003974862928293862
0.005066298804525071
0.006396920777623638
0.008006055997890973
0.00993730262187583
0.01223873113626831
0.014963076622411012
0.018167921785671264
0.021915870931388325
0.0262747150378309
0.03131758846783134
0.03712311772770461
0.043775562935019934
0.051364952742933054
0.05998721348517154
0.06974429342094991
0.0807442829208623
0.09310153167882301
0.10693676381518209
0.12237719192604916
0.13955663115421427
0.15861561437790742
0.17970150951409253
0.20296864019265431
0.2285784109061593
0.256699437772393
0.2875076862859329
0.32118661718155966
0.35792734179892494
0.3979287883376422
0.4413978803696279
0.4885497291406008
0.5396078411492051
0.5948043426247845
0.6543802224816402
0.7185855954785373
0.7876799871260431
0.8619326419617304
0.9416228566834497
1.0270403394613232
1.1184855962285487
1.2162703445606968
1.3207179548520658
1.432163917467199
1.550956333350132
1.677456423543803
1.8120390506901731
1.9550932423968839
2.107022702354361
2.2682462899851297
2.4391984435257323
2.620329514288016
2.812105972230714
3.0150104349579614
3.229541464885337
3.4562130740559964
3.6955538746536036
3.9481058180044606
4.214422478175472
4.495066860155344
4.790608747556041
5.101621648913387
5.428679450815567
5.772352931910498
6.133206325517956
6.511794131309444
6.908658362974393
7.324326379555734
7.759309390072086
8.21410165447939
8.68918034181414
9.185005957219397
9.702023219709453
10.240662261651098
10.80134002617801
11.38446175485963
11.990422479573793
12.619608455358808