 0.17856822198420E-07
 0.26356004263882E-07
 0.34183086304205E-07
 0.48680661380934E-07
 0.67541237600221E-07
 0.97719206044024E-07
 0.12176222819869E-06
 0.16892179351547E-06
 0.22885809201238E-06
 0.30471819560525E-06
 0.41051564758431E-06
 0.53395208140358E-06
 0.69438681637026E-06
 0.90769805183290E-06
 0.11481560586179E-05
 0.14473475099902E-05
 0.17827912816522E-05
 0.21799346935154E-05
 0.26360692277959E-05
 0.31098745963586E-05
 0.36596147012754E-05
 0.41799449028249E-05
 0.46821758728508E-05
 0.50956232706045E-05
 0.52887322803882E-05
 0.51453270073954E-05
 0.43889404716757E-05
 0.26964170856848E-05
-0.27394283698584E-06
-0.48931119573151E-05
-0.11341632012405E-04
-0.19346509337677E-04
-0.27852415574633E-04
-0.34909419785652E-04
-0.37993613993307E-04
-0.34905660556322E-04
-0.24984067884072E-04
-0.98317661314113E-05
 0.62141357230421E-05
 0.22109124550920E-04
 0.29528016535062E-04
 0.32074882888594E-04
 0.29658485821944E-04
 0.24283808927217E-04
 0.17957937989330E-04
 0.11913041379215E-04
 0.69435628421912E-05
 0.32161827394645E-05
 0.63854518810344E-06
-0.96862253534702E-06
-0.19464135031418E-05
-0.23986790593173E-05
-0.25385953439399E-05
-0.24763565198685E-05
-0.23792874017709E-05
-0.21539898291201E-05
-0.19035938776755E-05
-0.17273549292617E-05
-0.14908203515354E-05
-0.13011056580082E-05
-0.11326460211402E-05
-0.98429387810782E-06
-0.84573154065634E-06
-0.72331662665325E-06
-0.64400729179542E-06
-0.52545878202611E-06
-0.48516641939501E-06
-0.43303894262616E-06
-0.34732769271878E-06
-0.76747131022497E-04
-0.26797796173570E-06
-0.24125290822266E-06
-0.20642104757383E-06
-0.16543377367062E-06
-0.15442407055939E-06
-0.16049761065798E-06
-0.10636592381679E-06
-0.11365024659768E-06
-0.77414001603640E-07
-0.10300682666724E-06
-0.46439338561853E-07
-0.92529399644244E-06
-0.62542892732621E-07
-0.59153531627892E-07
-0.46806280115652E-07
-0.47534920446476E-07
-0.29298777028632E-07
-0.58965201956278E-07
-0.32897930350259E-07
-0.22592622495176E-07
-0.35822695297858E-07
-0.31041390715133E-07
-0.66996251364534E-08
-0.17445567582992E-07
-0.36740019154953E-07
-0.46450454716475E-07
-0.10482113143413E-07
-0.23179258228238E-07
-0.14925904403479E-07
-0.14351308498038E-07
-0.17041041048342E-07
 0.14635223972691E-11
-0.12236985849137E-07
 0.24980634455922E-07
