0.05201269077821007
0.053915352635537886
0.0558722892457887
0.05788465386872097
0.059953618211408564
0.062080372665064616
0.06426612662254447
0.06651210872013438
0.06881956709013892
0.07118976967813556
0.07362400445100238
0.07612357972633667
0.07868982441796732
0.08132408831373876
0.0840277423274778
0.08680217879378216
0.08964881174406687
0.09256907712812118
0.09556443315047787
0.09863636046453944
0.10178636249616291
0.10501596565503878
0.10832671961818464
0.11172019759444822
0.11519799652831483
0.11876173740263996
0.12241306543426465
0.1261536503401322
0.12998518653600674
0.13390939339489416
0.13792801545991068
0.14204282261631523
0.14625561033962844
0.1505681998636932
0.15498243839825962
0.15950019925943695
0.1641233820746181
0.16885391292310942
0.17369374449488206
0.1786448561934688
0.1837092543000527
0.18888897205364957
0.1941860697391103
0.19960263480180895
0.20514078187830087
0.21080265284013763
0.21659041685232827
0.22250627039084028
0.228552437184511
0.2347311682352791
0.2410447417517799
0.24749546308492598
0.254085664625383
0.2608177057087408
0.2676939724169189
0.27471687747278717
0.281888859979511
0.2892123852507527
0.2966899444643724
0.3043240544412437
0.31211725727400597
0.3200721199450183
0.328191233937859
0.3364772147520107
0.3449327014439825
0.3535603560044687
0.3623628628247498
0.37134292801439656
0.3805032786545549
0.3898466620776687
0.39937584496784667
0.40909361247972353
0.4190027672113546
0.42910612817562027
0.4394065296086594
0.4499068197094151
0.46060985934194393
0.4715185205217539
0.48263568487458725
0.4939642419628896
0.5055070874567554
0.5172671211780201
0.529247245024204
0.5414503607643611
0.5538793675366658
0.566537159389068
0.5794266224595
0.5925506320660959
0.6059120495752321
0.6195137190699814
0.6333584638068156
0.6474490824728443
0.6617883451819025
0.6763789892969921
0.6912237150118032
0.7063251806795242
0.7216859979490149
0.737308726702386
0.7531958697439622
0.7693498673353352
0.7857730915237537
0.8024678404032408
0.8194363321196466
0.8366806989169117
0.8542029810813003
0.872005120845296
0.8900889564385795
0.9084562161151771
0.9271085124212792
0.9460473367032346
0.9652740538073128
0.9847898972160014
1.0045959646220803
1.0246932139156484
1.045082459791137
1.0657643709507272
1.0867394680217153
1.1080081220898923
1.129570554116917
1.151426835052771
1.1735768867900043
1.1960204839139734
1.2187572562201505
1.2417866920480278
1.265108142322142
1.2887208252751476
1.3126238318137153
1.3368161314615945
1.361296578773719
1.3860639201924316
1.411116801188942
1.436453773714341
1.4620733037732507
1.4879737791125318
1.51415351691384
1.5406107714031458
1.5673437413916145
1.5943505775847502
1.6216293896779288
1.6491782531946255
1.6769952159742476
1.705078304380197
1.7334255290862925
1.762034890553882
1.790904384089793
1.8200320045352736
1.8494157505784703
1.8790536286942952
1.908943656716642
1.9390838670582244
1.9694723096143991
2.0001070543252815
2.030986193433394
2.0621078434848767
2.093470147051922
2.1250712741867344
2.156909423679378
2.1889828241109486
2.221289734661852
2.253828445816442
2.286597279849702
2.3195945912210822
2.352818766775576
2.3862682259012304
2.4199414205154937
2.4538368350168063
2.4879529861120724
2.522288422600442
2.5568417250808775
2.5916115055949347
2.6265964072586168
2.661795103810075
2.697206299165876
2.7328287269133433
2.768661149794957
2.8047023591784783
2.84095117451367
2.8774064427602215
2.914067037817159
2.9509318599595846
2.987999835262752
3.0252699150026836
3.0627410751192192
3.1004123155976435
3.1382826599436537
3.176351154586952
3.2146168683423135
3.2530788918620837
3.291736337089671
3.3305883367326534
3.3696340437451897
3.4088726308089434
3.4483032898455335
3.487925231512601
3.5277376847362434
3.5677398962418354
3.6079311300961434
3.6483106672544072
3.688877805139692
3.7296318572151645
3.7705721525591027
3.811698035488929
3.8530088651465233
3.8945040151315657
3.936182873116264
3.978044840518789
4.0200893321172595
4.0623157757158515
4.104723611848273
4.147312293407389
4.190081285377735
4.233030064500015
4.276158118992457
4.319464948266193
4.3629500626493405
4.406612983100783
4.450453240966882
4.494470377731754
4.538663944739851
4.5830335030028335
4.627578622918309
4.672298884086004
4.71719387506499
4.762263193165526
4.807506444244384
4.852923242514816
4.898513210328354
4.944275978003644
4.990211183644355
5.036318472944814
5.082597499043282
5.12904792232809
5.1756694102785055
5.222461637329566
5.269424284689251
5.316557040204799
5.3638595982168695
5.411331659403517
5.458972930668237
5.506783124982455
5.554761961276173
5.602909164290395
5.651224464480055
5.699707597870046
5.748358305958148
5.797176335593023
5.846161438871439
5.895313373021472
5.94463190030532
5.994116787925592
6.043767807917318
6.0935847370528755
6.143567356758457
6.193715453005956
6.2440288162564945
6.294507241340521
6.345150527390289
6.3959584777700975
6.446930899970792
6.49806760556086
6.549368410091474
6.600833133030836
6.652461597701742
6.704253631193207
6.756209064313175
6.8083277315144235
6.860609470823182
6.913054123790117
6.965661535426028
7.018431554132095
7.0713640316617745
7.124458823048431
7.1777157865503565
7.231134783614279
7.284715678801256
7.338458339755404
7.392362637134633
7.446428444588056
7.500655638679659
7.555044098865582
7.60959370743802
7.664304349475695
7.719175912823253
7.774208288023621
7.829401368295286
7.884755049481907
7.940269230023643
7.995943810900053
8.051778695620047
8.107773790172484
8.163929002971926
8.220244244868576
8.276719429061014
8.333354471112461
8.390149288884
8.447103802522287
8.504217934415612
8.561491609173798
8.61892475359939
8.676517296644851
8.734269169401253
8.792180305064273
8.850250638901427
8.908480108237915
8.966868652416164
9.025416212784897
9.084122732667739
9.142988157333667
9.20201243398461
9.261195512476457
9.320537342315077
9.380037877081001
9.439697071448272
9.499514881924947
9.5594912668016
9.619626186153171
9.679919601806455
9.740371477321602
9.800981777980203
9.86175047075873
9.922677524316992
9.983762908968718
10.045006596686143
10.106408561048015
10.16796877725845
10.229687222109076
10.29156387397023
10.35359871276736
10.415791719978058
10.478142878604995
10.540652173165626
10.60331958967865
10.666145115644284
10.72912874004041
10.79227045329515
10.855570247281271
10.919028115301673
10.982644052078832
11.046418053729608
11.11035011777107
11.174440243093324
11.238688429950573
11.303094679954409
11.367658996054208
11.432381382535391
11.497261844993481
11.562300390336338
11.627497026767031
11.692851763775147
11.758364612117433
11.824035583827344
11.889864692177325
11.95585195169344
12.021997378129816
12.088300988465164
12.154762800898181
12.221382834816655
12.28816111081905
12.35509765067678
12.422192477346249
12.489445614947249
12.556857088757255
12.624426925208324
12.69215515186586
12.760041797435578
12.828086891745
12.896290465733655
12.964652551454686
13.033173182065177
13.101852391803064
13.170690215999539
13.239686691060196
13.308841854462543
13.378155744743333
13.447628401496349
13.517259865361089
13.587050178020919
13.65699938218817
13.727107521606872
13.797374641038477
13.86780078625355
13.938386004038462
14.009130342174046
14.08003384943374
14.151096575578734
14.222318571352274
14.293699888474933
14.365240579628612
14.436940698464348
14.508800299584692
14.580819438545458
14.652998171846889
14.725336556926354
14.797834652158087
14.87049251683743
14.943310211186414
15.01628779634272
15.089425334353459
15.162722888171217
15.236180521650816
15.30979829953864
15.383576287473016
15.457514551975391
15.531613160446865
15.605872181163717
15.680291683264993
15.75487173676381
15.829612412526858
15.904513782276656
15.979575918580112
16.054798894858596
16.13018278536347
16.205727665189382
16.281433610253412
16.357300697306982
16.43332900391885
16.509518608473634
16.585869590171303
16.662382029015877
16.739056005820537
16.81589160219283
16.89288890053805
16.97004798404716
17.04736893670774
17.124851843277558
17.202496789298195
17.280303861087365
17.358273145724645
17.43640473106537
17.514698705718793
17.593155159052788
17.67177418119226
17.75055586300608
17.829500296114944
17.908607572874082
17.987877786382843
18.0673110304683
18.146907399697902
18.226666989353056
18.306589895443384
18.386676214699037
18.466926044560136
18.54733948318299
18.627916629429407
18.708657582867705
18.789562443756928
18.87063131306709
18.95186429244865
19.03326148425036
19.114822991502038
19.196548917917653
19.27843936788987
19.360494446486832
19.442714259448298
19.52509891318391
19.60764851476612
19.690363171930557
19.773242993071943
19.85628808723788
19.939498564128467
20.02287453409173
20.106416108122108
20.190123397853643
20.273996515559237
20.35803557414778
20.442240687158833
20.526611968761866
20.61114953374696
20.695853497536103
20.78072397616009
20.86576108627095
20.950964945128412
21.036335670608217
21.121873381189964
21.20757819594952
21.293450234576664
21.379489617344554
21.465696465126953
21.552070899386354
21.63861304217543
21.725323016128375
21.812200944464735
21.89924695097663
21.986461160036573
22.073843696590885
22.161394686147922
22.24911425479133
22.337002529163435
22.42505963646808
22.51328570446854
22.601680861477305
22.690245236368163
22.778978958555687
22.867882158003322
22.956954965216546
23.04619751124264
23.13560992766718
23.225192346606498
23.314944900711275
23.404867723160816
23.494960947658093
23.585224708432985
23.675659140232572
23.766264378321285
23.857040558480264
23.947987817003277
24.039106290687897
24.130396116844565
24.221857433280217
24.313490378310313
24.40529509074393
24.49727170988318
24.58942037552552
24.68174122796019
24.774234407959394
24.86690005678212
24.95973831616847
25.052749328337264
25.14593323598062
25.239290182273102
25.3328203108479
25.426523765815837
25.520400691748467
25.61445123368205
25.708675537111112
25.803073747991043
25.897646012729147
25.992392478185785
26.087313291671627
26.182408600943557
26.277678554201575