0.0006878333627325096
0.0012025211717007342
0.0019975768858731743
0.0031761843424959165
0.004862942961999519
0.0072048532903905916
0.010372037941333845
0.01455826142981513
0.019981315677007297
0.026883335711913543
0.035531105663975805
0.04621641035048902
0.0592564835626376
0.07499460136396632
0.09380086778741367
0.11607324179581961
0.1422388584151957
0.17275570390556894
0.20811471514374466
0.24884238737785336
0.2955039921057876
0.3487075285489188
0.4091085558339131
0.47741607633701744
0.5543996541761714
0.6408979391918699
0.7378286871121352
0.8462001449546176
0.9671231631985324
1.101822351635146
1.2516426445921034
1.418044445235048
1.602576429362393
1.8068127282327837
2.0322470834019537
2.280157630391498
2.5514856069083507
2.8467805146950114
3.1662319979407876
3.509761216272493
3.877125602173028
4.268005278939981
4.6820616669865665
5.1189720058420445
5.5784471894123895
6.0602393919812965
6.564143956659558
7.089998298956712
7.637679410365498
8.20710083144044
8.798209549139445
9.410983041085332
10.045426562889627
10.701570707909202
11.379469235068964
12.079197144724564
12.800848976487408
13.544537301856467
14.310391385953983
15.098555994996529
15.909190329003675
16.742467061853688
17.598571473374342
18.477700660329113
19.380062815097027
20.305876562499456
21.255370346607968
22.228781860597977
23.226357513660396
24.24835192990016
25.295027474781257
26.36665380537508
27.463507441142184
28.585871352396413
29.73403456403445
30.90829177240692
32.10894297347953
33.336293100720646
34.59065167131744
35.87233243957616
37.181653056452795
38.51893473441297
39.88450191685191
41.278681951529116
42.701804767510104
44.15420255527463
45.63620944969338
47.148161215713834
48.69039493665201
50.26324870508026
51.86706131635255
53.5021719649118
55.168919943549405
56.86764434588808
58.598683772353645
60.36237604002074
62.15905789669596
63.98906473969143
65.85273033974148
67.75038657055507
69.6823631445418
71.6489873552104
73.65058382681778
75.68747427180556