0.0012884712452230329
0.002176021005651302
0.003504889019029033
0.005420781381244425
0.008095327215494696
0.011726714968692075
0.01654012539728646
0.02278805337370251
0.03075060655925266
0.040735860549619446
0.05308034248488876
0.06814971050922082
0.08633969470669157
0.10807736756368252
0.1338228188549897
0.16407132199065305
0.19935609688245903
0.24025179958052795
0.28737890190353255
0.3414091662073995
0.40307247012418984
0.4731652889930283
0.5525611850322094
0.6422236454461301
0.7432214701822489
0.8567464448380542
0.9841318563078478
1.126867801512267
1.2866041688435608
1.465124140640994
1.664263411959454
1.885756119433802
2.1310273055003095
2.401013991767556
2.69611195590558
3.0162666397463114
3.36113560251848
3.730239918019065
4.123067971688139
4.539133502090779
4.978002561068697
5.439302757042906
5.9227235237182265
6.428012353842352
6.95496956214975
7.503442820897037
8.073322021259342
8.664534668626027
9.277041854516439
9.910834774143845
10.565931730187549
11.242375556628492
11.940231399378476
12.659584797359912
13.400540015465204
14.16321858839587
14.947758041100554
15.754310757334473
16.58304297272119
17.434133872713012
18.307774779220036
19.20416841231317
20.123528215757112
21.066077736861672
22.03205005271679
23.02168723607945
24.035239855200107
25.07296650277327
26.13513334983575
27.22201372108458
28.333887688551975
29.471041681000095
30.633768106763835
31.822364988056002
33.03713560505575
34.27838814826901
35.546435377902185
36.84159428913796
38.16418578238602
39.514534337689454
40.89296769262712
42.2998165231465
43.735414126905624
45.20009610873243
46.69420006799588
48.21806528769044
49.772032425162195
51.35644320445451
52.971640110361825
54.61796608428002
56.29576422210205
58.00537747435317
59.747148348930075
61.52141861673897
63.3285290207184
65.16881898860221
67.04262634998668
68.95028705815137
70.89213491722056
72.86850131521659
74.87971496355382
76.92610164361021
79.007983960929
81.12568110767015