3.971889227456797e-12
3.971889227456797e-12
3.971889227456797e-12
3.971889227456797e-12
3.971889227456797e-12
3.971889227456797e-12
3.971889227456797e-12
3.971889227456797e-12
3.971889227456797e-12
3.971889227456797e-12
3.971889227456797e-12
3.971889227456797e-12
3.971889227456797e-12
3.971889227456797e-12
3.971889227456797e-12
3.971889227456797e-12
3.971889227456797e-12
3.971889227456797e-12
3.971889227456797e-12
3.971889227456797e-12
5.9578338411851955e-12
5.9578338411851955e-12
5.9578338411851955e-12
4.096010765814822e-12
6.454319994617295e-12
9.805601530283968e-12
1.3777490757740765e-11
2.4948429209963006e-11
5.188280303365441e-11
1.2027377066892613e-10
2.846106874549511e-10
6.397224086972604e-10
1.3804797496179529e-9
2.8612497022291903e-9
5.707232455240343e-9
1.0981653106226254e-8
2.0448402836792813e-8
3.6916972667673916e-8
6.477716904597782e-8
1.1070921316613345e-7
1.8462197567833862e-7
3.009429718367151e-7
4.802464637179507e-7
7.513197114703455e-7
1.1538092445116047e-6
1.741435485250773e-6
2.585897985049594e-6
3.781626920832393e-6
5.4513819694383295e-6
7.752826901386688e-6
0.000010886178694799723
0.000015103098361195248
0.00002071663953502911
0.000028112714697287166
0.00003776285338017001
0.00005023844474125498
0.0000662264880902276
0.00008654694383872866
0.00011217166637920765
0.00014424495501215028
0.00018410584890504137
0.00023331199765013572
0.00029366527225443983
0.00036723907907720003
0.00045640722615547036
0.0005638745963669151
0.0006927092927981771
0.000846376485323051
0.0010287737496180343
0.0012442679221983464
0.001497733501635953
0.0017945923633558296
0.0021408549158556498
0.002543162576213305
0.003008831488299268
0.00354589750094669
0.004163162263091221
0.0048702405102293575
0.005677608318280061
0.006596652496509728
0.007639720893619325
0.008820173615876586
0.010152435258576441
0.01165204787292157
0.01333572486009085
0.015221405657327318
0.017328311191841996
0.01967700015863648
0.02228942597329843
0.025188994585083488
0.02840062293021606
0.031950798271293754
0.03586763808282661
0.04018095093533408
0.04492229798962356
0.05012505535346522
0.05582447725722094
0.06205776002906403
0.06886410698373358
0.07628479421439703
0.08436323732957425
0.09314505908957031
0.10267815821511209
0.11301277913918444
0.1242015828911031
0.13629971924191056
0.14936489994626173
0.16345747329652235
0.17864050005374774
0.19497983068094482
0.21254418408962364
0.23140522785358988
0.2516376599886546
0.2733192923855187
0.29653113592202196
0.3213574873833459
0.34788601813369663
0.37620786779281534
0.40641772198744786
0.43861393679286825