3.971889227456797e-12
3.971889227456797e-12
3.971889227456797e-12
3.971889227456797e-12
3.971889227456797e-12
3.971889227456797e-12
3.971889227456797e-12
3.971889227456797e-12
3.971889227456797e-12
3.971889227456797e-12
3.971889227456797e-12
3.971889227456797e-12
3.971889227456797e-12
3.971889227456797e-12
3.971889227456797e-12
3.971889227456797e-12
3.971889227456797e-12
3.971889227456797e-12
3.971889227456797e-12
3.971889227456797e-12
3.971889227456797e-12
3.971889227456797e-12
1.9859446137283985e-12
3.971889227456797e-12
1.9859446137283985e-12
8.067899993271618e-12
4.5924969192469216e-12
3.847767689098772e-12
1.141918152893829e-11
1.675640767833336e-11
4.381490304038279e-11
9.56977060740372e-11
2.1497850443609914e-10
4.671934703796058e-10
9.782018437995943e-10
1.974277189122744e-9
3.847767689098772e-9
7.2592481708690865e-9
1.3274177919698973e-8
2.360766835261962e-8
4.088414527667311e-8
6.909684682391382e-8
1.1411697000175303e-7
1.8449710941075046e-7
2.9238603298231284e-7
4.5478392309610874e-7
6.950910410141616e-7
1.0450472500392318e-6
1.5470817603574736e-6
2.2571809571821955e-6
3.248360949032505e-6
4.614681906526881e-6
6.476033195929956e-6
8.983690300424801e-6
0.000012326724704596813
0.000016739274313543035
0.000022508842839534468
0.000029985632748728286
0.000039593004610840645
0.0000518390582592832
0.00006732948011511236
0.0000867816143493468
0.00011103992445475765
0.00014109268672392688
0.00017809020160959824
0.00022336431580847332
0.00027844944187136784
0.00034510500446632993
0.00042533937771379845
0.0005214352582355959
0.0006359765498801366
0.0007718767045174016
0.0009324085345429938
0.001121235492871141
0.0013424443459437241
0.0016005793515888366
0.0019006777888111392
0.0022483068582563625
0.0026496019804084546
0.0031113064156811105
0.003640812180586405
0.004246202231432577
0.0049362939330521004
0.005720683734984076
0.0066097930192398294
0.007614915170045051
0.008748263742305796
0.010023021757718657
0.011453392136220647
0.013054649182472167
0.014843191106768867
0.016836593666026262
0.01905366476807163
0.021514500142636384
0.024240540050252765
0.02725462695718847
0.03058106430389201
0.03424567620956274
0.038275868307840445
0.042700689599546836
0.047550895284125344
0.05285901086543677
0.058659397150361156
0.06498831655402709
0.07188400049259394
0.0793867180141464
0.08753884564151178
0.096384938605735
0.1059718032500196
0.11634857100889545
0.12756677373410477
0.13968042050411322
0.15274607612204621
0.16682294111139961
0.18197293353484792
0.19826077250172572
0.21575406361292232
0.23452338628584546
0.2546423831268936
0.27618785144850044