0.6591871806881422
0.9063327899259587
1.1710453781183339
1.4524172540047942
1.7498959217043977
2.0631081362830925
2.391784590159618
2.735722182699233
3.0947630016710046
3.468781671106468
3.8576772707937246
4.261367930855941
4.679787081922999
5.112880779678462
5.560605755714754
6.022927977465396
6.499821575971167
6.991268046468381
7.4972556556359375
8.017779007589088
8.552838733060739
9.102441274390053
9.666598744740822
10.24532884417483
10.838654818572829
11.446605448245776
12.069215060829316
12.70652355312521
13.358576422533117
14.025424799405364
14.707125470926313
15.403740908204496
16.11533927455884
16.84199442688674
17.583785903480283
18.340798898326515
19.113124221443293
19.900858245181805
20.704102836742834
21.522965277273936
22.357558168206733
23.2079993255097
24.07441166267406
24.956923063319053
25.855666244246034
26.770778609893547
27.702402099034448
28.650683024591725
29.61577190737149
30.59782330456088
31.596995633664054
32.61345099260039
33.647354976643
34.698876492752625
35.76818757191778
36.85546317998474
37.96088102748085
39.084621378866814
40.22686686164058
41.38780227566174
42.56761440307888
43.7664918191692
44.98462470443417
46.222204658237494
47.479424514272225
48.7564781581369
50.053560347276104
51.37086653362311
52.708592688955044
54.06693513361059
55.446090368407496
56.846254910256356
58.26762513160767
59.71039710399516
61.174766445899
62.66092817516022
64.16907656617937
65.69940501212079
67.252105892331
68.82737044521141
70.42538864673364
72.04634909481057
73.69043889972008
75.35784358078125
77.04874696943381
78.76333111894644
80.50177622085033
82.26426052830976
84.05096028652953
85.86204967035245
87.69770072914062
89.55808333906253
91.44336516286936
93.353711617231
95.28928584770476
97.25024871137433
99.23675876721586
101.24897227418867
103.28704319707515
105.35112322008224
107.44136176815084
109.55790603599576
111.70090102480555
113.87048958657083