0.01224480863593287
0.012774946648027214
0.01332292681053047
0.013889175169381833
0.014474123854089466
0.015078211070531434
0.01570188120447308
0.016345584797859806
0.01700977866338125
0.017694925872803868
0.018401495828340816
0.019129964319499614
0.019880813543934558
0.02065453216652859
0.021451615389894308
0.022272564968772085
0.02311788929579804
0.023988103411309653
0.02488372910115351
0.025805294923743827
0.02675333627013727
0.027728395414550397
0.028731021584736602
0.029761770980728446
0.030821206865198153
0.03190989965083915
0.033028426853696405
0.034177373265943556
0.035357330945084385
0.036568899307540446
0.03781268513262294
0.03908930272600079
0.04039937387737518
0.04174352796623116
0.043122402027373746
0.044536640786426725
0.04598689676570832
0.0474738302791422
0.04899810957288717
0.05056041082211006
0.0521614182158848
0.05380182402248037
0.0554823286555176
0.057203640721011216
0.05896647708340247
0.06077156293941152
0.06261963185105371
0.06451142583724127
0.0664476954018348
0.06842919961767355
0.07045670618789142
0.07253099147558209
0.07465284059118052
0.07682304741989379
0.07904241471243403
0.08131175411704168
0.0836318862189562
0.08600364063958921
0.08842785604012388
0.09090538020529712
0.09343707007145097
0.09602379178362853
0.09866642075080802
0.10136584165943206
0.10412294856960183
0.10693864490576799
0.1098138435192879
0.11274946673956372
0.11574644637379417
0.11880572380378927
0.12192824992515092
0.1251149852785933
0.12836690001121712
0.13168497392193798
0.13507019650418434
0.13852356692541723
0.14204609408931532
0.14563879662832763
0.14930270293160075
0.15303885113629043
0.1568482891436974
0.16073207464123673
0.16469127509238424
0.16872696771135545
0.17284023952702832
0.1770321872899762
0.1813039175424723
0.1856565465366937
0.19009120026190393
0.1946090144188839
0.19921113438443316
0.20389871519349642
0.20867292149621747
0.21353492752430228
0.2184859170858058
0.2235270834614906
0.22865962942133503
0.23388476713752385
0.23920371812859373
0.24461771321537001
0.25012799246908396
0.255735805105497
0.26144240945672526
0.26724907286983207
0.2731570716209362
0.27916769086456983
0.28528222451936297
0.29150197515968523
0.29782825396674184
0.3042623805656023
0.3108056829704625
0.317459497443643
0.3242251683751906
0.33110404818395417
0.33809749716789356
0.3452068833876536
0.35243358252196294
0.35977897772787276
0.36724445948386725
0.374831425463384
0.3825412803463971
0.3903754356694787
0.3983353096689091
0.40642232709437065
0.4146379190313294
0.42298352270802647
0.43146058132294884
0.44007054383456784
0.44881486477689403
0.45769500401185514
0.4667124265778677
0.4758686024083293
0.48516500613141056
0.4946031168662476
0.5041844179188443
0.5139103965945248
0.5237825439232519
0.5338023544065442
0.5439713257430426
0.5542909585555675
0.5647627561313321
0.5753882241118871
0.5861688702082613
0.5971062039004639
0.6082017361331382
0.6194569789600777
0.6308734452918867
0.6424526484708644
0.6541961020056325
0.6661053191730781
0.6781818126718061
0.6904270942426993
0.702842674310332
0.7154300615706374
0.7281907625927263
0.7411262814221947
0.7542381191658128
0.7675277735177531
0.7809967383624019
0.7946465033075374
0.8084785532180062
0.8224943677228355
0.8366954207624385
0.85108318005514
0.8656591065974627
0.8804246541512569
0.8953812686767143
0.9105303878086978
0.9258734402878936
0.9414118453843907
0.9571470122981728
0.9730803395817064
0.9892132145094022
1.00554701245676
1.022083096260025
1.0388228155824233
1.0557675062266538
1.0729184894852344
1.0902770714452985
1.107844542302078
1.1256221756452052
1.1436112277692165
1.1618129369198884
1.1802285226003955
1.1988591848273285
1.2177061033701995
1.2367704370537562
1.2560533229681963
1.2755558757570815
1.2952791868585833
1.3152243237672079
1.3353923292782683
1.3557842207836186
1.3764009895223326
1.397243599890836
1.4183129887035142
1.439610064539089
1.4611357070382145
1.4828907662775317
1.5048760621047497
1.5270923835693004
1.5495404882918016
1.5722211019510608
1.5951349177347156
1.6182825958619849
1.6416647631178412
1.665282012436955
1.6891349025443636
1.7132239575992414
1.7375496669117791
1.762112484698913
1.7869128299033545
1.8119510860149806
1.8372276010007043
1.8627426872549506
1.8884966216048695
1.914489645358495
1.9407219644556768
1.9671937495975398
1.9939051364864098
2.0208562261120386
2.0480470850760586
2.075477745956525
2.1031482077509085
2.1310584363777925
2.159208365165914
2.1875978954684387
2.2162268972678074
2.2450952098309718
2.2742026424131647
2.3035489750181446
2.333133959138704
2.3629573185790997
2.393018750293989
2.4233179252358075
2.453854489241124
2.4846280639294
2.51563824762807
2.5468846163005994
2.578366724484095
2.6100841062568367
2.642036276164841
2.67422273021285
2.706642946803309
2.7392963876831677
2.7721824989066883
2.80530071177542
2.8386504437512365
2.8722310994045
2.9060420712872563
2.9400827408514867
2.974352479286679
3.008850648392403
3.04357660142755
3.078529683880257
3.113709234294061
3.149114585012009
3.184745062928584
3.220599990209362
3.2566786849756673
3.2929804619876135
3.329504633261359
3.366250508716152
3.4032173967647785
3.440404604848154
3.477811440016456
3.515437209421398
3.553281220819037
3.5913427830405733
3.629621206433351
3.668115803269467
3.7068258881793272
3.74575077848268
3.784889794579223
3.824242260268843
3.8638075030620365
3.9035848544717253
3.943573650300968
3.9837732308823894
4.024182941337721
4.064802131767084
4.105630157480849
4.146666379175396
4.187910163115688
4.229360881285593
4.2710179115354565
4.312880637720128
4.3549484498049615
4.397220743991053
4.43969692280386
4.4823763951668125
4.525258576498
4.568342888764658
4.611628760535303
4.655115627030375
4.698802930171881
4.742690118598297
4.786776647703904
4.831061979643765
4.875545583355561
4.9202269345615814
4.9651055157614
5.010180816237956
5.055452332029878
5.100919565939422
5.146582027496731
5.1924392329325215
5.23849070516208
5.284735973756709
5.331174574889732
5.3778060513260755
5.424629952357347
5.471645833787935
5.518853257859669
5.5662517932271145
5.613841014899739
5.661620504205043
5.709589848709
5.757748642198307
5.806096484590643
5.8546329819143175
5.903357746225351
5.952270395560809
6.001370553880467
6.050657851007724
6.100131922573005
6.149792409942516
6.199638960178401
6.249671225958806
6.299888865531956
6.350291542645528
6.400878926490054
6.451650691647409
6.502606518007647
6.553746090735742
6.605069100781105
6.656575242485881
6.708264217008478
6.760135729953953
6.812189491890989
6.864425218295287
6.9168426294908585
6.969441450584367
7.02222141142305
7.075182246516648
7.12832369499855
7.1816455005643585
7.235147411417893
7.288829180204167
7.34269056397972
7.396731324131198
7.450951226340844
7.505350040526422
7.559927540796168
7.614683505387713
7.669617716621545
7.724729960855079
7.780020028420102
7.835487713591124
7.891132814528275
7.9469551332270445
8.002954475471979
8.05913065080106
8.115483472440543
8.172012757278388
8.228718325806799
8.285600002083498
8.342657613697709
8.399890991695317
8.457299970578003
8.514884388240676
8.572644085924194
8.630578908188797
8.688688702864955
8.746973321022583
8.805432616919537
8.864066447978898
8.922874674743536
8.981857160832305
9.04101377291447
9.100344380677061
9.159848856770013
9.219527076791401
9.279378919242992
9.33940426550171
9.399602999779907
9.459975009093968
9.520520183248419
9.581238414761328
9.642129598891747
9.703193633559884
9.76443041934228
9.825839859431953
9.887421859610479
9.949176328225395
10.011103176153094
10.073202316767539
10.13547366593307
10.197917141947554
10.260532665538783
10.323320159832084
10.386279550313077
10.449410764818245
10.512713733495582
10.576188388794055
10.639834665423747
10.703652500337371
10.767641832720216
10.831802603939746
10.896134757544868
10.960638239229302
11.025312996826012
11.090158980254063
11.155176141541476
11.22036443475906
11.285723816024763
11.351254243486043
11.416955677270098
11.482828079507073
11.548871414268625
11.615085647574618
11.681470747362477
11.748026683476374
11.814753427631867
11.881650953420362
11.948719236268646
12.01595825343803
12.083367983998638
12.150948408807086
12.2186995104979
12.286621273463293
12.354713683840751
12.422976729483617
12.491410399954262
12.560014686512295
12.628789582088125
12.697735081277875
12.766851180310109
12.836137877055153
12.905595170992811
12.975223063197232
13.045021556336284
13.114990654638662
13.185130363898487
13.255440691442526
13.325921646126979
13.396573238328278
13.467395479915671
13.538388384251588
13.60955196616793
13.680886241957758
13.75239122936425
13.824066947562939
13.895913417157876
13.967930660156805
14.04011869997004
14.11247756138999
14.185007270586192
14.257707855092898
14.330579343790086
14.403621766896016
14.47683515596648
14.550219543859797
14.62377496475457
14.697501454114809
14.771399048688554
14.845467786501805
14.91970770684176
14.994118850245641
15.068701258495121
15.143454974601786
15.218380042802057
15.293476508537447
15.368744418462143
15.444183820412583
15.519794763414541
15.595577297664505
15.671531474520618
15.74765734649808
15.823954967260095
15.900424391600486
15.977065675442713
16.053878875831042
16.13086405091431
16.208021259949877
16.28535056327806
16.36285202233195
16.440525699611204
16.51837165869299
16.596389964202547
16.67458068182487
16.75294387828038
16.831479621329873
16.910187979760146
16.98906902337119
17.068122822979806
17.14734945040693
17.22674897846475
17.30632148095742
17.38606703266915
17.465985709360385
17.546077587753377
17.62634274552909
17.70678126132845
17.787393214726528
17.86817868624331
17.9491377573291
18.03027051035442
18.11157702861264
18.193057396302727
18.274711698530602
18.35654002129461
18.438542451491994
18.520719076895553
18.60306998615847
18.685595268808
18.768295015233914
18.851169316684036
18.934218265257417
19.017441953905703
19.100840476410777
19.18441392739719
19.26816240231255
19.352085997425643
19.436184809825576
19.520458937406637
19.60490847887399
19.689533533726575
19.774334202257563
19.859310585546076
19.944462785453823