0.012495378393847924
0.013035011643800077
0.013592756619510166
0.014169044539806627
0.014764312784166322
0.015379004891969824
0.01601357060594395
0.01666846594489698
0.01734415321340014
0.01804110108296309
0.01875978460879033
0.019500685300282223
0.020264291157650872
0.02105109672591297
0.021861603133988092
0.02269631817674303
0.023555756331375837
0.02444043882431733
0.025350893691181813
0.026287655832125254
0.027251267043372177
0.028242276101245935
0.02926123881640983
0.030308718056705465
0.031385283859606865
0.03249151343693709
0.033627991270193586
0.03479530915498369
0.03599406626047884
0.0372248691842763
0.038488332051199926
0.039785076503991004
0.04111573184083496
0.04248093500630046
0.043881330728741966
0.04531757150391569
0.04679031772679666
0.04830023770188082
0.04984800772349166
0.051434312172719134
0.05305984351171007
0.05472530239860473
0.05643139774562566
0.058178846750976954
0.05996837500174099
0.061800716487283566
0.06367661372163773
0.06559681773146402
0.06756208817570356
0.06957319340813539
0.07163091045615164
0.07373602518720453
0.07588933229689067
0.07809163538540999
0.0803437470124274
0.08264648876794622
0.0850006912770248
0.0874071943255116
0.08986684686774077
0.0923805070666234
0.09494904235831482
0.09757332954083739
0.10025425473498221
0.10299271350867896
0.10578961087600279
0.10864586135067085
0.11156238898054799
0.1145401274237333
0.11758001990921356
0.12068301934559374
0.12385008830880892
0.12708219910108207
0.13038033374384908
0.13374548402976572
0.13717865155249678
0.14068084768884262
0.14425309366439934
0.14789642053357538
0.15161186921260775
0.15540049046355034
0.15926334494739802
0.16320150317257606
0.1672160455357763
0.17130806231041368
0.17547865362391216
0.17972892947657096
0.1840600097073073
0.18847302398831897
0.19296911179603995
0.1975494224177189
0.20221511488749644
0.20696735797213134
0.21180733015486458
0.2167362195666561
0.22175522395391317
0.22686555066483702
0.23206841655260804
0.23736504794125238
0.24275668058679187
0.24824455958440114
0.2538299393288128
0.2595140834065801
0.26529826459148415
0.2711837646581037
0.2771718744169412
0.28326389353072323
0.2894611304724472
0.2957649024057284
0.3021765350971699
0.30869736280291576
0.31532872813795076
0.3220719819972836
0.32892848340153935
0.33589959937544456
0.34298670482097526
0.3501911823948486
0.3575144223245752
0.36495782230804447
0.3725227873299489
0.3802107295057635
0.3880230679278349
0.3959612284940937
0.4040266437282022
0.4122207526019368
0.4205450003509914
0.42900083826620494
0.4375897235295971
0.44631311897717163
0.45517249290429435
0.4641693188500934
0.4733050753579051
0.4825812457961666
0.49199931804724284
0.5015607843346496
0.5112671409388152
0.5211198879478443
0.5311205290030689
0.5412705710254845
0.5515715239395794
0.5620249003833871
0.5726322154474587
0.5833949863168958
0.5943147320424712
0.6053929731393438
0.616631231342042
0.6280310292358235
0.6395938899157132
0.6513213366302744
0.6632148924797446
0.6752760799526912
0.687506420632711
0.6999074347793962
0.7124806409230782
0.7252275554809187
0.738149692316279
0.7512485623356974
0.7645256730141233
0.7779825279771256
0.7916206265330774
0.8054414631836212
0.8194465271481592
0.8336373018694774
0.8480152644983923
0.8625818853718208
0.8773386274724785
0.8922869458950329
0.9074282872660838
0.9227640891887197
0.9382957796328315
0.9540247763616728
0.9699524862974732
0.9860803048962389
1.002409615528138
1.018941788812084
1.0356781819287246
1.0526201380028122
1.0697689853543775
1.087126036846225
1.1046925891424288
1.122469922022562
1.1404592976116468
1.1586619596896657
1.1770791329165478
1.1957120220907893
1.2145618114196204
1.2336296637062563
1.2529167196585407
1.2724240970647787
1.2921528900764387
1.3121041684331376
1.3322789767048775
1.3526783335613444
1.3733032310188606
1.3941546337140271
1.4152334781849354
1.4365406721899876
1.458077093994819
1.4798435917319555
1.5018409827490498
1.5240700529881515
1.5465315564096578
1.5692262144266917
1.5921547153623197
1.6153177139879416
1.6387158310388465
1.662349652815533
1.6862197308065041
1.710326581354008
1.734670685374889
1.759252488132824
1.784072399032281
1.8091307914976251
1.834428002885736
1.8599643344665215
1.8857400514266414
1.9117553829750105
1.9380105224667956
1.9645056275960533
1.991240820611576
2.0182161886908707
2.0454317842272527
2.0728876252458996
2.100583695912255
2.128519946977374
2.156696296385626
2.185112629860047
2.213768801548769
2.242664634723823
2.271799922515439
2.30117442868148
2.3307878883871713
2.360640009081274
2.3907304713222386
2.4210589296803198
2.451625013654092
2.482428328577278
2.5134684565873955
2.544744957561758
2.576257370109701
2.6080052125172717
2.639987983742808
2.672205164388438
2.7046562176748052
2.7373405904164168
2.770257713994508
2.8034070052795133
2.8367878676270175
2.8703996917497094
2.9042418566877646
2.938313730663173
2.9726146719924063
3.0071440299184027
3.0419011454676266
3.076885352254501
3.1120959772945276
3.147532341735983
3.183193761644366
3.219079548696239
3.255189010872692
3.2915214531454913
3.3280761780934607
3.3648524865425817
3.4018496781323573
3.4390670518980677
3.4765039067961743
3.5141595422143386
3.5520332584796965
3.590124357300237
3.6284321422028256
3.6669559189658925
3.7056949959953975
3.744648684698061
3.7838162998429343
3.823197159861024
3.8627905871727286
3.902595908458545
3.9426124549482737
3.982839562646794
4.023276572573868
4.063922830974032
4.1047776895220105
4.145840505492525
4.187110641937654
4.228587467833674
4.270270358209526
4.312158694299358
4.354251863614887
4.396549260085661
4.439050284128067
4.481754342728616
4.524660849505635
4.567769224783984
4.611078895627455
4.654589295902197
4.698299866281679
4.742210054305651
4.7863193143705836
4.830627107755861
4.8751329026378025
4.919836174067202
4.964736403985083
5.0098330811986305
5.055125701379194
5.10061376703263
5.146296787471247
5.192174278799531
5.238245763873189
5.284510772273699
5.3309688402594135
5.377619510732906
5.424462333191578
5.4714968636936465
5.518722664800056
5.566139305524212
5.6137463612978395
5.661543413893168
5.709530051392391
5.757705868105752
5.80607046454721
5.854623447350536
5.9033644292206615
5.952293028877817
6.001408870992991
6.050711586122896
6.100200810658448
6.149876186761597
6.199737362293084
6.2497839907726
6.300015731289169
6.350432248459194
6.4010332123606775
6.451818298467305
6.502787187590736
6.553939565812334
6.605275125003356
6.656793560484527
6.708494574349879
6.760377873175971
6.812443168494668
6.864690176768684
6.917118619297131
6.969728222179521
7.022518716254947
7.075489837023637
7.128641324621761
7.181972923747696
7.235484383596375
7.289175457821422
7.343045904476817
7.39709548595186
7.4513239689357915
7.505731124338604
7.560316727264857
7.615080556953841
7.67002239670946
7.72514203388024
7.780439259787588
7.835913869683471
7.891565662716648
7.947394441838468
8.003400013816025
8.05958218914229
8.115940782010796
8.172475610253201
8.229186495313352
8.286073262197872
8.343135739414741
8.400373758954405
8.457787156239897
8.51537577007793
8.573139442620159
8.631078019329934
8.689191348937607
8.74747928339597
8.805941677850225
8.864578390597263
8.923389283044964
8.982374219676311
9.041533068014155
9.100865698585705
9.160371984882193
9.220051803331069
9.279905033261997
9.339931556857568
9.400131259143134
9.460504027933057
9.521049753824254
9.581768330124207
9.642659652859038
9.703723620724963
9.764960135055418
9.826369099800559
9.88795042148694
9.949704009195782
10.01162977453617
10.073727631605317
10.135997496980027
10.198439289669874
10.261052931101087
10.323838345086003
10.386795457801226
10.449924197753866
10.513224495768883
10.57669628495209
10.640339500672159
10.70415408052463
10.768139964336374
10.832297094109117
10.896625414017464
10.961124870373386
11.025795411616299
11.090636988278431
11.155649552973536
11.220833060372918
11.286187467177651
11.351712732102925
11.417408815851363
11.483275681114018
11.549313292521338
11.61552161664082
11.68190062195651
11.748450278839854
11.815170559546958
11.88206143818582
11.949122890706777
12.01635489487482
12.083757430265623
12.151330478239856
12.219074021920466
12.286988046186968
12.355072537651736
12.42332748464958
12.491752877209938
12.560348707055399
12.629114967569409
12.698051653804614
12.7671587624276
12.836436291759256
12.905884241703136
12.975502613769056
13.04529141104454
13.11525063818042
13.185380301379052
13.255680408375687
13.326150968435131
13.396791992324184
13.467603492305678
13.53858548213191
13.60973797701087
13.681060993621514
13.752554550076528
13.824218665917604
13.89605336211036
13.968058661025719
14.04023458642352
14.112581163447313
14.185098418612313
14.257786379790879
14.330645076197499
14.403674538387916
14.476874798237287
14.550245888935587
14.62378784497532
14.697500702130675
14.77138449746943
14.84543926931821
14.919665057267062
14.994061902154213
15.068629846053387
15.143368932270462
15.218279205324114
15.293360710946176
15.368613496064027
15.44403760879139
15.519633098427606
15.595400015437884
15.671338411446358
15.74744833922864
15.823729852706474
15.900183006929378
15.976807858075379
16.053604463429547
16.130572881394293
16.207713171463926
16.285025394218692
16.362509611327756
16.440165885525623
16.517994280615103
16.595994861451935
16.67416769394044
16.75251284502755
16.831030382686567
16.909720375922486
16.988582894747058
17.067618010187957
17.146825794268697
17.226206320011094
17.305759661418772
17.385485893475035
17.465385092134696
17.545457334314634
17.625702697890684
17.706121261688093
17.786713105472572
17.86747830994745
17.948416956742253
18.029529128412197
18.11081490841971
18.19227438114547
18.273907631866308
18.355714746751367
18.43769581286645
18.51985091814918
18.6021801514223
18.684683602369326
18.767361361542505
18.85021352034544
18.933240171038783
19.016441406722876
19.099817321337735
19.183368009653883
19.267093567266997
19.350994090599777
19.43506967688047
19.519320424150695
19.603746431254017
19.688347797829497
19.773124624309958
19.858077011908936
19.943205062625797
20.028508879232543