0.021057304236931126
0.030861924594522274
0.04391317741861205
0.060927745590576066
0.08272209580447573
0.1102220960290085
0.14447210722823037
0.1866424496912467
0.23803394227441274
0.3000780784507316
0.3743313447276109
0.4624621508025366
0.5662286655659861
0.687445260449199
0.8279339920377641
0.9894558604375518
1.1736162510247181
1.38174443138991
1.6147635244019556
1.8730918129982883
2.1566260736618683
2.464827439409171
2.796875410191425
3.1518273210608947
3.5287384152453405
3.9267319314482227
4.345029841065421
4.782959492859009
5.239948055618067
5.715512022774666
6.209245597686851
6.72080971846716
7.249922388224177
7.796350448656229
8.359902704683703
8.940424225288588
9.53779163143936
10.151909196264732
10.78270560680837
11.430131261997825
12.094156004501409
12.774767203956147
13.471968125073023
14.185776527563647
14.91622345514612
15.663352179489308
16.427217271533515
17.207883778045602
18.005426485495477
18.81992925670541
19.651484428494427
20.500192260647676
21.366160428403568
22.249503551901586
23.150342757338034
24.06880526544222
25.005024003567318
25.959137238482292
26.93128822724655
27.921624884164654
28.930299462020013
29.957468246142962
31.003291260088183
32.06793198190256
33.151557070106136
34.25433609870668
35.37644130062678
36.51804731904934
37.67933096630228
38.86047098993649
40.06164784574763
41.28304347751301
42.52484110333016
43.78722500841392
45.07038034428899
46.37449293433681
47.6997490857061
49.04633540756074
50.414438635757556
51.80424546395267
53.215942381261215
54.6497155165116
56.105750489229656
57.58423226742627
59.08534503231335
60.60927205008651
62.156195550831
63.726296614757835
65.31975506579617
66.93674937274574
68.57745655803163
70.24205211420764
71.93070992830737
73.64360221411202
75.3808994524648
77.1427703396583
78.92938174400639
80.74089867064596
82.57748423458389
84.43929964208732
86.32650418039998
88.23925521579305
90.17770820001189
92.14201668503493