0.09143824249227354
0.12769104581202936
0.17487992953728815
0.2356108932218804
0.3130134278821034
0.4107916796826317
0.5331949688080491
0.6847170966769631
0.8690870606766068
1.0874610495017214
1.3377028666275093
1.6161527447775201
1.919482959206897
2.245211059604054
2.591569316000758
2.9572908697161
3.3414482795245
3.743346729029789
4.162454792588247
4.5983589890125085
5.050733284805452
5.519318136229637
6.0039057555693125
6.504329536454841
7.02045632237799
7.552180660434679
8.099420467168295
8.662113715972128
9.240215874031978
9.833697896153085
10.442544636549087
11.066753577034019
11.706333796413512
12.361305124695546
13.031697439484686
13.717550072074408
14.418911298301428
15.135837894922904
15.86839474660868
16.616654492025464
17.380697200196515
18.16061006993262
18.95648714713365
19.76842905572917
20.5965427390927
21.440941209461283
22.301743303524425
23.179073442762547
24.07306139756205
24.983842054278906
25.91155518479909
26.856345218170716
27.81836101412478
28.797755638316026
29.794686139250338
30.80931332687787
31.84180155290871
32.89231849290412
33.961034930250925
35.048124542143
36.15376368764944
37.278131198050644
38.42140816956425
39.583777758600235
40.765424979708
41.96653650637031
43.18730047480294
44.42790629092453
45.68854444066082
46.96940630377569
48.270683971382525
49.592570067321105
50.93525757360452
52.29893966010802
53.68380951867117
55.09006020186842
56.51788446656159
57.967474622505016
59.43902238615692
60.932718739906825
62.44875379691519
63.987316671763956
65.54859535709588
67.13277660644617
68.74004582342829
70.37058695746732
72.02458240623942
73.70221292498069
75.40365754281424
77.12909348624542
78.87869610993558
80.65263883491603
82.45109309431079
84.27422828667225
86.12221173705301
87.99520866582637
89.89338216536454
91.81689318460464
93.76590052153222
95.74056082360914
97.74102859616337
99.76745621872885
101.81999396932885
103.89879005667801