11.357509914059015
11.393192711256109
11.429059669179965
11.465110482545962
11.501344847791295
11.537762463079316
11.574363028322006
11.611146245182944
11.64811181709593
11.68525944927256
11.722588848712647
11.760099724218623
11.797791786394294
11.835664747663586
11.87371832227178
11.911952226296322
11.950366177650658
11.98895989609206
12.027733103225604
12.06668552250974
12.105816879263008
12.145126900662296
12.18461531575165
12.224281855444882
12.264126252522473
12.304148241638513
12.344347559326296
12.38472394398764
12.425277135905425
12.46600687723478
12.506912912013508
12.547994986151542
12.589252847432551
12.630686245523373
12.672294931954658
12.714078660135886
12.756037185343196
12.798170264722
12.84047765727705
12.882959123887336
12.925614427277281
12.968443332038847
13.011445604610547
13.05462101327857
13.097969328178518
13.141490321284104
13.18518376640207
13.229049439177276
13.273087117077425
13.31729657938985
13.361677607223239
13.406229983496342
13.45095349293264
13.495847922054631
13.540913059181966
13.58614869442401
13.631554619669403
13.677130628585452
13.722876516611672
13.768792080947119
13.814877120552511
13.86113143613781
13.907554830157506
13.954147106807142
14.000908072009038
14.047837533409812
14.094935300375289
14.14220118398467
14.189634997013645
14.237236553940358
14.285005670926909
14.332942165821215
14.381045858144482
14.42931656908399
14.477754121490753
14.526358339866592
14.575129050355713
14.624066080748666
14.67316926045827
14.722438420527554
14.771873393608418
14.821474013971049
14.871240117479358
14.921171541592471
14.971268125358014
15.02152970940381
15.071956135926946
15.122547248685342
15.173302893005932
15.224222915754268
15.275307165339102
15.326555491713131
15.377967746348551
15.429543782239413
15.48128345389653
15.533186617335195
15.585253130067358
15.637482851101375
15.689875640929106
15.742431361515859
15.795149876304977
15.848031050196498
15.901074749552857
15.95428084218238
16.007649197340527
16.06117968571475
16.11487217942499
16.16872655201026
16.22274267843226
16.27692043505403
16.331259699646502
16.38576035137476
16.44042227079441
16.495245339844022
16.550229441840667
16.60537446146761
16.660680284774703
16.716146799173035
16.77177389341943
16.827561457618028
16.883509383217234
16.93961756299192
16.995885891049536
17.05231426281334
17.10890257502774
17.165650725747252
17.22255861432321
17.279626141414436
17.336853208964182
17.39423972020828
17.451785579660534
17.50949069311294
17.567354967626393
17.62537831152622
17.683560634400052
17.741901847086424
17.800401861676505
17.85906059150169
17.917877951134457
17.97685385638106
18.035988224275805
18.095280973074978
18.154732022257463
18.214341292513318
18.27410870573832
18.33403418503856
18.394117654718393
18.45435904027312
18.51475826839246
18.575315266948518
18.636029964997157
18.696902292767785
18.757932181664398
18.819119564258333
18.88046437432591
18.941966546675772
19.00362601739786
19.065442723690275
19.12741660390011
19.18954759751104
19.25183564515102
19.314280688579736
19.376882670686264
19.43964153548745
19.502557228119834
19.565629694843008
19.62885888302621
19.692244741154294
19.75578721881405
19.819486265483793
19.883341836604632
19.947353881417197
20.011522355115588
20.075847212775134
20.140328410545067
20.204965905668242
20.269759656456827
20.334709622302356
20.39981576366851
20.465078042084695
20.53049642014713
20.596070861512537
20.66180133089638
20.727687794069176
20.793730217855344
20.859928570123788
20.92628281979696
20.992792936828135
21.059458892219048
21.126280658008717
21.193258207260534
21.260391514077284
21.327680553583274
21.395125301933888
21.46272573629659
21.530481834865967
21.598393576846814
21.66646094246148
21.734683912936212
21.803062470509968
21.871596598425462
21.940286280922738
22.00913150324437
22.07813225163086
22.147288513310595
22.216600276506433
22.28606753042762
22.355690265273886
22.4254684722197
22.49540214342256
22.565491272021035
22.63573585212642
22.706135878820774
22.776691348154426
22.847402257153423
22.91826860379769
22.98929038703703
23.0604676067791
23.13180026388505
23.203288360176
23.2749318984237
23.346730882347458
23.418685316615605
23.490795206842904
23.563060559582972
23.635481382333495
23.70805768353064
23.780789472536032
23.853676759659447
23.92671955612619
23.99991787410415
24.073271726675728
24.146781127848914
24.220446092559747
24.294266636657184
24.36824277690545
24.442374530987273
24.51666191749445
24.591104955930934
24.665703666703553
24.740458071129435
24.81536819142311
24.890434050703828
24.965655672989598
25.041033081979077
25.116566305858772
25.19225537015391
25.268100302449625
25.344101131218785
25.42025788581998
25.496570596489214
25.57303929434674
25.649664011391334
25.72644478049398
25.803381635401593
25.880474610730914
25.957723741968053
26.035129067260147
26.11269062028708
26.190408440872623
26.26828256795445
26.34631304132878
26.424499901648527
26.502843190418435
26.58134294999374
26.65999922358115
26.738812055232145
26.817781489839
26.896907573143856
26.97619035172208
27.055629872991076
27.135226185197507
27.21497933742685
27.294889379593464
27.374956362441957
27.455180337540977
27.535561357283722
27.61609947488643
27.696794744385535
27.777647220632208
27.858656959293718
27.939824016854548
28.02114845060362
28.102630318643087
28.18426967988029
28.26606659402104
28.34802112158328
28.430133323874603
28.51240326300717
28.594831001883787
28.677416604198537
28.760160134442742
28.84306165789055
28.926121240600562
29.00933894942042
29.092714851972033
29.176249016667345
29.25994151268289
29.34379240997741
29.427801779279957
29.51196969208888
29.596296220669597
29.680781438055345
29.765425418040728
29.850228235179966
29.935189964788393
30.020310682936003
30.105590466447826
30.191029392898457
30.27662754061293
30.36238498866275
30.448301816866127
30.53437810577944
30.62061393670427
30.70700939167267
30.793564553461923
30.8802795055723
30.967154332241744
31.054189118432564
31.141383949834296
31.228738912861353
31.31625409464494
31.403929583043247
31.491765466624816
31.57976183467163
31.66791877718124
31.756236384859303
31.844714749119476
31.93335396207856
32.02215411655302
32.11111530606869
32.20023762484003
32.28952116778065
32.378966030495555
32.46857230928269
32.55834010112394
32.64826950369053
32.73836061533848
32.8286135350989
32.91902836268571
33.009605198489886
33.10034414357255
33.19124529966906
33.28230876918143
33.37353465518202
33.46492306140332
33.55647409223998
33.648187852750326
33.74006444864259
33.83210398628794
33.92430657270136
34.0166723155532
34.10920132315563
34.20189370447135
34.294749569104525
34.387769027297175
34.48095218992768
34.57429916851218
34.667810075198325
34.7614850227653
34.855324124617255
34.9493274947865
35.04349524792659
35.13782749931255
35.23232436483665
35.326985961007566
35.42181240494626
35.51680381438224
35.61196030765835
35.70728200372048
35.80276902211693
35.898421482997826
35.994239507111594
36.09022321580243
36.186372731007076
36.282688175255714
36.37916967166437
36.475817343939404
36.57263131636494
36.66961171381061
36.76675866172182
36.864072286124895
36.96155271361398
37.05920007135818
37.157014487096056
37.25499608912981
37.353145006328006
37.45146136811813
37.5499453044887
37.64859694598591
37.74741642370494
37.846403869299266
37.94555941496653
38.04488319345211
38.144375338047006
38.24403598258181
38.34386526142789
38.44386330949604
38.54403026222211
38.64436625558371
38.74487142608476
38.845545910753074
38.946389847145966
39.04740337333501
39.148586627920636
39.24993975001231
39.351462879239556
39.45315615574181
39.55501972016788
39.65705371367238
39.75925827791771
39.86163355506646
39.96417968778096
40.06689681922052
40.16978509304089
40.27284465338892
40.3760756449023
40.47947821270245
40.58305250240268
40.68679866009043
40.79071683233959
40.89480716620216
40.99906980919547
41.103504909323284
41.20811261504837
41.31289307530751
41.41784643949997
41.52297285749058
41.62827247959873
41.73374545660948
41.839391939757995
41.945212080732205
42.05120603167297
42.15737394516997
42.26371597425625
42.37023227240846
42.476922993544264
42.583788292020714
42.69082832262927
42.79804324059424
42.90543320157506
43.0129983616542
43.120738877343825
43.228654905577635
43.336746603712804
43.44501412952471
43.553457641203
43.66207729735503
43.77087325699614
43.87984567955224
43.98899472485811
44.09832055314908
44.20782332506261
44.317503201640704
44.42736034431644
44.537394914919865
44.647607075673974
44.757996989188655
44.86856481846541
44.97931072688925
45.090234878226404
45.201337436623625
45.312618566604996
45.42407843307332
45.535717201301374
45.64753503693197
45.759532105977534
45.87170857481778
45.98406461019237
46.0966003792055
46.20931604931439
46.32221178834377
46.43528776446008
46.54854414618784
46.661981102401725
46.77559880231702
46.889397415500234
47.00337711185291
47.11753806162363
47.23188043539646
47.34640440408602
47.461110138943674
47.575997811552284
47.691067593817344
47.806319657975486
47.921754176582574
48.03737132251732
48.153171268978184
48.26915418947639
48.385320257842054
48.50166964820937
48.61820253503067
48.73491909305852
48.85181949735433
48.96890392327748
49.086172546492236
49.203625542955514
49.321263088924255
49.43908536094458
49.55709253585592
49.6752847907842
49.79366230314375
49.91222525063033
50.030973811222935
50.14990816317933
50.26902848503345
50.388334955593926
50.507827753943545
50.627507059432105
50.74737305168085
50.86742591057491
50.98766581626042
51.10809294914905
51.22870748990675
51.349509619458686
51.470499518983196
51.59167736991146
51.71304335392215
51.83459765294557
51.95634044915239
52.07827192495909
52.20039226302391
52.322701646237945
52.445200257736204
52.56788828088232
52.69076589927426
52.81383329673727
52.937090657325584
53.060538165320224
53.184176005221154
53.30800436175113