11.809775135594384
11.845641491921498
11.88169324434612
11.917930085820986
11.954351710959319
11.99095781604453
12.027748099048575
12.064722259636182
12.101879999196004
12.139221020828947
12.176745029381564
12.214451731441216
12.252340835351077
12.290412051226172
12.328665090951484
12.367099668196497
12.405715498420408
12.444512298881426
12.48348978864286
12.522647688571755
12.561985721361108
12.60150361151646
12.641201085368811
12.681077871082932
12.721133698651405
12.761368299903566
12.801781408507113
12.84237275996848
12.883142091640037
12.924089142709668
12.965213654220369
13.006515369051396
13.047994031929427
13.089649389428196
13.131481189964639
13.17348918380225
13.215673123041517
13.25803276162937
13.300567855352952
13.343278161834304
13.386163440535196
13.429223452745205
13.472457961588061
13.515866732017411
13.559449530807893
13.60320612655426
13.64713628967151
13.691239792387558
13.735516408739516
13.77996591457146
13.824588087523622
13.86938270703774
13.914349554346128
13.959488412465964
14.004799066197066
14.050281302119522
14.095934908574458
14.141759675682902
14.187755395316124
14.233921861102452
14.280258868419462
14.326766214388146
14.373443697861106
14.420291119433616
14.467308281412336
14.514494987830338
14.561851044429343
14.609376258660477
14.657070439667887
14.704933398294317
14.75296494706573
14.801164900184467
14.849533073531125
14.89806928465039
14.946773352743605
14.995645098667767
15.044684344923365
15.093890915650782
15.14326463662099
15.192805335231943
15.24251284049381
15.292386983037535
15.342427595089278
15.392634510475995
15.443007564615254
15.493546594503947
15.544251438720776
15.595121937409981
15.646157932279117
15.697359266589244
15.748725785153683
15.800257334323375
15.851953761984149
15.903814917553989
15.955840651966028
16.00803081766781
16.060385268618553
16.112903860273764
16.165586449583863
16.218432894983767
16.271443056392762
16.32461679519949
16.37795397426119
16.43145445789465
16.4851181118705
16.53894480340376
16.592934401155098
16.647086775213584
16.701401797100143
16.755879339751672
16.81051927752702
16.865321486185614
16.920285842894547
16.975412226213304
17.030700516093273
17.086150593869046
17.1417623422521
17.197535645324717
17.253470388537107
17.309566458697503
17.36582374396533
17.422242133849323
17.47882151920334
17.53556179221243
17.592462846394586
17.64952457659057
17.706746878964516
17.764129650990178
17.821672791447803
17.87937620042551
17.937239779304644
17.995263430757657
18.05344705874762
18.111790568512824
18.17029386657449
18.228956860717012
18.28777945999654
18.34676157472496
18.405903116472754
18.46520399806117
18.524664133550694
18.584283438254932
18.64406182870823
18.703999222686782
18.76409553918886
18.82435069843809
18.884764621867756
18.94533723212781
19.00606845307812
19.066958209776963
19.12800642848348
19.189213036650496
19.250577962966464
19.312101137175237
19.37378249032917
19.435621954612223
19.497619463388876
19.55977495118279
19.622088353689815
19.684559607763127
19.747188651411086
19.809975423795397
19.87291986522974
19.936021917164613
19.999281522198157
20.06269862406098
20.126273167618802
20.1900050988636
20.253894364918988
20.31794091402231
20.382144695532592
20.44650565992485
20.5110237587825
20.575698944796613
20.640531170460914
20.705520394573508
20.770666569225096
20.8359696527971
20.901429603469623
20.9670463804999
21.032819944236433
21.098750256098523
21.164837278591165
21.231080975285185
21.29748131082828
21.36403825092705
21.43075176236109
21.497621812963075
21.564648371624173
21.631831408294186
21.699170893968763
21.766666800695365
21.834319101565438
21.90212777071304
21.970092783311507
22.038214115569595
22.1064917447295
22.17492564906374
22.243515807874182
22.31226220148471
22.381164811241966
22.45022361951374
22.519438609680776
22.588809766139388
22.65833707429424
22.728020520561856
22.797860092359407
22.867855778108957
22.938007567229775
23.008315450144384
23.078779418261597
23.149399463985667
23.220175580712212
23.291107762819646
23.3621960056719
23.433440305613228
23.504840659966572
23.57639706703172
23.648109526081317
23.719978037359137
23.792002602077847
23.864183222412557
23.936519901508625
24.009012643465045
24.081661453343493
24.154466337157533
24.227427301881058
24.3005443554319
24.373817506678797
24.44724676543567
24.520832142463348
24.5945736494598
24.66847129906283
24.742525104846617
24.816735081319354
24.8911012439204
24.965623609017655
25.04030219390808
25.115137016808866
25.190128096862914
25.26527545412962
25.340579109585157
25.416039085124687
25.491655403550205
25.56742808731778
25.643357163529103
25.71944265649226
25.79568459263533
25.872082999289383
25.94863790468375
26.025349337943428
26.102217329085722
26.179241909023347
26.25642310955202
26.333760963355925
26.411255504005716
26.48890676776611
26.56671478639372
26.644679597858694
26.722801239241228
26.80107974849892
26.87951516445464
26.958107526801705
27.03685687610179
27.115763253774382
27.1948267021026
27.274047264228233
27.35342498415038
27.43295990671887
27.512652077638734
27.59250154346237
27.672508351588068
27.752672550262744
27.832994188570137
27.913473316439244
27.99410998463504
28.07490424475472
28.15585614923144
28.236965751331958
28.318233105144724
28.399658265588794
28.48124128840591
28.562982230158017
28.64488114822947
28.726938100816028
28.809153146932758
28.891526346405623
28.974057759864397
29.056747448756813
29.139595475325848
29.22260190262239
29.305766794497536
29.389090215598873
29.47257223136638
29.556212908039875
29.640012312645734
29.72397051299825
29.808087577700395
29.89236357613884
29.97679857847949
30.061392655667486
30.146145879426083
30.231058322252565
30.316130057414014
30.401361158950294
30.48675170166511
30.572301761128866
30.65801141367408
30.74388073639238
30.82990980713082
30.916098704498797
31.00244750785167
31.088956297296246
31.175625153687033
31.262454158628724
31.349443394463055
31.43659294427562
31.52390289188904
31.611373321861738
31.69900431948867
31.786795970790525
31.874748362518954
31.962861582155934
32.051135717897886
32.139570858672926
32.228167094119144
32.3169245145969
32.405843211178635
32.4949232756454
32.5841648004938
32.673567878921375
32.76313260483089
32.8528590728314
32.94274737822354
33.032797617012086
33.123009885890205
33.213384282246885
33.30392090416147
33.39461985039474
33.48548122039635
33.57650511429688
33.66769163290871
33.75904087771759
33.85055295088397
33.942227955245045
34.03406599430278
34.126067172230016
34.218231593859194
34.310559364691514
34.40305059088377
34.495705379249635
34.58852383725986
34.681506073036715
34.77465219535126
34.867962313622584
34.961436537913606
35.05507497892968
35.148877748020624
35.24284495716814
35.33697671898621
35.43127314672928
35.525734354277134
35.620360456134236
35.715151567435605
35.81010780393339
35.90522928200234
36.00051611863655
36.095968431438074
36.19158633862611
36.287369959030514
36.38331941208674
36.47943481783261
36.575716296910905
36.6721639705654
36.768777960632434
36.86555838954674
36.96250538033411
37.059619056611524
37.15689954257722
37.254346963023885
37.35196144331685
37.44974310940462
37.54769208781396
37.645808505644936
37.7440924905691
37.8425441708287
37.94116367523323
38.039951133152556
38.13890667452495
38.2380304298421
38.337322530156
38.43678310707309
38.53641229274819
38.63621021989091
38.73617702175206
38.83631283213045
38.93661778536318
39.0370920163335
39.13773566045305
39.238548853670906
39.33953173246949
39.44068443385839
39.54200709537618
39.643499855080634
39.74516285155855
39.846996223908455
39.94900011174823
40.051174655212186
40.153519994944446
40.25603627209577
40.35872362832644
40.46158220580091
40.56461214718375
40.66781359563586
40.7711866948216
40.87473158889373
40.97844842249779
41.082337340770586
41.18639848933037
41.29063201428336
41.3950380622182
41.499616780197805
41.604368315765456
41.7092928169372
41.81439043220026
41.91966131051178
42.02510560129483
42.13072345443352
42.23651502028048
42.342480449639275
42.44861989377708
42.55493350441063
42.66142143370833
42.768083834287424
42.87492085921745
42.98193266200509
43.08911939660128
43.19648121739497
43.30401827921485
43.4117307373196
43.519618747403186
43.62768246558704
43.73592204841784
43.84433765287073
43.95292943633976
44.06169755663976
44.170642171999624
44.279763441066414
44.38906152289803
44.49853657695864
44.608188763124346
44.71801824167428
44.82802517328974
44.938209719048196
45.04857204043055
45.15911229931014
45.269830657949065
45.3807272790065
45.49180232552254
45.60305596092627
45.71448834902697
45.82609965401696
45.937890040463884
46.0498596733141
46.162008717882
46.27433733985505
46.38684570529198
46.499533980612846
46.61240233260088
46.72545092840495
46.838679935526606
46.95208952182854
47.065679855523
47.179451105177456
47.293403439703084
47.407537028364665
47.52185204076125
47.636348646846514
47.75102701690353
47.86588732155622
47.98092973176053
48.09615441880741
48.211561554315495
48.32715131023407
48.44292385883304
48.558879372707246
48.67501802477301
48.79133998826465
48.90784543672816
49.02453454402766
49.14140748433743
49.2584644321355
49.37570556221453
49.49313104966172
49.61074106987361
49.7285357985405
49.84651541165395
49.96468008549807
50.08302999664505
50.20156532196574
50.320286238611594
50.43919292402169
50.55828555591796
50.67756431230285
50.79702937145709
50.91668091193771
51.036519112574055
51.156544152467916
51.276756210990804
51.39715546778221
51.51774210274068
51.63851629603343
51.75947822808269
51.88062807957317
52.00196603143932
52.12349226487189
52.245206961314366
52.36711030245398
52.489202470227845
52.611483646815095
52.73395401463914
52.85661375636022
52.97946305487725
53.10250209332399
53.22573105506519
53.349150123699076
53.47275948305138
53.59655931717174
53.72054981033511
53.84473114703896
53.96910351199761