12.825947309944882
12.8622059195539
12.898652588811204
12.935287007493507
12.97210886689763
13.00911785987676
13.04631368083498
13.083696025755948
13.121264592213809
13.15901907938959
13.196959188085467
13.235084620730728
13.273395081402246
13.311890275832306
13.350569911424367
13.389433697252311
13.428481344083167
13.46771256437822
13.507127072306044
13.546724583747476
13.586504816304917
13.626467489308533
13.666612323821486
13.706939042651705
13.747447370351155
13.788137033224771
13.82900775933244
13.870059278492477
13.91129132229218
13.952703624082492
13.994295918985937
14.036067943899734
14.078019437492065
14.120150140213994
14.162459794292767
14.204948143732922
14.247614934324242
14.290459913635289
14.333482831013542
14.376683437590104
14.42006148627722
14.463616731767162
14.507348930528263
14.551257840811234
14.595343222639492
14.639604837813133
14.684042449900982
14.728655824246054
14.77344472796085
14.818408929916911
14.863548200755137
14.908862312871504
14.954351040420422
15.000014159307275
15.04585144718881
15.091862683466672
15.13804764928542
15.18440612752446
15.230937902797919
15.277642761452416
15.324520491556381
15.371570882897577
15.418793726984093
15.466188817029444
15.513755947957169
15.56149491638966
15.609405520645554
15.657487560735262
15.705740838352657
15.754165156876812
15.802760321353873
15.851526138505875
15.900462416715726
15.949568966024227
15.998845598126215
16.048292126362387
16.097908365713575
16.14769413279567
16.197649245857505
16.247773524764714
16.298066791008313
16.348528867684568
16.399159579497756
16.449958752751815
16.500926215343306
16.55206179675616
16.603365328059848
16.65483664189001
16.706475572460977
16.758281955543204
16.8102556284728
16.862396430123134
16.91470420092591
16.967178782844005
17.019820019375544
17.072627755543376
17.125601837895413
17.17874211448592
17.232048434883442
17.285520650159256
17.3391586128756
17.39296217708875
17.446931198341968
17.501065533649097
17.5553650415034
17.609829581858786
17.66445901613716
17.71925320720669
17.774212019387267
17.82933531844256
17.884622971574693
17.94007484741429
17.995690816017902
18.051470748863878
18.107414518843818
18.16352200025475
18.219793068801494
18.27622760158473
18.33282547709494
18.389586575208288
18.446510777188372
18.503597965667854
18.560848024648827
18.618260839501076
18.675836296953893
18.733574285089368
18.791474693339044
18.84953741247733
18.90776233461704
18.966149353202812
19.02469836301136
19.08340926013992
19.142281942005273
19.201316307335283
19.260512256165818
19.319869689838626
19.379388510993643
19.439068623563646
19.498909932766953
19.558912345112113
19.619075768384896
19.679400111641694
19.739885285217113
19.800531200703347
19.861337770958766
19.922304910096845
19.983432533480602
20.0447205577263
20.10616890072854
20.167777481505585
20.229546220424407
20.291475039045658
20.35356386015705
20.415812607764302
20.47822120709561
20.540789584589476
20.603517667895694
20.666405385868305
20.729452668562214
20.79265944723407
20.856025654328985
20.919551223483772
20.983236089520716
21.047080188441015
21.111083457431356
21.175245834845402
21.23956726020842
21.304047674216495
21.368687018725645
21.433485236749927
21.49844227246109
21.563558071184094
21.628832579390036
21.694265744694782
21.759857515857984
21.825607842776
21.89151667647866
21.957583969128656
22.02380967401533
22.090193745552185
22.15673613927393
22.223436811832233
22.29029572099511
22.35731282563626
22.424488085742865
22.491821460895988
22.559312917811198
22.626962415252223
22.69476991910797
22.76273539485603
22.830858809059293
22.899140129367474
22.96757932450939
23.03617636429756
23.104931219619658
23.173843862432776
23.242914265768036
23.31214240372301
23.381528251457624
23.4510717851964
23.520772982220386
23.59063182086217
23.66064828051411
23.730822341612413
23.80115398564013
23.871643195129643
23.942289953646263
24.01309424580016
24.084056057232587
24.155175374619215
24.226452185663696
24.297886479099276
24.36947824467984
24.441227473183034
24.513134156403556
24.585198287153407
24.657419859256795
24.729798867546783
24.802335307868283
24.87502917706625
24.947880472991887
25.02088919449174
25.094055341413384
25.167378914597865
25.240859915875234
25.31449834806466
25.388294214976927
25.462247521399892
25.536358273107325
25.610626476845475
25.685052140344013
25.759635272298272
25.834375882381295
25.909273981228676
25.984329580443056
26.059542692591613
26.134913331199627
26.210441510749966
26.286127246682977
26.361970555390155
26.437971454210658
26.514129961434534
26.59044609629566
26.6669198776311
26.743551329190627
26.820340471731342
26.8972873282382
26.974391922633632
27.051654279765287
27.129074425410725
27.206652386270846
27.284388189966915
27.362281865043283
27.440333440958085
27.518542949952643
27.596910419635677
27.675435884014135
27.754119376190232
27.832960930170294
27.9119605808645
27.991118364079423
28.070434316518803
28.14990847578228
28.229540880361302
28.30933156963418
28.389280583868914
28.469387964218
28.549653752709492
28.630077992260397
28.710660726656943
28.791402000563025
28.87230185951139
28.95336034990661
29.034577519021493
29.11595341498677
29.19748808679954
29.27918158431782
29.36103395824984
29.443045260162897
29.525215542474005
29.607544858448804
29.69003326220094
29.772680808688328
29.85548755370744
29.938453553894192
30.021578866723562
30.104863550504493
30.188307664372584
30.27191126829604
30.355674423068223
30.439597190305673
30.523679632447852
30.60792181275095
30.69232379528848
30.77688564494697
30.86160742742333
30.94648920922436
31.031531057659926
31.116733040847812
31.202095227700415
31.28761768793457
31.373300492058757
31.459143711376953
31.54514741797907
31.631311684750646
31.717636585356196
31.804122194246673
31.89076858664854
31.97757583857272
32.06454402679942
32.15167322888673
32.23896352315572
32.32641498870221
32.41402770538241
32.5018017538166
32.58973721538296
32.67783417221656
32.76609270721259
32.85451290400923
32.94309484700106
33.031838621325036
33.120744312865185
33.20981200824642
33.299041794831325
33.3884337607174
33.477987994740396
33.56770458646482
33.657583626183246
33.747625204914506
33.83782941439943
33.92819634710272
34.01872609620541
34.10941875560283
34.200274419905384
34.29129318443133
34.38247514520892
34.47382039896991
34.56532904314984
34.65700117588303
34.74883689599991
34.840836303027075
34.93299949718497
35.025326579376845
35.117817651201506
35.21047281493274
35.30329217353285
35.39627583064009
35.489423890567686
35.58273645830372
35.676213639509626
35.769855540510406
35.86366226829894
35.957633930532424
36.05177063552725
36.14607249225617
36.24053961034892
36.335172100087355
36.42997007240523
36.524933638878124
36.620062911729164
36.71535800382578
36.810819028672654
36.90644610040886
37.0022393338118
37.09819884428721
37.19432474787086
37.2906171612237
37.38707620163141
37.48370198700013
37.58049463585242
37.67745426732955
37.77458100118423
37.87187495777774
37.969336258082784
38.066965023671436
38.16476137672422
38.26272544001895
38.36085733692918
38.4591571914248
38.55762512806647
38.656261272004095
38.75506574897501
38.85403868529944
38.953180207880756
39.052490444197474
39.15196952230827
39.25161757084116
39.35143471899934
39.45142109654941
39.551576833826665
39.6519020617287
39.75239691171448
39.853061515795595
39.953896006543395
40.054900517083695
40.15607518108434
40.25742013276752
40.3589355068952
40.4606214387734
40.56247806424842
40.664505519700164
40.76670394204511
40.86907346873013
40.971614237731195
41.074326387550194
41.1772100572112
41.28026538626256
41.38349251476762
41.486891583307916
41.59046273297587
41.69420610537718
41.79812184262104
41.90221008732859
42.00647098261679
42.11090467210729
42.21551129991613
42.32029101065693
42.42524394943523
42.53037026184433
42.63567009396613
42.741143592368026
42.84679090409732
42.952612176681136
43.05860755812461
43.16477719690628
43.27112124197682
43.37763984275498
43.48433314912584
43.59120131144104
43.698244480509366
43.805462807603575
43.912856444447975
44.02042554322128
44.128170256556736
44.236090737532685
44.34418713967346
44.452459616948595
44.560908323767514
44.66953341497842
44.778335045866044
44.88731337214495
44.996468549964874
45.10580073590167
45.21531008695318
45.32499676054773
45.434860914528564
45.54490270715971
45.655122297119625
45.765519843496996
45.87609550579719
45.98684944392945
46.09778181820681
46.20889278934841
46.32018251847331
46.431651167097776
46.543298897133134
46.65512587088295
46.767132251043236
46.879318200697796
46.99168388331097
47.104229462738076
47.216955103207795
47.329860969329005
47.442947226088265
47.55621403884166
47.66966157331863
47.78328999561413
47.89709947218969
48.01109016986911
48.12526225583914
48.23961589764139
48.35415126317644
48.46886852069562
48.58376783880029
48.69884938644481
48.81411333292352
48.929559847877044
49.04518910128598
49.161001263473125
49.276996505090835
49.393174997132164
49.50953691091425
49.626082418089986
49.742811690632735
49.85972490084207
49.97682222134397
50.0941038250744
50.211569885292725
50.32922057556966
50.447056069789646
50.565076542140154
50.68328216713222
50.801673119563716
50.92024957454382
51.039011707479354
51.157959694074904
51.277093710331215
51.39641393253897
51.51592053728415
51.63561370143598
51.75549360215386
51.87556041687613
51.99581432332396
52.11625549949845
52.23688412367623
52.357700374405994
52.47870443051127
52.599896471083305
52.721276675478215
52.84284522331973
52.96460229449432
53.08654806914419
53.20868272767291
53.33100645073727
53.45351941924988
53.576221814370456
53.69911381751009
53.82219561032275
53.94546737470955
54.0689292928104
54.192581547004785
54.3164243199116
54.44045779437987
54.56468215349618
54.689097580573524
54.813704259152914
54.938502373000986
55.06349210610795
55.188673642686176
55.314047167166
55.43961286419174