2.4700186133246955e-11
8.709454435875044e-7
0.00004418586495795188
0.409084380461199
1.614525904610544
0.0713100692812273
0.19121514062722653
6.584757052848118
0.4832106340068141
0.6546077562108374
0.8425075719283528
1.0466237861245076
1.2666970200974563
1.5025168640044986
1.7538720769727438
2.0205938345775585
2.3025336928419695
2.599559350720144
2.911556977321251
3.238427408275291
3.580084063724248
3.936452634297576
4.307468311970359
4.693075955978931
5.093228352141288
5.507885668073513
5.93701482191693
6.3805897259517055
6.838588065752027
7.3109948895470245
7.797798540094774
8.298994177156606
8.814579691906344
9.344558477142316
9.88894052943188
10.447735873163861
11.020961656276413
11.60864226751648
12.210801344428221
12.827468565626532
13.458689953885525
14.104495960970551
14.764937380374164
15.440065348321253
16.12993564916068
16.83461446049092
17.554165461335323
18.288663571342486
19.038186098738258
19.802818793471282
20.582650366339745
21.37777625883916
22.18829717043722
23.014318489915215
23.855951950374433
24.713313657599677
25.5865249809879
26.475712782593884
27.381001332860887
28.302546334581105
29.240470277137742
30.194922346914936
31.166045546745234
32.154016900253865
33.158972152168374
34.18107400684983
35.22049748484191
36.27740230400891
37.351962109399324
38.44435263552116
39.554750104278895
40.68333486657927
41.83028936741194
42.99579833452858
44.18004858259427
45.38322882361055
46.605529478274796
47.84714248855769
49.108261131872375
50.38907983704921
51.68979400243658
53.01059981637364
54.351694080294806
55.713274034724954
57.095537188410525
58.498681150797786
59.92290346815449
61.36840146352165
62.835372080748115
64.32401173283837
65.83451615485176
67.3670802615455
68.92189801003843
70.49916226765313
72.09906468520376
73.7217955759059
75.36754380011465
77.0364966561072
78.72883977707704
80.44475703452106
82.18443044820367
83.94804010284267
85.73576407167671
87.54777834704278
89.38425677809447
91.24537101576324
93.13129046509307
95.04218224498545
96.9782111554711
98.93953965253948
100.926327830583
102.93873341249343
104.97691174740855
107.04101581613881
109.13119624424769
111.24760132277974
113.39037703659868
115.55966710030046
117.7556130016406
119.97835405243396