0.5654577851280853
0.5884953550603984
0.6117487579202767
0.6352135182739199
0.6588856442006219
0.6827615527476092
0.7068380100569139
0.7311120826305413
0.7555810973206359
0.7802426081099667
0.8050943683335253
0.8301343072700739
0.8553605102452135
0.8807712016335607
0.9063647302539862
0.9321395567346631
0.9580942425254559
0.9842274403180962
1.0105378856250324
1.0370243893857587
1.0636858314153068
1.0905211545884081
1.1175293596618876
1.1447095006414543
1.1720606806566474
1.1995820482201844
1.2272727938883476
1.2551321471924513
1.2831593739214482
1.3113537736270877
1.3397146773254327
1.3682414454518328
1.396933465957273
1.4257901525793597
1.4548109432436365
1.4839952986117333
1.5133427007294356
1.542852651791426
1.5725246729914235
1.6023583034726099
1.6323530993238609
1.6625086326864422
1.6928244909127144
1.7233002757667888
1.7539356026923372
1.7847301001302927
1.815683408892907
1.846795181548231
1.87806508188453
1.9094927843655145
1.9410779736499904
1.9728203441337253
2.00471959952483
2.036775452417027
2.0689876239277147
2.1013558433216275
2.133879847683778
2.1665593815977346
2.1993941968256325
2.232384052050749
2.2655287125911556
2.298827950128633
2.332281542502508
2.3658892734446533
2.3996509323780386
2.433566314206965
2.4676352191241784
2.5018574524161266
2.5362328242875716
2.570761149696635
2.605442248185992
2.6402759437400043
2.6752620646191474
2.710400443249663
2.745690916057486
2.7811333233662143
2.8167275092615705
2.852473321476713
2.8883706112882215
2.9244192334035186
2.9606190458600854
2.9969699099240508
3.0334716900079006
3.07012425356361
3.1069274710090373
3.1438812156574243
3.180985363594516
3.2182397936593206
3.25564438732483
3.2931990286569346
3.3309036042294013
3.3687580030662794
3.4067621165819513
3.4449158385129888
3.4832190648721046
3.5216716938761627
3.56027362590745
3.5990247634589405
3.6379250110724834
3.6769742753075225
3.7161724646873524
3.7555194896425204
3.7950152624967988
3.8346596973973055
3.874452710281611
3.91439421885093
3.954484142512651
3.994722402372393
4.035108921158914
4.07564362323503
4.116326434522525
4.1571572825037615
4.198136096177249
4.239262806016184
4.280537343967704
4.321959643399149
4.363529639081049
4.405247267164418
4.447112465154184
4.489125171876428
4.531285327465593
4.573592873332465
4.61604775215238
4.658649907830845
4.701399285495091
4.744295831460195
4.7873394932270905
4.830530219443223
4.873867959901428
4.917352665514494
4.960984288287972
5.004762781330235
5.0486880988007155
5.092760195923686
5.136979028968026
5.181344555205642
5.22585673293219
5.270515521429602
5.315320880971042
5.36027277278516
5.405371159062303
5.450616002931917
5.496007268449649
5.541544920600812
5.587228925258808
5.633059249205364
5.679035860110045
5.725158726499602
5.771427817777703
5.817843104198621
5.86440455685805
5.911112147690744
5.95796584945215
6.004965635717164
6.052111480866481
6.099403360087336
6.146841249347937
6.194425125410374
6.2421549658034365
6.290030748838374
6.338052453574146
6.386220059832189
6.434533548178049
6.482992899927836
6.531598097116322
6.580349122526856
6.629245959650406
6.678288592698215
6.727477006603541
6.776811186992243
6.826291120197793
6.875916793249741
6.925688193864271
6.9756053104476905
7.025668132089341
7.07587664854808
7.1262308502595975
7.176730728331455
7.2273762745279395
7.278167481275279
7.329104341662883
7.380186849421248
7.4314149989421905
7.482788785255265
7.534308204028006
7.585973251579593
7.637783924853282
7.689740221433049
7.741842139526702
7.794089677973705
7.846482836232765
7.899021614386298
7.951706013140554
8.004536033812713
8.057511678332366
8.110632949250462
8.163899849716584
8.217312383493102
8.270870554950339
8.324574369062585
8.37842383139719
8.432418948131437
8.486559726036774
8.5408461724818
8.59527829543065
8.649856103442497
8.704579605662492
8.759448811834547
8.81446373228508
8.869624377935418
8.924930760286914
8.980382891432727
9.035980784045544
9.091724451385515
9.147613907291698
9.203649166193218
9.259830243084084
9.316157153555697
9.372629913767442
9.42924854046021
9.486013050954169
9.54292346314541
9.599979795502351
9.657182067076903
9.714530297487466
9.772024506933333
9.829664716187484
9.88745094659212
9.945383220065864
10.003461559103885
10.061685986763495
10.120056526683639
10.178573203071247
10.23723604070644
10.296045064940046
10.35500030169187
10.41410177745752
10.473349519296107
10.532743555028608
10.592283912496972
10.651970620651184
10.71180370883792
10.771783206972701
10.831909145540527
10.892181555592757
10.952600468757666
11.013165917232882
11.073877933516153
11.134736551461629
11.195741804720393
11.256893727767704
11.318192355651759
11.379637723986502
11.441229868957084
11.502968827323963
11.564854636412841
11.626887334125351
11.689066958923899
11.75139354985464
11.813867146526247
11.876487789121951
11.939255518396187
12.00217037567262
12.065232402850581
12.128441642396892
12.191798137353052
12.25530193133264
12.31895306852069
12.382751593672449
12.446697552122194
12.510790989772673
12.575031953098096
12.63942048914946
12.703956645550216
12.768640470492784
12.833472012752212
12.898451321668798
12.963578447162238
13.028853439724307
13.09427635041761
13.159847230888376
13.225566133348082
13.291433110590209
13.357448215973367
13.423611503442018
13.489923027510711
13.556382843270796
13.622991007401872
13.689747574146544
13.756652601305852
13.823706146269874
13.8909082670092
13.958259022072207
14.025758470569423
14.093406672203306
14.161203687247026
14.229149576542726
14.297244401519897
14.36548822417985
14.433881107095607
14.502423113423555
14.57111430688757
14.639954751798122
14.708944513035899
14.778083656058131
14.847372246897974
14.916810352166987
14.986398039049803
15.056135375309582
15.126022429284168
15.196059269887328
15.266245966608878
15.336582589512197
15.407069209238951
15.477705897003625
15.548492724599358
15.619429764392105
15.690517089322142
15.76175477290256
15.83314288922783
15.904681512958303
15.976370719335215
16.048210584168647
16.120201183845356
16.19234259532355
16.2646348961345
16.337078164385165
16.409672478751848
16.482417918483286
16.555314563401552
16.628362493897683
16.701561790937646
16.774912536052287
16.848414811349247
16.922068699506006
16.99587428375946
17.069831647928382
17.143940876395817
17.218202054111284
17.292615266591174
17.367180599924943
17.441898140762586
17.516767976326907
17.591790194399522
17.666964883331623
17.742292132039168
17.817772030000626
17.893404667263322
17.969190134428533
18.0451285226701
18.121219923713973
18.197464429857295
18.273862133950175
18.350413129408597
18.427117510199512
18.50397537086096
18.580986806477984
18.658151912698642
18.73547078572817
18.812943522323035
18.890570219798864
18.9683509760245
19.0462858894236
19.124375058970564
19.202618584192983
19.28101656517118
19.35956910253333
19.43827629746034
19.51713825167825
19.596155067465315
19.67532684764283
19.75465369558218
19.83413571519644
19.913773010946414
19.993565687834828
20.073513851407068
20.15361760774944
20.233877063490784
20.31429232580037
20.394863502382673
20.475590701481856
20.556474031879404
20.637513602894607
20.718709524379005
20.800061906713633
20.881570860822315
20.96323649815141
21.045058930684498
21.127038270926704
21.20917463192283
21.29146812723503
21.373918870954583
21.456526977701888
21.539292562614197
21.622215741358758
21.705296630116685
21.788535345599332
21.871932005026213
21.955486726146095
22.039199627213414
22.123070827008885
22.207100444820625
22.29128860045373
22.375635414222298
22.46014100695121
22.544805499979567
22.629629015149543
22.71461167481195
22.799753601824534
22.8850549195456
22.97051575184174
23.05613622307778
23.141916458119233
23.22785658233084
23.31395672157669
23.40021700221486
23.48663755109905
23.573218495577468
23.65995996348884
23.746862093001912
23.83392498342571
23.921148793578205
24.008533643417405
24.09607966322351
24.18378698375794
24.271655736269047
24.359686052482424
24.44787806460278
24.536231905315287
24.62474770777878
24.713425605629826
24.802265732973808
24.89126822439682
24.98043321494323
25.069760840135878
25.159251235963932
25.248904538874328
25.338720885790995
25.428700414090162
25.51884326161302
25.609149566661245
25.69961946799515
25.790253104828576
25.881050616830528
25.972012144127525
26.06313782729428
26.154427807356196
26.24588222578651
26.337501224506152
26.429284945884522
26.521233532730392
26.613347128295292
26.705625876272617
26.79806992079291
26.89067940642438
26.98345447817462
27.076395281475598
27.169501962202883
27.26277466665308
27.35621354155509
27.449818734069403
27.543590391773794
27.63752866267736
27.731633695205268
27.825905638204798
27.920344640945395
28.014950853104217
28.109724424786535
28.204665506504234
28.299774249175332
28.39505080413836
28.49049532313426
28.58610795831171
28.68188886222378
28.77783818782655
28.873956088476408
28.97024271793325
29.066698230350443
29.16332278027941
29.26011652266504
29.357079612843947
29.454212206543232
29.551514459883343
29.648986529364528
29.7466285718794
29.84444074469801
29.9424232054768
30.04057611224807
30.13889962342515
30.23739389779698
30.336059094526217
30.4348953731495
30.533902893572986
30.633081816069723
30.732432301286
30.831954510227433
30.93164860426866
31.031514745138423
31.13155309493152
31.231763816101434
31.332147071452813
31.43270302414676
31.53343183769839
31.634333675971842
31.73540870318338
31.836657083885278
31.93807898299112
32.039674565744896
32.14144399773741
32.24338744489929
32.34550507349457
32.44779705012737
32.55026354173333
32.65290471558126
32.75572073926885
32.858711780724995
32.96187800819841
33.065219590269734
33.16873669583747
33.27242949412408
33.3762981546673
33.48034284732412
33.58456374226452
33.68896100997628
33.79353482125287
33.8982853471988
34.00321275922666
34.10831722905811
34.213598928711946
34.319058030512544
34.4246947070817