0.8673145847228845
0.892485253633542
0.9178214549897132
0.943322541156614
0.9689878959681173
0.9948169323912835
1.0208090904175349
1.0469638351644648
1.0732806551454592
1.0997590607081247
1.1263985825944771
1.1531987706449895
1.1801591926014396
1.2072794330083105
1.234559092209019
1.2619977854281614
1.2895951419103586
1.3173508041413926
1.3452644271192415
1.3733356776724042
1.4015642338489722
1.4299497843358682
1.458492027902158
1.4871906729267699
1.5160454369002696
1.545056046012778
1.5742222347273642
1.6035437454126469
1.6330203279839577
1.6626517395569194
1.6924377441440916
1.722378112354722
1.7524726211220496
1.7827210534289983
1.8131231980804123
1.8436788494595298
1.8743878073023306
1.9052498765122226
1.9362648669332712
1.9674325931960408
1.9987528745216068
2.0302255345578395
2.0618504012374084
2.0936273066059985
2.125556086690369
2.157636581368771
2.189868634232303
2.222252092467863
2.2547868067439603
2.2874726310904383
2.3203094228055092
2.353297042344789
2.3864353532218754
2.4197242219373516
2.4531635178639726
2.4867531131816265
2.520492882783995
2.554382704206438
2.588422457567533
2.6226120254594756
2.6569512929271033
2.691440147372445
2.7260784784850904
2.760866178230149
2.7958031407299626
2.830889262245611
2.8661244411152245
2.901508577705575
2.937041574357216
2.972723335332846
3.0085537667921143
3.044532776724717
3.0806602749203615
3.116936172921351
3.153360383996643
3.1899328230789217
3.2266534067637256
3.2635220532319984
3.3005386822457443
3.3377032151194794
3.3750155746576747
3.412475685144081
3.45008347232572
3.4878388633478403
3.525741786756403
3.5637921724666786
3.601989951716575
3.6403350570693718
3.678827422369282
3.717466982726309
3.7562536744911776
3.7951874352370836
3.834268203731769
3.873495919913442
3.912870524886433
3.952391960887556
3.9920601712681143
4.031875100481486
4.0718366940606545
4.1119448985993525
4.152199661748202
4.1926009321720255
4.233148659562253
4.2738427946066375
4.31468328896791
4.355670095289232
4.396803167160694
4.438082459117072
4.479507926621821
4.521079526045103
4.562797214668132
4.604660950655991
4.646670693052049
4.688826401769393
4.731128037571839
4.773575562067602
4.816168937695395
4.858908127716981
4.901793096215061
4.944823808064606
4.988000228933721
5.0313223252841475
5.074790064338986
5.118403414099083
5.162162343308277
5.206066821479836
5.250116818852643
5.294312306400874
5.338653255825317
5.383139639544304
5.427771430692471
5.472548603100407
5.517471131300482
5.5625389905130715
5.6077521566445725
5.653110606277718
5.698614316663512
5.7442632657257
5.790057432043757
5.835996794851902
5.882081334030779
5.928311030115151
5.974685864260887
6.021205818274127
6.067870874580502
6.114681016232335
6.161636226902925
6.20873649088134
6.255981793059507
6.303372118949217
6.350907454656799
6.398587786889209
6.446413102948691
6.494383390729546
6.542498638715654
6.590758835972899
6.639163972153023
6.68771403748108
6.736409022758672
6.785248919361214
6.834233719231852
6.883363414886679
6.932637999393134
6.982057466391726
7.031621810077787
7.08133102520048
7.1311851070692525
7.181184051539809
7.231327855020817
7.281616514469562
7.332050027381271
7.382628391809594
7.433351606342277
7.484219670102524
7.535232582761663
7.586390344521885
7.637692956124695
7.689140418846931
7.740732734491705
7.792469905399205
7.844351934440736
7.896378825014868
7.948550581046325
8.000867206991442
8.053328707827866
8.10593508906262
8.158686356722054
8.211582517358917
8.26462357805161
8.317809546391905
8.371140430501072
8.424616239015366
8.478236981096444
8.532002666418835
8.585913305179746
8.639968908095831
8.694169486398348
8.748515051840243
8.803005616690063
8.857641193731828
8.91242179626901
8.96734743812105
9.022418133622873
9.077633897628598
9.13299474550422
9.188500693138046
9.244151756927272
9.299947953792643
9.355889301166535
9.411975816997542
9.468207519755568
9.52458442842066
9.581106562494172
9.637773941992316
9.694586587449264
9.751544519917516
9.808647760963565
9.865896332674588
9.923290257658952
9.980829559035037
10.038514260448617
10.096344386061192
10.154319960552343
10.212441009122216
10.270707557494259
10.329119631907638
10.387677259128667
10.446380466440253
10.50522928164947
10.564223733234636
10.62336384975972
10.682649660740202
10.742081196079196
10.801658486202859
10.861381562057302
10.921250455120612
10.981265197398027
11.04142582141361
11.101732360229985
11.162184847426374
11.222783317120934
11.283527803953751
11.34441834309429
11.40545497025021
11.466637721653205
11.527966634069195
11.589441744795087
11.651063091660767
11.712830713029598
11.7747446478004
11.8368049354046
11.899011615478177
11.961364729179088
12.023864317225033
12.08651042119263
12.149303083196813
12.212242345895548
12.275328252475934
12.338560846673433
12.401940172756241
12.465466275542411
12.52913920038099
12.59295899317026
12.656925700351534
12.721039368904197
12.785300046355376
12.849707780773
12.914262620775352
12.978964615520022
13.043813814710859
13.108810268606412
13.173954028005033
13.2392451442527
13.304683669245625
13.370269655427634
13.436003155791552
13.50188422388217
13.567912913791156
13.634089280164261
13.70041337819498
13.766885263627787
13.833504992763217
13.900272622451789
13.967188210098103
14.034251813655622
14.10146349267972
14.1688233041824
14.23633130879542
14.303987566687688
14.371792138595348
14.439745085796213
14.507846470134083
14.576096354003122
14.644494800358268
14.713041872710901
14.781737635127593
14.850582152230732
14.919575489201504
14.988717711782124
15.058008886268139
15.127449079519602
15.197038358948037
15.266776792527859
15.336664448793147
15.406701396832187
15.47688770629553
15.547223447395378
15.617708690899256
15.688343508139313
15.759127970999796
15.83006215193119
15.901146123943024
15.972379960600646
16.043763736030805
16.115297524926365
16.186981402529305
16.25881544465046
16.330799727654856
16.402934328470046
16.475219324585105
16.547654794045176
16.620240815455556
16.692977467982335
16.765864831352616
16.838902985847596
16.9120920123121
16.985431992146026
17.058923007314146
17.1325651403342
17.206358474283213
17.28030309279974
17.3543990800753
17.42864652086032
17.503045500466893
17.577596104758815
17.652298420159315
17.72715253364718
17.802158532758867
17.877316505583693
17.952626540768012
18.028088727516366
18.1037031555788
18.179469915271728
18.255389097455105
18.33146079355002
18.40768509552036
18.484062095895005
18.560591887746867
18.637274564700075
18.714110220934078
18.791098951174963
18.868240850699912
18.945536015335964
19.022984541459273
19.100586525991137
19.178342066404323
19.25625126071513
19.334314207487843
19.412531005834886
19.49090175540959
19.569426556408317
19.64810550957668
19.726938716199587
19.805926278103996
19.885068297658393
19.964364877776294
20.043816121906296
20.12342213403445
20.20318301868921
20.283098880938713
20.363169826379853
20.4433959611538
20.5237773919347
20.604314225926203
20.685006570870517
20.76585453503837
20.846858227237053
20.92801775680151
21.009333233596678
21.090804768013772
21.172432470976982
21.254216453936404
21.336156828863817
21.418253708258884
21.500507205149784
21.582917433075945
21.665484506110154
21.74820853884253
21.83108964637917
21.91412794435207
21.997323548904358
22.080676576700355
22.164187144916745
22.247855371246196
22.331681373894984
22.41566527158127
22.499807183534827
22.584107229495093
22.668565529708154
22.75318220493037
22.837957376423386
22.922891165956397
23.00798369579855
23.093235088724043
23.178645468008032
23.264214957428237
23.349943681257
23.435831764270358
23.521879331735242
23.60808650941693
23.694453423574828
23.78098020095689
23.8676669688109
23.954513854866367
24.041520987343443
24.128688494956286
24.216016506895063
24.30350515284171
24.39115456295888
24.47896486789232
24.566936198766
24.655068687186244
24.743362465235244
24.83181766546959
24.920434420925606
25.00921286511114
25.098153132005102
25.187255356058046
25.27651967218785
25.36594621578443
25.45553512269781
25.545286529249438
25.63520057221815
25.725277388850465
25.815517116845946
25.90591989437024
25.996485860042153
26.087215152938754
26.178107912588164
26.269164278971683
26.360384392527735
26.451768394134017
26.543316425123884
26.635028627275656
26.726905142813496
26.818946114400227
26.91115168514711
27.003521998600828
27.096057198745218
27.188757430007733
27.281622837245035
27.374653565749572
27.467849761247482
27.561211569891505
27.65473913826781
27.748432613386072
27.84229214268356
27.936317874018822
28.030509955678614
28.124868536361532
28.219393765193896
28.31408579171051
28.408944765869432
28.503970838038686
28.59916415899765
28.694524879939138
28.790053152460352
28.88574912857183
28.981612960684394
29.07764480161412
29.173844804578373
29.270213123194193
29.366749911480518
29.463455323847274
29.560329515103064
29.657372640450575
29.75458485547864
29.851966316173648
29.949517178902923
30.04723760042464
30.145127737876674
30.243187748784894
30.341417791052123
30.43981802296101
30.538388603174745
30.63712969072641
30.736041445026416
30.835124025856416
30.93437759336919
31.03380230808318
31.133398330883487
31.233165823027072
31.33310494612241
31.43321586214675
31.533498733435046
31.63395372267849
31.73458099292562
31.835380707576476
31.936353030385973
32.03749812545756
32.13881615724035
32.24030729053598
32.34197169048418
32.44380952257508
32.54582095263108
32.64800614682002
32.75036527164449
32.85289849394444
32.95560598088849
33.05848789998301
33.16154441906017
33.26477570628256
33.368181930138356
33.47176325943693
33.575519863314625
33.67945191122524
33.783559572942245
33.887843018556936
33.992302418473294
34.09693794340908
34.20174976439508
34.306738052767436
34.41190298017468
34.517244718565735
34.622763440198575
34.7284593176271
34.83433252371065
34.940383231600265
35.04661161474885
35.15301784690308
35.25960210209751