0.9835836128107023
1.0092891215727602
1.0351542466225314
1.0611785967857745
1.0873617956762127
1.113703480810919
1.1402033027865213
1.1668609245369568
1.1936760206503059
1.2206482767097073
1.2477773887299701
1.2750630625866153
1.302505013521747
1.3301029656741294
1.3578566516358237
1.3857658120346437
1.4138301951703554
1.442049556649263
1.4704236590587636
1.4989522716351957
1.5276351699976
1.5564721358578957
1.5854629567717673
1.6146074258832244
1.6439053417157032
1.6733565079484007
1.702960733211474
1.732717830889431
1.7626276189626284
1.792689919822578
1.8229045600964395
1.853271370533448
1.8837901858136443
1.9144608444442328
1.9452831886195716
1.9762570640937014
2.007382320065407
2.0386588090688678
2.070086386862692
2.101664912330621
2.1333942473839667
2.1652742568752275
2.197304808502262
2.2294857727341912
2.2618170227080046
2.29429843418673
2.3269298854498373
2.3597112572583563
2.3926424327620364
2.4257232974402654
2.458953739049811
2.492333647554199
2.525862915074684
2.559541435822479
2.5933691060734336
2.6273458240820213
2.6614714900692946
2.6957460061448164
2.730169276274636
2.76474120625336
2.799461703635639
2.8343306777103505
2.8693480394556645
2.9045137015210485
2.9398275781570136
2.975289585217101
3.0108996400963166
3.0466576617123895
3.0825635704739973
3.118617288243776
3.1548187383199524
3.1911678453962518
3.227664535538935
3.264308736173766
3.301100376026434
3.3380393851427845
3.375125694829118
3.4123592376427547
3.4497399473683292
3.4872677589958214
3.5249426087051625
3.56276443383074
3.600733172856677
3.6388487653901507
3.6771111521446316
3.7155202749217655
3.7540760765875385
3.7927785010704183
3.8316274933253576
3.8706229993355317
3.909764966081557
3.949053341534042
3.988488074642668
4.028069115312229
4.067796414391962
4.107669923666732
4.147689595840273
4.18785538451757
4.228167244198271
4.268625130272105
4.309228998979525
4.3499788074340575
4.390874513592139
4.431916076241569
4.473103454994939
4.514436610286272
4.55591550334658
4.597540096204725
4.639310351674514
4.681226233340304
4.723287705557241
4.765494733442085
4.807847282853345
4.85034532039277
4.892988813400507
4.9357777299289145
4.978712038760804
5.021791709378041
5.065016711967749
5.108387017415856
5.151902597296046
5.195563423857103
5.23936947002663
5.283320709404595
5.327417116250923
5.371658665472458
5.416045332640965
5.4605770939647025
5.505253926290289
5.550075807105798
5.595042714516813
5.640154627258831
5.685411524687959
5.73081338676949
5.776360194077163
5.822051927792414
5.867888569694201
5.91387010215764
5.959996508153874
6.006267771229478
6.052683875530282
6.0992448057712165
6.145950547244251
6.19280108581728
6.239796407926673
6.286936500569707
6.334221351315238
6.381650948280488
6.42922528014781
6.476944336149658
6.524808106066363
6.572816580230469
6.620969749516438
6.6692676053438715
6.717710139666714
6.76629734498542
6.815029214330067
6.863905741262099
6.912926919877923
6.9620927448008425
7.0114032111837865
7.060858314701742
7.1104580515554705
7.16020241846407
7.210091412667446
7.26012503192707
7.310303274516411
7.360626139230743
7.41109362537052
7.46170573275626
7.512462461713535
7.563363813084012
7.614409788215777
7.6656003889639495
7.716935617691679
7.768415477267662
7.820039971064903
7.871809102963191
7.923722877340791
7.975781299086726
8.027984373583898
8.080332106720757
8.13282450488522
8.185461574968015
8.238243324354126
8.291169760933217
8.34424089309255
8.39745672971501
8.450817280187286
8.504322554387342
8.557972562698565
8.611767315994005
8.665706825652997
8.719791103541313
8.774020162030396
8.828394013987305
8.88291267277422
8.93757615225328
8.992384466782
9.047337631215491
9.102435660904485
9.1576785717034
9.21306637995755
9.268599102515815
9.324276756723684
9.38009936042065
9.436066931951252
9.492179490159378
9.548437054386387
9.604839644468147
9.661387280751772
9.7180799840769
9.77491777578933
9.831900677728745
9.889028712246331
9.94630190219249
10.003720270917709
10.061283842281007
10.118992640642224
10.176846690864396
10.234846018320324
10.292990648885873
10.351280608943572
10.409715925384477
10.468296625605312
10.527022737513692
10.585894289661914
10.644911310705293
10.70407383021368
10.763381878128293
10.822835484910168
10.882434681530734
10.942179499471928
11.002069970731045
11.062106127821842
11.122288003769587
11.182615632119118
11.243089046929386
11.303708282776556
11.364473374759715
11.42538435849132
11.486441270104637
11.547644146256607
11.608993024120887
11.670487941397777
11.732128936304425
11.793916047589342
11.855849314516762
11.917928776879926
11.980154475001328
12.0425264497213
12.105044742071694
12.16770939462582
12.23052044948298
12.293477949600513
12.35658193846602
12.4198324600997
12.483229559051377
12.546773280403858
12.61046366977764
12.674300773313046
12.738284637703853
12.802415310164154
12.866692838451078
12.931117270852
12.99568865620043
13.06040704385888
13.125272483737245
13.190285026273054
13.255444722453575
13.320751623803021
13.386205782384671
13.45180725080359
13.517556082213833
13.583452330301318
13.649496049302316
13.715687293997371
13.782026119712171
13.848512582305998
13.915146738200907
13.981928644355275
14.048858358274117
14.115935938013049
14.183161442169972
14.250534930938123
14.318056461968977
14.385726096516017
14.453543895373848
14.521509919892644
14.58962423196921
14.657886894050208
14.726297969130671
14.79485752076579
14.863565613054288
14.93242231065579
15.001427678770346
15.070581783161892
15.139884690140622
15.209336466574905
15.278937179883217
15.348686898039972
15.41858568957317
15.488633623565756
15.558830769655371
15.629177198034736
15.699672979451261
15.770318185204333
15.84111288715573
15.912057157716466
15.98315106985685
16.054394697102882
16.125788113534266
16.19733139378802
16.269024613056217
16.340867847089743
16.412861172192684
16.48500466522743
16.557298403610563
16.629742465313996
16.70233692887067
16.775081873362012
16.847977378435452
16.92102352428331
16.99422039166265
17.06756806187905
17.141066616801204
17.214716138847187
17.288516710993232
17.362468416769914
17.436571340261754
17.510825566110704
17.585231179511055
17.659788266211184
17.734496912515148
17.8093572052801
17.884369231914167
17.959533080386006
18.03484883920681
18.11031659744731
18.185936444729958
18.26170847122732
18.337632767660565
18.41370942531104
18.489938536000253
18.56632019210901
18.642854486558797
18.71954151282628
18.79638136493924
18.8733741374665
18.950519925530454
19.027818824797784
19.105270931486515
19.18287634235323
19.260635154710084
19.33854746640457
19.416613375834782
19.49483298194147
19.5732063842083
19.651733682663085
19.730414977869955
19.809250370943538
19.888239963533035
19.967383857828953
20.046682156560607
20.126134962997245
20.205742380943814
20.285504514745945
20.36542146928025
20.445493349965513
20.52572026275002
20.606102314116395
20.68663961108434
20.767332261199083
20.848180372546405
20.929184053734144
21.010343413905094
21.091658562727098
21.173129610399716
21.25475666764582
21.33653984571815
21.418479256392747
21.50057501196695
21.58282722526663
21.665236009636462
21.747801478941454
21.830523747572265
21.91340293043093
21.996439142945515
22.079632501054974
22.162983121218076
22.24649112040547
22.330156616107
22.413979726320676
22.497960569555005
22.582099264835474
22.666395931691614
22.750850690162363
22.835463660797785
22.920234964648277
23.005164723270532
23.090253058728027
23.17550009358694
23.260905950910168
23.34647075426443
23.432194627712306
23.518077695819816
23.60412008364139
23.69032191673466
23.77668332114318
23.863204423411347
23.949885350568614
24.036726230136953
24.123727190128246
24.21088835903882
24.298209865853412
24.385691840039236
24.473334411551416
24.56113771082195
24.649101868767413
24.737227016779514
24.825513286733166
24.91396081097557
25.002569722332154
25.091340154100152
25.180272240047202
25.269366114417572
25.35862191192025
25.44803976773488
25.537619817503593
25.627362197340425
25.717267043817422
25.80733449396998
25.89756468529521
25.987957755750866
26.078513843747718
26.169233088159032
26.260115628307137
26.351161603968524
26.442371155375582
26.533744423206546
26.6252815485886
26.716982673098496
26.808847938754973
26.90087748802449
26.993071463812026
27.08543000946579
27.17795326877288
27.270641385955464
27.36349450567607
27.456512773028305
27.54969633353872
27.6430453331658
27.736559918298617
27.83024023575284
27.92408643276901
28.018098657014765
28.112277056577657
28.206621779971833
28.301132976125885
28.395810794389433
28.490655384524292
28.58566689671033
28.680845481542587
28.77619129002386
28.87170447356455
28.967385183990487
29.063233573522353
29.159249794796366
29.25543400084595
29.35178634510654
29.448306981410784
29.544996063993587
29.641853747479107
29.738880186895024
29.836075537650814
29.933439955555873
30.03097359680151
30.128676617969163
30.22654917602752
30.324591428323963
30.42280353259128
30.521185646940943
30.619737929864613
30.71846054022905
30.81735363727449
30.916417380615894
31.015651930238974
31.115057446498827
31.214634090118945
31.314382022186123
31.414301404154557
31.514392397838016
31.614655165413332
31.715089869409837
31.815696672718563
31.91647573858862
32.017427230615425
32.11855131274814
32.2198481492852
32.32131790487494
32.42296074451027
32.524776833525294
32.626766337598305
32.728929422749815
32.83126625533581
32.93377700205017
33.036461829922494
33.139320906312186
33.24235439891302
33.34556247574361
33.44894530515721
33.552503055823806
33.65623589674468
33.76014399723887
33.864227526945015
33.968486655818396
34.072921554136876
34.17753239248603
34.282319341766815
34.38728257319012
34.49242225827479
34.59773856884773
34.703231677041174
34.808901755285774
34.91474897632121
35.02077351317876
35.12697553919227
35.23335522798941
35.33991275348929
35.44664828990491
35.55356201174074