90.60837353492728
90.65440777382369
90.731114417335
90.83846755819344
90.97643100121844
91.14495720947329
91.3439881181531
91.57345280025888
91.83326845238932
92.12333787894437
92.44354917183148
92.7937745170025
93.173868900643
93.5836693809671
94.0230031241807
94.49167444309977
94.98948160514436
95.51621139265666
96.0716451259363
96.65556190920084
97.26773818361879
97.90795650606563
98.5760025859463
99.27166993359147
99.9947651427663
100.74510179992436
101.52250956747794
102.32683086543358
103.15792327454075
104.01565719627281
104.89992698038365
105.81062962735375
106.74768667879569
107.71103374104942
108.70061996045547
109.71641055530748
110.75838517509452
111.82653739739062
112.92087462374161
114.04141952076209
115.18819749102806
116.36126225997448
117.56066721486762
118.78647966937116
120.03877907423391
121.3176507754403
122.62320044600979
123.95552823474837
125.31475029435603
126.70099275469288
128.11438366001624
129.55506365778123
131.02317560081673
132.5188720483116
134.042309159343
135.59364867280678
137.17305788083013
138.78070766454067
140.41677092750433
142.0814341466219
143.77487009742322
145.49727146996048
147.2488209381871
149.02970756980042
150.84012308565488
152.68025988442082
154.55031141447395
156.4504696375441
158.3809287884311
160.34188213649932
162.33352185705797
164.35603600358553
166.40973135298586
168.49446324227247
170.61074733005836
172.7586558623456
174.93837787923766
177.15008434923027
179.39395160874852
181.67015978923905
183.97886813665426
186.3202451059218
188.69444945764744
191.1016392519979
193.54196384344974
196.0155716206842
198.52258386385716
201.06319510562088
203.63748439587735
206.24559067719045
208.88763610830998
211.56374223790039
214.2740133851732
217.0185576271638
219.79747380702864
222.61085842436017
225.45879776833772
228.3413729662033
231.25867195141618
234.21075836698628
237.1977061525239
240.2195736997226
243.27642233682965
246.36830117169913
249.49526695812716
252.6573618334517
255.85456985810188
259.0870897112702
262.3547920914871
265.6577588521944
268.9960123794109
272.3695830692162
275.77848177115607
279.22272561165994
282.7023260072274
286.2172954246781
289.767640273493
293.35336615774975
296.97447647566446
300.63097279839747