0.00043316325885866896
0.0007771060819586035
0.0013211821495498022
0.0021452230297056207
0.003347799542731933
0.005047647563027634
0.007384909748579626
0.010522241119680567
0.014645828663001249
0.019966371056033303
0.026720055261434967
0.03516955437210128
0.045605056378881424
0.05834531794804126
0.07373872159332584
0.0921642998963601
0.11403267750546696
0.13978687124830036
0.1699028821984099
0.20489001064704948
0.24529082721314457
0.2916807396027722
0.34466710528141187
0.40488785435292496
0.4730096030199091
0.5497252543170922
0.6357510981318627
0.7318234337670987
0.8386947449830455
0.9571294566992158
1.087899295372246
1.2317782601464817
1.3895371932619167
1.561937918702134
1.7497269052515807
1.9536284129130772
2.1743371109303786
2.412510222592159
2.6687593624481774
2.94364238241453
3.2376557138978663
3.5512278434499915
3.8847146314232632
4.238397136545759
4.612482388567179
5.007107223593034
5.422344895860999
5.858213833899062
6.314687694317251
6.791705823205314
7.289183344772568
7.807020301552598
8.345109504298543
8.903342960033639
9.481616905781951
10.079835576810533
10.69791388918098
11.335779230813033
11.99337254600685
12.670648876933118
13.367577499332542
14.084141763413502
14.82033872717667
15.576178649031858
16.351684390178004
17.146890763865724
17.961843858623876
18.796600354644056
19.65122684675297
20.52579918299815
21.42040182471196
22.335127231697882
23.27007527440196
24.22535267392396
25.201072469839563
26.197353515330438
27.214319998761482
28.252100990659304
29.31083001492022
30.39064464310126
31.49168611057976
32.61409895348832
33.75803066578437
34.923631372369364
36.11105352664448
37.32045161617662
38.55198189121897
39.80580210611381
41.082071276062365
42.38094944831374
43.70259748725135
45.04717687299254
46.41484951311281
47.805777567175426
49.22012328378231
50.658048849874056
52.119716252088395
53.605287149958606
55.11492276077914
56.64878375599614
58.2070301689611
59.78982131395117
61.39731571629911
63.029671053558886