0.00039486754811480335
0.0007120253479974127
0.0012160547403007522
0.001982589113301643
0.0031053609578743932
0.004697637265187429
0.006893469447226841
0.00984880150009693
0.013742484045958197
0.018777239241330276
0.025180613813417938
0.033205946305126105
0.043133361053744136
0.05527078690171551
0.06995498356657524
0.08755254439564755
0.108460831299742
0.13310878751352295
0.1619575659850012
0.19550090848640284
0.23426521042522364
0.27880921221019
0.32972326647915323
0.3876281435938681
0.45317335227545436
0.5270349681239008
0.6099129777219869
0.7025281581143049
0.8056185195157459
0.9199353408917822
1.0462388235738305
1.1852933764586782
1.3378625298809508
1.5047034566736792
1.6865610630893975
1.8841616078817796
2.0982058229395033
2.329361555049168
2.578256032596186
2.8454679858677934
3.131520002987155
3.4368716581996903
3.761914056728857
4.106966461081371
4.472275531119043
4.858017462029189
5.264302947631176
5.691184540542098
6.138665705851523
6.606710735671693
7.0952547184677766
7.604212903549573
8.133489009832083
8.682982240540666
9.252592944105318
9.842226988642965
10.451798992790202
11.081234589514331
11.73047190387846
12.399462412475161
13.08817133025374
13.796577645887659
14.524673902873934
15.272465802546886
16.039971687231848
16.827221947378995
17.634258385017354
18.46113355702436
19.307910114936085
20.174660152931068
21.061464571845708
21.968412464337604
22.895600524264392
23.84313248195791
24.81111856601212
25.79967499158252
26.808923474650747
27.83899077148231
28.89000824232101
29.962111438226174
31.055439709987315
32.17013583806778
33.30634568294297
34.464217851856844
35.64390339016705
36.84555548130699
38.06932916976622
39.3153810972835
40.58386925468749
41.874952748408255
43.188791581143356
44.52554644625209
45.88537853552096
47.26844935989844
48.67492058296097
50.10495386681091
51.55871073017978
53.036352418520885
54.53803978593452
56.063933188727965
57.61419239047738
59.18897647845964
60.78844379131641
62.412751857854914