0.0007042171468782399
0.001230075900132399
0.0020420957840613686
0.0032458720573669084
0.0049693634500722235
0.007364260737533622
0.010607200467247602
0.01490089077459246
0.0204752089009692
0.027588315972035343
0.03652781693780871
0.047611973566288567
0.06119095725489395
0.07764810806336993
0.09740114725262745
0.12090327432092039
0.14864406743113331
0.18115009861633163
0.21898517380301352
0.2627501124515645
0.3130819924437639
0.3706528021196515
0.4361674613986562
0.5103611955649494
0.5939962663808898
0.6878580818240908
0.7927507159042346
0.9094918708253953
1.0389073035047203
1.18182471889688
1.339067105580249
1.5114454626995921
1.6997508524376508
1.9047457247178363
2.1271545189148524
2.367653668447375
2.626861324338101
2.9053273581814296
3.2035244545407826
3.5218412763646514
3.8605786890893743
4.21994979030729
4.6000840363183455
5.0010351575234555
5.422792024258178
5.865291272989182
6.328430432317614
6.812080458147055
7.3160969040659145
7.840329303992277
8.384628647027021
8.94885303960397
9.532871774666313
10.13656807907975
10.759840812549996
11.402605365233024
12.064793963055669
12.746355549180434
13.447255372554626
14.167474382734326
14.907008504074879
15.665867842305182
16.444075860887946
17.241668553129152
18.058693627390525
18.89520971672691
19.751285619766254
20.626999576672677
21.522438581785863
22.437697733219828
23.372879618623426
24.3280937358376
25.303455946752553
26.29908796255151
27.315116858434376
28.35167461598693
29.408897691369848
30.486926607681198
31.585905569900667
32.70598210100827
33.84730669795197
35.01003250631916
36.194315013129305
37.40031175334368
38.62818203969997
39.87808669774147
41.150187822771095
42.44464854775401
43.761632825131834
45.101305221632394
46.46383072569437
47.849374567173214
49.258102049083845
50.69017839108103
52.14576858453024
53.62503725893474
55.12814855959139
56.65526603633746
58.206552543252165
59.782170149212575
61.38228005921331
63.0070425463585
64.65661689441986
66.33116135093022