0.006359371783916357
0.006657754259613212
0.006967129264441971
0.00728778718223108
0.0076200229155777115
0.00796413592668375
0.00832043021625513
0.008689214383204295
0.009070801615713449
0.009465509744482695
0.009873661268919679
0.01029558332002725
0.010731607770995754
0.011182071202945487
0.011647314944273218
0.012127685112481157
0.012623532609087967
0.013135213184544324
0.013663087428551445
0.014207520808787004
0.014768883731600565
0.015347551496957462
0.01594390440170792
0.016558327733877467
0.01719121179637414
0.017842951966690963
0.018513948675308766
0.019204607488609412
0.019915339125011568
0.02064655946080443
0.02139868960486889
0.022172155883286457
0.022967389931065077
0.023784828664335917
0.024624914353212696
0.025488094633955603
0.02637482257723814
0.02728555668330638
0.02822076092492503
0.029180904816885476
0.03016646341178567
0.031177917354147093
0.03221575289692296
0.03328046200042303
0.03437254227273535
0.03549249710278444
0.036640835617757696
0.03781807277718946
0.03902472939642002
0.040261332148829806
0.041528413681272365
0.04282651256566702
0.04415617338352562
0.045517946782427834
0.04691238946236778
0.04834006425270938
0.04980154015078818
0.05129739232700029
0.05282820219828238
0.054394557471057696
0.055997052123486706
0.05763628651928653
0.05931286740115253
0.06102740790701818
0.0627805276741931
0.06457285281155978
0.06640501598534156
0.06827765641935093
0.07019141994476225
0.07214695903623101
0.07414493284106259
0.07618600724201757
0.07827085482665383
0.0804001550084691
0.08257459397973485
0.08479486478745858
0.08706166735957353
0.08937570851449604
0.09173770201859377
0.09414836859760493
0.09660843597288178
0.09911863888770431
0.1016797191151
0.10429242552561413
0.10695751404275014
0.10967574777478672
0.1124478968859397
0.11527473877708287
0.11815705797676944
0.12109564623668138
0.12409130251896909
0.1271448330086635
0.1302570511514091
0.13342877763993455
0.13666084043155402
0.13995407476492341
0.14330932318883663
0.14672743549830303
0.1502092688431537
0.1537556876322196
0.15736756359353068
0.161045775775681
0.16479121048663697
0.16860476138869024
0.17248732939369915
0.17643982271484743
0.18046315684641237
0.18455825454725666
0.18872604579763408
0.19296746786187086
0.1972834652032184
0.20167498946386958
0.20614299949723047
0.21068846128451052
0.2153123479512309
0.22001563970280522
0.22479932383496595
0.2296643946739377
0.23461185354106262
0.23964270871419854
0.24475797540661848
0.24995867571401054
0.2552458385571339
0.26062049965835976
0.26608370145118687
0.2716364931081687
0.27727993037732124
0.283015075630779
0.28884299771336625
0.2947647719589814
0.30078148007268135
0.3068942100832672
0.31310405627116955
0.31941211909409967
0.32581950512064456
0.3323273269402789
0.3389367030797069
0.345648757939064
0.35246462168964077
0.3593854301915901
0.3664123248957473
0.37354645275823445
0.3807889661438937
0.388141022717681
0.39560378535591917
0.4031784220014483
0.41086610564724135
0.4186680141107514
0.42658532999642684
0.4346192405667492
0.44277093760855424
0.45104161730258013
0.4594324801492428
0.46794473076855214
0.476579577839044
0.4853382339122186
0.4942219153066648
0.5032318419448406
0.5123692372495551
0.5216353279610141
0.5310313439894871
0.540558518313901
0.5502180867506005
0.5600112878574028
0.5699393627618137
0.5800035549698795
0.5902051102164976
0.600545276313118
0.611025302952998
0.6216464415385479
0.6324099450050795
0.6433170676368573
0.6543690648654009
0.6655671931303456
0.6769127096118355
0.6884068720797158
0.7000509387020142
0.7118461677909871
0.7237938176580225
0.7358951463367241
0.7481514114319799
0.760563869838951
0.7731337775444768
0.7858623894236405
0.7987509589554059
0.8118007380242719
0.8250129766661948
0.8383889228152571
0.851929822066471
0.8656369174123922
0.8795114489696805
0.8935546537539429
0.9077677653551565
0.9221520137097805
0.9367086247874741
0.9514388203187737
0.966343817529224
0.9814248287877428
0.9966830613472057
1.0121197170332745
1.0277359919178328
1.0435330760199775
1.0595121529675386
1.075674399673372
1.0920209860068077
1.1085530744498346
1.1252718197475735
1.1421783685768732
1.1592738591714626
1.17655942096113
1.1940361742322514
1.2117052297327093
1.2295676882943176
1.2476246404846596
1.2658771661900392
1.2843263342463438
1.3029732020174039
1.3218188150558923
1.3408642066721264
1.3601103975038629
1.3795583951673918
1.3992091938094577
1.419063773752149
1.4391231010000096
1.4593881269100013
1.479859787760553
1.500539004304351
1.5214266814257635
1.5425237076714127
1.5638309549123168
1.5853492778743372
1.6070795138060299
1.6290224820505501
1.6511789836709296
1.6735498010846621
1.6961356976526138
1.7189374173786487
1.7419556845082191
1.765191203201679
1.7886446572052366
1.812316709524515
1.8362080021202067
1.860319155628924
1.8846507690628242
1.9092034195567755
1.9339776621311593
1.958974029453557
1.9841930316366814
2.009635156050083
2.0353008671375674
2.061190606275698
2.087304791659478
2.1136438181772377
2.1402080573326847
2.166997857200346
2.194013542354445
2.221255413914702
2.2487237494948253
2.27641880328592
2.3043408061027852
2.332489965466952
2.3608664657268315
2.389470468183452
2.418302111272296
2.447361510721183
2.476648759781135
2.5061639294576157
2.5359070687484713
2.5658782049428153
2.5960773439111
2.6265044704295692
2.6571595485199833
2.68804252181813
2.719153313938373
2.750491828883378
2.782057951454331
2.8138515476811463
2.8458724652639655
2.8781205340221057
2.910595566379871
2.94329735784231
2.9762256874686166
3.0093803183871084
3.0427609982937005
3.0763674599778073
3.1101994218106372
3.1442565883023743
3.1785386505946915
3.2130452870046526
3.2477761635533464
3.2827309344736646
3.317909242756317
3.3533107206639383
3.3889349902480586
3.4247816638699144
3.460850344701032
3.4971406272523566
3.533652097849019
3.5703843351263247
3.6073369105192867
3.6445093887411173
3.681901328248311
3.719512281691452
3.757341796364536
3.7953894146616127
3.8336546744739746
3.872137109635133
3.9108362503029874
3.949751623383951
3.9888827528832187
4.0282291602941385
4.067790364971569
4.107565884450993
4.147555234813688
4.187757930994793
4.228173487098202
4.268801416713454
4.309641233198472
4.350692449943456
4.3919545806746
4.433427139682974
4.4751096420753775
4.517001604023447
4.559102542974912
4.601411977880989
4.643929429383304
4.686654420035077
4.729586474473158
4.772725119579633
4.816069884672843
4.8596203016580715
4.903375905171399
4.9473362327246795
4.991500824843311
5.035869225180683
5.080440980645888
5.125215641516433
5.170192761516427
5.215371897956849
5.260752611782827
5.306334467679524
5.352117034151319
5.398099883576675
5.444282592287449
5.490664740634677
5.537245913021468
5.584025697978592
5.6310036881896774
5.6781794805468175
5.7255526767154485
5.773122881050471
5.820889703768796
5.86885275890172
5.91701166481684
5.9653660442600245
6.0139155243503115
6.062659736593321
6.111598316902722
6.16073090558373
6.210057147367362
6.259576691381393
6.309289191158048
6.359194304639718
6.409291694164804
6.459581026458784
6.51006197262279
6.560734208133614
6.611597412812923
6.662651270823902
6.713895470660963
6.765329705103686
6.816953671241152
6.868767070409386
6.920769608197435
6.9729609944115
7.025340943066746
7.077909172334421
7.130665404549306
7.1836093661727265
7.236740787746009
7.290059403892215
7.343564953277169
7.397257178569491
7.451135826442831
7.505200647502638
7.559451396295961
7.613887831263545
7.668509714708549
7.723316812768492
7.778308895388944
7.833485736285419
7.888847112929097
7.944392806476456
8.000122601788748
8.056036287356791
8.112133655301088
8.168414501314855
8.224878624660798
8.281525828111032
8.33835591792549
8.395368703831565
8.452563998972966
8.509941619904763
8.567501386535419
8.625243122101214
8.683166653157565
8.741271809512869
8.79955842423222
8.858026333574857
8.916675376990934
8.975505397073738
9.034516239540073
9.093707753193023
9.153079789892663
9.212632204537567
9.272364855012542
9.332277602192859
9.392370309880327
9.452642844800932
9.513095076561031
9.573726877627351
9.63453812329722
9.695528691671246
9.756698463621301
9.818047322772273
9.879575155463709
9.941281850739891
10.003167300301177
10.06523139850239
10.127474042304652
10.189895131263977
10.252494567506808
10.315272255686576
10.378228102986936
10.441362019079182
10.504673916091841
10.568163708608196
10.631831313626066
10.695676650540175
10.759699641117464
10.82390020947102
10.888278282043684
10.952833787582126
11.017566657115479
11.082476823931273
11.147564223561153
11.21282879374476
11.278270474422914
11.3438892077088
11.409684937872967
11.475657611311044
11.541807176541889
11.608133584174187
11.674636786882383
11.74131673940593
11.808173398503738
11.87520672296634
11.942416673572449
12.009803213073683
12.077366306185645
12.14510591956333
12.213022021783756
12.281114583332311
12.34938357657594
12.417828975752354
12.486450756953504
12.555248898099661
12.62422337894561
12.693374181024296
12.762701287677622
12.832204683998338
12.90188435684396
12.971740294798783
13.041772488180955
13.111980929000646
13.182365610965642
13.252926529458618
13.323663681523623
13.394577065846953
13.465666682747106
13.536932534157145
13.60837462361541
13.679992956243275
13.751787538740325
13.823758379367844
13.895905487925845
13.968228875746874
14.040728555692404
14.113404542122925
14.186256850893475
14.259285499340232
14.332490506260411
14.405871891915984
14.479429678003022
14.553163887650461
14.627074545405936
14.701161677220906
14.775425310436987
14.849865473784716
14.924482197357483
14.999275512611533
15.07424545235008
15.149392050707913
15.224715343148539
15.300215366448302
15.375892158678756
15.45174575921398
15.527776208703033
15.603983549062754
15.680367823473908
15.756929076366172
15.83366735340659
15.910582701488154
15.987675168727328
16.064944804448267
16.142391659172663
16.220015784611657
16.297817233657156
16.37579606036695
16.453952319964202
16.53228606881771
16.610797364444903
16.68948626548973
16.768352831719692
16.847397124019505
16.92661920437857
17.00601913588439
17.0855969827078
17.165352810101226
17.245286684390134
17.325398672959363