0.006901449433672195
0.007222065228086588
0.007554359580808626
0.007898636959861836
0.008255206523822677
0.008624382107794811
0.009006482272312986
0.0094018303083079
0.00981075427930752
0.010233587037945248
0.010670666251653086
0.011122334420038639
0.011588938918575908
0.01207083203137337
0.012568370910586235
0.01308191770612346
0.013611839526425331
0.014158508479051217
0.014722301705805959
0.015303601418735123
0.015902794912040656
0.01652027460229628
0.017156438068290487
0.017811688071630735
0.01848643257287923
0.019181084793986072
0.019896063244478897
0.020631791734495628
0.02138869943473519
0.022167220893089798
0.0229677960695231
0.02379087037032773
0.024636894713661466
0.025506325513535568
0.026399624760369653
0.02731726004519538
0.028259704564869585
0.029227437213675943
0.030220942593254706
0.03124071103283452
0.03228723865973345
0.03336102743411302
0.034462585167968775
0.03559242556869701
0.03675106830214842
0.037939039013232374
0.03915686935409242
0.040405097055476215
0.04168426594932562
0.042994926005392606
0.044337633366862056
0.04571295042283881
0.047121445810705924
0.04856369448178502
0.050040277734849044
0.05155178324864216
0.053098805124205145
0.05468194394780504
0.05630180680769157
0.05795900732785816
0.059654165735936446
0.06138790887734614
0.06316087026941199
0.064973690134256
0.0668270154441018
0.06872149994436125
0.07065780420837205
0.07263659566942104
0.07465854864271379
0.07672434439401377
0.07883467114485544
0.08099022413261912
0.08319170560233893
0.0854398249017799
0.08773529846890168
0.09007884986313723
0.09247120983477666
0.09491311632893921
0.09740531450406731
0.09994855677474851
0.10254360285143439
0.10519121974155766
0.10789218179632597
0.11064727071332844
0.11345727558568784
0.11632299290032282
0.11924522655495264
0.12222478793418359
0.12526249583106425
0.12835917653260523
0.13151566384050734
0.13473279902536092
0.13801143088907888
0.1413524157608007
0.14475661750061608
0.148224907518059
0.15175816474864887
0.15535727569422988
0.1590231343988916
0.16275664245269242
0.16655870901052622
0.1704302507387499
0.17437219187203132
0.17838546414632336
0.18247100683448703
0.18662976670247647
0.19086269800611183
0.19517076247159215
0.19955492928668273
0.2040161750649682
0.2085554838263653
0.2131738469750294
0.21787226327229592
0.22265173878157038
0.22751328688930492
0.2324579282027222
0.2374866905570144
0.24260060896941832
0.24780072557156904
0.25308808958839935
0.25846375729022875
0.26392879191047103
0.26948426362751227
0.2751312494997955
0.2808708333866311
0.28670410592076595
0.29263216440350054
0.29865611277241766
0.30477706150481576
0.31099612758183764
0.3173144343510681
0.3237331115220656
0.3302532950230016
0.33687612695312236
0.3436027554835757
0.3504343347618373
0.35737202483475533
0.36441699152840124
0.3715704063912214
0.37883344653516215
0.38620729458105596
0.39369313853412763
0.4012921716513083
0.40900559236179795
0.4168346041511355
0.42478041539847566
0.43284423929305516
0.441027293716153
0.4493308010840771
0.45775598820889934
0.46630408620884034
0.47497633032556225
0.4837739598320707
0.4926982178167434
0.5017503511048849
0.5109316100732897
0.5202432485084947
0.5296865234416984
0.5392626949937321
0.5489730262011667
0.558818782872455
0.5688012333904544
0.5789216485614957
0.5891813014309383
0.5995814670710456
0.6101234224669188
0.620808446258571
0.6316378185675304
0.642612820832751
0.6537347355864492
0.6650048462349056
0.6764244368926381
0.6879947921267116
0.6997171967758932
0.7115929357057603
0.7236232936070031
0.7358095547626964
0.7481530027864035
0.7606549204295399
0.7733165893079325
0.786139289676416
0.7991243001521654
0.8122728974926426
0.825586356304904
0.8390659487902821
0.8527129444729322
0.8665286099354532
0.8805142085077149
0.8946710000130296
0.9090002404526348
0.9235031817192214
0.9381810712910975
0.9530351519079833
0.9680666612839178
0.9832768317561194
0.9986668899870933
1.0142380566056735
1.029991545881202
1.045928565372514
1.0620503155877214
1.0783579896166882
1.0948527727685944
1.1115358422118622
1.128408366580688
1.1454715056184437
1.1627264097859462
1.1801742198446605
1.1978160665028263
1.2156530699723467
1.2336863395871116
1.2519169733837183
1.2703460576887646
1.28897466668095
1.3078038619989747
1.3268346922887444
1.346068192775896
1.365505384852224
1.3851472756035237
1.404994857421461
1.4250491075177623
1.4453109875249148
1.4657814430364207
1.4864614031746055
1.5073517801553247
1.5284534688702933
1.5497673464304444
1.5712942717771792
1.5930350852113266
1.6149906080475882
1.6371616421395256
1.659548969534875
1.682153352032681
1.7049755308594639
1.7280162262572603
1.751276137150605
1.7747559407798754
1.7984562923819285
1.8223778248930755
1.8465211486062607
1.8708868509387035
1.8954754961176252
1.9202876249848795
1.945323754731706
1.9705843787176367
1.9960699662709083
2.0217809625516803
2.0477177883911737
2.0738808402021793
2.1002704898762854
2.126887084735345
2.153730947474257
2.1808023761861635
2.2081016443331545
2.2356290008455684
2.26338467014731
2.2913688522766225
2.3195817230020164
2.348023433991447
2.3766941129603927
2.4055938639227015
2.434722767367468
2.464080880574796
2.4936682378460446
2.523484850836972
2.5535307088974526
2.583805779394197
2.6143100081079385
2.6450433196232983
2.676005617740996
2.7071967859075556
2.7386166876779074
2.770265167172901
2.8021420495678457
2.8342471415865154
2.866580232000242
2.8991410921649874
2.931929476538808
2.964945123235064
2.9981877545388875
3.0316570774929144
3.065352784436467
3.099274553562115
3.1334220494842775
3.1677949238116687
3.2023928156976567
3.237215352400172
3.272262149852794
3.3075328132157242
3.343026937432968
3.378744107769162
3.414683900360299
3.450845882743853
3.487229614387535
3.5238346472087456
3.5606605260724202
3.5977067893150765
3.6349729692050525
3.672458592447187
3.7101631806300297
3.7480862506986186
3.7862273153925052
3.824585883677576
3.8631614611622274
3.9019535505218657
3.9409616518846735
3.9801852632029844
4.0196238806505935
4.0592769989474595
4.099144111744858
4.139224711920534
4.179518291914957
4.2200243440441
4.260742360783682
4.301671835058987
4.3428122605121064
4.384163131763205
4.425723944659017
4.467494196500734
4.509473386285669
4.551661014906345
4.594056585352691
4.636659602926773
4.679469575394718
4.722486013179721
4.765708429534951
4.809136340659226
4.852769265895115
4.896606727817191
4.940648252390775
4.984893369080053
5.0293416109652425
5.073992514848468
5.118845621335935
5.16390047495261
5.2091566242112375
5.254613621686689
5.300271024106817
5.34612839238473
5.39218529170828
5.438441291587232
5.484895965893106
5.531548892904978
5.578399655360494
5.625447840469895
5.67269303997845
5.720134850147715
5.767772871817097
5.815606710944651
5.863635976490559
5.911860283602835
5.960279251515449
6.00889250409769
6.0576996698339345
6.1067003818412715
6.155894277859323
6.205281000236593
6.254860195943747
6.304631516539481
6.354594618183797
6.404749161603379
6.4550948120863785
6.5056312394692535
6.55635811811617
6.607275126887099
6.658381949133598
6.709678272671629
6.761163789748167
6.812838197028666
6.86470119556938
6.916752490785217
6.968991792417583
7.021418814527942
7.074033275447781
7.126834897752679
7.1798234082390895
7.232998537887976
7.286360021834651
7.339907599343576
7.393641013755242
7.4475600124852965
7.5016643469626105
7.55595377261463
7.610428048824055
7.665086938904767
7.719930210053291
7.774957633334277
7.83016898362849
7.885564039612581
7.9411425837211045
7.996904402097862
8.052849284593176
8.108977024691146
8.165287419520208
8.22178026977431
8.278455379714533
8.335312557115587
8.392351613235158
8.449572362782133
8.506974623894127
8.564558218088962
8.622322970237974
8.680268708535976
8.738395264459312
8.79670247274623
8.855190171358796
8.913858201449989
8.97270640733081
9.031734636444964
9.090942739336969
9.150330569614027
9.209897983919118
9.269644841909754
9.329571006207843
9.389676342396589
9.449960718963757
9.510424007297093
9.571066081629953
9.631886819039561
9.692886099395015
9.75406380534672
9.815419822289039
9.876954038337704
9.938666344294926
10.000556633631165
10.062624802453213
10.124870749486833
10.187294376030456
10.249895585953686
10.31267428565709
10.375630384044399
10.438763792515548
10.502074424924603
10.565562197557297
10.629227029113771
10.693068840680782
10.757087555713197
10.82128309999465
10.885655401642513
10.950204391058737
11.0149300009157
11.079832166139957
11.144910823892495
11.210165913531755
11.275597376597482
11.341205156807632
11.406989200008848
11.47294945417832
11.539085869396846
11.605398397814332
11.671886993661456
11.738551613190094
11.805392214688332
11.872408758449941
11.939601206735642
12.006969523791604
12.07451367579893
12.142233630871539
12.210129359029365
12.278200832193633
12.346448024149998
12.414870910548546
12.483469468877104
12.552243678447962
12.62119352037603
12.690318977570268
12.75962003470998
12.829096678229678
12.89874889631051
12.968576678850468
13.038580017468993
13.108758905464263
13.179113337820656
13.249643311187508
13.320348823861996
13.391229875767538
13.462286468456147
13.533518605074555
13.604926290369292
13.676509530659386
13.748268333825067
13.82020270929026
13.892312668025697
13.964598222513414
14.037059386745504
14.109696176206008
14.182508607872887
14.255496700176579
14.32866047301538
14.401999947728141
14.475515147086197
14.549206095270783
14.623072817885072
14.697115341913083
14.771333695733096
14.845727909087117
14.920298013075532
14.995044040155255
15.069966024114157
15.145064000063364
15.220338004433788
15.295788074955524
15.371414250655238
15.447216571835442
15.52319508007598
15.599349818212565
15.675680830335148
15.752188161768574
15.82887185907232
15.905731970021886
15.982768543605308
16.05998163000629
16.137371280600977
16.214937547949745
16.292680485773516
16.37060014896392
16.44869659355861
16.526969876742978
16.60542005683156
16.68404719326343
16.76285134659352
16.841832578484535
16.92099095169531
17.000326530072837
17.079839378545596
17.1595295631136
17.23939715083823
17.319442209836264
17.39966480927195
17.48006501934756
17.560642911292103
17.641398557360816