0.007836679650825785
0.00819514007969542
0.008566429636048574
0.00895087609011402
0.009348812151040666
0.009760575460567347
0.010186508638203081
0.01062695933000682
0.011082280205732662
0.011552828953120254
0.012038968406608834
0.012541066474229643
0.013059496247453482
0.013594635952535076
0.0141468690452178
0.014716584229600158
0.015304175458632273
0.015910041985626313
0.016534588408567894
0.017178224706483683
0.017841366227153363
0.01852443377498769
0.0192278536203376
0.019952057534992983
0.020697482857594717
0.021464572462107808
0.02225377487524036
0.02306554425509467
0.023900340470977385
0.02475862910315125
0.025640881506385337
0.026547574855259416
0.027479192154466026
0.028436222314028144
0.02941916015153336
0.030428506479391326
0.03146476810458551
0.03252845790513206
0.033620094828590366
0.03474020399495977
0.03588931667644782
0.03706797039490561
0.038276708915373506
0.0395160823288702
0.04078664709260809
0.042088966038309396
0.04342360844940982
0.044791150113685986
0.04619217333715716
0.047627266994602624
0.04909702660962012
0.050602054337745304
0.05214295906599722
0.05372035642342862
0.05533486885063407
0.05698712560756956
0.05867776286478182
0.06040742371073156
0.062176758198339
0.06398642339922497
0.06583708346006213
0.06772940960083723
0.06966408019453718
0.07164178080997091
0.07366320421139709
0.07572905045583535
0.07784002687643406
0.07999684815892909
0.08220023638781716
0.08445092103220589
0.08674963903145766
0.08909713481579383
0.09149416033608392
0.09394147510542625
0.09643984621342197
0.0989900483919595
0.10159286402079994
0.10424908315624919
0.10695950355486512
0.10972493074693758
0.11254617800247903
0.11542406637044703
0.1183594247384466
0.12135308981162965
0.12440590615005549
0.1275187261824684
0.13069241025036069
0.13392782656242014
0.13722585125832845
0.1405873684322203
0.1440132700840276
0.14750445619395236
0.15106183466028203
0.15468632137634458
0.15837884016584142
0.16214032283299232
0.16597170914093834
0.1698739467963508
0.1738479914671805
0.17789480675944727
0.1820153642008556
0.18621064326053025
0.19048163126684758
0.19482932349382426
0.19925472301304026
0.20375884078474404
0.2083426955686091
0.21300731391554215
0.21775373012870866
0.2225829862464044
0.22749613199153776
0.23249422472831135
0.23757832945949145
0.24274951870787184
0.24800887255648918
0.2533574785386513
0.2587964316065347
0.26432683407731533
0.26994979556639165
0.2756664329346328
0.28147787021340903
0.28738523855382636
0.2933896761377311
0.29949232811949705
0.3056943465401333
0.31199689025057703
0.3184011248224504
0.3249082224739598
0.33151936199095444
0.33823572858940004
0.34505851387243236
0.3519889156987887
0.35902813808673767
0.36617739112942826
0.373437890853888
0.3808108591180018
0.3882975235371562
0.3958991172975608
0.4036168790807821
0.41145205292931986
0.41940588810424
0.42747963896688645
0.4356745648464436
0.4439919298995549
0.4524330029351871
0.46099905732762153
0.46969137080805357
0.4785112253769631
0.487459907067787
0.4965387058532075
0.5057489154479228
0.5150918331614391
0.524568759693891
0.5341809990023619
0.5439298580818099
0.5538166468225765
0.5638426777882083
0.5740092660393294
0.5843177289436109
0.5947693859693566
0.6053655584918738
0.6161075695528012
0.6269967437044613
0.6380344067451079
0.6492218855266632
0.6605605077123071
0.672051601553432
0.6836964956567901
0.6954965187458079
0.70745299941768
0.7195672658783704
0.7318406457047947
0.7442744655890062
0.756870051061405
0.7696287262048853
0.7825518134304247
0.7956406331379832
0.8088965034554763
0.8223207399568947
0.8359146553374781
0.8496795591264984
0.8636167573680186
0.8777275522873784
0.8920132420279328
0.9064751202308999
0.9211144757595637
0.9359325923211994
0.9509307481768772
0.9661102156927631
0.9814722610524054
0.9970181438252875
1.0127491166504432
1.02866642479359
1.0447713057827086
1.0610649890058899
1.0775486953120343
1.0942236365751872
1.1110910152863014
1.128152024141403
1.1454078455885472
1.1628596513905385
1.1805086021708937
1.198355847007841
1.216402522907175
1.2346497544068062
1.2530986530499888
1.2717503169696374
1.2906058303639143
1.309666263059073
1.328932669976604
1.3484060907130844
1.368087548996028
1.3879780522174374
1.4080785909601556
1.4283901384874786
1.4489136502697562
1.469650063488525
1.4906002965691927
1.5117652486998179
1.533145799339216
1.5547428077798042
1.5765571126769322
1.598589531573124
1.6208408604950555
1.6433118735193775
1.6660033223008057
1.6889159357326475
1.7120504195102682
1.7354074557886372
1.7589877027820389
1.7827917944500424
1.806820340179629
1.8310739244490686
1.8555531065986686
1.8802584205163742
1.9051903744473648
1.9303494507680299
1.9557361058028888
1.9813507696655923
2.007193846138399
2.033265712580823
2.0595667198199092
2.0860971921585527
2.112857427336768
2.139847696558379
2.167068244534584
2.1945192895872254
2.2222010237320746
2.250113612852106
2.2782571968563734
2.3066318898875395
2.335237780576575
2.3640749322708934
2.3931433833754356
2.422443147643489
2.4519742145398653
2.4817365496323815
2.511730094964843
2.5419547695262255
2.5724104696536947
2.603097069563229
2.63401442179211
2.6651623577466736
2.6965406882172873
2.7281492039381408
2.7599876761425644
2.792055857138456
2.824353480908288
2.8568802636878807
2.8896359045981854
2.9226200862317557
2.955832475299424
2.989272723238989
3.0229404668550663
3.05683532891636
3.090956918824304
3.1253048332162945
3.1598786565925034
3.19467796194418
3.2297023113511747
3.2649512566020475
3.300424339816291
3.33612109398637
3.3720410436191783
3.408183705266289
3.444548588117006
3.4811351945351903
3.517943020597946
3.554971556644735
3.5922202877721268
3.6296886943450524
3.6673762524767843
3.7052824345152433
3.743406709510318
3.7817485436173808
3.8203074005872
3.8590827421438854
3.898074028401567
3.9372807182403595
3.9767022696917564
4.016338140299207
4.056187787444058
4.096250668702527
4.136526242131055
4.177013966591635
4.217713302032944
4.258623709762788
4.299744652714221
4.341075595687707
4.382616005597002
4.424365351690711
4.4663231057536175
4.508488742332083
4.550861738894538
4.593441576031443
4.6362277376212395
4.679219710971843
4.722416986994173
4.765819060314848
4.809425429425015
4.853235596789318
4.8972490689699075
4.941465356712198
4.98588397506043
5.030504443433137
5.075326285702082
5.1203490302826244
5.165572210180508
5.210995363072543
5.256618031342354
5.302439762147775
5.348460107451508
5.394678624070775
5.441094873695931
5.487708422936022
5.534518843331193
5.581525711378381
5.62872860853765
5.6761271212659485
5.723720841006308
5.771509364189836
5.819492292253336
5.867669231635336
5.91603979376095
5.96460359557547
6.013360257411715
6.062309406139735
6.111450673066557
6.160783694424593
6.2103081113691685
6.260023569947981
6.309929721077643
6.36002622054083
6.410312728922976
6.460788911625926
6.51145443882015
6.562308985414582
6.613352231035025
6.6645838599825655
6.716003561218062
6.767611028313487
6.8194059594271055
6.8713880572641255
6.923557029052
6.975912586488666
7.028454445722937
7.081182327313165
7.134095956179586
7.18719506158023
7.240479377081762
7.293948640490092
7.347602593850006
7.4014409833835995
7.455463559447828
7.509670076526814
7.564060293162584
7.618633971924538
7.673390879385118
7.728330786069292
7.783453466409127
7.8387586987234315
7.8942462651739405
7.949915951718275
8.005767548082632
8.061800847718223
8.118015647771601
8.174411749039246
8.230988955934777
8.287747076446024
8.344685922116275
8.40180530798061
8.45910505255633
8.516584977791588
8.574244909037823
8.63208467500309
8.690104107732578
8.74830304256951
8.806681318112442
8.86523877618995
8.923975261820276
8.982890623187888
9.041984711599774
9.101257381464597
9.160708490249126
9.220337898452296
9.28014546956946
9.340131070067436
9.400294569352496
9.460635839723311
9.521154756372075
9.581851197330138
9.642725043441692
9.703776178338572
9.765004488422019
9.826409862805448
9.88799219332203
9.949751374462245
10.011687303370802
10.07379987980975
10.136089006133046
10.198554587258752
10.261196530645323
10.324014746255619
10.387009146558508
10.45017964646247
10.51352616332726
10.577048616913888
10.640746929382017
10.704621025242911
10.768670831358202
10.832896276900293
10.897297293332247
10.961873814384461
11.026625776043982
11.091553116513175
11.156655776204024
11.22193369770411
11.287386825759862
11.353015107256692
11.418818491196662
11.484796928679982
11.550950372878946
11.617278779022916
11.683782104376473
11.75046030821807
11.817313351823652
11.884341198448151
11.95154381329782
12.018921163527988
12.086473218203475
12.154199948299324
12.222101326670032
12.290177328035146
12.358427928977894
12.426853107888222
12.495452844990341
12.564227122296309
12.633175923601687
12.702299234465059
12.771597042191397
12.841069335820274
12.910716106103143
12.980537345493419
13.05053304813405
13.120703209824146
13.19104782802542
13.261566901837247
13.332260431984869
13.403128420796062
13.474170872196167
13.545387791701271
13.616779186376373
13.68834506485313
13.760085437293748
13.832000315392461
13.904089712344257
13.976353642857662
14.048792123114525
14.121405170775851
14.194192804957353
14.267155046226339
14.340291916576774
14.413603439435233
14.487089639632353
14.560750543393654
14.634586178335924
14.708596573447007
14.782781759075862
14.857141766925732
14.931676630035911
15.00638638277429
15.081271060827543
15.156330701185011
15.231565342132104
15.30697502323902
15.382559785348938
15.458319670570095
15.534254722255039
15.610364985008584
15.686650504661738
15.76311132826848
15.839747504093223
15.916559081602122
15.993546111454142
16.07070864549249
16.148046736732336
16.22556043934838
16.303249808672394
16.381114901179554
16.459155774484344
16.537372487320706
16.615765099543275
16.694333672118063
16.77307826710584
16.85199894766015
16.93109577801599
17.010368823483383
17.089818150439058
17.169443826309926
17.249245919576694
17.32922449976319
17.40937963741451
17.489711404111546
17.570219872444294
17.65090511601261
17.731767209419864
17.812806228256825
17.89402224910064
17.9754153495063
18.056985607999295
18.138733104065814