 0.51487952750535E-07
 0.65710723647234E-07
 0.81808785258942E-07
 0.99807283470267E-07
 0.11977681464000E-06
 0.14182107722360E-06
 0.16607533667825E-06
 0.19270137146542E-06
 0.22187825306043E-06
 0.25379026180407E-06
 0.28861243448238E-06
 0.32649436988221E-06
 0.36754306294129E-06
 0.41180565350214E-06
 0.45925300983931E-06
 0.50976483096778E-06
 0.56311639165623E-06
 0.61896607650502E-06
 0.67684148006686E-06
 0.73612044362773E-06
 0.79600271649495E-06
 0.85546934118432E-06
 0.91323220863047E-06
 0.96768656224913E-06
 0.10168936908862E-05
 0.10586372129499E-05
 0.10906065014315E-05
 0.11107389943200E-05
 0.11176698976235E-05
 0.11111262153548E-05
 0.10920699145682E-05
 0.10625047782030E-05
 0.10250359024941E-05
 0.98237331863876E-06
 0.93694691539608E-06
 0.89070190320788E-06
 0.84505468021813E-06
 0.80094873384603E-06
 0.75895226788579E-06
 0.71935930755569E-06
 0.68227597892813E-06
 0.64768677182135E-06
 0.61550212792929E-06
 0.58559102850876E-06
 0.55780247380778E-06
 0.53197914289281E-06
 0.50796573876279E-06
 0.48561381466749E-06
 0.46478432578854E-06
 0.44534874302667E-06
 0.42718928338541E-06
 0.41019861942699E-06
 0.39427929875359E-06
 0.37934302085773E-06
 0.36530986135858E-06
 0.35210749905643E-06
 0.33967047596289E-06
 0.32793950761694E-06
 0.31686085056845E-06
 0.30638572894116E-06
 0.29646981849706E-06
 0.28707278465266E-06
 0.27815804027850E-06
 0.26969157000839E-06
 0.26164309953842E-06
 0.25398451353335E-06
 0.24669004042880E-06
 0.23973605694262E-06
 0.23310084325715E-06
 0.22676440161788E-06
 0.22070829417261E-06
 0.21491549854383E-06
 0.20937027850641E-06
 0.20405806829635E-06
 0.19896536895841E-06
 0.19407965516480E-06
 0.18938929155397E-06
 0.18488345731385E-06
 0.18055207826416E-06
 0.17638576539935E-06
 0.17237575946910E-06
 0.16851388059568E-06
 0.16479248273125E-06
 0.16120441223062E-06
 0.15774297015369E-06
 0.15440187795575E-06
 0.15117524624746E-06
 0.14805754610609E-06
 0.14504358305272E-06
 0.14212847308374E-06
 0.13930762076159E-06
 0.13657669905931E-06
 0.13393163088065E-06
 0.13136857210245E-06
 0.12888389582467E-06
 0.12647417798063E-06
 0.12413618399666E-06
 0.12186685645613E-06
 0.11966330377098E-06
 0.11752278953542E-06
 0.11544272282327E-06
 0.11342064779683E-06
 0.11145424179048E-06
 0.10954129449499E-06
