1.9859446137283985e-12
1.9859446137283985e-12
1.9859446137283985e-12
1.9859446137283985e-12
0.
0.
1.9859446137283985e-12
2.482430767160498e-13
6.454319994617295e-12
9.76836506877656e-11
8.895790654119645e-10
5.817080016687195e-9
2.8962395638923174e-8
1.1626861686918939e-7
3.9256179591723087e-7
1.1505988409219743e-6
2.9998078167136367e-6
7.090318260677661e-6
0.000015423489564512665
0.00003125319429416195
0.000059575487091872795
0.00010769760834192811
0.0001858725968679741
0.0003079826106526735
0.0004922524679247889
0.0007619796049332939
0.0011462532811967383
0.0016806712952469177
0.002408016764764063
0.003378911469214307
0.004652428521458553
0.00629666741315821
0.008389291492935515
0.011018030526786817
0.014281151935680908
0.018287905054968648
0.02315894285940316
0.02902672506906045
0.036035906342801884
0.04434371155242224
0.05412029945950185
0.06554911421022619
0.07882722292685553
0.09416563561410946
0.1117896027533397
0.13193888402777065
0.15486798113999958
0.18084632643416126
0.21015841907723914
0.24310390022334522
0.2799975592894292
0.32116926394663503
0.36696380794096434
0.4177406719742501
0.47387369469109886
0.5357506526987711
0.6037727501866146
0.678354020641383
0.7599206448350053
0.8489101905694897
0.9457707808261637
1.0509601978166927
1.1649449305868478
1.2881991737456817
1.421203784412167
1.5644452031068856
1.718414343133356
1.883605450944462
2.0605149378193035
2.249640181047979
2.4514782906633323
2.666524835626287
2.89527252234541
3.1382098178977187
3.3958195111110245
3.668577207242118
3.956949756372813
4.261393621964637
4.582353204694399
4.920259146909531
5.275526654201426
5.648553881905607
6.039720443848107
6.449386106937277
6.877889736598154
7.325548553412286
7.792657749900307
8.279490499184751
8.786298365575286
9.313312103462103
9.860742808292581
10.4287833641859
11.017610119402633
11.627384714045958
12.258255984232626
12.910361872567602
13.583831284564363
14.278785842800366
14.995341503721098
15.733610014488347
16.493700198378487
17.275719066366587
18.079772759705982
18.905967333218722
19.754409392316102
20.625206598686304
21.518468060090292
22.434304619647026
23.37282905925078
24.334156230677525
25.3184031266554
26.325688902888498
27.356134860629425
28.40986439819993
29.48700293866577
30.587677839845888
31.712018291833285
32.860155206530365
34.032221102830775
35.22834999059322