1.9859446137283985e-12
1.9859446137283985e-12
1.9859446137283985e-12
1.9859446137283985e-12
1.9859446137283985e-12
1.9859446137283985e-12
4.096010765814822e-12
1.1667424605654342e-11
1.4820111679948173e-10
1.590369270981373e-9
1.1445371173531835e-8
6.048057787417643e-8
2.5148240062411754e-7
8.651647311815561e-7
2.555223705153637e-6
6.66199047111795e-6
0.000015664412449382513
0.00003377675434663738
0.00006768134022441429
0.00012737694841746385
0.00022711337733365134
0.0003863796640300235
0.0006309124190424753
0.000993698684476658
0.001515942233589223
0.002247985074905871
0.0032501676379411443
0.00459362520699308
0.006361020995360907
0.008647220321410356
0.011559913064435162
0.015220193116749771
0.01976310389760218
0.025338158410503988
0.032109840902397185
0.04025809502137648
0.04997880105531578
0.06148424157270225
0.07500355194832178
0.09078314941107762
0.10908713100656264
0.1301976287488718
0.15441510841800923
0.18205859680768235
0.21346582224751584
0.24899325304684317
0.2890160201069135
0.33392771143185107
0.384140028892883
0.44008230092246275
0.5022008474975573
0.5709581979691554
0.6468321650800918
0.7303147818413576
0.821911110477954
0.9221379343663642
1.0315223449500623
1.1506002357326726
1.2799147146046186
1.4200144434702973
1.5714519120197161
1.7347816484765517
1.9105583666429362
2.0993350447768218
2.301660928627855
2.5180794491385807
2.7491260455877438
2.995325888048062
3.2571915001181786
3.5352202938860375
3.8298920449342355
4.141666354692795
4.470980169167941
4.818245444805417
5.18384706954185
5.568141157036461
5.971453829423424
6.394080587847234
6.836286339192156
7.298306105370413
7.780346393536834
8.282587158432008
8.805184248805142
9.3482722035753
9.911967252451841
10.49637037998283
11.101570327945696
11.727646435174677
12.374671241303012
13.04271280798764
13.73183673529783
14.442107870459685
15.173591720793402
15.926355592390133
16.700469481917903
17.496006751552095
18.313044617144577
19.15166447854912
20.011952118590433
20.893997794472497
21.79789624238967
22.72374661326437
23.671652354774785
24.641721052447252
25.634064240367213
26.64879719026084
27.686038686103473
28.745910790037826
29.828538604306765
30.934050033004866
32.06257554662346
33.21424795184576
34.389202168454304
35.587575014847545
36.80950500336853
38.055132146289914
39.324597773183264
40.618044360170636
41.935615371455256
43.27745511337806