-0.25299387690157E-33
-0.40479020304251E-32
-0.20492504029027E-31
-0.64766432486801E-31
-0.15812117306348E-30
-0.32788006446443E-30
-0.60743829844066E-30
-0.10362629197888E-29
-0.16598928263512E-29
-0.25299387690157E-29
-0.37040833517158E-29
-0.27337078024793E-14
 0.21270211542261E-14
-0.34544152968612E-14
-0.18018063347554E-15
 0.64655752705119E-15
 0.12247867165915E-13
-0.16831186371562E-13
-0.10729155869675E-13
-0.21532276961920E-13
-0.10722575142585E-13
 0.15519705287084E-13
 0.31479061640720E-13
-0.40905378581475E-13
 0.97949783074344E-13
 0.22535801280278E-12
 0.51570510890687E-12
 0.59193229469682E-12
 0.70189260886770E-12
 0.13482930753518E-11
 0.19544210178049E-11
 0.41516113084042E-11
 0.60852822428855E-11
 0.72469477445742E-11
 0.10103103225265E-10
 0.14957834761160E-10
 0.19723030817497E-10
 0.25563054217357E-10
 0.33759470344662E-10
 0.43241670458922E-10
 0.55940132710925E-10
 0.71507564343965E-10
 0.85329529472104E-10
 0.11035694741465E-09
 0.13054092683872E-09
 0.16357450521508E-09
 0.19604927275822E-09
 0.23049189053732E-09
 0.27461225268847E-09
 0.32776453603431E-09
 0.37799939924297E-09
 0.45121483358153E-09
 0.52307405970774E-09
 0.61295052939540E-09
 0.70710762248370E-09
 0.81395077442598E-09
 0.93002835411251E-09
 0.10706589276056E-08
 0.12188208579917E-08
 0.14047426969970E-08
 0.15983448679769E-08
 0.18250424041981E-08
 0.20784583061573E-08
 0.23576398417263E-08
 0.26950553005868E-08
 0.30791263080578E-08
 0.34859228404563E-08
 0.39764080550150E-08
 0.45418093062813E-08
 0.51532681176105E-08
 0.58604167200460E-08
 0.66839611889714E-08
 0.75781444499311E-08
 0.86496093204788E-08
 0.98755958405519E-08
 0.11289890323818E-07
 0.12886300907581E-07
 0.14694719567040E-07
 0.16818516641588E-07
 0.19217539463051E-07
 0.22008409447886E-07
 0.25150862078782E-07
 0.28856235411846E-07
 0.33019382480120E-07
 0.37840219615234E-07
 0.43243935929811E-07
 0.49525798356999E-07
 0.56646731356188E-07
 0.64812692152706E-07
 0.73999911461376E-07
 0.84424601689218E-07
 0.96026216302312E-07
 0.10904538549294E-06
 0.12344894543886E-06
-0.23858536590569E-07
 0.15560903792740E-06
 0.17307700473379E-06
 0.27390044194674E-06
 0.20734671160500E-06
 0.22199173224015E-06
 0.23224618825264E-06
 0.23525895227475E-06
 0.22698031143564E-06
 0.20205705366418E-06
 0.15340550924897E-06
 0.71624597316522E-07
-0.54275090571898E-07
-0.23783578705032E-06
-0.49426818894909E-06
-0.83853299767362E-06
-0.12846789355263E-05
-0.18404985431806E-05
-0.25026265386440E-05
-0.32502337072739E-05
-0.40346801026471E-05
-0.47729192049248E-05
-0.53409245587383E-05
-0.55764305604553E-05
-0.52926945179819E-05
-0.43080859427709E-05
