0.0003470304055725642
0.0006302377644886302
0.0010832296982657657
0.0017761206865019898
0.00279625682720244
0.004249663004549119
0.0062623044662987225
0.00898120052650331
0.012575434363360545
0.01723710184707483
0.023182236886778205
0.030651740895555585
0.03991233263920559
0.05125752092386087
0.06500858884739155
0.08151556479822793
0.1011581428834689
0.12434650473808395
0.15152198705675243
0.1831575344634603
0.21975787665254645
0.26185937197893216
0.3100294670206549
0.3648657318579893
0.4269944444108264
0.49706871118185975
0.5757661266387716
0.6637859857973589
0.7618460742187326
0.8706790640706944
0.9910285438030616
1.12364470141579
1.2692796684450909
1.4286825149824656
1.6025938695541366
1.791740126519413
1.9968272058072258
2.218533853619189
2.4575045274186027
2.714341998998601
2.989599933625134
3.2837758463468245
3.597304967976808
3.9305556262341366
4.283826733698484
4.657347811263401
5.051281726020638
5.465729987609458
5.900740137796534
6.356314547756414
6.832419853353844
7.328996308992668
7.845966488919946
8.383242956936856
8.940734714612276
9.518352392584589
10.11601225774349
10.733639172185198
11.371168666855626
12.028548295145294
12.705738418781968
13.402712558475379
14.119457419433871
14.855972680475963
15.612270616505988
16.38837560793601
17.184323577628685
18.000161385462707
18.835946202558898
19.691744880945382
20.56763332978107
21.46369590572538
22.380024822449656
23.316719582419548
24.273886432673702
25.251637845405295
26.250092023410915
27.26937243013082
28.309607343578573
29.370929433381647
30.453475360004017
31.557385395194288
32.682803062711564
33.82987479841451
34.998749628822694
36.18957886733446
37.40251582735735
38.63771555162682
39.89533455713091
41.17553059503276
42.478462425091855
43.80428960415732
45.15317228827825
46.5252710481249
47.92074669736735
49.33976013373661
50.782472192521745
52.24904351229458
53.73963441262748
55.254404783659396
56.79351398734009
58.35712077020799
59.945383187549325
61.558458538844214