-0.21773022495041E-28
-0.27216278118801E-29
-0.80640824055706E-30
-0.34020347648501E-30
-0.17418417996032E-30
-0.10080103006963E-30
-0.63478199693996E-31
-0.42525434560626E-31
-0.29866971872484E-31
-0.21773022495041E-31
-0.16358394060887E-31
 0.20047387374506E-16
-0.57494109927826E-17
 0.55136412150624E-17
 0.86389554233909E-17
-0.26662873866560E-16
-0.89461693927866E-16
-0.32900542752002E-15
-0.11678798672064E-14
-0.32388599134107E-14
-0.86056830970995E-14
-0.20761583239038E-13
-0.46341052536421E-13
-0.96492553163735E-13
-0.18902361852150E-12
-0.35085750576084E-12
-0.62081091059113E-12
-0.10527106610033E-11
-0.17182264698776E-11
-0.27101024724715E-11
-0.41444684742296E-11
-0.61633987880051E-11
-0.89363192763083E-11
-0.12661175563269E-10
-0.17564842620612E-10
-0.23902638151763E-10
-0.31957402413908E-10
-0.42037882786830E-10
-0.54476462142623E-10
-0.69626573336198E-10
-0.87859598296704E-10
-0.10956160065821E-09
-0.13512980132823E-09
-0.16496903935544E-09
-0.19948821563818E-09
-0.23909680334713E-09
-0.28420154140382E-09
-0.33520331628789E-09
-0.39249428604484E-09
-0.45645533590923E-09
-0.52745378417504E-09
-0.60584144020232E-09
-0.69195296229036E-09
-0.78610457287637E-09
-0.88859303498834E-09
-0.99969495812277E-09
-0.11196663574302E-08
-0.12487424813839E-08
-0.13871378448709E-08
-0.15350464862298E-08
-0.16926423616241E-08
-0.18600799289729E-08
-0.20374948001155E-08
-0.22250045135239E-08
-0.24227093601270E-08
-0.26306932399050E-08
-0.28490245478799E-08
-0.30777570497658E-08
-0.33169307342404E-08
-0.35665726151905E-08
-0.38266975010917E-08
-0.40973086958684E-08
-0.43783986005966E-08
-0.46699492743654E-08
-0.49719328911036E-08
-0.52843121106710E-08
-0.56070403824074E-08
-0.59400621601601E-08
-0.62833130405980E-08
-0.66367198484629E-08
-0.70002006533552E-08
-0.73736647444745E-08
-0.77570125666225E-08
-0.81501356344822E-08
-0.85529164255613E-08
-0.89652282782246E-08
-0.93869352950995E-08
-0.98178922622609E-08
-0.10257944604135E-07
-0.10706928361841E-07
-0.11164670232310E-07
-0.11630987639453E-07
-0.12105688869836E-07
-0.12588573265834E-07
-0.13079432606128E-07
-0.13578045731016E-07
-0.14084190273288E-07
-0.14597631708276E-07
-0.15118129512952E-07
-0.15645436540314E-07
-0.16179299579591E-07
-0.16719459949429E-07
-0.17265654107936E-07
-0.17817614292862E-07
-0.18375069158867E-07
-0.18937744419878E-07
-0.19505363468767E-07
-0.20077647982559E-07
-0.20654318481445E-07
-0.21235094842035E-07
-0.21819696745220E-07
-0.22407844043540E-07
-0.22999257040628E-07
-0.23593656660697E-07
-0.24190764493695E-07
-0.24790302702424E-07
-0.25391993777891E-07
-0.25995560122353E-07
-0.26600723449105E-07
-0.27207203988796E-07
