 0.78009471785962E-08
 0.11532805290973E-07
 0.16423274224436E-07
 0.20458349448412E-07
 0.27336230321565E-07
 0.35230583159818E-07
 0.45839084822829E-07
 0.58522092870540E-07
 0.74210992659001E-07
 0.93551774658086E-07
 0.11730131044072E-06
 0.14629113232493E-06
 0.18142111297208E-06
 0.22362713276161E-06
 0.27383374184507E-06
 0.33291358816492E-06
 0.40162795236245E-06
 0.48054182865182E-06
 0.56999266254304E-06
 0.66998036520978E-06
 0.78010287277778E-06
 0.89948410982795E-06
 0.10266521052202E-05
 0.11593721077295E-05
 0.12944197260400E-05
 0.14271618729512E-05
 0.15509856814239E-05
 0.16564490396702E-05
 0.17302296064111E-05
 0.17539587726501E-05
 0.17032815851626E-05
 0.15477901025975E-05
 0.12527772559404E-05
 0.78418183242280E-06
 0.11777117118476E-06
-0.74717440128651E-06
-0.17722137419280E-05
-0.28682141510270E-05
-0.38973340470837E-05
-0.46958724191746E-05
-0.51167487587603E-05
-0.50770731241427E-05
-0.45881410389628E-05
-0.37520235443649E-05
-0.27263244798964E-05
-0.16754489333214E-05
-0.73009794199239E-06
 0.32237883416083E-07
 0.58598967705947E-06
 0.94366488087264E-06
 0.11387530740024E-05
 0.12115621028134E-05
 0.12001566588215E-05
 0.11359528767980E-05
 0.10425954697414E-05
 0.93662244192751E-06
 0.82879707197432E-06
 0.72563227735385E-06
 0.63065118427151E-06
 0.54540638559386E-06
 0.47023846106915E-06
 0.40475401995606E-06
 0.34819076524082E-06
 0.29961287479805E-06
 0.25804885767409E-06
 0.22856632274417E-06
 0.17826728380278E-06
 0.16654943418621E-06
 0.14457368683732E-06
 0.12581948739205E-06
 0.10979471227943E-06
 0.96083881513851E-07
 0.84330695258065E-07
 0.74233946212168E-07
 0.65543290850929E-07
 0.58044841975688E-07
 0.51560196758739E-07
 0.45942370762171E-07
 0.41055869302567E-07
 0.36802242624700E-07
 0.33088685811366E-07
 0.29837193752419E-07
 0.26984836369202E-07
 0.24474254617937E-07
 0.22261788082898E-07
 0.20305764788050E-07
 0.18572287598032E-07
 0.17033829714031E-07
 0.15661552831395E-07
 0.14440019034657E-07
 0.13346509045894E-07
 0.12366666480810E-07
 0.11482335071963E-07
 0.10690780411819E-07
 0.99745226239787E-08
 0.93273241210175E-08
 0.87404289236348E-08
 0.82066556316027E-08
 0.77201838186163E-08
 0.72772352046951E-08
 0.23857272413238E-08
 0.65001489199019E-08
 0.61606291459739E-08
 0.58497661598868E-08
