0.1346922713494469
0.18770139584884957
0.2575139684064111
0.34888316674244674
0.4678712676041652
0.621540844224021
0.8148602731272293
1.0455679807983862
1.3070666772917352
1.594072068858336
1.9033017462139052
2.2327110106422046
2.580957846670221
2.9471153847619074
3.3305162918255236
3.7306641947837247
4.147180513072884
4.579771003903586
5.0282038490354655
5.492294809014697
5.971896877237771
6.466892897399621
6.977190189995931
7.5027165750844
8.043417386421476
8.599253201929947
9.170198099572623
9.756238303144395
10.357371120114218
10.97360409963709
11.604954357274305
12.251448026173314
12.913119804094231
13.590012572939097
14.282177072738092
14.989671616259736
15.71256183356653
16.450920438215782
17.204827008842926
17.974367781235486
18.75963544731254
19.56072895823419
20.377753329689128
21.210819447660445
22.060043874302018
22.92554865258314
23.807461109683707
24.705913658882483
25.621043599862045
26.552992917557535
27.50190807963997
28.46793983287736
29.451242998604364
30.451976267543074
31.47030199428852
32.50638599169973
33.56039732549808
34.63250810932674
35.72289330056428
36.83173049712494
37.959199735515355
39.105483290379546
40.27076547577223
41.455232448387335
42.65907201297866
43.88247343016445
45.12562722686927
46.388725009579154
47.67195928065279
48.97552325788516
50.29961069754151
51.64441572105427
53.01013264563935
54.39695581898313
55.805079458266874
57.23469749371019
58.686003416855876
60.15919013380441
61.65444982361486
63.17197380207119
64.71195239102957
66.27457479353062
67.86002897490168
69.46850155000814
71.10017767686676
72.75524095677525
74.43387334115172
76.136255045217
77.86256446870136
79.61297812368512
81.38767056971571
83.18681435634606
85.01057997314324
86.85913580730097
88.73264810893178
90.63128096409626
92.5551962756198
94.50455375176803
96.47951090276294
98.48022304519617
100.50684331433393
102.5595226842769
104.63840999601324
106.74365199327553