0.20176063881634937
0.28450477821071035
0.3989511419374287
0.5587831940601984
0.767812185504747
1.0120381682980832
1.2820775405775804
1.5737292839431003
1.8848079530265185
2.2140111323360565
2.5604883712766235
2.923648287100896
3.3030607836508215
3.698402676334472
4.109425251026572
4.535933819508954
4.977774263637424
5.434823865577506
5.9069848813599135
6.394179934344986
6.896348653151269
7.413445182494132
7.945436319284403
8.492300104662151
9.05402475255487
9.630607829419414
10.222055622462392
10.82838264962507
11.449611276201248
12.08577141108069
12.73690026197712
13.403042133581755
14.084248256246061
14.78057663550176
15.492091915049011
16.218865247462986
16.960974168334136
17.718502470582088
18.4915400766384
19.28018290683354
20.084532742865917
20.904697085743173
21.740789007792454
22.592926998725602
23.46123480584511
24.34584126874623
25.246880148469415
26.164489952289582
27.098813753958485
28.04999901012248
29.018197373442554
30.003564502882234
31.00625987165459
32.02644657332041
33.064291126430376
34.11996327821143
35.193635807640504
36.285484328322774
37.39568709150493
38.52442470041632
39.67188036036932
40.83823879258955
42.02368693258483
43.22841329282997
44.45260786230231
45.696461919059196
46.960167845231354
48.243918944691664
49.547909263617925
50.872333414211425
52.21738640176774
53.58326345534937
54.97015986228805
56.378270806732644
57.807791212473084
59.258915590258184
60.7318378898439
62.22675135696932
63.74384839549995
65.28332043492813
66.84535780346539
68.4301496069162
70.03788361352846
71.66874614502723
73.32292197401675
75.00059422790316
76.70194429954277
78.42715176474961
80.17639430681255
81.94984764817475
83.74768548936788
85.57007945536715
87.4171990494104
89.28921161439693
91.18628230194913
93.10857404917894
95.05624756321718
97.02946131353386
99.02837153209039
101.05313222130142
103.10389516984218
105.18080997625438
107.2840240803456
109.41368280234131