7.943778454913594e-12
7.943778454913594e-12
8.067899993271618e-12
2.0144925675507442e-10
1.479578385843e-8
2.897763776383354e-7
2.577806998450188e-6
0.000013894588382364646
0.00005336378982659316
0.0001611234061860465
0.0004074463676356945
0.0009005775469163613
0.0017926528516166286
0.003283823188474426
0.005625122465911554
0.009120774204531695
0.014130520231694893
0.021072495053597057
0.030426964216773815
0.04274113751781513
0.05863514214437109
0.0788091398533135
0.1040514794904638
0.1352476863178731
0.17338999494317117
0.2195870228787423
0.27507303163013475
0.34121595317098696
0.41952301796930935
0.5116417662452517
0.6193529300653414
0.7445487423475069
0.8891863387470215
1.055201995594592
1.2443737439625957
1.4581382666100962
1.6974087823086128
1.9624773924401009
2.253062656985791
2.5684777290920016
2.907830928383942
3.270185064112862
3.6546531691306834
4.06044259018746
4.486867483123635
4.9333453569603805
5.399387040024909
5.884584897557911
6.388601496794426
6.911159558253015
7.452033390217017
8.0110417276881
8.588041797982978
9.182924415914668
9.79560992545398
10.426044830081103
11.074198980529768
11.740063213193144
12.423647353021822
13.124978511903906
13.84409962723543
14.581068196500905
15.335955172344505
16.108843989690545
16.89982970194745
17.709018207715538
18.536525552981082
19.382477296493306
20.24700792838766
21.130260333602454
22.03238529378099
22.95354102157537
23.893892722941807
24.853612183516415
25.832877375846994
26.831872084706212
27.850785548251547
28.889812113069286
29.949150901460428
31.029005489581866
32.12958359530032
33.25109677470787
34.39376012649881
35.55779200349086
36.74341373069016
37.950849329424045
39.18032524715446
40.4320700926152
41.70631437594811
43.00329025452165
44.32323128203211
45.66637216393442
47.032948516838864
48.42319663287467
49.83735324890437
51.275655320757885
52.73833980258305
54.22564343154724
55.737802518058814
57.275052741772484
58.83762895361487
60.425764984123795
62.039693458360304
63.6796456177212
65.34585114893112
67.03853802055562
68.75793232729814
70.50425814244427
72.27773737870696
74.07858965780078
75.9070321890056
77.76327965701681
79.6475441192948
81.56003491319153
83.50095857303945
85.47051875741404
87.46891618671745
89.4963485912619
91.55301066992698
93.6390940595283