0.004322760777096687
0.004535190680332312
0.004755873770952454
0.004985042280479501
0.0052229323261847255
0.005469783935664338
0.005725841058755167
0.005991351600054492
0.006266567432945782
0.006551744387807152
0.00684714230799017
0.0071530250678174855
0.007469660559550066
0.007797320738443315
0.008136281620140521
0.00848682333007323
0.008849230094772733
0.00922379027761708
0.009610796379079306
0.01001054508339715
0.010423337261676074
0.010849477973875225
0.011289276546755744
0.011743046536892563
0.012211105753512759
0.012693776348856031
0.013191384757727527
0.01370426174329867
0.01423274244787288
0.014777166388913692
0.015337877493178156
0.015915224110990837
0.016509559028159468
0.017121239527290995
0.01775062739325293
0.018398088917765846
0.019063994938874007
0.019748720897793063
0.020452646788764926
0.02117615726778825
0.021919641621463926
0.022683493829304076
0.023468112555043566
0.024273901201005227
0.025101267925601006
0.025950625673741724
0.026822392200171942
0.02771699010186567
0.02863484683167974
0.029576394767737758
0.030542071185875104
0.031532318314004174
0.03254758338821731
0.03358831863727164
0.03465498133397532
0.03574803382907281
0.036867943559312694
0.038015183109260255
0.03919023022296487
0.0403935678222059
0.041625684057010136
0.04288707233693043
0.044178231334397015
0.045499665059438595
0.04685188282492838
0.04823539935419744
0.049650734757203344
0.05109841457595869
0.05257896982847011
0.05409293699694668
0.05564085812275298
0.0572232807653248
0.058840758098735714
0.060493848885135086
0.06218311753134747
0.0639091341273503
0.06567247444813573
0.06747372000385568
0.06931345806290848
0.07119228164771878
0.0731107896381307
0.07506958671940096
0.0770692834473627
0.07911049626878139
0.08119384754071776
0.0833199655733498
0.08548948463617875
0.08770304498297767
0.08996129288195279
0.09226488064714639
0.0946144666369473
0.09701071528822433
0.09945429714735665
0.10194588887867406
0.10448617326197454
0.10707583927990584
0.10971558204051363
0.11240610287976588
0.11514810931389019
0.1179423150985798
0.12078944021273362
0.12369021088278408
0.12664535961521695
0.1296556251536253
0.13272175254896232
0.13584449312478725
0.13902460451090232
0.14226285062535515
0.14556000170100075
0.14891683429121108
0.15233413124008593
0.15581268171224205
0.15935328120572181
0.16295673149849685
0.16662384070717748
0.1703554232285515
0.17415229977272462
0.17801529733804797
0.1819452492032984
0.1859429949314021
0.19000938032537146
0.1941452574443168
0.19835148459314422
0.2026289262782443
0.20697845319768637
0.21140094224866593
0.2158972764620925
0.22046834502815874
0.22511504320660045
0.2298382723880128
0.23463893998263727
0.23951795942346474
0.244476250145259
0.24951473755327802
0.25463435294706344
0.25983603352130935
0.2651207223217991
0.2704893681962533
0.27594292575634854
0.2814823553351437
0.28710862290528394
0.29282270010097006
0.2986255641037668
0.3045181976236122
0.31050158881751816
0.3165767312832399
0.3227446239325481
0.329006270985147
0.3353626818963114
0.341814871257093
0.3483638587773157
0.35501066918764373
0.3617563321879472
0.3686018823493701
0.37554835906443335
0.38259680645990174
0.3897482733290133
0.39700381303925714
0.4043644834480949
0.4118313468263778
0.4194054697982717
0.4270879231895808
0.4348797820061501
0.4427821252829341
0.4507960360527178
0.45892260118637246
0.4671629113330289
0.4755180608271106
0.4839891475350436
0.4925772728387481
0.5012835414232667
0.5101090612653455
0.5190549434489887
0.5281223021153144
0.537312254303182
0.5466259198331385
0.5560644212408898
0.5656288835902494
0.5753204343948173
0.5851402034768541
0.5950893228344714
0.605168926532528
0.61538015055294
0.6257241326752763
0.6362020123296731
0.6468149304686179
0.6575640294234643
0.6684504527541205
0.6794753451188468
0.6906398521220813
0.7019451201564346
0.7133922962779464
0.7249825280028992
0.7367169632237879
0.7485967499696411
0.760623036304862
0.7727969701338613
0.7851196990621647
0.7975923702004256
0.8102161299915236
0.8229921240735338
0.835921497048986
0.8490039426566725
0.862244952039284
0.8756413166180659
0.8891956248218412
0.9029090134844966
0.9167826172839272
0.9308175685783209
0.9450149971817464
0.959376030192121
0.9739017917377538
0.9885934028219462
1.0034519810591092
1.0184786404810093
1.0336744913170748
1.0490406397583145
1.0645781877468092
1.0802882327242413
1.0961718674045033
1.112230179551769
1.1284642517007237
1.1448751609577217
1.161463978705624
1.178231770398255
1.1951795952487316
1.21230850602516
1.2296195487575845
1.2471137624557356
1.2647921788914438
1.2826558222676088
1.3007057089818712
1.318942847325494
1.3373682372120332
1.3559828698855267
1.3747877276320382
1.3937837835023672
1.4129720010018711
1.4323533338006404
1.4519287254431787
1.471699109027425
1.491665406947945
1.5118285305414407
1.5321893798310606
1.5527488431797272
1.5735077970344469
1.5944671055729367
1.615627620444954
1.636990180426867
1.6585556111652187
1.680324724845696
1.7022983199009472
1.7244771807301902
1.7468620773879178
1.7694537653067324
1.7922529850181983
1.8152604618502317
1.8384769056854375
1.8619030106647065
1.885539454933014
1.9093869004048312
1.933445992458661
1.9577173597695987
1.9822016140150396
2.006899349692469
2.031811143890333
2.0569375560918024
2.08227912795359
2.1078363831823226
2.1336098273086423
2.159599947566311
2.1858072127438835
2.212232073040607
2.2388749599609135
2.265736286227908
2.2928164456674405
2.3201158131582083
2.3476347445724244
2.375373576735605
2.403332627405094
2.4315121952607557
2.459912559915151
2.4885339819384873
2.5173767029142247
2.5464409454862413
2.5757269134334306
2.6052347917743366
2.634964746887428
2.664916926610517
2.6950914604029887
2.7254884595194473
2.7561080171441366
2.786950208637573
2.8180150916899587
2.849302706589903
2.880813076424633
2.9125462073528112
2.944502088861964
2.9766806940393145
3.0090819798732746
3.041705887530235
3.0745523427027264
3.1076212558948995
3.1409125227770165
3.1744260245036964
3.2081616280999365
3.242119186767814
3.276298540294846
3.3106995153871335
3.3453219260737477
3.3801655740598573
3.4152302491236672
3.4505157294941218
3.486021782248962
3.5217481636916834
3.5576946197518273
3.5938608863826658
3.6302466899231414
3.6668517475258375
3.703675767517675
3.740718449796357
3.7779794862196145
3.8154585609712397
3.8531553509592693
3.891069526171715
3.929200750049798
3.967548679861432
4.006112967037093
4.044893257550378
4.08388919224966
4.123100407192713
4.162526534001955
4.2021672001709005
4.2420220293871225
4.282090641862547
4.322372654614582
4.362867681790199
4.403575334938633
4.44449522329599
4.485626954054213
4.5269701326619645
4.568524363042575
4.61028924786314
4.652264388782517
4.694449386681072
4.73684384188137
4.7794473543977825
4.822259524104173
4.865279950976189
4.9085082352728415
4.951943977728035
4.995586779725947
5.039436243501854
5.083491972270724
5.127753570419855
5.172220643652603
5.216892799135719
5.2617696461303805
5.306850794179271
5.352135856137012
5.397624446369153
5.443316181342748
5.489210679750225
5.535307562598879
5.581606453315381
5.628106977842347
5.674808764727704
5.7217114451943205
5.768814653240673
5.816118025706131
5.863621202332024
5.911323825833885
5.9592255419666085
6.007325999571248
6.055624850647501
6.104121750370095
6.152816357166114
6.201708332747643
6.250797342138204
6.300083053719925
6.349565139263079
6.399243273958978
6.4491171364392095
6.499186408805178
6.549450776647346
6.599909929055782
6.6505635586590115
6.701411361606889
6.752453037608575
6.803688289926337
6.8551168253882055
6.9067383544015
6.958552590929503
7.010559252538989
7.0627580603472335
7.115148739068178
7.167731016975075
7.220504625919106
7.273469301312496
7.326624782123927
7.379970810871584
7.433507133616327
7.48723349994432
7.54114966295908
7.595255379281605
7.649550409013881
7.704034515744595
7.758707466525047
7.813569031857991
7.868618985678137
7.923857105338255
7.979283171587332
8.034896968559018
8.090698283750664
8.146686907996747
8.202862635468632
8.259225263627027
8.31577459323154
8.372510428294886
8.429432576073937
8.486540847053726
8.54383505491628
8.601315016516914
8.65898055187332
8.716831484133651
8.774867639557298
8.833088847499734
8.891494940370197
8.950085753636774
9.008861125773777
9.067820898264596
9.126964915563969
9.186293025076255
9.245805077135081
9.305500924979638
9.365380424734322
9.425443435381547
9.48568981873991
9.546119439437
9.606732164895371
9.667527865311081
9.728506413607878
9.789667685444526
9.851011559171988
9.912537915820144
9.974246639074947
10.03613761524268
10.098210733247106
10.160465884599793
10.222902963368592
10.285521866166098
10.348322492130153
10.411304742887612
10.474468522551733
10.537813737682582
10.601340297274739
10.665048112743907
10.728937097884698
10.793007168871009
10.857258244224623
10.92169024478765
10.9863030937296
11.051096716490418
11.116071040781474
11.181225996568552
11.246561516044553
11.312077533602185
11.377773985827876
11.44365081149123
11.509707951490288
11.575945348870889
11.64236294877814
11.708960698459641
11.775738547244018
11.842696446506656
11.909834349667719
11.977152212161249
12.044649991434904
12.112327646915588
12.180185139999518
12.248222434032856
12.316439494293226
12.384836287989328
12.453412784203978
12.522168953925627
12.591104769997726
12.660220207120082
12.729515241820197
12.798989852448171
12.868644019153992
12.938477723874998
13.008490950320606
13.078683683953333
13.149055911977735
13.219607623321426
13.290338808622417
13.361249460215335
13.432339572113671
13.50360914000234
13.575058161207517
13.646686634705944
13.718494561088564
13.790481942553816
13.862648782904786
13.934995087521148
14.007520863352841
14.08022611890132
14.153110864218073
14.22617511087197
14.299418871956593
14.372842162069007
14.446444997285312
14.520227395175652
14.594189374762152
14.668330956523004
14.742652162379313
14.817153015678464
14.891833541190026
14.96669376507969
15.041733714910007
15.116953419624137
15.19235290953901
15.267932216321013
15.34369137299392
15.419630413908491
15.495749374748181
15.57204829250257
15.64852720547048
15.725186153237493
15.802025176676462
15.879044317927393