5.073159807401468
5.408091521770904
5.75945220661469
6.127060214494689
6.510756339000931
6.910402299002102
7.325878419172082
7.7570827381584495
8.203925516887569
8.666338251597722
9.144255396701045
9.637628500834099
10.146419556797724
10.67059817636078
11.21014525629654
11.765046082754393
12.335303886271312
12.920916595788324
13.521898239465095
14.138267993456457
14.770053098240556
15.417285843630957
16.08000981318007
16.75827190205855
17.452127215306398
18.1616369865131
18.886875987012935
19.627917319161142
20.384845853821528
21.157752512345855
21.9467366872209
22.75190339285702
23.57336600841663
24.411242970535962
25.26566134211522
26.13675430030652
27.02466166546444
27.92952981048227
28.85151153191715
29.790764843345872
30.747451743923072
31.721756893450962
32.71384412204568
33.72389756146339
34.75210662930941
35.79866258869859
36.863771567800754
37.94761542640265
39.05042277927089
40.17239603469113
41.31375165622257
42.47471067455497
43.65549342678296
44.85632861771041
46.07744690956876
47.31908027748069
48.58146299669088
49.86483491876144
51.16943804438213
52.49551360292098
53.84330693456829
55.21306465737218
56.605034814944325
58.01946670403439
59.45661065143263
60.91671779161532
62.40003984531395
63.90682889931489
65.43733718771443
66.99181687493079
68.57051984075903
70.17369746781911
71.8016004317034
73.4544784942219
75.13258030009035
76.83615317747187
78.56544294278291
80.32069371016533
82.10214770605855
83.91004508931458
85.74462377727036
87.6061192782225
89.49476453075322
91.41078975028634
93.35442228334327
95.32588646985208
97.3254035139289
99.353191363467
101.4094645989086
103.49443433148919
105.60830816938768
107.75128984507505
109.92357972503605
112.12537416708996
114.35686576058444
116.61824322793709
118.90969139637045
121.23139117891947
123.5835195675306
125.96624963654534
128.37975055710064
130.82418762222565
133.29972228258873
135.8065121926393