111.62353942043401
111.67924410814736
111.74886083524581
111.84629859811939
111.97153081679619
112.12452399424001
112.30523616079685
112.51361733649114
112.74960884068607
113.0131428242364
113.30414126051659
113.62251570739981
113.96816592928539
114.34098125874482
114.74083735734601
115.16759989430288
115.62112392140229
116.10125499857469
116.60783288600523
117.14068941538466
117.69965479112282
118.28455692874176
118.89522450528865
119.53148800551175
120.19318313086134
120.88014920005678
121.59223334458429
122.32929015166955
123.09118223718798
123.87778267568585
124.68897242186894
125.52464364380394
126.38469804273316
127.26904738600874
128.17779377395524
129.11033400174338
130.0671444801732
131.0479991652364
132.05285956357778
133.0816951739172
134.1344860074345
135.2112181923184
136.31188723974864
137.4364958321146
138.58505321865266
139.75757676704305
140.95408864156408
142.1746178488168
143.41919844770763
144.68787102516688
145.98067918859428
147.29767134262823
148.63890301212663
150.004428847937
151.39430984669121
152.80861102642774
154.24739782359174
155.71073897968697
157.1987079134135
158.71137595384675
160.2488216327684
161.81111965024425
163.3983490664516
165.01058952418097
166.64792178943327
168.31042634850445
169.99818641107979
171.71128204152203
173.44979748799656
175.2138136748478
177.0034130035068
178.8186775055727
180.65968763253795
182.52652598308208
184.41927095811482
186.33800212395278
188.28279877443725
190.25373342918675
192.25089476402056
194.27434385443686
196.3241651113303
198.40042223990412
200.50319592749344
202.63254866978457
204.78855289249486
206.9712742737468
209.18077908877694
211.41713120900897
213.68039318020615
215.9706265539591
218.2878905055224
220.63224296012993
223.003742069105
225.40244121670824
227.8283944898297
230.28165449794557
232.76227193020324
235.2702963164303
237.80577585072268
240.36875675445856
242.9592859345763
245.57740654438282
248.22316196515177
250.89659473997577
253.5977472915818
256.3266577222399
259.0833667410526
261.8679128560428
264.6803336343786
267.5206665125642
270.3889473783452
273.285213193352
276.20949919824557
279.1618412802484
282.1422737045962
285.1508195433053
288.18755087852986
291.2524654222425
294.3456105833026
297.46702157026067