0.633533330613903
0.8788133909495071
1.141968691280378
1.4219643210097606
1.71818671036808
2.030228207622409
2.3577980808027488
2.700678932546838
3.0587028109975063
3.4317370074338402
3.819675075453548
4.222430872184997
4.639934452303905
5.072129154580845
5.518969488530101
5.9804195779558516
6.456452004205101
6.947046944282857
7.4521915308971165
7.971879382443497
8.506110264207424
9.054889851444663
9.618229571239443
10.196146504735514
10.788663334948895
11.395808326399765
12.017615330698929
12.65412380250625
13.305378826099727
13.971431143791266
14.652337176598873
15.34815904866806
16.058964593412636
16.7848273531025
17.525826565249243
18.282047135699706
19.05357959800752
19.840520058949586
20.64297013036884
21.46103684775422
22.294832576124172
23.144474903908062
24.010086525642123
24.891795114300432
25.789733184144794
26.70403794497852
27.63485114869808
28.582318928949896
29.546591634748797
30.527823658848693
31.526173261565845
32.54180239079443
33.57487649882413
34.625564356600336
35.69403786595975
36.780471870374484
37.885043964689636
39.007934304282045
40.14932541407401
41.30940199777538
42.48835074771182
43.686360155580815
44.90362032445396
46.14032278231192
47.39666029742428
48.6728266958347
49.96901668118653
51.28542565727103
52.62224955328888
53.97968465244312
55.35792742376594
56.75717435761077
58.177621804993194
59.61946582101
61.08290201259001
62.56812539078567
64.07533022784328
65.60470991928435
67.15645685119149
68.73076227294355
70.32781617560569
71.9478071761473
73.59092240773826
75.25734741627018
76.94726606329904
78.66086043559675
80.39831076143997
82.1597953338299
83.94549044074425
85.75557030257778
87.5902070168745
89.4495705104575
91.33382849904535
93.24314645444099
95.17768757933537
97.13761278980067
99.12308070550104
101.13424764762367
103.17126764458465
105.23429244546705
107.32347154119378
109.43895219342386
111.58087947111184
113.7493962946988