0.037943272869406804
0.05369608797855136
0.07400113025186186
0.09970984482724665
0.13178638739816728
0.17133704409991887
0.21965571460391184
0.278296918241358
0.3491996513526579
0.4349139212776813
0.5390571908080822
0.6673328818643979
0.8295802468886514
1.037481092970457
1.2889870700850863
1.5746561048907797
1.888540803719247
2.227317773390157
2.5889662997294507
2.9721621024444724
3.3759901133495545
3.799794719188131
4.243094919078575
4.705532981902
5.186841712960982
5.686822696166231
6.205331333971674
6.7422662706055565
7.297561737640149
7.871181903058831
8.463116626224018
9.073378218853623
9.701998937830778
10.349029017643351
11.014535105443713
11.698598999314315
12.401316616797606
13.12279713946503
13.863162292848266
14.622545731020068
15.401092502414382
16.19895857897253
17.016310434893583
17.853324664329335
18.710187629816517
19.587095135063116
20.484252117069623
21.401872353728717
22.340178183790457
23.299400236793655
24.279777170985255
25.281555417710127
26.304988930949207
27.35033894098342
28.417873711267134
29.50786829777364
30.62060431012646
31.756369673919778
32.915458393713315
34.098170316178404
35.30481089296402
36.53569094282036
37.79112641259562
39.07143813672243
40.37695159481647
41.70799666705848
43.064907387038964
44.44802169178911
45.85768116869595
47.29423079911295
48.758018698428174
50.249395852430126
51.76871584984245
53.31633461093594
54.892610112150976
56.49790210675583
58.13257184153525
59.79698176964599
61.49149525974165
63.216476301587235
64.97228920838042
66.75929831609494
68.57786768018937
70.42836077009132
72.31114016190094
74.22656722983756
76.17500183696585
78.1568020258289
80.1723237096059
82.2219203645036
84.30594272409976
86.42473847637142
88.57865196421689
90.76802389023972
92.99319102662868
95.25448593093907
97.55223666857756
99.8867665428535
102.25839383331254
104.66743154319134
107.11418715667998
109.59896240674117
112.12205305409526
114.68374867800797