0.041613817374389364
0.058646947782902206
0.08053992949019813
0.10819960444283631
0.1426601268602799
0.18512018458659207
0.23700197719148647
0.3000493065207104
0.37650242967388264
0.46944063889167886
0.5835406930672768
0.7269291194066368
0.9132549232963677
1.1480039614721234
1.4208239073214968
1.7236357636908546
2.0522079305942524
2.404113156525856
2.7778201230750366
3.172297070201194
3.586817347850555
4.020853978160658
4.474017887636129
4.946019493383708
5.436643664519165
5.945732777201384
6.473174891628854
7.018895291952351
7.582850302644168
8.165022685435963
8.765418157163719
9.384062716684568
10.021000564406663
10.676292461234883
11.350014416579612
12.042256624906475
12.753122591275789
13.482728401378067
14.231202102645675
14.998683170992186
15.785322043907872
16.59127970503931
17.416727308907404
18.26184583697259
19.126825778286214
20.011866829462488
20.917177609890555
21.84297538901934
22.789485823209496
23.756942700198405
24.745587689595045
25.755670098177113
26.787446628937357
27.841181143055437
28.91714442404096
30.015613943460767
31.136873627662432
32.28121362503446
33.44893007331937
34.64032486654869
35.85570542123024
37.0953844413717
38.35967968197913
39.648913710711895
40.96341366732141
42.30351102059666
43.669541322493515
45.061843959208794
46.48076189892305
47.926641436021875
49.399831931580806
50.90068554998937
52.42955699156698
53.9868032211054
55.57278319231644
57.187857568147685
58.83238843707735
60.506739025430875
62.21127340592046
63.94635620258358
65.71235229238464
67.50962650378732
69.33854331267115
71.19946653599295
73.09275902367311
75.01878234922972
76.97789649970602
78.9704595655495
80.99682743104391
83.05735346605138
85.15238821974005
87.28227911710967
89.44737015907518
91.64800162690906
93.88450979188725
96.15722663093992
98.46647954912525
100.8125911097765
103.19587877307187
105.61665464381657
108.07522522919535
110.57189120715378
113.10694720609831
115.68068159648269