58.276877086112286
58.3154495625973
58.37971970920642
58.46966189862221
58.58523915576055
58.72640387072903
58.893096805274205
59.08524632795875
59.302767460717334
59.54556044098724
59.81361944472251
60.106481424451744
60.42432754504938
60.76687906382749
61.13395211193122
61.525348251973774
61.94085564834124
62.38025214484402
62.84330664585821
63.32978270172477
63.839440191730986
64.37203758532931
64.92733484379592
65.50509462824691
66.10508455959875
66.72707830506133
67.37085899425477
68.03621651672354
68.7229525158241
69.43087866745172
70.15981944391082
70.90960988601891
71.68009842010112
72.47114552799687
73.28262627561247
74.11442566374762
74.96644363585388
75.83859123212305
76.73079435061636
77.64298749547862
78.57511792588153
79.5271496403113
80.49904825401504
81.49079683126782
82.50238667366484
83.53381890300257
84.58510431938973
85.65626188236273
86.74732102528289
87.85829844531193
88.98929139639066
90.14029975337489
91.31139754720911
92.50264767399969
93.71412174560699
94.94589682101449
96.1980524344349
97.47065285727129
98.76385324060868
100.07768411034274
101.41226543039646
102.76769759894019
104.1440894830888
105.54154700423432
106.96018057221382
108.4001031388198
109.86143064676268
111.34428072696933
112.84877145479305
114.37502188655853
115.92315466821785
117.49329102628187
119.08555308579062
120.700063480984
122.33695054657527
123.9963320988303
125.67833401446093
127.38307981008744
129.11069184167675
130.86129340785263
132.63500668585675
134.4319515061003
136.25225038372653
138.09602000609914
139.96338017656717
141.85444813261148
143.76933845639513
145.708166486345
147.67104518950845
149.65808630876435
151.66939881057144
153.7050915279272
155.76527113099263
157.850042709701
159.95951058567465
162.0937711670688
164.25293645519304
166.43708950072298
168.64633890039264
170.8807744959903
173.14048786894335
175.4255712041009
177.73611416158428
180.07220403692446
182.43392334192083
184.82137033731118
187.23461377259014
189.67373881161566
192.13882740932868
194.62995649644756
197.14720466539595
199.69064579094822
202.2603578098692
204.856411241951
207.47887982361618
210.12783502478914
212.8033475009923
215.50548711069425
218.23432301100746
220.98992375736492