132.02842289235554
132.07729273395654
132.15873052626347
132.27271161143426
132.41920644056822
132.59817511267013
132.80956870023357
133.05332843679116
133.32938433119966
133.63766037278512
133.97806173646575
134.35048888593496
134.75482677202652
135.19102526524622
135.65873092797275
136.15802058630393
136.68868479030976
137.25056533889978
137.84351803000223
138.4673954899697
139.12205648045364
139.8073644696378
140.523231256342
141.26942145559715
142.04594482945024
142.85266152051656
143.6894887825264
144.5563507636444
145.45318615141895
146.37994689464637
147.33659418595047
148.32311888991327
149.3394607677837
150.38566434942882
151.4617168581244
152.56766034709926
153.70351095996512
154.8693081469485
156.0651015156108
157.290965431029
158.54695837242028
159.83316068005985
161.14965705946003
162.49655279231757
163.87393813840745
165.2819278128932
166.72063605187026
168.19018439999786
169.69070126426445
171.22231488850977
172.78517546187877
174.37941395865496
176.00518195063842
177.66262828423064
179.3519066829744
181.07317252906046
182.82659125658085
184.61231694935526
186.43051550274714
188.2813498161845
190.16498808851412
192.08159237885422
194.03132871874305
196.0143636806315
198.0308610703082
200.0809845483345
202.16489387084707
204.2827513784557
206.43469624214487
208.62093521119223
210.84156776761495
213.0967513032787
215.38665374225437
217.71139665946458
220.071123801045
222.46596044623737
224.89603922973978
227.36283412762606
229.862403292174
232.39891320011273
234.97112376499942
237.57913514329903
240.2230333544641
242.90291333758202
245.61885238898952
248.37092975610076
251.15921306124932
253.983767927633
256.84464980333263
259.7419114638711
262.6755942935686
265.64574511811867
268.65239282759967
271.69556451997465
274.7752824720548
277.89156473372697
281.04442095550144
284.23385601806285
287.4598779226792
290.7224700610862
294.02164608199934
297.35737650953365
300.72964944148583
304.1384206145478
307.58374761899813
311.0655093214162
314.5837226402641
318.13834563407755
321.72934198890994
325.3566745963147
329.02030231538555
332.7201866077733
336.4562678667122
340.22853698551563
344.03690218811977
347.88135553071146
351.7618234097933
355.6782566439629
359.6306140910935
363.618839148259