137.29687990681833
137.34606796412112
137.42803376626455
137.54275599762272
137.69020448872624
137.8703400336553
138.08311523024202
138.32847170397594
138.6063421804565
138.91664872938404
139.25930259692717
139.63420401864215
140.04124411034704
140.4803020255252
140.95125077889747
141.45395607287827
141.98828105729228
142.55408629164182
143.15123273423112
143.77958531846048
144.4390136218498
145.12939354603472
145.8506095985348
146.60255495630204
147.3851335779438
148.19825988183965
149.0418596246092
149.9158706962264
150.82024198343998
151.75493396836413
152.71991989445786
153.71518342607737
154.7407213644214
155.7965391735346
156.882653264272
157.99929650308678
159.14589537116714
160.32310516351382
161.53078826002138
162.76900133520238
164.0378221149238
165.33733282885387
166.6676242036097
168.0287936437259
169.42094638429086
170.84419388744794
172.2986538150244
173.78444968780047
175.3017092858524
176.85056890656364
178.4311650912335
180.0436426421952
181.68814579035399
183.36482558548119
185.07383496684815
186.81533066471206
188.58946344787407
190.3964071679948
192.2363094362021
194.10933978082397
196.01565579661386
197.9554185668991
199.92880138791654
201.93595369144157
203.9770396727648
206.05221824638454
208.16164718079568
210.30548092722307
212.48387256770906
214.6969693629132
216.94491821798272
219.22785929940096
221.5459366501854
223.89927706703983
226.28801441174002
228.71227072572705
231.17216732635768
233.66842335157614
236.19932661025425
238.76680132992513
241.3703422397615
244.0100318243412
246.68595986949921
249.39820365259848
252.14683590627536
254.93192206241415
257.7535238719697
260.61169103173125
263.5064790054799
266.4379203863467
269.4060539990634
272.4109928691706
275.452506044935
278.5308653186624
281.64599828451236
284.797912057348
287.98660709348854
291.21207641998893
294.47431944247734
297.77331768659303
301.10905539278633
304.4815083273547
307.8906550820944
311.3364638567076
314.81890483518134
318.33793754827593
321.8935281390701
325.4856366332337
329.11421269708234
332.77920772179965
336.48059186983284
340.2183037520338
343.9922857330561
347.8024930025685
351.64886174942245
355.5313558709692
359.44990091422494
363.404451507908
367.3949448391437
371.42132565618596