4.258634108512478
4.5801036698398265
4.917297084892395
5.270037385958852
5.63816871058151
6.021554300746795
6.420074613336768
6.833625581669703
7.2621170470793555
7.705471366195207
8.163622191129493
8.63651341484329
9.124098270887425
9.626338575222928
10.14320409690585
10.674672044235756
11.220726652957573
11.781358863466288
12.356566074450622
12.946351960943659
13.550726345772889
14.169705113381754
14.80331015790242
15.451569355341368
16.114516553440286
16.792191572234742
17.48464020882702
18.191914246647954
18.914071455199
19.651175582707843
20.403296350727985
21.17050942509804
21.95289638125298
22.750544655600155
23.56354748376708
24.392003825728104
25.236018278040287
26.095700973649173
26.971167469866465
27.86253862525575
28.769940466219218
29.693504044142216
30.63336528395739
31.58966482503068
32.562547855166656
33.55216393863747
34.558666838970225
35.582214337273115
36.62296804680183
37.681093224423506
38.75675857959435
39.85013608140942
40.96140076426322
42.090730532583905
43.23830596509165
44.404310118997756
45.588928334502846
46.792348039968104
48.01475855805169
49.25635091315457
50.51731764042262
51.797852596605175
53.09815077302184
54.4184081108719
55.758821319166614
57.11958769546237
58.50090494968973
59.90297103126175
61.32598395968263
62.77014165900055
64.23564179600852
65.72268162290692
67.23145782417303
68.76216636813004
70.31500236336794
71.89015992018226
73.48783201732168
75.10821037417566
76.75148532866207
78.41784572097173
80.10747878338529
81.82057003633543
83.55730319087468
85.31786005774852
87.10242046319102
88.9111621716106
90.74426081528749
92.60188983121245
94.48422040516368
96.39142142312079
98.32365943010088
100.28109859647856
102.26390069184716
104.27222506645415
106.30622864025176
108.3660658995566
110.45188890133767
112.56384728510403
114.70208829238341
116.86675679373838
119.05799532328876
121.27594412068497
123.52074118044652
125.79252230861975