4.812509682508293
5.139056826175721
5.481557017860918
5.839816865824977
6.21366479038082
6.602949181404412
7.007536599885411
7.427310080569227
7.862167568756471
8.312020508034305
8.77679258475333
9.256418627790435
9.750843657453725
10.260022074303349
10.783916976861224
11.322499596119899
11.875748834226595
12.443650894671787
13.026198991550995
13.623393125987395
14.235239917958674
14.861752484010884
15.502950349978772
16.158859390897682
16.829511790099176
17.514946010826794
18.215206773659098
18.930345041651815
19.660417989099074
20.405488984264096
21.16562755014416
21.940909321500694
22.731415990226335
23.537235239212944
24.358460664288376
25.195191684189115
26.047533438758034
26.915596675750898
27.799497626834707
28.699357873445596
29.61530420324102
30.54746845798249
31.49598737362793
32.461002413470496
33.442659595149024
34.441109312278314
35.456506151471636
36.489008705451525
37.53877938291934
38.60598421579869
39.69079266442336
40.793377421215006
41.91391421332915
43.052581604713374
44.20956079802646
45.38503543674473
46.57919140787344
47.792216645534296
49.024300935785035
50.275635722905946
51.546413917487726
52.83682970649935
54.147078365666566
55.47735607434102
56.82785973311693
58.198786784410075
59.59033503624131
61.0027024894302
62.43608716840637
63.89068695593454
65.36669943184023
66.86432171597663
68.3837503158947
69.92518097901728
71.48880854984893
73.07482683229695
74.68342845734732
76.31480475628987
77.96914563968508
79.64663948227776
81.34747301404016
83.07183121751208
84.81989723162074
86.59185226214177
88.38787549893759
90.20814404012984
92.05283282331682
93.92211456396919
95.81615970109236
97.73513635024791
99.67921026402145
101.6485447999762
103.64330089616489
105.66363705422427
107.70970933006771
109.78167133219698
111.87967422761592
114.0038667553416
116.15439524747306
118.331403657784
120.53503359778456
122.76542438019966
125.02271306978557
127.30703454141278