97.39602992167173
97.44820243832964
97.53513898176828
97.65681278110743
97.81318688915184
98.00421206864901
98.22982820035303
98.48996263508195
98.78452978656003
99.11343108615173
99.47655017883375
99.87375689835893
100.30490307204306
100.76982430321868
101.2683412958606
101.80026159802915
102.36538108907966
102.96348996910203
103.59437423782967
104.25781878854929
104.95361239199843
105.68154608169401
106.44143558876304
107.23308411629236
108.0563174896991
108.91100029021402
109.7969731238399
110.71411744672274
111.66233438388957
112.6415331350214
113.65164970214302
114.69263342970083
115.76445599988645
116.86710665922462
118.00059351158944
119.16493926183888
120.36018850550485
121.58640285093827
122.84365487445524
124.13204134415197
125.45166846073131
126.80265962725234
128.18515552057727
129.59930596205407
131.04528473120834
132.523261349557
134.033441009917
135.57601912419554
137.15121627759797
138.7592615320389
140.40039539892788
142.07486666450862
143.78294127428097
145.5248842903791
147.30097780040177
149.11150941785587
150.956778521272
152.83708705947143
154.7527536499289
156.70409265573204
158.69143011601832
160.71510235776398
162.77543899265424
164.8727976586014
167.00751081435035
169.17993400081548
171.39042513107512
173.63933509381874
175.9270240801253
178.2538608792688
180.62019004756593
183.02638886345449
185.4728052116263
187.95980171728593
190.48772985009998
193.05760206637572
195.6678028262043
198.3206295717741
201.0157759038655
203.75356582624735
206.53432221191557
209.3583564458652
212.22597537318111
215.13746927968165
218.09311651205275
221.09318812852825
224.13793511061525
227.2275935701165
230.36240496499988
233.54251879496505
236.76818009743673
240.0395294484599
243.35671650208877
246.71986718860276
250.1290654623979
253.58443640613797
257.08597472975754
260.6337903298087
264.2278089143126
267.8680657696065
271.55448839024075
275.28700303017433
279.06553009526584
282.88992928155926
286.7600620865782
290.67575574425655
294.63681164066173
298.64301169384976
302.69412831467054
306.7898947612924
310.9300340032575
315.11432464559675
319.3424134245422
323.6140301332688
327.9288799760345
332.2866699114522
336.68711192354755
341.12992606421074
345.61484318231163
350.1416072731345