 0.15281663847532E-09
 0.29563976330577E-09
-0.75588822051177E-10
 0.58366615059135E-09
 0.11383890034333E-08
 0.56277676074834E-08
 0.25482634103406E-07
 0.89438968742531E-09
 0.16026561318799E-08
 0.43064958955328E-07
 0.56035687526658E-08
-0.61483786544725E-08
 0.81019945651511E-07
 0.16566300379849E-08
 0.28470367904921E-07
 0.25758584071011E-08
 0.14624241434349E-07
 0.31509649317189E-08
-0.13029600778101E-07
 0.23964976652732E-08
 0.33675066358149E-08
 0.10673600678573E-08
 0.91177655906285E-08
 0.27033228335127E-08
 0.47043473672456E-08
-0.14200477060936E-07
-0.96713528998364E-08
-0.70989725102530E-10
-0.55248968466577E-06
-0.29920316941600E-07
 0.33607658706363E-06
-0.24510015575114E-06
 0.76066229428934E-06
-0.25205455197601E-06
 0.35026967791768E-08
 0.57355059782997E-08
 0.27075452729021E-07
 0.12587801683212E-07
 0.98978090824734E-09
 0.80478862688995E-08
 0.41349918127655E-08
                  NaN
-0.20087342356001E-06
 0.31243752301684E-07
 0.15013904110521E-06
 0.15870704262592E-06
 0.26743936741589E-08
 0.10347980781117E-07
-0.61092612409268E-07
 0.78484741299696E-07
-0.16947783909828E-06
 0.15724174668161E-08
 0.50818860169078E-08
-0.35153126455302E-07
-0.42673087632916E-08
-0.67809569816745E-08
 0.15477505864827E-06
-0.95404356194508E-08
 0.51313540994114E-08
 0.10651064256624E-07
 0.37790152415921E-08
 0.46552862180342E-07
 0.37455154393358E-08
 0.11492940864163E-06
-0.62384861926632E-08
 0.15905161061158E-07
-0.44695274036650E-07
 0.81606544684657E-06
 0.18847166416534E-05
-0.54426852656876E-06
 0.47698791024683E-06
 0.16529570920635E-06
-0.19139662531119E-05
 0.26352737716271E-05
-0.22019817127320E-05
 0.95635887425772E-06
 0.65930137470491E-08
 0.25915390069218E-07
 0.11312167943821E-07
-0.74269386527869E-08
-0.36440890744073E-07
 0.32679605568778E-07
 0.31903521752243E-08
-0.47388091736766E-08
 0.10044352275586E-06
-0.50702093696080E-07
-0.74426134866726E-07
 0.36013506669896E-07
 0.41961290406524E-07
-0.57376770825663E-07
 0.57116636414409E-07
-0.76163001882385E-07
-0.53605145908089E-07
-0.26242473509493E-07
 0.46706513922587E-07
-0.17613759493144E-06
-0.44467133836102E-07
 0.94275417711167E-07
-0.27875277535910E-07
 0.59123204941380E-07
 0.47539286813082E-08
 0.17873759631444E-06
-0.15278569054990E-05
 0.43877614914125E-08
 0.28807688183476E-06
 0.59168649791739E-07
-0.12453283905578E-06
-0.12464910549830E-06
-0.27303832356318E-06
 0.68640934365847E-06
-0.52366129695401E-08
 0.70921368934781E-07
 0.28864526822653E-06
-0.27798375306051E-07
 0.24823662946977E-07
 0.10338904268828E-08
 0.12288045844418E-07
 0.80389016527822E-08
 0.85393168929391E-08
 0.90575679686989E-08
