3.971889227456797e-12
3.971889227456797e-12
3.971889227456797e-12
5.9578338411851955e-12
6.206076917901245e-12
2.581727997846918e-11
7.007902055694086e-10
1.0490752422020264e-8
8.950999914381294e-8
5.117801611454987e-7
2.1811041356487184e-6
7.4424912803778055e-6
0.000021372668907314312
0.00005353688761392111
0.00012010977508637059
0.000246203709943969
0.00046823636412095444
0.0008361899122178586
0.001415652534653506
0.002289579237086789
0.0035597461072639546
0.005347907240706704
0.0077966645099800825
0.01107020759716361
0.015354714517919775
0.020858791560357005
0.027813776445681043
0.03647403984373944
0.047117317506618864
0.060045115585542715
0.07558322937425051
0.09408241469530754
0.11591925200223155
0.14149724572768163
0.17124820595551934
0.20563396657965774
0.24514850327774837
0.2903205267057752
0.34171664024407444
0.39994516760048693
0.46566076995111216
0.5395699816502026
0.6224377855274503
0.7150953038261509
0.818448556963928
0.9334879662019959
1.0612977187323989
1.2030630799317892
1.3600719987600782
1.5337048555787962
1.7254036605296972
1.9366119162604274
2.1686832357192913
2.422773416813924
2.6997494172240377
3.0001506724867584
3.324214292019757
3.6719446146085777
4.04319511002954
4.437739189454724
4.855321212914412
5.295688839854009
5.758611465177949
6.24388950781403
6.751358152734514
7.280887935771882
7.832383646357877
8.405782417429807
9.00105149598057
9.618185963566868
10.25720654569336
10.918157574772705
11.601105130200775
12.306135356921411
13.033352952734642
13.782879809566255
14.554853792266266
15.349427638735946
16.16676796616883
17.007054369724536
17.87047860139629
18.75724381841999
19.66756389187703
20.60166276745473
21.559773871329153
22.54213955515812
23.54901057494255
24.58064559923706
25.637310742794803
26.719279122239683
27.826830430828675
28.960250529755367
30.11983105374631
31.30586902906507
32.51866650219645
33.75853017783807
35.02577106489457
36.320704129452906
37.64364795380682
38.99492440080368
40.374858282860714
41.783777035157975
43.22201039260286
44.689890070290375
46.18774944722408
47.71592325322992
49.274747258983304
50.86455796921517
52.4856923192028
54.13848737472385
55.82328003568518
57.54040674374065
59.29020319420204
61.07300405264878
62.889142676628246
64.73895084290625
66.62275848073918
68.54089341167882
70.49368109638701
72.48144438903482