7.90253596632479
8.250664842688089
8.615898687268256
8.997986138785818
9.396697272894754
9.811822816079335
10.243173145719107
10.690577176551233
11.153881207228917
11.63294777973568
12.127654588027875
12.637893459611009
13.163569424117444
13.704599875533184
14.260913829364222
14.83245127192479
15.419162596278806
16.021008117443014
16.637957658136163
17.269990196725168
17.917093567497147
18.57926420508673
19.2565069245801
19.948834729770308
20.656268642787424
21.378837548129525
22.11657805176291
22.869534339232796
23.637758035790775
24.42130807876719
25.220250572536635
26.034658646680786
26.86461230738797
27.710198282759524
28.571509861607435
29.448646725604892
30.341714774907334
31.25082594746836
32.17609803245748
33.117654478270666
34.07562419563475
35.050141356406165
36.041345188636946
37.04937976849867
38.074393809620226
39.11654045039743
40.17597703978761
41.2528649220865
42.3473692211289
43.45965862432515
44.58990516694895
45.738284017003444
46.904973260990054
48.09015369090437
49.29400859270428
50.5167235365248
51.75848616885284
53.01948600691738
54.29991423546567
55.599963506145926
56.91982773969176
58.25970193108089
59.61978195786295
61.00026439182799
62.40134631421525
63.82322513461879
65.26609841378789
66.7301636905178
68.21561831278696
69.72265927335575
71.25148304998078
72.80228545059215
74.37526146317283
75.97060511127835
77.58850931582245
79.22916575550398
80.89276475069984
82.57949512970202
84.28954411881078
86.02309723164637
87.78033816612097
89.56144870803546
91.36660864145027
93.19599566597739
95.04978532109922
96.92815091764841
98.83126347654229
100.75929167485377
102.71240179931058
104.69075770727268
106.69452079524244
108.72384997494146
110.7789016569742
112.85982974209143
114.96678562004192
117.09991817599919
119.25937380453699
121.44529643109418
123.65782754090898
125.89710621532289
128.1632691754118
130.45645083285268
132.77678334792662
135.12439669459042