8.846038463458491
9.19932363891807
9.570021333638556
9.957869653573033
10.36262744321909
10.784073782614428
11.22200722380184
11.676244870975431
12.14662138306511
12.632987956523118
13.135211329652444
13.653172836554312
14.18676752861506
14.735903373530116
15.300500535877676
15.880490738862187
16.47581670359926
17.086431660300107
17.712298923864246
18.353391526894576
19.009691901038654
19.681191599479614
20.367891052755983
21.069799351057558
21.78693404673616
22.519320970436056
23.26699406254474
24.02999520292524
24.80837404307922
25.60218785238398
26.41150134621367
27.23638651896527
28.076922471238483
28.93319523206564
29.805297575856358
30.693328833917032
31.597394700694622
32.51760703495677
33.45408365631604
34.40694813750131
35.37632959291219
36.362362463950916
37.365186301681184
38.38494554734084
39.421789311207526
40.475871150333276
41.547348845577055
42.63638417839897
43.7431427077935
44.86779354773713
46.01050914549993
47.171465061101195
48.350839748219926
49.54881433679905
50.76557241759847
52.00129982889707
53.256184445557324
54.53041597066023
55.82418572986026
57.137686468671205
58.471112152820474
59.82465777188079
61.19851914629805
62.592892738024815
64.00797546489207
65.44396451892322
66.90105718872636
68.37945068615925
69.87934197745606
71.40092761895734
72.94440359765127
74.50996517680369
76.09780674648448
77.70812167983954
79.3411021958459
80.99693922053189
82.67582227252655
84.37793933010262
86.10347672291057
87.85261902275715
89.62554894218108
91.42244723975624
93.2434926322536
95.08886171379682
96.9587288821312
98.85326627209515
100.772643696426
102.71702859393817
104.686585985172
106.68147843555553
108.701866026124
110.74790633182218
112.81975440740487
114.91756278093322
117.0414814548659
119.19165791469425
121.36823714511542
123.57136165367658
125.80117150183439
128.05780434335594
130.3413954700048
132.65207786439487
134.98998225994296
137.35523720781183