0.016618983031683358
0.017311872707830796
0.01802714578648807
0.01876531512320533
0.019526900780649854
0.02031243003493624
0.021122437486715197
0.021957465087983772
0.02281806223405944
0.023704785797217007
0.024618200236163842
0.025558877603611262
0.026527397672257914
0.02752434797525338
0.02855032385907396
0.029605928605161792
0.03069177344655711
0.03180847767017442
0.0329566686803527
0.03413698208710585
0.03535006175415769
0.03659655989712211
0.037877137155369466
0.03919246264837771
0.040543214093896135
0.04193007783388677
0.043353748950577975
0.04481493133895151
0.04631433777327157
0.0478526899832955
0.0494307187502197
0.0510491639780495
0.05270877476782389
0.05441030950698296
0.05615453593775894
0.05794223122953898
0.05977418210186967
0.061651184836248527
0.06357404540533455
0.06554357951974203
0.06756061274719723
0.06962598053376315
0.07174052831095644
0.07390511159045211
0.0761205959825777
0.07838785732527544
0.0807077817234489
0.0830812656393234
0.08550921595574801
0.08799255002112755
0.09053219576100786
0.09312909172052537
0.09578418712038587
0.09849844193245459
0.10127282695100193
0.10410832381156988
0.10700592509138651
0.1099666343667099
0.11299146619147943
0.11608144626587269
0.11923761137796844
0.12246100951036698
0.12575269985086462
0.12911375286978136
0.13254525029426775
0.13604828523267473
0.13962396210926561
0.1432733967661199
0.14699771645084522
0.150798059837554
0.1546755770619897
0.15863142972227154
0.16266679090433964
0.1667828451733903
0.1709807885722627
0.17526182863236148
0.17962718436707825
0.18407808626310324
0.1886157762557249
0.19324150770698467
0.19795654541511024
0.20276216553756
0.20765965559561575
0.2126503144283335
0.217735452127752
0.22291639004050645
0.2281944606288123
0.23357100750869456
0.2390473853320726
0.24462495972519563
0.2503051072155353
0.2560892151329847
0.26197868157498055
0.2679749152549506
0.27407933543404667
0.28029337181477276
0.2866184644106573
0.2930560634665671
0.2996076292983422
0.3062746321706608
0.31305855218222606
0.31996087909460313
0.3269831122015189
0.3341267601421832
0.34139334079044836
0.3487843810280391
0.3563014166041711
0.36394599190766375
0.371719659836861
0.3796239815389759
0.387660526225398
0.39583087097098835
0.4041366004520596
0.41257930675795895
0.42116058909565923
0.42988205359352244
0.43874531303592823
0.447751986537827
0.4569036993676185
0.46620208255952045
0.47564877269970685
0.4852454115814984
0.49499364588823236
0.5048951269103888
0.5149515101573394
0.5251644550451808
0.5355356245416236
0.5460666848039294
0.5567593047614905
0.5676151557717644
0.5786359111973922
0.5898232460044173
0.6011788363108546
0.6127043589690223
0.6244014911040578
0.6362719096515648
0.6483172908607548
0.6605393098215445
0.6729396399173031
0.6855199523271257
0.6982819154836699
0.7112271944859374
0.7243574505371267
0.7376743403755367
0.7511795156031927
0.7648746221076888
0.7787612994034739
0.7928411799438476
0.8071158884524402
0.8215870412069076
0.836256245317786
0.8511250979929463
0.8661951857501684
0.8814680836460972
0.8969453544621301
0.9126285478837248
0.928519199653767
0.944618830704091
0.9609289462565929
0.9774510349587224
0.9941865679225356
1.011136997773302
1.02830375775372
1.0456882606860127
1.0632918980288522
1.0811160388321321
1.09916202878148
1.1174311891380113
1.1359248156998043
1.1546441778016048
1.173590517262151
1.1927650473143707
1.212168951618614
1.2318033831866446
1.251669463357761
1.2717682808306479
1.2921008905912152
1.3126683129959604
1.3334715327648454
1.3545114980822854
1.3757891196455085
1.3973052698619859
1.4190607819403658
1.4410564491632452
1.4632930241105413
1.4857712179632945
1.5084916998865354
1.53145509642382
1.55466199100906
1.578112923484062
1.6018083897298876
1.625748841346245
1.6499346854381274
1.6743662844300002
1.6990439559871098
1.7239679730383206
1.749138563843266
1.7745559121501058
1.8002201574501004
1.8261313953239093
1.852289677831705
1.8786950140157421
1.905347370476031
1.9322466720094422
1.959392802344752
1.9867856049402488
2.01442488382689
2.042310404565155
2.0704418952062422
2.0988190473510757
2.127441517243317
2.156308926912278
2.185420865354681
2.214776889747574
2.244376526726165
2.2742192736195714
2.3043045997961777
2.334631947939478
2.3652007354037323
2.3960103555313927
2.427060179001435
2.458349555133133
2.489877813252262
2.521644263970421
2.5536482005041954
2.585888899942936
2.6183656245181486
2.6510776228391246
2.684024131091705
2.717204374223769
2.7506175670850377
2.784262915554226
2.8181396175990354
2.8522468643391377
2.886583841028714
2.921149728042978
2.955943701799403
2.990964935639359
3.026212600689762
3.0616858666692477
3.097383902667526
3.133305877865908
3.169450962236485
3.2058183272215675
3.2424071463184205
3.279216595702357
3.316245854742337
3.353494106547598
3.3909605384256656
3.4286443423571162
3.466544715389541
3.5046608600540945
3.5429919847013718
3.58153730384907
3.620296038488444
3.6592674163644516
3.6984506722299515
3.7378450480779355
3.7774497933576257
3.817264165177411
3.8572874284422514
3.897518856041845
3.9379577289716456
3.978603336432661
4.019454975969346
4.060511953527074
4.101773583530459
4.143239188968498
4.184908101391102
4.226779660992749
4.26885321660963
4.311128125755895
4.35360375460255
4.396279477988752
4.439154679415731
4.482228751015379
4.525501093524815
4.568971116268503
4.612638237089741
4.656501882347685
4.700561486820776
4.744816493698923
4.78926635448185
4.833910528955881
4.878748485105818
4.923779699043071
4.969003654954149
5.014419845004592
5.060027769284104
5.105826935708503
5.151816859949464
5.197997065355951
5.244367082864107
5.29092645091558
5.337674715376472
5.384611429450822
5.4317361535851685
5.479048455398283
5.526547909574681
5.574234097796976
5.6221066086395055
5.670165037506393
5.718408986514255
5.766838064426418
5.815451886560694
5.864250074699764
5.913232257012985
5.9623980679635435
6.011747148229762
6.061279144612387
6.11099370996296
6.160890503098308
6.21096918870906
6.261229437293491
6.311670925066543
6.3622933338846055
6.413096351164092
6.464079669813298
6.515242988145763
6.56658600980878
6.6181084437043225
6.669810003927614
6.721690409683213
6.773749385218617
6.825986659743696
6.878401967384407
6.9309950470818755
6.983765642558265
7.036713502219592
7.089838379735738
7.143140031498946
7.1966182202279345
7.2502727124844695
7.304103279202376
7.358109695647075
7.412291741331794
7.46664919997798
7.521181859447031
7.575889511685677
7.6307719526799405
7.685828982377799
7.741060404657417
7.796466027258131
7.85204566174247
7.90779912342528
7.96372623135039
8.019826808210059
8.076100680318163
8.132547677556826
8.189167633326395
8.245960384493435
8.302925771361313
8.360063637611859
8.41737383025324
8.474856199609277
8.532510599240387
8.590336885921484
8.648334919594571
8.706504563331125
8.76484568329089
8.823358148687868
8.882041831732733
8.940896607626241
8.999922354490351
9.059118953353329
9.118486288109029
9.178024245473836
9.237732714960465
9.29761158883676
9.35766076210558
9.417880132449815
9.478269600228543
9.538829068408264
9.599558442576424
9.660457630866329
9.721526543963348
9.782765095044091
9.84417319977716
9.905750776266292
9.967497745050741
10.02941402904222
10.09149955353843
10.153754246159881
10.21617803684381
10.27877085781465
10.341532643553101
10.404463330777293
10.467562858421784
10.530831167591526
10.594268201563844
10.657873905755176
10.721648227692643
10.785591116997177
10.849702525356577
10.913982406515213
10.978430716236172
11.04304741228561
11.107832454419723
11.172785804348631
11.237907425736376
11.30319728416244
11.368655347103752
11.43428158393283
11.500075965880157
11.566038466012234
11.632169059239626
11.698467722272666
11.764934433607294
11.831569173517003
11.898371924036315
11.965342668924919
12.032481393666801
12.099788085462798
12.167262733186407
12.234905327393218
12.302715860285048
12.370694325709566
12.438840719139066
12.507155037655076
12.575637279930987
12.644287446223608
12.713105538345234
12.782091559669244
12.851245515102905
12.920567411071739
12.990057255506619
13.059715057844505
13.12954082899332
13.199534581335802
13.269696328701576
13.340026086371115
13.410523871050437
13.481189700858554
13.552023595326611
13.623025575373186
13.694195663297455
13.765533882767533
13.837040258808932
13.908714817788786
13.980557587414749
14.052568596709044
14.124747876011442
14.197095456957792
14.269611372474932
14.3422956567684
14.415148345313868
14.488169474840763
14.561359083327668
14.634717209991404
14.708243895275361
14.781939180839567
14.855803109555106
14.92983572548351
15.004037073879491
15.07840720117965
15.152946154983105
15.227653984049637
15.302530738299067
15.377576468779234
15.452791227683864
15.528175068323655
15.603728045129005
15.679450213628412
15.75534163046313
15.831402353352404
15.907632441102287
15.984031953591368
16.060600951763696
16.13733949761909
16.214247654209814
16.29132548562341
16.368573056991167
16.44599043445944
16.523577685199076
16.601334877386567
16.679262080210734
16.757359363844678
16.83562679946081
16.914064459204397
16.992672416197678
17.071450744529166
17.150399519250193
17.229518816361242
17.30880871281134
17.38826928648626
17.467900616207764
17.547702781719476
17.627675863684754
17.707819943684342
17.788135104199238
17.868621428612922
17.949279001198093
18.030107907119618
18.11110823242228
18.192280064020686
18.273623489703773
18.3551385981189
18.436825478768235
18.518684222007547
18.60071491903303
18.682917661886137
18.765292543431375
18.847839657366237
18.93055909820803
19.013450961285443
19.09651534274551
19.17975233952764
19.263162049380405
19.346744570838062
19.4305000032275
19.514428446649895
19.598530001992465
19.682804770910007
19.767252855821912
19.851874359909786
19.936669387110523
20.021638042111213
20.10678043034578
20.19209665798567
20.277586831940244
20.363251059851052
20.449089450078183
20.535102111707463
20.621289154537553
20.707650689079813
20.794186826551734
20.880897678867996
20.967783358641594
21.054843979179473
21.142079654470518
21.22949049918962