0.014876606453701592
0.015505376951916255
0.01615476015041385
0.016825235173847625
0.01751728787512707
0.01823141090765663
0.018968103750408274
0.0197278727817738
0.020511231332937085
0.021318699753162054
0.02215080544218835
0.023008082917381132
0.02389107390322267
0.024800327348192888
0.025736399514261002
0.026699854037456817
0.0276912619605147
0.02871120185240261
0.02976025981874832
0.030839029603619072
0.03194811263792899
0.033088118110064194
0.03425966303266026
0.03546337231533736
0.03669987882154799
0.037969823470232464
0.039273855255057805
0.040612631364691454
0.04198681720936333
0.04339708653505761
0.04484412145925976
0.04632861255684862
0.047851258942761356
0.0494127683160566
0.05101385706839669
0.05265525032587662
0.05433768202312458
0.0560618950002409
0.0578286410560462
0.05963868101609997
0.06149278480891118
0.06339173154227308
0.06533630958059086
0.06732731657702917
0.06936555960917695
0.07145185515633316
0.07358702928047604
0.07577191759634976
0.07800736537187877
0.0802942276166665
0.08263336911662517
0.0850256645171373
0.0874719983545826
0.08997326516271001
0.09253036949708979
0.09514422600971044
0.09781575948919416
0.10054590492807072
0.1033356075827281
0.10618582302405412
0.10909751714947626
0.11207166628896138
0.11510925720526403
0.1182112871669099
0.12137876394161733
0.12461270592612848
0.1279141420627997
0.13128411197625922
0.1347236659438664
0.13823386494387066
0.14181578068172548
0.14547049560572758
0.14919910293233768
0.15300270663922982
0.15688242153467524
0.16083937319200617
0.1648746980127937
0.1689895432040095
0.17318506676896483
0.17746243753188676
0.1818228351031639
0.18626744987227178
0.19079748298418944
0.1954141463434957
0.2001186625629827
0.20491226492728828
0.20979619741089378
0.21477171457026215
0.2198400815383768
0.22500257398365733
0.23026047804330627
0.23561509024461594
0.24106771750645803
0.24661967699555076
0.2522722961197564
0.25802691239502284
0.26388487340926453
0.26984753669861283
0.27591626968485927
0.28209244954823054
0.2883774631495646
0.2947727068925355
0.30127958663738924
0.30789951756068606
0.3146339240192636
0.32148423944175436
0.3284519061931693
0.3355383753764274
0.3427451067578828
0.35007356854043054
0.35752523725440394
0.36510159753638977
0.37280414201007156
0.38063437104369646
0.38859379259455057
0.3966839220191773
0.4049062818305955
0.4132624015437684
0.4217538173816836
0.4303820721471355
0.43914871488871426
0.44805530073982053
0.4571033906205248
0.46629455102345835
0.4756303537082259
0.4851123754588718
0.49474219779033307
0.5045214066751234
0.5144515922181349
0.524534348381957
0.5347712726579548
0.5451639657387114
0.5557140311874935
0.5664230750902134
0.5772927057299833
0.5883245331696938
0.599520168929795
0.6108812255785707
0.6224093163284958
0.6341060546504662
0.6459730538346566
0.6580119265889879
0.6702242845468604
0.6826117378411698
0.6951758946548616
0.7079183606931678
0.7208407387155438
0.733944628011503
0.747231623884768
0.76070331711297
0.7743612933904661
0.7882071327481962
0.8022424089874401
0.8164686890563552
0.8308875324432701
0.8455004905535948
0.8603091060179672
0.8753149120823197
0.890519431867867
0.9059241777092893
0.921530650414224
0.9373403385316929
0.9533547176021598
0.9695752493869845
0.9860033810858359
1.002640544527668
1.0194881553609516
1.036547612233478
1.0538202959252467
1.0713075684953783
1.0890107724276612
1.106931229727816
1.1250702410431008
1.1434290847613144
1.1620090161128998
1.1808112662235246
1.1998370412506922
1.219087521412987
1.2385638601152653
1.2582671830091803
1.2781985870923067
1.2983591398283691
1.3187498782109912
1.3393718079456118
1.360225902545384
1.3813131025063863
1.4026343145066673
1.4241904106145982
1.4459822275117478
1.4680105657690057
1.4902761891929583
1.5127798241290706
1.5355221589020223
1.558503843216324
1.5817254876690179
1.6051876633122708
1.62889090120716
1.652835692132482
1.6770224862552114
1.7014516929752237
1.7261236807171438
1.7510387768810702
1.7761972678037243
1.8015993988406196
1.8272453744647374
1.8531353584687216
1.8792694742394354
1.9056478050774495
1.9322703946164494
1.9591372472859607
1.9862483288516495
2.013603567016443
2.041202852088677
2.06904603771739
2.0971329416451217
2.1254633465845827
2.154037001051511
2.182853620360001
2.211912887536164
2.2412144543712977
2.27075794246997
2.30054294430952
2.330569024352309
2.3608357201898773
2.391342543664254
2.422088982041031
2.4530744991918705
2.484298536744612
2.515760515283656
2.5474598355119844
2.5793958794264724
2.6115680114782984
2.643975579738693
2.676617917006849
2.7094943419585413
2.7426041602277236
2.7759466654738465
2.8095211404781026
2.8433268581186466
2.877363082388765
2.9116290693826503
2.946124068221346
2.980847321957967
3.0157980684701324
3.0509755412832624
3.086378970408898
3.12200758309613
3.1578606046032647
3.1939372588878143
3.2302367693050535
3.2667583592378118
3.3035012527147227
3.3404646750170555
3.3776478531789222
3.4150500165646944
3.452670397328125
3.490508230866885
3.5285627562732462
3.5668332167456698
3.6053188599360966
3.6440189383389465
3.682932709605392
3.7220594368288387
3.761398388862552
3.8009488405593372
3.840710072996073
3.8806813737259267
3.920862036950514
3.9612513637129037
4.001848662053765
4.042653247166521
4.083664441521465
4.124881574983681
4.166303984923883
4.207931016293133
4.2497620217031535
4.2917963614971955
4.3340334037937325
4.376472524542934
4.419113107543919
4.461954544473801
4.504996234904567
4.548237586312142
4.591678014068689
4.6353169414426105
4.679153799574469
4.723188027464952
4.7674190719476774
4.811846387652964
4.856469436971081
4.901287690023956
4.946300624613906
4.991507726159596
5.036908487669969
5.0825024096705205
5.128289000154398
5.174267774523062
5.220438255518028
5.266799973159047
5.313352464670012
5.360095274431537
5.407027953884146
5.454150061479243
5.5014611625896235
5.548960829454733
5.596648641090555
5.644524183224453
5.692587048213987
5.740836834972695
5.789273148907655
5.837895601818206
5.886703811842201
5.935697403368378
5.984876006965858
6.034239259308929
6.083786803091277
6.133518286959705
6.183433365445495
6.233531698873423
6.283812953304297
6.334276800446826
6.384922917592458
6.43575098755133
6.4867606985533515
6.537951744213688
6.58932382343583
6.640876640346054
6.692609904231732
6.744523329474311
6.796616635469499
6.848889546570664
6.901341792628769
6.953973106516513
7.006783227651774
7.059771899560107
7.112938870390222
7.166283892879106
7.219806724261289
7.273507126234342
7.327384864879928
7.38143971061255
7.435671438124806
7.490079826328928
7.544664658298076
7.599425721210977
7.654362806307121
7.709475708813028
7.764764227919535
7.820228166697768
7.87586733207233
7.931681534753903
7.987670589204245
8.043834313578353
8.100172529677913
8.156685062907735
8.21337174222288
8.270232400088933
8.327266872435466
8.384474998604777
8.441856621328542
8.499411586651497
8.557139743925715
8.615040945741853
8.673115047903078
8.731361909377284
8.789781392266311
8.84837336175518
8.907137686082917
8.966074236500983
9.025182887237023
9.084463515462843
9.143916001249734
9.203540227541525
9.263336080118101
9.323303447553325
9.38344222118934
9.443752295110752
9.504233566091514
9.564885933587098
9.625709299683235
9.686703569076055
9.747868649038082
9.809204449386952
9.870710882464929
9.932387863093608
9.99423530856336
10.056253138596718
10.11844127530953
10.180799643211818
10.243328169150196
10.306026782309106
10.368895414162662
10.43193399845925
10.495142471204295
10.558520770618404
10.622068837124237
10.685786613324144
10.749674043970014
10.813731075936342
10.877957658224814
10.942353741899643
11.00691928009589
11.0716542279919
11.136558542781257
11.20163218365876
11.26687511179199
11.33228729031474
11.397868684285434
11.463619260694072
11.529538988415192
11.595627838209731
11.661885782698713
11.728312796336805
11.794908855415805
11.86167393801833
11.928608024017823
11.995711095065149
12.06298313454875
12.130424127605819
12.198034061091635
12.265812923546427
12.333760705219706
12.4018773980149
12.470162995490846
12.53861749285496
12.607240886921915
12.676033176125046
12.744994360491784
12.814124441619079
12.883423422672898
12.95289130836688
13.022528104951165
13.092333820195762
13.162308463375776
13.232452045264463
13.302764578112987
13.373246075643234
13.443896553023354
13.514716026872971
13.585704515234267
13.656862037564538
13.728188614730845
13.799684268988182
13.871349023970653
13.943182904681056
14.015185937479822
14.087358150069269
14.159699571488126
14.232210232097142
14.304890163561334
14.377739398852968
14.450757972230708
14.523945919232286
14.597303276659614
14.670830082576675
14.744526376294244
14.818392198353523
14.892427590530097
14.966632595809985
15.041007258391005
15.115551623665024
15.19026573821374
15.265149649794028
15.340203407333858
15.415427060918999
15.490820661789181
15.56638426231786
15.642117916021897
15.718021677526687
15.794095602584894
15.870339748051009
15.946754171874522
16.02333893310005
16.100094091843875
16.17701970930164
16.254115847728606
16.33138257043992
16.408819941798686
16.486428027201555
16.56420689308471
16.642156606904106
16.720277237137473
16.7985688532647
16.877031525775777
16.95566532614385
17.034470326836164
17.113446601302762
17.19259422395462
17.27191327017647
17.351403816313475
17.431065939649418
17.51089971842518
17.590905231809696
17.671082559907408
17.751431783744486
17.831952985263733
17.912646247316527
17.993511653662935
18.074549288952234
18.155759238733825
18.23714158943391
18.31869642835933
18.400423843690003
18.48232392446798
18.564396760598473
18.646642442836665
18.729061062787597
18.81165271289464
18.89441748644022
18.977355477531418
19.060466781101105
19.14375149290136
19.227209709495625
19.310841528250304
19.394647047337344
19.478626365722313
19.562779583150903
19.647106800171855
19.73160811809417
19.816283639011523
19.90113346577873
19.9861577020158
20.071356452098634
20.15672982115521
20.24227791506268
20.328000840434253
20.413898704621523
20.49997161571053
20.5862196825098
20.672643014549525
20.759241722076315