0.
0.
0.
0.
2.1100661520864233e-12
1.365336921938274e-11
4.418726765545687e-10
7.0412907495123944e-9
6.281840704914984e-8
3.7212977712350134e-7
1.6325612849077248e-6
5.706842093002207e-6
0.000016726773785171922
0.00004264016777335479
0.0000971292386259618
0.00020177139906505498
0.00038829431770049446
0.0007007896945610352
0.0011977815672995623
0.001954086995329225
0.003062442713171363
0.004634905278379968
0.006804053590670348
0.0097240362900311
0.013571512290039327
0.01854653221939388
0.024873403108282115
0.03280157070856952
0.04260654357145372
0.0545908716405394
0.06908518056207873
0.0864492514193507
0.1070731244562583
0.13137819592223426
0.1598182681390902
0.19288050669529008
0.23108625240784572
0.2749916331569742
0.32518792497613314
0.38230159117090906
0.4469939573855867
0.5199604552058738
0.6019293693468415
0.6936600216553976
0.7959404323434973
0.90958345154466
1.0354239382358315
1.17431231113943
1.3271087980585308
1.4946754757635206
1.6778668269771349
1.8775185936044565
2.094435007104828
2.3293747584519937
2.5830364454080157
2.856044642840769
3.148938056686951
3.462161290160178
3.7960614547881373
4.150890205195299
4.526810913294575
4.923909948770344
5.342210465431493
5.781687088886033
6.242280081392345
6.723908014564225
7.22647843474953
7.749896382411096
8.294070883831521
8.85891967354423
9.444372458367749
10.050373029809316
10.67688049786785
11.323869874203604
11.991332186246698
12.679274262761275
13.387718296555265
14.11670126228893
14.866274245992159
15.636501726495597
16.427460836919515
17.23924063877905
18.071941328539122
18.925673663693566
19.800558148489
20.696724446762044
21.61431074403841
22.553463151884912
23.514335140581217
24.49708699898323
25.50188532026759
26.528902512082784
27.578316329635825
28.65030943027863
29.745068948177767
30.862786087896108
32.003655735403
33.16787608594597
34.35564828737285
35.567176098287035
36.802665560237145
38.062324683326985
39.3463631446896
40.65499199938692
41.98842340335283
43.34687034805363
44.730546406688084
46.13966549167093
47.57444162334344
49.03508870976667
50.52182033760805
52.03484957405722
53.574388779828354
55.140649433272344
56.73384196562921
58.35417560744331
60.0018582467757
61.677096297735105
63.380094581594584
65.11105621887363