 0.18217313992217E-04
 0.45720598432940E-06
 0.30445542392372E-06
 0.22871556273039E-06
 0.17876470026590E-06
 0.15147493128406E-06
 0.13120518783393E-06
 0.12156917971039E-06
 0.99963590094852E-07
 0.90137060818702E-07
 0.81636428671579E-07
 0.74215469676179E-07
 0.81514379576589E-07
 0.63898278102419E-07
 0.61622840968917E-07
 0.54756459802227E-07
 0.51133163232005E-07
 0.47912962359714E-07
 0.45577474355135E-07
 0.42497330063893E-07
 0.40333030644896E-07
 0.37523692650841E-07
 0.35088759290548E-07
 0.33207239624941E-07
 0.30963319693022E-07
 0.29798962830269E-07
 0.28454141236911E-07
 0.27465263544987E-07
 0.25509578734511E-07
 0.24023844967366E-07
 0.22788010378692E-07
 0.11900883665643E-07
 0.22052722202394E-07
 0.19124911457723E-07
 0.13392381428678E-07
 0.24807568758399E-07
 0.15921260148790E-07
 0.15023894454187E-07
 0.14113909038848E-07
 0.14036625492364E-07
 0.12405508755229E-07
 0.11843003160774E-07
 0.10768978140192E-07
 0.10028161375718E-07
 0.93307351247516E-08
 0.89561821439039E-08
 0.81971326427743E-08
 0.73963689725431E-08
 0.70104671505496E-08
 0.58557473092712E-08
 0.71461622784711E-08
 0.28136690288223E-08
 0.49331264677519E-08
 0.47729050154719E-08
 0.42992982858148E-08
 0.36061211295385E-08
 0.31642221801336E-08
 0.27943684872253E-08
 0.24387339356066E-08
 0.21243975831776E-08
 0.17448210223877E-08
 0.14430193093974E-08
 0.11839205674087E-08
 0.93092927732241E-09
 0.63316228101968E-09
 0.53065499645501E-09
 0.21339384098616E-09
-0.89666238416137E-10
-0.31655367720204E-09
-0.44885367928128E-09
 0.84903501924638E-08
 0.11882870415058E-09
 0.87811442515923E-08
-0.11021190014140E-07
 0.76665399507534E-08
-0.17313220214554E-07
-0.32609246855072E-08
-0.93391421995062E-08
-0.16918072888527E-08
-0.18795979751598E-08
-0.19644912057701E-08
-0.20921500528947E-08
-0.21372534120999E-08
-0.23378640249242E-08
-0.21534734921172E-08
-0.22176683203800E-08
-0.22968475055388E-08
-0.25517629049647E-08
-0.25406648093999E-08
-0.24134728434123E-08
-0.26197168233189E-08
-0.26525842876704E-08
-0.27177229621750E-08
-0.23450471778143E-08
-0.29095304675107E-08
-0.27574800735725E-08
-0.27768168161653E-08
-0.28204219294451E-08
-0.27866416643561E-08
-0.25443628748494E-08
-0.29080214502745E-08
-0.27385006770128E-08
-0.28666515563618E-08
-0.28627267467275E-08
-0.28145724001555E-08
-0.26982343584998E-08
-0.32979607311723E-08
-0.34536867876768E-08
-0.31906915603353E-08
-0.27304306256643E-08
-0.28847039831256E-08
-0.18063775965909E-08
-0.27213673609617E-08
-0.26516462173293E-08
-0.28854083607845E-08
-0.26398791087451E-08
-0.26416735104003E-08
-0.28885140962822E-08
-0.26144069346842E-08
-0.25712723232726E-08
