10.274983138896756
10.645779799142549
11.03493674602428
11.442186109259183
11.867281108647257
12.309997895170142
12.770130871254755
13.247494638372297
13.741924991624378
14.253269952877279
14.781398050052829
15.326193581608232
15.887554097643102
16.465394467052477
17.05963885808746
17.670227550871864
18.29711118580884
18.940255894252395
19.5996365907568
20.275237747861702
20.96705955544662
21.67510862733667
22.399404267309187
23.13997804755926
23.896866349693703
24.670117815491917
25.45979276924712
26.265957587661894
27.088690116223294
27.9280784187677
28.78421392114235
29.657202278122348
30.547154574444495
31.454191709978158
32.37844047382731
33.32003835041902
34.27912490191319
35.25585657249464
36.25038486091575
37.26287752983287
38.29350183041909
39.342435773336945
40.40986472772959
41.495974374481854
42.600958941991614
43.72501803738829
44.868348278058846
46.03118157833657
47.213707606192706
48.41615314231479
49.638734423389195
50.88168643452759
52.14523041036707
53.429600105194886
54.735031514054114
56.061759644876176
57.410028613046364
58.78007908363423
60.1721545979849
61.586501040551106
63.023370914865346
64.48300667983578
65.96566274054493
67.47158925761885
69.00103676953802
70.55425774088998
72.13149488287705
73.73302984201786
75.35908361598521
77.00991763034432
78.68578217540623
80.38692655659943
82.11359888249063
83.86604585691182
85.64451257568804
87.44924232840114
89.28047640557446
91.13845391173987
93.02341158480127
94.93558362215386
96.87520151398601
98.84249388417895
100.83768633925592
102.86100132576492
104.91265799648671
106.99287208584528
109.10185579486796
111.2398176859927
113.40696258804138
115.60349151163716
117.82960157510489
120.08548594142017
122.37133376593404
124.68733015526887
127.03365613731644
129.4104886424711
131.81800049598877
134.25636042151044
136.7257330556357
139.22627897341638
141.7581547246596
144.3215128808225
146.91650209225259
149.54326715572805