 0.12868070600492E-31
 0.51472282401969E-31
 0.11581263540443E-30
 0.20588912960788E-30
 0.32170176501231E-30
 0.46325054161772E-30
 0.63053545942412E-30
 0.82355651843151E-30
 0.10423137186399E-29
 0.12868070600492E-29
 0.15570365426596E-29
 0.18530021664709E-29
 0.21747039314832E-29
 0.25221418376965E-29
 0.28953158851108E-29
 0.32942260737260E-29
 0.37188724035423E-29
 0.41692548745595E-29
 0.46453734867777E-29
-0.28005665630786E-14
-0.18921319168876E-15
 0.40937651793138E-14
 0.88005483829873E-15
-0.18481350070288E-15
-0.61506996254678E-14
-0.56773708133537E-14
-0.20173570000338E-14
-0.15974096132407E-15
 0.13718144668479E-14
 0.11663637417996E-14
 0.24930338332385E-13
 0.22599768895192E-13
 0.23271595676899E-13
 0.95393750430333E-14
 0.15664686913049E-13
 0.37653157484309E-13
 0.50086612170516E-13
 0.14987595839909E-12
 0.13674534346851E-12
 0.18086204793031E-12
 0.26962113042807E-12
 0.38602614927796E-12
 0.65155606037359E-12
 0.73140665622129E-12
 0.83833753065238E-12
 0.11005268921815E-11
 0.18507516189911E-11
 0.21306245128836E-11
 0.28162215968781E-11
 0.37183446207667E-11
 0.48468996810638E-11
 0.60344866515656E-11
 0.71649781615299E-11
 0.90533461769840E-11
 0.11378503037316E-10
 0.13858700323527E-10
 0.16503641254467E-10
 0.19952454755972E-10
 0.23682260661162E-10
 0.28058288068072E-10
 0.33192784861683E-10
 0.38435200805813E-10
 0.45302811901080E-10
 0.52200023636702E-10
 0.60259244699775E-10
 0.69336267722245E-10
 0.79374031001990E-10
 0.90053307842496E-10
 0.10238754486085E-09
 0.11556300564391E-09
 0.13046778972229E-09
 0.14644664582457E-09
 0.16439793229301E-09
 0.18303265359763E-09
 0.20361323172820E-09
 0.22623374779690E-09
 0.25091317127005E-09
 0.27733518345052E-09
 0.30607939712342E-09
 0.33673031905931E-09
 0.36947694749305E-09
 0.40556295775610E-09
 0.44335972361993E-09
 0.48420777483426E-09
 0.52828288454992E-09
 0.57525054752782E-09
 0.62557048935875E-09
 0.67973556804088E-09
 0.73673680049993E-09
 0.79712881179875E-09
 0.86255440163821E-09
 0.93207840300505E-09
 0.10054837123093E-08
 0.10844861335427E-08
 0.11676727793883E-08
 0.12562208026903E-08
 0.13498376381072E-08
 0.14485029264623E-08
 0.15531973027712E-08
 0.16644681155732E-08
 0.17811290160671E-08
 0.19037520939632E-08
 0.20332859723508E-08
 0.21701261529790E-08
 0.23126990403065E-08
 0.24617125383530E-08
 0.26201590808914E-08
 0.27850126135885E-08
 0.29568993498173E-08
 0.31355225103964E-08
 0.33222650293134E-08
 0.31725695544646E-08
 0.38255071965404E-08
 0.39283079133371E-08
 0.41456150865684E-08
 0.43644592242023E-08
 0.46022105418764E-08
 0.48433101472499E-08
 0.50903181526026E-08
 0.53467316027987E-08
