1.3791174949302143
1.6580946959283238
1.9523699682250877
2.26186926304164
2.5865227049025963
2.9262781415585373
3.2810922616398237
3.650929663239391
4.035762931275592
4.435572297586233
4.850342433050982
5.2800663792834674
5.724740429254803
6.184365812562101
6.658950295592044
7.148505599344315
7.653046334052986
8.1725941699408
8.707173914753518
9.256815671631115
9.821553116973561
10.401425365452837
10.996479203374586
11.606761413761806
12.23232790999341
12.873238935110296
13.529559757144463
14.201365548705692
14.888729069389328
15.591739244144419
16.31048098180144
17.04505553789407
17.795560777644685
18.56210982123226
19.344814711036932
20.143794777096954
20.959187529868785
21.79111676714507
22.6397278889504
23.505165507399607
24.387583081130376
25.28713757681477
26.20399510935451
27.138322521465874
28.09029913252881
29.060102497571943
30.047919722574218
31.05394060026106
32.07836249126928
33.12138466098818
34.18321210064198
35.26405397687552
36.36412375510963
37.48363835204688
38.62281852108171
39.7818884801711
40.96107570231962
42.16061070413785
43.38072683274685
44.621660051308346
45.88364872345115
47.16693339680003
48.47175658588484
49.79836255461606
51.14699709858409
52.51790732738576
53.911341447256156
55.327548544204575
56.76677836795455
58.229281116930565
59.7153072246061
61.22510714749031
62.758931155089265
64.31702912216689
65.89965032367228
67.50704323268096
69.13945532173544
70.79713286799694
72.48032076258168
74.1892623245221
75.92419911974896
77.6853707855439
79.47301486086354
81.28736662297051
83.12865893079316
84.99712207542053
86.89298363813131
88.81646835636187
90.76779799796536
92.74719124412927
94.75486358128965
96.79102720232342
98.85589091733294
100.94966007427321
103.0725364896132
105.22471838927358
107.40640035997203
109.61777331158997
111.85902444719089
114.13033725127264
116.43189147865856
118.76386316167375
121.12642462497308
123.51974451149528