-0.88812484438194E-14
-0.88812484438194E-14
-0.88812484438194E-14
 0.14826151674458E-13
-0.48337406482121E-14
 0.15395928687943E-12
 0.21536358553171E-11
 0.14818573023317E-10
 0.64990492273061E-10
 0.20849277524156E-09
 0.53415647350166E-09
 0.11588626250824E-08
 0.22121435733222E-08
 0.38261635440521E-08
 0.61239707202377E-08
 0.92173575882890E-08
 0.13210381181559E-07
 0.18157412101483E-07
 0.24288241512722E-07
 0.31589835603966E-07
 0.40328045814516E-07
 0.50704239098836E-07
 0.62872583041197E-07
 0.77442432857699E-07
 0.94630674632009E-07
 0.11478233442880E-06
 0.13847238989301E-06
 0.16656957418126E-06
 0.19967390915145E-06
 0.23832709071584E-06
 0.28353969278358E-06
 0.33625286602634E-06
 0.39712623109395E-06
 0.46718525354586E-06
 0.54729279814937E-06
 0.63817880615507E-06
 0.74010029755150E-06
 0.85348313076788E-06
 0.97773403386759E-06
 0.11109879778214E-05
 0.12496623602022E-05
 0.13882560827047E-05
 0.15179716637857E-05
 0.16251028260130E-05
 0.16892735506447E-05
 0.16872416080277E-05
 0.15910914577690E-05
 0.13771300993155E-05
 0.11070689981984E-05
 0.58948315132592E-06
 0.82250776308580E-07
-0.41693559247265E-06
-0.84101769076361E-06
-0.11434422336869E-05
-0.13115388458975E-05
-0.14328271599344E-05
-0.12939175848383E-05
-0.11792548934710E-05
-0.10358292201928E-05
-0.88639308280628E-06
-0.74510458931192E-06
-0.61918833963608E-06
-0.51116984162030E-06
-0.42077639781627E-06
-0.34633691198409E-06
-0.28564451729401E-06
-0.23644201611166E-06
-0.19665803912233E-06
-0.16450249790359E-06
-0.13848007518921E-06
-0.11736935783222E-06
-0.10015737521541E-06
-0.86083277771581E-07
-0.74555701964984E-07
-0.65239235853813E-07
-0.57139528147010E-07
-0.50575725673300E-07
-0.45058910729996E-07
-0.40502494809278E-07
-0.36634793845590E-07
-0.33188751587214E-07
-0.30227645747187E-07
-0.27885613713714E-07
-0.25671026801459E-07
-0.23794489966614E-07
-0.22149564989438E-07
-0.20700488150783E-07
-0.19416911211553E-07
-0.18274168092275E-07
-0.17251985454068E-07
-0.16333528153236E-07
-0.15504663720401E-07
-0.14753472603181E-07
-0.14069782102088E-07
-0.13446786748866E-07
-0.12872381086936E-07
-0.12345428792286E-07
-0.11859042334721E-07
-0.11408761362444E-07
-0.10627267669149E-07
-0.10601428984750E-07
-0.10238172364584E-07
-0.98992597052369E-08
-0.95813679775292E-08
-0.92830552919669E-08
-0.90022128146713E-08
-0.87376091068787E-08
-0.84879617142687E-08
-0.83280046590883E-08
-0.80289856710105E-08
-0.78158206401774E-08
-0.76174951939796E-08
-0.74274478713779E-08
-0.72471038328647E-08
-0.70756453897980E-08
-0.70066162099626E-08
-0.67575216085374E-08
-0.66097923106738E-08
-0.64690297596816E-08
-0.63276726622271E-08
