88.92179581414878
88.9676981617124
89.04418476142875
89.15122975437086
89.28879627715467
89.45683674423634
89.65529125976676
89.88409110923337
90.14315008678592
90.43237091153185
90.75164063601662
91.10082988196667
91.47979161912963
91.88836392440297
92.32636607202743
92.79360523912925
93.28987554344076
93.81496248140239
94.36864345827495
94.95069428119312
95.56089027706477
96.199009155139
96.8648345593904
97.5581573017272
98.27877960989478
99.0265129298869
99.80118436745356
100.60263161794899
101.43071048008957
102.28529079179573
103.16625678255528
104.07388016589198
105.00696714743778
105.96656113501142
106.95223908675725
107.96395347835141
109.00171377820513
110.06547989052362
111.15526748818765
112.27109578250601
113.41299715043601
114.58101374333533
115.7752022408365
116.99562789601961
118.24237314111646
119.51552005606072
120.81516688424404
122.14142090765256
123.49441333921727
124.87421742077342
126.28100993739032
127.71492425061977
129.17609257134214
130.66467036106653
132.18081347782618
133.72468530934947
135.29644781092003
136.89628539108307
138.52436097608577
140.18087658539332
141.8659601038202
143.57985207709265
145.32272582431582
147.09470905872192
148.8961561866008
150.72710496564324
152.58780099692925
154.47843847202543
156.39920930758214
158.35031361595296
160.33194030026203
162.3442830933118
164.3890391731929
166.4618851122877
168.5675248840136
170.70463459217237
172.87340401195016
175.0740077571754
177.3066298762159
179.5714432161395
181.86861535906226
184.19831322449136
186.5607008713049
188.95593897489812
191.3841667672594
193.84557269703393
196.34026150357093
198.86838698276932
201.43008407824885
204.02547941341763
206.65470268804717
209.31786932393192
212.01509270569352
214.74648064492536
217.51213776566698
220.31215543462534
223.14664093788602
226.01566580809143
228.91931722966206
231.8576697253091
234.83079495517384
237.8387630240434
240.88163249074282
243.95945674718445
247.07229130388447
250.22018669488168
253.40317933213694
256.62131188777744
259.8746225225489
263.16313811449237
266.4868878368065
269.8458936819109
273.24018073915056
276.66976532485353
280.13466434906013
283.63488716901134
287.17044591840755
290.74134805657343
294.3475993474711
297.9892036716008