 0.39552301537839E-29
 0.98880753844598E-30
 0.43947001708710E-30
 0.24720188461149E-30
 0.15820920615136E-30
 0.10986750427178E-30
-0.14474814968866E-15
 0.55027406795645E-16
 0.24878609563561E-16
 0.56246547676479E-16
 0.73047382985313E-15
 0.43462233675646E-14
 0.21285435146847E-13
 0.84410830207855E-13
 0.27448435446485E-12
 0.76603150131825E-12
 0.18837431422239E-11
 0.41733973638577E-11
 0.84668419036897E-11
 0.15943783988585E-10
 0.28171937619152E-10
 0.47123718932806E-10
 0.75166599170588E-10
 0.11502982063975E-09
 0.16974974165057E-09
 0.24259832885249E-09
 0.33700735362408E-09
 0.45648224357584E-09
 0.60452880677018E-09
 0.78457471119975E-09
 0.99991307852115E-09
 0.12536491812236E-08
 0.15486651486595E-08
 0.18875938033845E-08
 0.22728087468467E-08
 0.27064214809593E-08
 0.31902899428069E-08
 0.37260336430324E-08
 0.43150545233614E-08
 0.49585612728163E-08
 0.56575955803805E-08
 0.64130585879915E-08
 0.72257358327060E-08
 0.80963197124768E-08
 0.90254285856823E-08
 0.10013621037806E-07
 0.11061405178573E-07
 0.12169242958069E-07
 0.13337548177459E-07
 0.14566679811363E-07
 0.15856929931776E-07
 0.17208507057478E-07
 0.18621516023017E-07
 0.20095934422851E-07
 0.21631587615322E-07
 0.23228122692718E-07
 0.24884982588563E-07
 0.26601381659398E-07
 0.28376283451423E-07
 0.30208381700477E-07
 0.32096085162180E-07
 0.34037507019495E-07
 0.36030458928672E-07
 0.38072450231430E-07
 0.40160692015235E-07
 0.42292105854586E-07
 0.44463336842662E-07
 0.46670770542735E-07
 0.48910552477846E-07
 0.51178610151375E-07
 0.53470675930377E-07
 0.55782310106795E-07
 0.58108923006472E-07
 0.60445794744603E-07
 0.62788091992921E-07
 0.65130880133319E-07
 0.67469130337740E-07
 0.69797720377503E-07
 0.72111428718215E-07
 0.74404921609939E-07
 0.76672733042992E-07
 0.78909238263912E-07
 0.81108621332269E-07
 0.83264841349792E-07
 0.85371591396561E-07
 0.87422267595052E-07
 0.89409938351040E-07
 0.91327327508806E-07
 0.93166814119171E-07
 0.94920455850614E-07
 0.96580042110551E-07
 0.98137182793693E-07
 0.99583436615918E-07
 0.10091048097191E-06
 0.10211032130525E-06
 0.10317553386399E-06
 0.10409953054687E-06
 0.10487683034509E-06
 0.10550331790552E-06
 0.10597646845070E-06
 0.10629551886828E-06
 0.10646156827369E-06
 0.10647759722506E-06
 0.10634840214489E-06
 0.10608044940834E-06
 0.10568166062351E-06
 0.10516114642713E-06
 0.10452890893623E-06
 0.10379553384652E-06
 0.10297189143477E-06
 0.10206886214466E-06
 0.10109709834621E-06
 0.10006682875599E-06
 0.98987708126508E-07
 0.97868710811778E-07
 0.96718064561398E-07
 0.95543218997478E-07
 0.94350842605455E-07
 0.93146841942547E-07
 0.91936397165101E-07
