0.
0.
0.
0.
0.
0.
0.
2.482430767160498e-13
6.57844153297532e-12
9.681479991925942e-11
8.997570315573225e-10
5.877899570482627e-9
2.924216558638216e-8
1.1731198252062695e-7
3.9584207993295676e-7
1.1596146571036861e-6
3.0219087737121283e-6
7.1396848718857215e-6
0.000015525127355047906
0.00003144876192770039
0.00005993029645304766
0.00010830920580300575
0.00018688097365072084
0.00030958085791769446
0.0004946989663754455
0.0007656073217671701
0.0011514837615819301
0.0016880188527892903
0.0024180958410456237
0.0033924358253896265
0.004670204483560648
0.006319578313215467
0.0084182712309599
0.011054024492596976
0.014325062791373005
0.01834052253574615
0.02322085528199493
0.029098213346697436
0.036116820490989014
0.04443333207782407
0.054217187601348665
0.06565095693572336
0.07893068109926339
0.09426620648022879
0.11188151052851374
0.13201501549778327
0.15491988949047297
0.1808643035797759
0.21013171638334172
0.24302104889826912
0.27984687639511424
0.3209395447825775
0.366645238771329
0.4173259867143758
0.47335959799891725
0.5351395276863457
0.6030746639465405
0.6775890376579045
0.7591214348914802
0.8481249353508598
0.945072599547469
1.0504257016307734
1.1646951710883773
1.2883785845551552
1.421990295625208
1.566054154969231
1.7211023227586253
1.8876739460949001
2.0663136885475177
2.257570098245984
2.4619938013212677
2.6801355103652904
2.9125438424352277
3.1597629500576625
3.4223299807336383
3.700772396847074
3.9956052071514754
4.3073281822426095
4.636423146368906
4.983351449510025
5.348551689511409
5.732438088575692
6.135398986404744
6.557796267723465
6.999965280007809
7.462215398109314
7.944831170781145
8.44807396536531
8.972184002595604
9.517382660649718
10.083874926638485
10.671851883630893
11.281493138212944
11.912969114434908
12.566443161728552
13.242073444444944
13.94001459796011
14.660419149871355
15.40343871488069
16.169224978626204
16.95793048977409
17.76970928148985
18.604717343761703
19.463112967272497
20.345056978887786
21.25071288345539
22.180246928471103
23.13382811495559
24.111628145869595
25.11382134819974
26.140584541749547
27.192096906456463
28.268539819361227
29.370096681120195
30.49695273386617
31.64929487447166
32.82731146415313
34.03119214205035
35.26112763826171
36.517309593006736