0.
0.
0.
0.
1.9859446137283985e-12
1.9859446137283985e-12
9.929723068641993e-13
3.251984304980252e-11
5.298748472504083e-10
5.047278235790724e-9
3.2711486705027315e-8
1.5839484638021126e-7
6.116258849099228e-7
1.9747071461316164e-6
5.520019194205704e-6
0.000013715474175829408
0.000030908579779661654
0.00006417900252832283
0.00012433243301560596
0.00022699642480710579
0.00039377453310329334
0.0006534157749652852
0.0010429627875539564
0.0016088471655795553
0.0024079168098133453
0.0035083778231331897
0.004990654204722055
0.006948164254370016
0.009488024682558613
0.012731692747405836
0.016815559535760024
0.021891507784880335
0.02812744669483879
0.0357078341317876
0.04483419466049456
0.05572563829641102
0.06861938233247857
0.08377127464993285
0.10145631385805035
0.12196916443105235
0.1456246142845145
0.17275808694837258
0.20372598467410494
0.23890605473849305
0.2786976369793295
0.3235218171262295
0.37382146349704004
0.4300611331270783
0.49272682191917777
0.5623255712683997
0.6393848897104017
0.7244519843634794
0.8180928068414267
0.9208908793045794
1.0334458933981074
1.1563720603790026
1.2902961880194137
1.435855454711142
1.5936948468409424
1.7644642222794784
1.948814964075445
2.1473961950842755
2.3608505406559246
2.5898094547392945
2.834888166705992
3.096680362502356
3.375752776298195
3.672639945851082
3.9878394190718107
4.321807752401849
4.67495760643749
5.0476561912385645
5.440225202497586
5.852942253683093
6.286043669027973
6.739728385411534
7.21416263646954
7.7094850681549305
8.225811956530128
8.763242253268974
9.32186225596246
9.9017497737932
10.502977725001253
11.125617154204967
11.769739694839515
12.435419522221947
13.122734864952852
13.831769124694334
14.562611679882417
15.315358421955796
16.090112077237368
16.886982357415214
17.7060859751016
18.54754655734139
19.411494472063165
20.298066579612993
21.20740602439236
22.139661851029047
23.094988721240398
24.0735465643268
25.07550022943353
26.101019134965735
27.150276918899348
28.223451092818852
29.320722701780827
30.442275991699244
31.588298085449594
32.75897866868633
33.95450968602653
35.17508504817913
36.42090035037483
37.69215260245753
38.989039972543424
40.31176153401993
41.66051704226722
43.035506706045716
44.436930980137355
45.86499036866888
47.31988524102041
48.80181566031199