97.58721147380533
97.63940198729219
97.72636852489667
97.8480848794331
98.0045130847123
98.19560472250123
98.42129962168707
98.68152505524132
98.9761959004956
99.30521221298444
99.6684599496351
100.06580788420058
100.49710788877293
100.96219590022365
101.46089357965425
101.99300733693879
102.55833461850919
103.15666580673879
103.78778655503208
104.45148277096696
105.14754274135444
105.87576326161867
106.63594724877738
107.42791099475436
108.25148356216836
109.10650925707358
109.99284840779917
110.91037483800498
111.85900008123278
112.83862222329098
113.84917977987801
114.89062607503749
115.96293126645332
117.0660832947018
118.20009404163687
119.3649844794893
120.56080011973796
121.78759840405512
123.0454608767446
124.33447722221814
125.65475484231115
127.00642072296213
128.3896158819187
129.80449019828555
131.2512094752024
132.7299548219718
134.2409220012345
135.78431199634383
137.36034601363397
138.96925276454223
140.6112707337941
142.28665218009448
143.99565609703927
145.73855602883174
147.51563034165434
149.32716764523937
151.17346674994505
153.0548309830239
154.97156891410063
156.9240162697086
158.91248091288284
160.93723874706328
162.99882680031251
165.0973830018366
167.23332544300834
169.4070072727878
171.6187701544743
173.86898490777114
176.1580045366542
178.48618930033052
180.85390098209106
183.261498875329
185.70934145510756
188.197789326023
190.72719611693915
193.2984231104798
195.9102915084319
198.56466924175243
201.26138633202444
204.00076971078624
206.78314075392214
209.60881986022545
212.47810132927893
215.3912756710145
218.34863303853686
221.35043052386487
224.39692336889905
227.4883493522939
230.62496905472463
233.806864603403
237.03434325750564
240.3075284483372
243.62656756600933
246.9915831701825
250.4026727987966
253.85992745989702
257.3633892394815
260.9130938642288
264.5090374981662
268.1512157912249
271.83956647892245
275.5740256649378
279.35448810904927
283.18083073030556
287.05290690939955
290.97053789015047
294.93353054284734
298.94166244102814
302.9947063664836
307.09239271201136
311.2344416893809
315.42063919592505
319.6506221869358
323.92412298691147
328.2408463742522
332.60049905826475
337.0027929462969
341.4474481769532
345.93419583495125
350.4627802829292