 0.73524433890408E-06
 0.94964666832012E-06
 0.12245065282853E-05
 0.15771563972482E-05
 0.20285063064392E-05
 0.26028542738812E-05
 0.33268619409315E-05
 0.42267071983095E-05
 0.53208748048536E-05
 0.66023016321758E-05
 0.79969278788839E-05
 0.92838502172966E-05
 0.10004170602609E-04
 0.95351203794067E-05
 0.75896040461189E-05
 0.47738472114692E-05
 0.21786905315741E-05
 0.42490631561399E-06
-0.51511641794609E-06
-0.91791831196644E-06
-0.10291006643259E-05
-0.10013596653298E-05
-0.91620948385222E-06
-0.81362986477652E-06
-0.71188995421530E-06
-0.61851902801355E-06
-0.53593585325211E-06
-0.46423883866147E-06
-0.40255999296039E-06
-0.34970758680737E-06
-0.30445948271196E-06
-0.26569063153187E-06
-0.23240062776744E-06
-0.20374902940641E-06
-0.17901556405245E-06
-0.15759863506038E-06
-0.13899532422590E-06
-0.12278548637887E-06
-0.10861798079899E-06
-0.96198639808479E-07
-0.85280619934438E-07
-0.75656116161718E-07
-0.67149635965795E-07
-0.59612488439359E-07
-0.52918501051374E-07
-0.46959892924120E-07
-0.41644642360226E-07
-0.36893698291669E-07
-0.32639178552709E-07
-0.28822352069378E-07
-0.25392428398710E-07
-0.22305351850002E-07
-0.19522780547986E-07
-0.17011195981222E-07
-0.14741290445512E-07
-0.12687419233909E-07
-0.10826938812586E-07
-0.91400253283517E-08
-0.76090438969516E-08
-0.62184583587978E-08
-0.49544865247896E-08
-0.38048986874050E-08
-0.27587695761143E-08
-0.18063623562881E-08
-0.93898694764234E-09
-0.14886445517335E-09
 0.57096143529517E-09
 0.12267379760301E-08
 0.18241140964670E-08
 0.23681557543267E-08
 0.28634392392000E-08
 0.33141096515294E-08
 0.37238810966181E-08
 0.40961798182541E-08
 0.44340398045071E-08
 0.47402729745515E-08
 0.50173949051942E-08
 0.52648870850073E-08
 0.54934351371974E-08
 0.56963643312515E-08
 0.58783003276885E-08
 0.60408665786116E-08
 0.61855294204095E-08
 0.63136514152067E-08
 0.64264684144019E-08
 0.65251218526488E-08
 0.66106688182842E-08
 0.66840816919999E-08
 0.67462604701847E-08
 0.67980192311368E-08
 0.68401387428154E-08
 0.68733133895607E-08
 0.68982017935231E-08
 0.69154259628144E-08
 0.69255309046846E-08
 0.69290468880261E-08
 0.69264895037211E-08
 0.69182604408288E-08
 0.69048413032125E-08
 0.68865904780222E-08
 0.68638880319698E-08
 0.68370671587247E-08
 0.68064759993652E-08
 0.67723945313419E-08
