 0.55488293976579E-06
 0.57619982721483E-06
 0.59923932048045E-06
 0.62212308470463E-06
 0.64633673115268E-06
 0.67126848340044E-06
 0.69782073818796E-06
 0.72491368407378E-06
 0.75271835219814E-06
 0.78240654885618E-06
 0.81230559384911E-06
 0.84429128461815E-06
 0.87648116147574E-06
 0.91052596854478E-06
 0.94540400668985E-06
 0.98211827187237E-06
 0.10201183025474E-05
 0.10590193627228E-05
 0.10999107272069E-05
 0.11418137779427E-05
 0.11855995547941E-05
 0.12312520040093E-05
 0.12782284463237E-05
 0.13266505118420E-05
 0.13774214849848E-05
 0.14297350948979E-05
 0.14843777630807E-05
 0.15401306228842E-05
 0.15985858191386E-05
 0.16591809012117E-05
 0.17210593371671E-05
 0.17863578496785E-05
 0.18533203301651E-05
 0.19228976372793E-05
 0.19949311435948E-05
 0.20694094372840E-05
 0.21466012621861E-05
 0.22265607343381E-05
 0.23091272825352E-05
 0.23945932265747E-05
 0.24831774031324E-05
 0.25743981208778E-05
 0.26694132192890E-05
 0.27674407406947E-05
 0.28686463461468E-05
 0.29734257905780E-05
 0.30821035933073E-05
 0.31938800276351E-05
 0.33088589249212E-05
 0.34288003421919E-05
 0.35520015728955E-05
 0.36799262007901E-05
 0.38112575021392E-05
 0.39476431573974E-05
 0.40881137771421E-05
 0.42331203035640E-05
 0.43825157676787E-05
 0.45374600278467E-05
 0.46964887568911E-05
 0.48610419652538E-05
 0.50305616066185E-05
 0.52056463673645E-05
 0.53853200880088E-05
 0.55713351543770E-05
 0.57626254884421E-05
 0.59606291966291E-05
 0.61636604027730E-05
 0.63730489018335E-05
 0.65887967316089E-05
 0.68111447899314E-05
 0.70393896583337E-05
 0.72748574238034E-05
 0.75165920316186E-05
 0.77657382561771E-05
 0.80221990554928E-05
 0.82849323357965E-05
 0.85556203475117E-05
 0.88334454872406E-05
 0.91195976230335E-05
 0.94125200774486E-05
 0.97144890994007E-05
 0.10023024252186E-04
 0.10340727755390E-04
 0.10666320221401E-04
 0.10999786977933E-04
 0.11343023085745E-04
 0.11692947378762E-04
 0.12053024823250E-04
 0.12420782091497E-04
 0.12797899507414E-04
 0.13183539168644E-04
 0.13577469788597E-04
 0.13981041549887E-04
 0.14393438461180E-04
 0.14814244689489E-04
 0.15244415240445E-04
 0.15682740870532E-04
 0.16130392000327E-04
 0.16586276233519E-04
 0.17051074393144E-04
 0.17523894332944E-04
 0.18005614604081E-04
 0.18494355690221E-04
 0.18990908784015E-04
 0.19495415167045E-04
 0.20006669266967E-04
 0.20524563290677E-04
 0.21048610619301E-04
 0.21577926665887E-04
 0.22112596992840E-04
 0.22651543986955E-04
 0.23194170027141E-04
 0.23739585855672E-04
 0.24286808921358E-04
 0.24835283861832E-04
 0.25382776072681E-04
 0.25929604273883E-04
 0.26472969233980E-04
 0.27012568868372E-04
 0.27545833349742E-04
 0.28071393989211E-04
 0.28587147313843E-04
 0.29091255338402E-04
 0.29581721882128E-04
 0.30056044559782E-04
 0.30510709340989E-04
 0.30943648329817E-04
 0.31351276351196E-04
 0.31731356171405E-04
 0.32078986588001E-04
 0.32391914028638E-04
 0.32665068017175E-04
 0.32894341847956E-04
 0.33075591398840E-04
 0.33204106942779E-04
 0.33274605251951E-04
 0.33281907591293E-04
 0.33220815028924E-04
 0.33085036384838E-04
 0.32869140897479E-04
 0.32566680571559E-04
 0.32171634341961E-04
 0.31677134509760E-04
 0.31076176317210E-04
 0.30362889336885E-04
 0.29530002224305E-04
 0.28570594030220E-04
 0.27477348902939E-04
 0.26244205152781E-04
 0.24865165105310E-04
 0.23333522331227E-04
 0.21642168658276E-04
 0.19787616452620E-04
 0.17763190697872E-04
 0.15565426196219E-04
 0.13190853153671E-04
 0.10636426355410E-04
 0.79008496320775E-05
 0.49831685788163E-05
 0.18839610737089E-05
-0.13939996551623E-05
-0.48473277704555E-05
-0.84712763562548E-05
-0.12258455038255E-04
-0.16200488233864E-04
-0.20285888969544E-04
-0.24502859910931E-04
-0.28836085539553E-04
-0.33269368267451E-04
-0.37783391145012E-04
-0.42357293072787E-04
-0.46969334232948E-04
-0.51594482298660E-04
-0.56206965299513E-04
-0.60779006289777E-04
-0.65280981793949E-04
-0.69684567869997E-04
-0.73959413775271E-04
-0.78073706562712E-04
-0.81997598304498E-04
-0.85701550612505E-04
-0.89153631140757E-04
-0.92329286359088E-04
-0.95198365039523E-04
-0.97738467191096E-04
-0.99926422272419E-04
-0.10174319652420E-03
-0.10317184243223E-03
-0.10419974412804E-03
-0.10481711221777E-03
-0.10501761378213E-03
-0.10479968349251E-03
-0.10416460440414E-03
-0.10311814968926E-03
-0.10166987922117E-03
-0.99831701735960E-04
-0.97620549176757E-04
-0.95056914659914E-04
-0.92161774173551E-04
-0.88960745299465E-04
-0.85479730616167E-04
-0.81749181892812E-04
-0.77797760996294E-04
-0.73657006314346E-04
-0.69358925433600E-04
-0.64934446289548E-04
-0.60415432808205E-04
-0.55832480013209E-04
-0.51215187112080E-04
-0.46592393332031E-04
-0.41991341842842E-04
-0.37437481207421E-04
-0.32953902433654E-04
-0.28563221050152E-04
-0.24282894659759E-04
-0.20131914719743E-04
-0.16124949847961E-04
-0.12274319654301E-04
-0.85912769752468E-05
-0.50842839690949E-05
-0.17601600365704E-05
 0.13765642081518E-05
 0.43228258784863E-05
 0.70765450714104E-05
 0.96391441124047E-05
 0.12010801871565E-04
 0.14195184975401E-04
 0.16194367579373E-04
 0.18015103096930E-04
 0.19661563146894E-04
 0.21139943009151E-04
 0.22457129615861E-04
 0.23620290951648E-04
 0.24636410471434E-04
 0.25513150944558E-04
-0.29541650690767E-03
 0.26880352380291E-04
 0.27386399379326E-04
 0.27784261915863E-04
 0.28080393625310E-04
 0.28283934590454E-04
 0.28401666524215E-04
 0.28439714056139E-04
 0.28405753023937E-04
 0.28305780593927E-04
 0.28145218987518E-04
 0.27931063700008E-04
 0.27667738012002E-04
 0.27361852791307E-04
 0.27017115881959E-04
 0.26637953818355E-04
 0.26229598706726E-04
 0.25795085081148E-04
 0.25338657930501E-04
 0.24863019124092E-04
 0.24372817055461E-04
 0.23869519208743E-04
 0.23356388165266E-04
 0.22834805334871E-04
 0.22308484017467E-04
 0.21778592586433E-04
 0.21247620218394E-04
 0.20716466538918E-04
 0.20187080209763E-04
 0.19660573552431E-04
 0.19137595439714E-04
 0.18620315871467E-04
 0.18108685048510E-04
 0.17603712038493E-04
 0.17107126092606E-04
 0.16617679655870E-04
 0.16137523920956E-04
 0.15665799377447E-04
 0.15203759233560E-04
 0.14751284424024E-04
 0.14308694910604E-04
 0.13876149773735E-04
 0.13454256671376E-04
 0.13042000539599E-04
 0.12640852343436E-04
 0.12249950712391E-04
 0.11868950296042E-04
 0.11498071327207E-04
 0.11137707998901E-04
 0.10787225070792E-04
 0.10446668516530E-04
 0.10116108959724E-04
 0.97950784854470E-05
 0.94835759902034E-05
 0.91815506718137E-05
 0.88886061490413E-05
 0.86042921662717E-05
 0.83289567985671E-05
 0.80624454270279E-05
 0.78039898173845E-05
 0.75535207697261E-05
 0.73115544277185E-05
 0.70768606576810E-05
 0.68498704769690E-05
 0.66297001480041E-05
 0.64176901417130E-05
 0.62116643716146E-05
 0.60125522997359E-05
 0.58204217091982E-05
 0.56337458566290E-05
 0.54539389658994E-05
 0.52799761794557E-05
 0.51116921478151E-05
 0.49490663558267E-05
 0.47914128866531E-05
 0.46394259713086E-05
 0.44924226844791E-05
 0.43504684589650E-05
 0.42125855878533E-05
 0.40797087247620E-05
 0.39512458231243E-05
 0.38270517653137E-05
 0.37070844439028E-05
 0.35909584240115E-05
 0.34793628379646E-05
 0.33709041596878E-05
 0.32410967656769E-05
 0.31876904690499E-05
 0.30778531944116E-05
 0.29262103010811E-05
 0.28676434098230E-05
 0.28412112499837E-05
 0.27215437863249E-05
 0.25797501952084E-05
 0.25306209748874E-05
 0.25020396422930E-05
 0.23668612184197E-05
 0.23194115163522E-05
 0.22494789479803E-05
 0.21815578899929E-05
 0.21165493377795E-05
 0.20530556989061E-05
 0.19918742510913E-05
 0.19326995351854E-05
 0.18756371349160E-05
 0.18201644590989E-05
 0.17665640694279E-05
 0.17142125878223E-05
 0.16642269628550E-05
 0.16153853299850E-05
 0.15686982613076E-05
 0.15234018970311E-05
 0.14792175094629E-05
 0.14359475460777E-05
 0.13948645872329E-05
 0.13549228736646E-05
 0.13165745581553E-05
 0.12789463142722E-05
 0.12425131237843E-05
 0.12074309642981E-05
 0.11728815048683E-05
 0.11403321396314E-05
 0.11080994355132E-05
 0.10771826473748E-05
 0.10471404656384E-05
 0.10177493652269E-05
 0.98974043439585E-06
 0.96277459137777E-06
 0.93605792352478E-06
 0.91059513371096E-06
 0.88549473710678E-06
 0.86148194578588E-06
 0.83808906649782E-06
 0.81535894474548E-06
 0.79350209297781E-06
 0.77201516491111E-06
 0.75118722839658E-06
 0.73136186047093E-06
 0.71179110700976E-06
 0.69284270200232E-06
 0.67459638835427E-06
 0.65688609921868E-06
 0.63989416913670E-06
 0.62284592964517E-06
 0.60677290185448E-06
 0.59078332999920E-06
 0.57566092466794E-06
 0.56050643515464E-06
 0.54649922444003E-06
 0.53241389227777E-06
 0.51864053866935E-06
 0.50578227998932E-06
 0.49282041183817E-06
 0.48039052531691E-06
 0.46822954345414E-06
 0.45636238935011E-06
 0.44491701200483E-06
 0.43367103210612E-06
 0.42277856309444E-06
 0.41248745339963E-06
 0.40252049646644E-06
 0.39255732407366E-06
 0.38262473181968E-06
 0.37359835195373E-06
 0.36434124812720E-06
 0.35554753539691E-06
 0.34673925760193E-06
 0.33873976004239E-06
 0.33065794560796E-06
 0.32262666189189E-06
 0.31494445121601E-06
 0.30776549030489E-06
 0.30014900388076E-06
 0.29321273319120E-06
 0.28596940519574E-06
 0.27965611943641E-06
 0.27279174510373E-06
 0.26663926527175E-06
 0.26047161492436E-06
 0.25459217288329E-06
 0.24886485772866E-06
 0.24310988430748E-06
 0.23743270839561E-06
 0.23226124044079E-06
 0.22695309499774E-06
 0.22173700999301E-06
 0.21666130793310E-06
 0.21178582790337E-06
 0.20739687771259E-06
 0.20240806033381E-06
 0.19820425588100E-06
 0.19356736889811E-06
 0.18968401745177E-06
 0.18541972223411E-06
 0.18144562240090E-06
 0.17742173842740E-06
 0.17355541452509E-06
 0.16984626491816E-06
 0.16616404159289E-06
 0.16250314765070E-06
 0.15923517881872E-06
 0.15591626675259E-06
 0.15242763060249E-06
 0.14916423005462E-06
 0.14596090145606E-06
 0.14289286786880E-06
 0.14013211861764E-06
 0.13740469864607E-06
 0.13421523612152E-06
 0.13142702368982E-06
 0.12881972627888E-06
 0.12633924269934E-06
 0.12362002474725E-06
 0.12124751387594E-06
 0.11903109744522E-06
 0.11620613841813E-06
 0.11428608399744E-06
 0.11174507861447E-06
 0.10978752358324E-06
 0.10730674647463E-06
 0.10533912169848E-06
 0.10327698009662E-06
 0.10127163342831E-06
 0.99216146310257E-07
 0.97211187729062E-07
 0.95796351477816E-07
 0.93432507882639E-07
 0.91667780783023E-07
 0.90353852944932E-07
 0.88459164089250E-07
 0.86847456135457E-07
 0.85294840882451E-07
 0.83558240716830E-07
 0.82067876864255E-07
 0.80290277979444E-07
 0.79246745802569E-07
 0.77574595039750E-07
 0.75753801317051E-07
 0.74851111102371E-07
 0.73247839273223E-07
 0.71934949707683E-07
 0.70683959806986E-07
 0.69232000226519E-07
 0.68287536302980E-07
 0.66965690381401E-07
 0.65958420115305E-07
 0.64796835059636E-07
 0.63573872560374E-07
 0.62558769222861E-07
 0.61491753638479E-07
 0.60249308979984E-07
 0.59149754742555E-07
 0.58033218625460E-07
 0.57505574998875E-07
 0.56545633649229E-07
 0.55585300469349E-07
 0.54246021481936E-07
 0.53476100797728E-07
 0.52664836389278E-07
 0.51773740947360E-07
 0.50913611444912E-07
 0.50208511943375E-07
 0.49179555426060E-07
 0.48664351967723E-07
 0.47773300226498E-07
 0.47001312578094E-07
 0.46151050488559E-07
 0.45534228130084E-07
 0.44482411697981E-07
 0.43881258986277E-07
 0.43410631807442E-07
 0.42941632431604E-07
 0.41863264169962E-07
 0.41276375984124E-07
 0.40825732527125E-07
 0.40313273267280E-07
 0.39258537840406E-07
 0.38859959970188E-07
 0.38249764213127E-07
 0.37931565411667E-07
 0.37163386879377E-07
 0.36544049282238E-07
 0.36088927989940E-07
 0.35481589372016E-07
 0.35195640051070E-07
 0.34566450117416E-07
 0.34029126069092E-07
 0.33591396123715E-07
 0.33316185180289E-07
 0.32743580339535E-07
 0.32346188795965E-07
 0.31427529787604E-07
 0.31315382387946E-07
 0.30881042401174E-07
 0.30049196735903E-07
 0.29954502572874E-07
