-0.18548536063921E-30
-0.18548536063921E-30
-0.18548536063921E-30
-0.18548536063921E-30
-0.18548536063921E-30
-0.18548536063921E-30
-0.18548536063921E-30
-0.18548536063921E-30
-0.18548536063921E-30
-0.18548536063921E-30
-0.18548536063921E-30
-0.18548536063921E-30
-0.18548536063921E-30
-0.18548536063921E-30
-0.18548536063921E-30
-0.18548536063921E-30
-0.18548536063921E-30
-0.42925739868851E-16
-0.37097072127841E-30
 0.13821005721904E-15
-0.18548536063921E-30
-0.20435219870550E-15
-0.52624123957589E-15
-0.32916836019348E-16
 0.19375085879871E-15
-0.52896170347793E-15
 0.24201029644052E-16
 0.19699464200622E-15
-0.91335707237693E-16
-0.20754117328024E-15
-0.77350776557813E-15
-0.82838706347751E-15
-0.18430638584748E-15
 0.77900347757030E-16
 0.51616882308151E-15
 0.42072303676173E-15
 0.91324130880890E-15
 0.14413279212089E-14
 0.26691211098345E-14
 0.52625302317994E-14
 0.77454118388680E-14
 0.12832403740614E-13
 0.19787247353495E-13
 0.29810937843507E-13
 0.42338131167439E-13
 0.61748136153661E-13
 0.87886092863209E-13
 0.12369220597648E-12
 0.16931500057876E-12
 0.23033208759595E-12
 0.30985843011195E-12
 0.41027439294953E-12
 0.53762641819554E-12
 0.69644406729745E-12
 0.89732843703107E-12
 0.11393537223576E-11
 0.14418213287280E-11
 0.18060869992992E-11
 0.22387031274504E-11
 0.27619102010532E-11
 0.33815905733274E-11
 0.41116161722856E-11
 0.49637081886985E-11
 0.59596133350719E-11
 0.71171559926547E-11
 0.84439026466313E-11
 0.99674414450022E-11
 0.11710361153531E-10
 0.13688149678966E-10
 0.15928109992995E-10
 0.18454844754730E-10
 0.21284817918092E-10
 0.24452756178018E-10
 0.27987016782419E-10
 0.31887323153287E-10
 0.36263494556678E-10
 0.41057789144743E-10
 0.46324450526374E-10
 0.52118320533265E-10
 0.58455924856003E-10
 0.65371246871963E-10
 0.72902289961398E-10
 0.81080952328524E-10
 0.89948510892269E-10
 0.99538443563977E-10
 0.10988070639887E-09
 0.12102541862345E-09
 0.13300721167109E-09
 0.14585691076250E-09
 0.15962028691649E-09
 0.17433715471509E-09
 0.19004697710366E-09
 0.20679383064057E-09
 0.22461224352437E-09
 0.24355059945464E-09
 0.26365165993490E-09
 0.28495492417406E-09
 0.30750690830404E-09
 0.33134557184142E-09
 0.35652402079054E-09
 0.38308558092944E-09
 0.41106939718603E-09
 0.44052708123464E-09
 0.47150992348395E-09
 0.50405777762104E-09
 0.53821972569967E-09
 0.57404769489103E-09
 0.61158753895645E-09
 0.65088194853689E-09
 0.69199496322647E-09
 0.73496586496141E-09
 0.77984486295397E-09
 0.82668837559659E-09
 0.87553779270203E-09
 0.92644872222652E-09
 0.97942934994753E-09
 0.10346412349150E-08
 0.10920331365350E-08
 0.11516734718459E-08
 0.12136254531602E-08
