56.881040476504715
56.92405056910458
56.995711073364745
57.09599228971215
57.22484871392913
57.382221576860836
57.56803801866863
57.782209599537715
58.02463062947972
58.29517706101313
58.593703495659305
58.92004589428169
59.27401404051986
59.65540423097347
60.0639870232376
60.49952023689361
60.961750012104275
61.450409902164424
61.965228294102054
62.505929671989286
63.07224231007231
63.663891590204905
64.28061296163754
64.92214928536494
65.58825280244186
66.27869023048628
66.99323908308139
67.73169397439503
68.49386423517147
69.27957604751926
70.08867242404087
70.9210137776729
71.77647773875357
72.65495875979074
73.55636976405448
74.48063921143066
75.42771287259195
76.39755310833388
77.39013625162472
78.40545455126407
79.44352005867582
80.50435014720912
81.58798000673735
82.69446146114974
83.82385232948354
84.97622593451436
86.15166746026102
87.35027183474129
88.57214390795389
89.81740025002227
91.08616480873181
92.37857063420998
93.69475979622976
95.0348793671787
96.39909153903251
97.78755517666026
99.20044160956867
100.6379272570573
102.10019374543916
103.5874273852582
105.09982017007151
106.63756580880747
108.20086899040197
109.78993050426655
111.40494630212238
113.04615441921888
114.7138866322605
116.40792275737569
118.12892045001676
119.87695258358004
121.65223390255714
123.45497259018705
125.28534324295067
127.14376799792443
129.0302389318603
130.94505333022937
132.88843148036364
134.86058287717438
136.86171320967023
138.89208335137855
140.95185014298963
143.0412434828793
145.16046401414462
147.30972301224952
149.48921396981876
151.6991352191492
153.93968075510577
156.21103832339097
158.5133956235124
160.84693883484437
163.21183702571943
165.60826793115123
168.03633425195656
170.4964846013565
172.98841941670852
175.5126221971051
178.06915217190104
180.65815678809335
183.27977650340893
185.9341449502099
188.62138832709465
191.34165051448267
194.09502530145863
196.881649269863
199.7016213320886
202.555043230061
205.44203647162547
208.36268091044798
211.31707192677442
214.30529525982857
217.32743674231264
220.3835749096714
223.47378479079708
226.59813751843507
229.75670047873723
232.9495374671703
236.1767088499178
239.4382717304327
242.7342801201694
246.06478511309138