3.971889227456797e-12
3.971889227456797e-12
3.971889227456797e-12
3.971889227456797e-12
3.971889227456797e-12
3.971889227456797e-12
3.971889227456797e-12
3.971889227456797e-12
3.971889227456797e-12
3.971889227456797e-12
3.971889227456797e-12
3.971889227456797e-12
3.971889227456797e-12
3.971889227456797e-12
3.971889227456797e-12
3.971889227456797e-12
3.971889227456797e-12
3.971889227456797e-12
4.468375380888897e-12
6.454319994617295e-12
1.4149855372814838e-11
4.120835073486427e-11
1.2635572604846936e-10
3.7112339969049446e-10
1.0145694545384956e-9
2.596870825526597e-9
6.218489071737048e-9
1.4051799357512e-8
3.01173465533446e-8
6.15354868286813e-8
1.2039640274882386e-7
2.2649772792495398e-7
4.1110691908484176e-7
7.221597143423563e-7
1.2310982369886864e-6
2.0416856106603735e-6
3.301176897791535e-6
5.214125883054655e-6
8.059146445900457e-6
0.00001220893832955658
0.000018153876935878684
0.000026529307899878448
0.00003814684756278054
0.00005402973303439009
0.00007545236805994273
0.00010398411533302506
0.0001415372925567561
0.00019041932086691306
0.00025338895387475214
0.0003337164378871923
0.0004352473503446663
0.000562470041258988
0.0007205862350338285
0.000915584822953458
0.0011543181390952263
0.0014445809331548299
0.0017951912517643518
0.0022160733099750476
0.002718341789641337
0.003314387426931093
0.004017963495993437
0.004844273027177797
0.005810056399355287
0.006933679111471579
0.008235219532006156
0.009736556390258746
0.01146145583594106
0.01343565795015133
0.015686962493497856
0.018245313900804843
0.02114288527639159
0.02441416148698809
0.028096021147486532
0.032227817651453425
0.03685145904507724
0.042011486891759674
0.04775515416831072
0.05413250212373588
0.06119643629076977
0.06900280165735513
0.07761045715024034
0.08708134944509338
0.09748058640673365
0.10887651006688696
0.12134076947682597
0.13494839352922847
0.14977786392203077
0.16591118843705324
0.18343397478164128
0.20243550517751766
0.22300881189171776
0.2452507540300886
0.2692620957480082
0.2951475861958268
0.32301604152869845
0.35298042913347033
0.38515795454876256
0.4196701513187836
0.4566429741289195
0.4962068956741546
0.5384970075731091
0.583653125781483
0.6318199009835176
0.6831469344259393
0.7377888996595913
0.7959056707820551
0.8576624577755564
0.923229949501679
0.9927844649886406
1.0665081138062489
1.1445889660883302
1.2272212331412355
1.3146054592396679
1.4069487255546471
1.5044648669960705
1.6073747027580458
1.7159062814494939
1.830295141487485
1.9507845875496646
2.077625983593679