0.0005128304715211289
0.0009116243912610855
0.0015373300789611538
0.0024782294796088862
0.003842742939915166
0.0057609383200547615
0.008385892634869467
0.011894961016000969
0.016491003817262068
0.022403609952546852
0.029890337557508084
0.03923797179490149
0.05076377631818826
0.06481669304894307
0.08177842368070996
0.10206431017795668
0.12612392111654033
0.15444124727206926
0.187534415671806
0.22595484515500588
0.2702857890785673
0.32114023995605506
0.37915820438446823
0.4450033919875164
0.5193593955412671
0.6029254672788092
0.6964120158026699
0.8005359560993912
0.9160160405856058
1.043568281979597
1.183901550262008
1.3377133890859094
1.5056860555998064
1.6884827456712321
1.8867439309083516
2.101083707696031
2.332086050482073
2.5803008760119477
2.84623986782712
3.130372085474442
3.4331194864854115
3.7548526126629294
4.095886812270249
4.456479455369974
4.836828614761998
5.237073603262582
5.657297578199961
6.097532174999713
6.55776387187324
7.037941580106028
7.537984846713039
8.05779206098954
8.597248154097558
9.156231431380895
9.734619338463585
10.33229310334764
10.949141301164767
11.585062453659459
12.239966807149846
12.91377743961995
13.606430838967178
14.317877077397927
15.04807968682855
15.79701532020521
16.564673265433022
17.35105486326999
18.156172867638478
18.98005077687563
19.8227221563578
20.68422996700863
21.564625909639325
22.463969791585324
23.382328919815077
24.319777522692316
25.276396201466504
26.25227141165405
27.24749497375866
28.26216361260492
29.296378524112306
30.350244968373257
31.423871887732957
32.51737154860844
33.63085920586433
34.76445278854259
35.91827260584227
37.09244107234434
38.28708245154435
39.50232261679518
40.73828882891256
41.995109529693366
43.27291415072497
44.571832936877264
45.891996783962526
47.23353709009341
48.59658562026783
49.98127438386141
51.38773552460921
52.816101222805045
54.266503609412744
55.73907469183004
57.23394629106606
58.75124999013012
60.29111709340909
61.8536785968632