0.0004579146308525117
0.0008190859237685013
0.0013889543499674547
0.002250175225888086
0.0035047005191241316
0.005275289956535733
0.007706868421488928
0.010967780151731539
0.015250989141628991
0.020775265058175403
0.027786379132156213
0.03655831563140462
0.047394483217259635
0.060628889211026105
0.07662721986033884
0.09578775286842464
0.11854201693040448
0.1453551078781749
0.17672557326698854
0.21318478854953912
0.25529576546897775
0.30365135945444777
0.3588718724047183
0.4216020799497857
0.49250774438062345
0.5722717024867419
0.6615896390629038
0.7611656685009792
0.871707847967
0.9939237343937396
1.1285160757766446
1.2761786963206738
1.4375925981529099
1.6134222632276956
1.804312102876078
2.0108829727187723
2.2337286542362325
2.473412205215487
2.7304621058784018
3.005368179578789
3.2985773475548563
3.6104893819640584
3.94145293681838
4.29176223850135
4.66165487590097
5.051311113781161
5.460855045192153
5.89035770693736
6.339842043687954
6.809289376252747
7.298646863370999
7.807835377503175
8.336757246083756
8.885303416211768
9.45335974492839
10.040812263142891
10.647551383791171
11.27347511309468
11.918491376904115
12.582519598156841
13.26549166499472
13.967352419203094
14.688059778627387
15.427584588560286
16.185910278845803
16.96303238725009
17.758957995524046
18.573705113299237
19.407302035697644
20.259786693471344
21.1312060090085
22.02161526733614
22.931077508297978
23.85966294366331
24.807448401361
25.77451679795503
26.760956639377508
27.76686154971764
28.79232982724705
29.837464026739635
30.902370567005224
31.98715936251385
33.0919434778945
34.216838804296934
35.36196375641032
36.527438989228514
37.71338713355072
38.91993254939522
40.147201096450736
41.39531992091046
42.66441725795821
43.95462224930877
45.266064775287326
46.59887530091579
47.953184735532844
49.329124305624305
50.72682544038336
52.14641966976407
53.58803853466105
55.05181350896317
56.53787593324443
58.04635695982431
59.577387509009604
61.13109823633154