0.00048568749630939923
0.0008659570798881383
0.0014642085399937858
0.00236597966804683
0.003676539046403376
0.005522396174789278
0.008052660632299669
0.01144030363915747
0.015883371567797244
0.02160619073813463
0.028860586062441147
0.03792711613992234
0.04911630554937635
0.062769832732159
0.07926161184035288
0.09899869021157615
0.12242187190072956
0.15000597389850262
0.18225962524848335
0.21972453195249034
0.2629741509191104
0.31261174336511643
0.3692678102764403
0.4335969462600699
0.5062741810993145
0.5879909064052738
0.6794505051819152
0.7813638121189131
0.8944445307158877
1.0194047189826743
1.156950430505379
1.307777563496565
1.4725679310927013
1.6519855258144391
1.8466729145300094
2.0572476725406124
2.2842987527387018
2.528382692988982
2.7900195989601424
3.0696889023730622
3.3678249876913573
3.684812894839349
4.020984424754869
4.3766150701457445
4.751922232538515
5.147065138245915
5.562146721311091
5.997217518474368
6.452281368282198
6.9273024841293145
7.4222133322640715
7.936922713736507
8.471323515837696
9.02529972965833
9.598732485898074
10.191505005939177
10.80350647984807
11.43463495934071
12.084799395886305
12.753920968967519
13.441933846220493
14.148785503381717
14.874436713440156
15.618861294962231
16.38204569115012
17.163988435347235
17.96469954529259
18.78419987762911
19.622520465783598
20.479701857615126
21.355793464371118
22.250852928686047
23.164945516635754
24.098143536840706
25.050525788142032
26.022177036405772
27.013187520311888
28.02365248544493
29.053671745822072
30.103349271734107
31.172792802706216
32.26211348438375
33.3714255281721
34.500845892428906
35.65049398415523
36.82049138016255
38.01096156675481
39.22202969705874
40.45382236522544
41.706467396720754
42.98009365414821
44.274830857870874
45.590809421017426
46.92816029831543
48.2870148483241
49.66750470867268
51.069761683958454
52.4939176459446
53.94010444581245
55.408453838147764
56.899097416452825
58.412166559948254
59.94779239145555
61.50610574617807