7.943778454913594e-12
7.943778454913594e-12
7.943778454913594e-12
7.943778454913594e-12
7.943778454913594e-12
7.943778454913594e-12
1.1170938452222241e-11
1.0153141837686437e-10
1.3573931434833603e-9
1.1744379959436316e-8
7.050426094735545e-8
3.2020551749603533e-7
1.1712705384062732e-6
3.610122605813884e-6
9.693844607212554e-6
0.000023253465076916552
0.0000508017066687437
0.00010261677893722537
0.0001939567256282645
0.0003463505673309127
0.0005889134604056042
0.0009596389322778352
0.0015066297639519184
0.002289258279765135
0.0033792102977757378
0.004861451346803373
0.006835092939565597
0.009414180929387547
0.012728418927515705
0.016923842847824184
0.022163461372835556
0.02862787537344541
0.036515885236478376
0.046045091240445056
0.05745248674416536
0.07099503897378838
0.08695024706602981
0.1056166622727101
0.12731435120964238
0.1523852797934709
0.18119359376925645
0.214125770943557
0.2515906210132643
0.2940191112751327
0.34186399968490266
0.39559926136689005
0.45571929994759297
0.5227379406542176
0.5971872078490945
0.6796158947434305
0.7705879375619226
0.8706806093355637
0.980482550241652
1.100591651241697
1.2316128055749451
1.3741555391907057
1.5288315258941114
1.6962519869338573
1.8770249687352325
2.0717524874996447
2.281027527050412
2.5054308782110923
2.745527816358253
3.0018646293302043
3.274965033039136
3.5653265446626032
3.8734169225992443
4.199670822326965
4.544486850946828
4.908225221779232
5.291206205256246
5.6937095382149145
6.115974891481467
6.558203411921685
7.02056026415919
7.503178013870908
8.006160633510083
8.529587880752878
9.073519801157863
9.638001134377726
10.223065448335799
10.828738878395102
11.455043399899523
12.101999606516056
12.769629001295215
13.45795583109652
14.16700850944384
14.896820679848162
15.647431972987347
16.418888508809385
17.211243190245675
18.024555829583246
18.858893142903998
19.7143286422628
20.590942450217014
21.488821056825333
22.408057035319334
23.34874872941787
24.31099992249736
25.294919496735563
26.300621088468144
27.3282227445614
28.377846583546713
29.44961846428938
30.543667664272164
31.66012656904756
32.79913037396355
33.96081679891506
35.145325816706205
36.35279939529677
37.58338125415488
38.837216634805124
40.1144520855706
41.41523526043415
42.73971473199022
44.08803981827904
45.46036042345701
46.85682689208274
48.2775898768925
49.72280021991322