1.9859446137283985e-12
1.9859446137283985e-12
1.9859446137283985e-12
1.9859446137283985e-12
1.9859446137283985e-12
1.9859446137283985e-12
1.9859446137283985e-12
1.9859446137283985e-12
1.9859446137283985e-12
1.9859446137283985e-12
1.9859446137283985e-12
1.9859446137283985e-12
1.9859446137283985e-12
1.9859446137283985e-12
1.9859446137283985e-12
1.9859446137283985e-12
1.9859446137283985e-12
1.9859446137283985e-12
1.9859446137283985e-12
2.1100661520864233e-12
2.482430767160498e-12
1.9859446137283985e-12
1.1543303067296316e-11
3.14027492045803e-11
8.415440300674088e-11
2.267700505801115e-10
5.841159595128652e-10
1.430873094191311e-9
3.30932845570166e-9
7.2823347770036795e-9
1.5256771251891705e-8
3.061594277292878e-8
5.904833944306319e-8
1.0981330390226522e-7
1.9755419875986124e-7
3.4470413025098884e-7
5.847991244599878e-7
9.667287935230087e-7
1.5601804304219343e-6
2.4625829884478196e-6
3.807500676110815e-6
5.774933555365421e-6
8.603580004871031e-6
0.000012605272054902974
0.000018181846110967667
0.00002584442858606808
0.00003623548025828072
0.000050153493602093524
0.00006858065923106276
0.00009271333872845222
0.00012399554680456997
0.00016415535279268716
0.00021524417529389449
0.0002796790453126701
0.00036028753428187584
0.00046035554532340066
0.0005836775946351061
0.000734609641092955
0.0009181242644808879
0.0011398679782387959
0.001406220599400869
0.0017243565667456118
0.0021023078362823674
0.0025490284103014084
0.0030744602490138436
0.0036896003022642864
0.004406568774266886
0.005238679055169496
0.0062005040477560065
0.0073079518424864565
0.008578333435601812
0.010030435038236196
0.011684589891773659
0.013562750294335657
0.01568855990418371
0.01808742606459506
0.02078659227321583
0.02381521065997855
0.027204414455586433
0.030987390528512772
0.03519945181053917
0.03987810979440841
0.0450631469445922
0.05079668917595347
0.05712327832458895
0.06408994462251953
0.07174627927838044
0.08014450706444162
0.08933955908608672
0.09938914557909534
0.11035382888218492
0.12229709650587091
0.13528543441196114
0.14938840035337342
0.16467869741329205
0.18123224769016752
0.19912826603472275
0.21844933394782115
0.2392814735281071
0.2617142214480707
0.2858407029244025
0.3117577057065942
0.3395657539314885
0.36936918184390105
0.4012762074500933
0.4353990058338828
0.47185378233957104
0.5107608454113027
0.552244680595196
0.5964340169276092
0.6434619082937056
0.6934657977031723
0.7465875912698833
0.8029737288912969
0.8627752551084483
0.9261478899265966
0.9932520987378521
1.0642531638449717
1.1393212554943777
1.2186315020191003