0.01883501832695485
0.019608330463302303
0.020406220035042916
0.021229241658170177
0.02207795774090364
0.022952938473262692
0.02385476199649248
0.02478401438680397
0.02574128980307859
0.02672719049803916
0.02774232694820514
0.02878731790056234
0.029862790454234886
0.03096938014699793
0.03210773103049531
0.03327849574756725
0.03448233564979348
0.03571992080009979
0.03699193014280449
0.038299051557363115
0.03964198191447128
0.04102142719596615
0.04243810257116115
0.04389273249254367
0.045386050748154376
0.046918800603209875
0.048491734837711534
0.05010561587838668
0.051761215842379395
0.053459316653924734
0.05520071013979821
0.05698619809572081
0.0588165923768436
0.060692715004616364
0.0626153982346821
0.06458548465902901
0.0666038272990817
0.06867128963127019
0.07078874577792882
0.07295708050382092
0.0751771893381502
0.0774499786433241
0.07977636572132604
0.0821572788693217
0.0845936574634412
0.08708645205596624
0.08963662441976553
0.09224514766062487
0.0949130062601932
0.09764119617068723
0.10043072486975332
0.10328261142426583
0.10619788658565248
0.10917759281558755
0.11222278437337341
0.11533452736943693
0.11851389980293825
0.12176199165411729
0.12507990488615547
0.12846875353851525
0.13192966374245516
0.13546377375913515
0.1390722340396916
0.1427562072567639
0.1465168683074736
0.15035540436630004
0.15427301490655343
0.1582709117153936
0.16235031889234047
0.1665124728837799
0.1707586224870596
0.17509002882454788
0.17950796537863575
0.1840137179648027
0.18860858470641995
0.1932938760325163
0.19807091466722768
0.2029410355672401
0.20790558592092068
0.21296592509022866
0.21812342457496867
0.2233794679385658
0.2287354507929229
0.2341927807043364
0.23975287713131152
0.24541717133755286
0.2511871063552247
0.2570641368371219
0.26304972899299606
0.2691453604964638
0.27535252035145236
0.2816727087937711
0.2881074371540813
0.2946582277526412
0.3013266137389408
0.308114138944618
0.31502235774382165
0.3220528348909852
0.32920714534842116
0.33648687410957256
0.3438936160069969
0.3514289755421952
0.35909456664978134
0.3668920125213535
0.3748229453578719
0.382889006150708
0.3910918444650527
0.39943311816101523
0.4079144931394223
0.4165376431083451
0.42530424927105837
0.43421600004515276
0.44327459079083315
0.45248172347690746
0.4618391063596844
0.47134845366062944
0.4810114852613986
0.49082992626444805
0.5008055067048239
0.5109399611449053
0.52123502826952
0.5316924505068774
0.5423139735879369
0.5531013461171954
0.5640563191390072
0.5751806456707623
0.5864760802042907
0.5979443782459916
0.6095872957834835
0.6214065887551088
0.6334040125432694
0.6455813213448823
0.6579402676591303
0.6704826016489803
0.6832100705218176
0.6961244179078444
0.7092273831885826
0.722520700799187
0.736006099551734
0.7496853019073735
0.7635600232005689
0.7776319708778598
0.7919028437343908
0.8063743310328958
0.821048111726078
0.8359258535237111
0.8510092120446416
0.8662998298783062
0.881799335651461
0.897509343037568
0.9134314498036662
0.9295672367521106
0.9459182666999216
0.962486083427847
0.979272210568358
0.9962781505197094
1.0135053833182954
1.0309553654834507
1.0486295288662233
1.0665292794911958
1.0846559963312825
1.1030110301608458
1.1215957023012
1.1404113034635506
1.1594590924992136
1.1787402952333714
1.1982561032104497
1.2180076725826114
1.2379961228735052
1.2582225358620402
1.2786879544248289
1.2993933814473928
1.3203397787804254
1.3415280661693663
1.3629591203002804
1.3846337738574024
1.4065528146434874
1.428716984770787
1.4511269798826831
1.4737834485166963
1.4966869914280225
1.5198381611297889
1.543237461394703
1.5668853469410282
1.590782223127863
1.6149284457906816
1.6393243212040964
1.663970106042512
1.688866007541607
1.7140121837047488
1.7394087436358865
1.7650557479492768
1.7909532093012208
1.8171010929959004
1.8434993177091323
1.8701477562901918
1.8970462366405942
1.924194542717865
1.9515924155676114
1.979239554454889
2.0071356180768705
2.0352802258134925
2.0636729590582887
2.0923133625695765
2.121200945912995
2.1503351848789776
2.1797155230062146
2.2093413730645386
2.239212118594274
2.269327115445722
2.29968569332658
2.3302871573497383
2.361130789575367
2.3922158505577173
2.423541580828623
2.4551072024317664
2.486911920378872
2.518954924097585
2.55123538884025
2.5837524770846234
2.6165053398406237
2.6494931179729715
2.6827149434646236
2.7161699406240998
2.7498572272568227
2.783775915787917
2.8179251143608104
2.8523039278314495
2.886911458774053
2.9217468084341185
2.9568090775724505
2.992097367352626
3.0276107801089376
3.063348420104278
3.0993093942349024
3.1354928127098702
3.171897789645338
3.208523443659599
3.245368898418846
3.2824332831176437
3.319715732973556
3.3572153896217256
3.3949314015460743
3.43286292440872
3.471009121411668
3.509369163576953
3.547942230021567
3.5867275082196075
3.6257241942093077
3.664931492792255
3.704348617710883
3.7439747917999004
3.783809247115502
3.8238512250517935
3.8640999764336357
3.904554761598067
3.945214850456861
3.9860795225374885
4.02714806702544
4.068419782784334
4.109893978361133
4.151569971988249
4.193447091566544
4.235524674656512
4.277802068433101
4.320278629655432
4.362953724627195
4.405826729130375
4.448897028372747
4.4921640169315245
4.535627098682113
4.579285686704275
4.6231392032384395
4.667187079572129
4.711428755981873
4.755863681615044
4.8004913144322625
4.8453111210863815
4.890322576846647
4.935525165481651
4.980918379197644
5.026501718483257
5.072274692069291
5.118236816780758
5.164387617456205
5.210726626850527
5.257253385512211
5.303967441699553
5.350868351269196
5.397955677571002
5.445228991353965
5.492687870660462
5.540331900723725
5.588160673867804
5.636173789408512
5.684370853550907
5.732751479299918
5.781315286345789
5.830061900988851
5.878990956020872
5.928102090653307
5.977394950404228
6.0268691870168976
6.076524458363328
6.126360428360375
6.176376766866839
6.226573149615079
6.276949258104385
6.327504779537062
6.378239406704731
6.429152837933717
6.480244776992577
6.53151493299777
6.5829630203668605
6.63458875870197
6.686391872739259
6.738372092269988
6.79052915204742
6.842862791737182
6.895372755839924
6.948058793597001
7.000920658958315
7.053958110488483
7.107170911295467
7.160558828997061
7.214121635603224
7.267859108132591
7.3217710260400555
7.375857174841861
7.43011734362138
7.484551325578229
7.539158917967322
7.593939922041155
7.648894142991968
7.704021389894892
7.759321475657189
7.814794216967854
7.870439434228981
7.926256951527704
7.982246596570792
8.038408200628046
8.09474159849817
8.151246628468419
8.207923132227858
8.26477095486784
8.321789944807914
8.378979953765171
8.436340836701355
8.493872451776332
8.551574660325242
8.609447326793342
8.667490318711295
8.72570350665646
8.784086764192926
8.842639967855634
8.901362997103954
8.960255734282455
9.019318064588896
9.078549876031515
9.137951059406692
9.197521508238877
9.257261118784555
9.317169789958403
9.377247423327818
9.437493923084132
9.497909195974584
9.558493151311387
9.619245700922447
9.680166759129767
9.7412562427039
9.802514070850412
9.86394016518258
9.925534449677578
9.987296850663558
10.049227296783547
10.111325718982405
10.17359205045767
10.236026226660057
10.298628185250893
10.361397866077528
10.424335211156336
10.487440164645909
10.55071267282731
10.614152684069456
10.677760148818065
10.741535019566237
10.805477250834477
10.869586799157902
10.933863623041443
10.998307682964306
11.062918941344348
11.12769736252915
11.192642912755293
11.257755560155815
11.323035274721352
11.38848202828476
11.454095794509927
11.519876548861749
11.585824268604016
11.651938932759071
11.718220522114388
11.784669019183601
11.851284408211841
11.91806667513502
11.985015807576232
12.052131794836203
12.119414627859397
12.186864299234765
12.25448080317216
12.32226413548509
12.390214293582517
12.45833127644627
12.526615084622733
12.595065720207824
12.663683186822166
12.732467489617548
12.801418635245271
12.870536631846592
12.939821489041549
13.009273217923134
13.07889183102402
13.14867734232886
13.218629767238156
13.28874912257261
13.359035426547681
13.429488698780403
13.500108960253526
13.57089623332332
13.641850541693525
13.712971910414476
13.784260365867087
13.85571593575181
13.927338649072002
13.999128536141246
14.07108562854934
14.143209959164414
14.21550156212436
14.287960472818583
14.360586727882303
14.433380365186988
14.506341423827818
14.57946994411798
14.652765967570915
14.726229536900817
14.799860696005128
14.873659489959827
14.947625965009248
15.021760168549449
15.096062149137147
15.170531956459685
15.245169641343342
15.3199752557305
15.394948852683488
15.470090486366342
15.545400212040697
15.620878086061333
15.696524165857923
15.772338509937384
15.848321177867755
15.924472230276077
16.0007917288335
16.07727973625951
16.153936316296715
16.23076153372304
16.30775545432823
16.384918144913133
16.462249673284724
16.539750108243325
16.61741951957379
16.69525797805183
16.77326555541808
16.851442324384312
16.92978835862484
17.008303732761785
17.086988522370145
17.165842803957446
17.244866654969936
17.324060153779698
17.403423379676315
17.48295641286588
17.56265933445959
17.642532226470248
17.722575171804593
17.802788254254835
17.88317155850216
17.963725170097323
18.044449175463807
18.12534366188623
18.206408717512726
18.28764443133584
18.369050893199077
18.450628193786383
18.53237642461418
18.614295678026412
18.69638604719578
18.778647626105993
18.86108050955736
18.943684793152883
19.026460573300366
19.109407947200506
19.192527012845517
19.27581786901442
19.359280615261508
19.442915351917197
19.526722180081578
19.61070120162108
19.694852519152434
19.779176236057715
19.863672456461114
19.94834128522982
20.03318282797363
20.118197191032063
20.203384481476206
20.288744807100276
20.374278276420007
20.459984998660126
20.545865083758677
20.63191864236256
20.71814578581277
20.804546626147737
20.89112127609452
20.97786984907277
21.064792459180968
21.1518892211933
21.239160250557575
21.326605663393213
21.41422557647686
21.502020107250452
21.58998937381092
21.67813349490273
21.766452589920377