3.7174470669745463
3.7483653861874147
3.7998462738393863
3.871813585975683
3.964156686877984
4.0767248905772355
4.209321247110987
4.361700169737494
4.533571164111859
4.7246079083674974
4.934460261835637
5.162706806546321
5.409159496687586
5.673285028219184
5.9548016604572815
6.253370617879068
6.568696665995561
6.900490471949513
7.248488664537483
7.61244920560832
7.9921513062826195
8.38739455324805
8.79799657502644
9.223794687262119
9.664639805415526
10.120400216845557
10.590957334293746
11.076207078094015
11.576055300360666
12.090420830474542
12.619232788957524
13.162429308949052
13.719958587622568
14.291777277359854
14.877850668172961
15.478151883190346
16.092661869573163
16.721368900695552
17.364268859672357
18.02136429393506
18.692665012857987
19.378187418241026
20.077954960837094
20.791996941152124
21.520349128385448
22.263055879729336
23.020163831412592
23.7917286981483
24.577811414982985
25.37847824877688
26.193801703035167
27.023858639119855
27.868737524728648
28.728521641525433
29.60331605415951
30.493192275060338
31.39828136593607
32.3186828413917
33.25450936191921
34.205878878995286
35.17291198834585
36.15573371441626
37.154471360632634
38.16926479130484
39.20024285946441
40.24756608740847
41.31131722475381
42.39170114987023
43.488845671097025
44.60289925404815
45.73401654845354
46.88234981023192
48.04805536825645
49.2312916985825
50.43221667089712
51.650990530438776
52.88777949154198
54.142742189208654
55.416042669865895
56.70784512014512
58.01831457665956
59.34761610537236
60.69591497720469
62.06337652359543
63.45016599660289
64.85644843370171
66.28238852736376
67.72815049960403
69.19389798160682
70.67979389854123
72.18600035969754
73.71267855406056
75.25998865142459
76.8280897091469
78.41713958465228
80.02729485376923
81.65871073497989
83.31154101969712
84.98593800858269
86.68205245404025
88.40003350889396
90.14002868132926
91.90218379616134
93.68664296239737
95.49354854724696
97.32304115649822
99.17525962133449
101.05034099160517
102.94842053553184
104.86963174589319
106.81410635265517
108.78197434204476
110.77336398206585
112.78840185443156
114.82721289289039
116.88992042793554
118.97664623784785
121.08751060606282
123.22263238481783
125.38212906504276