3.2716427563444546
3.30242315960647
3.3333615812512605
3.3644570469590085
3.395709788854367
3.4271199829899603
3.4586865690409154
3.4904114910672814
3.522292182612725
3.5543294281806044
3.5865236062088
3.618872579999644
3.6513804080113017
3.684043321962649
3.716861955995962
3.749836645147794
3.78296696573101
3.8162517633834048
3.8496943611250325
3.883291482186875
3.917042019036418
3.950950762465785
3.9850131374619404
4.01923100789733
4.053603400380689
4.0881306519549945
4.122810398714625
4.157648692217844
4.1926392916834745
4.227784965508503
4.263084098863773
4.298538100450918
4.334145724493464
4.369908011169741
4.405823434542221
4.441893450040821
4.478116766187762
4.514493793023884
4.551024548761538
4.587708719063801
4.624546160018448
4.66153690221064
4.69868145847061
4.735978923958297
4.773429236457533
4.811036713707318
4.848789981297879
4.886699503087479
4.924762080434286
4.962976751949712
5.001344926394101
5.039864311836438
5.078537385739402
5.117364905951993
5.156343166045827
5.19547393453487
5.234756857685024
5.274191968816842
5.313779518365138
5.353519394238355
5.393411635297213
5.433455812385408
5.473651363517604
5.513999653609082
5.5544992603847705
5.595151900411163
5.635955566306367
5.676911194210045
5.718018296549705
5.759277233534866
5.800687997475452
5.842250520872436
5.883964560903745
5.925829907051932
5.967846220023816
6.010015466881653
6.052335436303296
6.0948068827731845
6.137429649662225
6.180203182051444
6.223128599282277
6.266205373899008
6.309432960022931
6.352813213417878
6.396340371180155
6.440023811467373
6.483856396188503
6.527839784166465
6.571975110360786
6.616260242781605
6.66067018000999
6.705285129743734
6.750023482581009
6.794913377749617
6.83995307278101
6.88514559084814
6.930486119025405
6.975871351154529
7.021625337255804
7.067420234249803
7.1133657744297745
7.159462693762837
7.205709650075135
7.2521077201736395
7.29865696542975
7.345356786418727
7.392201477570353
7.439201248604662
7.486359568124232
7.533662380048383
7.58111560430225
7.628717539248555
7.676473884977924
7.724378780114218
7.772434842945435
7.820641515284976
7.868998713421428
7.917506259205132
7.966164517502399
8.014973763662587
8.063933771386685
8.11304368507837
8.162304910093455
8.211701917514288
8.261278745387623
8.310990475388936
8.360855031821702
8.41086713337665
8.461033605154968
8.5113488412399
8.561815080155073
8.612431581656265
8.663198595414444
8.714114831545677
8.765185348066451
8.81640425989664
8.867774541956821
8.919294532455462
8.970966293816648
9.022788059906693
9.07476022540044
9.126883955427884
9.179157921166054
9.231582483307298
9.28415809313333
9.33688417124679
9.389760853777112
9.442788831963716
9.495967941022478
9.549295382371668
9.602777206624113
9.656408666220464
9.710190832535641
9.764122472842308
9.818206544143976
9.872435734748025
9.926826956065977
9.981363351240331
10.036050639911474
10.090857498379487
10.145878626671202
10.201019456842355
10.256310494196017
10.311752461161738
10.367346126896866
10.423091365388867
10.478987657364737
10.535034186381667
10.591232078861609
10.647581639638371
10.704082231992295
10.760734607267793
10.817537793220605
10.87447547350579
10.931598157214482
10.98883212209869
11.046263233702813
11.103823917531809
11.161535957460309
11.219398627352609
11.27741268432043
11.33557995742025
11.393895183150144
11.452367348926042
11.510988201775913
11.569753954404325
11.628685553095025
11.687762287762467
11.746990074142191
11.80637002606799
11.865901963510508
11.925585825575967
11.985421279123772
12.045409147832517
12.105549097514647
12.16584065571654
12.226284998565735
12.286881099180047
12.347629248696473
12.408529936016842
12.46958290191072
12.530788045932
12.59214565011635
12.653655653624229
12.715318132038705
12.777132945980227
12.839100750484079
12.901219275888382
12.963493908236789
13.0259190638041
13.088496790940388
13.151228951556106
13.214112458760018
13.277149396842576
13.340339657234171
13.403680778238169
13.4672323300943
13.530828172973761
13.594663002905442
13.658737426250235
13.72269419137163
13.786955692828217
13.851371343320121
13.915940285683112
13.980662980184677
14.045538491218258
14.110568622999022
14.175751698570512
14.241088875816015
14.306579244408804
14.372223724318856
14.438022867278944
14.50397588340554
14.570080600320006
14.636343257730857
14.70275811824907
14.76932791161621
14.83605097211739
14.90292739682781
14.969961499356828
15.03714669979554
15.10448985036483
15.17198629084421
15.239636616580652
15.30744238915108
15.375401170690562
15.443518574994725
15.511787692206356
15.58021404472865
15.648795116947571
15.717530581263926
15.786422033874368
15.855468689502143
15.924670831410596
15.994028359636088
16.063541492822804
16.13320917522658
16.20303095559276
16.273015134135154
16.343124706612606
16.41344339824315
16.48389236891425
16.554496023970767
16.625256088653302
16.69617476867854
16.767246195969772
16.83846471354564
16.909864452740354
16.981408152743604
17.053106692092054
17.124960492118742
17.19697806373056
17.269148545319048
17.341476268643596
17.413961944414833
17.486603321209294
17.559402212828804
17.63236089938043
17.70547334447841
17.77874741951922
17.85217732685643
17.92576507141942
17.999509966766304
18.073414682197175
18.14747622429734
18.221696380891718
18.296073617028696
18.37061090084251
18.445306947521953
18.520160366135613
18.595172682053917
18.670344182313503
18.745674022334207
18.82116137171625
18.89681169901022
18.9726190752198
19.04858577449746
19.1247122309702
19.200998057559907
19.277443004741826
19.354048181326434
19.430813560044097
19.50773736270744
19.584822757540703
19.662068137630083
19.739473136307765
19.817038740306472
19.894764280874746
19.972651387855237
20.05069909816472
20.12890751993491
20.207276938225927
20.285806060702946
20.364498520815467
20.44335125358231
20.522365386865363
20.601540989828372
20.680878153335257
20.76037582050204
20.84002654573862
20.919860218929404
20.999845963987514
21.079992406271074
21.160302626181508
21.24077470639268
21.321409342793988
21.402205137395974
21.48316014562485
21.56428920060955
21.645575906839536
21.7270235532717