4.057743391949524
4.089472815285555
4.121363611211319
4.1534155642629935
4.185628512850226
4.218002308510497
4.250536578137691
4.283231228727291
4.316086585695064
4.349101765476006
4.382277034893692
4.415612179442518
4.449106685134079
4.482760932846734
4.516574783017728
4.550547551772636
4.584679567027902
4.618970239110895
4.6534187014430115
4.688027639023979
4.722794324353988
4.757719261303059
4.792802257110939
4.828045187376084
4.863442101689107
4.898999299595161
4.934713821864738
4.970585800766345
5.006615290652551
5.042801918435363
5.079145864729245
5.115646579718603
5.152304819648415
5.189119102644296
5.22609064585831
5.263218735037783
5.300503278930047
5.337944072942096
5.3755411493457785
5.413294256739496
5.451203741176582
5.489268875751533
5.527489880084006
5.565866290512659
5.604399241584562
5.6430869316362395
5.6819307906093774
5.720929805263738
5.7600838435408335
5.799393221112888
5.838857757852493
5.878477270314839
5.918251683666805
5.95818109994374
5.998265074437662
6.038503963571634
6.078897317658537
6.119445346748505
6.160147774216706
6.201004103323159
6.242015598843749
6.283179277579858
6.324500235686552
6.365973642050078
6.407601980679535
6.449383539280318
6.491319204431973
6.533408443842758
6.575650697521471
6.618048322922765
6.660599176772018
6.703303567852712
6.74616107744394
6.789172313029154
6.832336901007365
6.875654944723656
6.919126486467722
6.962750790592682
7.00652821588723
7.050459604968926
7.0945436765422984
7.138781001497166
7.183162980126237
7.22771418862543
7.272410331141969
7.3172588673273085
7.362260425501433
7.407415769604732
7.452723176767572
7.498183364757875
7.543796237620133
7.589561546592691
7.635479940869051
7.681550432477391
7.727773722791288
7.774149378142375
7.820677311313921
7.867357824572407
7.914191138884829
7.961176602729661
8.008314461460431
8.055604282956937
8.103045917806515
8.150641574660959
8.19838652364476
8.246286213530235
8.29433888233618
8.342542651724163
8.390896323729688
8.43940598928771
8.48806590957039
8.536878042017207
8.585841551063439
8.634957670186113
8.684226188412374
8.733646241210883
8.783218666275419
8.832941855552372
8.88281867797072
8.932846686668212
8.983026294010978
9.033358587296746
9.083842527099108
9.134476798689839
9.18526592432709
9.236205187649464
9.287296960935446
9.338540411808374
9.389935571087378
9.441482374958223
9.493181516112434
9.54503227633314
9.597034774753313
9.649189263173476
9.701495262121433
9.753947567918738
9.806563854903851
9.85932533615678
9.912247412730881
9.965304835270604
10.018522104784374
10.071891022052354
10.125412466843787
10.179085285926224
10.232909635520024
10.286886687138136
10.341015181070818
10.395295077922638
10.449727110025693
10.504311383618585
10.559047588542567
10.613933868007445
10.668975574688275
10.72416754957659
10.779511367517902
10.835006577092724
10.890654769635871
10.946454605689638
11.00240568374803
11.05850947115043
11.114764301134977
11.171171250105004
11.227732565145422
11.284444366529476
11.341307863166076
11.39832396833157
11.455492252176064
11.5128048341336
11.570285060443524
11.6279092647733
11.685685438766992
11.743615256129818
11.801696805812846
11.85993022870432
11.918316149474807
11.976780860392326
12.035536282233425
12.094388341276504
12.153383210488695
12.21253077199953
12.271830913332554
12.331282456089424
12.390888449722105
12.45064685243551
12.510556645263055
12.570617975780783
12.630835380182093
12.691203910508573
12.751724617720129
12.812398334976873
12.873225169560898
12.934204336037444
12.995336427948756
13.056621382341627
13.118059197727595
13.179650458225597
13.24138950135135
13.303284751879964
13.365339040496462
13.427543557737959
13.489900281097386
13.552408510894928
13.615071883968492
13.677888289913444
13.740857215989418
13.803979702098086
13.867256195671029
13.930684467834942
13.994268193939172
14.057998723431405
14.121893486258767
14.18593859941962
14.250136525083628
14.314486682710028
14.378992290891576
14.443651664353938
14.508462358550842
14.573428047921453
14.638551331705452
14.703826281957591
14.769255123398809
14.834838184242201
14.900575087759783
14.966466744745972
15.032512190730488
15.098712304994033
15.165066889806528
15.231574221200608
15.298240302428544
15.365151089881149
15.432039555463504
15.499173790923098
15.566554408439151
15.633878377520848
15.701470767288992
15.769217899858116
15.837111936041401
15.905177828070768
15.973390038320378
16.04175783258161
16.110281618704928
16.17895988091562
16.247793942862284
16.316783326014935
16.38592795757678
16.455228710916245
16.524685710334097
16.594297883466915
16.66406610501941
16.733989805672774
16.804069887131877
16.874305864799176
16.944699107377147
17.01524721268568
17.085950713328188
17.156812851990654
17.227831667577846
17.299005276487087
17.370336297344725
17.44182445437976
17.513461401046424
17.58526916099559
17.657228483790277
17.729343031823774
17.801616195042342
17.87404600305653
17.946632717293852
18.019376751273406
18.092278019980004
18.165336911796146
18.238555015195644
18.311929967302216
18.38546211804601
18.459152710884904
18.533000970023174
18.607007303986624
18.681170837702528
18.75548746299496
18.829976126425443
18.904615201637025
18.979413192403086
19.054369432695147
19.12948481549755
19.20475987745696
19.280193288902783
19.35578596349391
19.431530030400477
19.50744669296019
19.583517577006077
19.659747231965753
19.736135708365
19.812682231775035
19.88939253671581
19.966258816521844
20.043287516094537
20.120475828361748
20.197824133686606
20.275330641602768
20.35300090120428
20.430828196396952
20.508819609179557
20.586969482126513
20.665273159702046
20.743751276566147
20.822385664698487
20.901177648449806
20.9801347195895
21.05924767195803
21.13852919493692
21.217964678862685
21.297569965299864
21.37733091502832
21.457258102655366
21.537344192802518
21.617593558883488
21.698004288719968
21.77857815239034
21.859312492563316
21.940212771675004
22.021274285700315
22.1024692166859
22.183885389398647
22.26543523980025
22.347148870254312
22.42902563822558
22.51106616750769
22.593269519808846
22.675636510741974
22.758168920580687
22.840863651616058
22.92372297174644