46.323428993578275
46.379199028596695
46.448885675142314
46.54639832513559
46.671687839966296
46.82468967508155
47.00532360567292
47.21349186728919
47.44907674889003
47.71193990599633
48.001919656564134
48.318830939318005
48.662465522216486
49.03259511426241
49.42897088352563
49.851332796327966
50.29939851270136
50.77289125341128
51.27152012480714
51.794995734978144
52.343031501188364
52.915340622658704
53.51164511421595
54.13168275556346
54.77519566740172
55.44194075152789
56.1318581963391
56.84422679709003
57.579356558446385
58.33689737053902
59.116686411630084
59.91857678406387
60.742439410632805
61.58816744027194
62.4556586898712
63.34483946104831
64.25565823546142
65.18807517247538
66.14202389644586
67.11753540818253
68.11459964760404
69.13323052258572
70.17346093558733
71.23533609920965
72.31891252119107
73.42426102343146
74.55146254412841
75.70061006689608
76.8718071450352
78.06516719087833
79.2808108826279
80.51887755373366
81.77949925512522
83.06282885619461
84.36903016664075
85.69825805942985
87.05068480991893
88.42648749112767
89.82585450404675
91.24896861505172
92.69602552293054
94.16722337726269
95.66276654513877
97.18286019631857
98.72771306999569
100.29754426230755
101.89253613760143
103.5129999141072
105.1590590215927
106.83098384468386
108.5289797182391
110.253289028602
112.00412566601884
113.78171977425991
115.5863030742975
117.41809882761136
119.27733351174301
121.16423759348238
123.07902573498484
125.0219426996071
126.99319014460926
128.9929979836187
131.02158336788244
133.07916032561627
135.16594616362426
137.28214858298304
139.42797770695844
141.6036396581023
143.80931643213717
146.04525455946285
148.3115995927516
150.60855987785672
152.93631304968414
155.29506003480245
157.6849600683198
160.10618900923384
162.5589217333272
165.0433154989497
167.55953448425237
170.10772788458735
172.68804861390313
175.30064250561136
177.94564483040475
180.62319231387582
183.3334180416897
186.07644342859834
188.85239390003687
191.66138183827897
194.50351988782865
197.37891503616197
200.28766984535633
203.2298825530156
206.2056471828766
209.21505366449176
212.25818796141846
215.33513220711802
218.44596484823077
221.59076079431594
224.76959157363223
227.98252549428173