0.0016269629847417073
0.0027150091732543657
0.004328012762283128
0.006634509624418413
0.009832891992665408
0.014152787079239466
0.019856431829216797
0.027240117936533213
0.036635748528283205
0.04841251375670798
0.06297865644595212
0.08078326529007812
0.10231800132061115
0.12811863784895272
0.15876627453998324
0.19488807660050686
0.2371573902632959
0.2862930978951444
0.34305809787244385
0.4082568256556085
0.4827317679674875
0.5673589570968717
0.663042460503311
0.770707894597264
0.8912949862288986
1.0257491772437717
1.17501222077753
1.34001166480127
1.5216490835114393
1.7207869391536257
1.93823408460143
2.1747301976249864
2.430929884517201
2.707387747882327
3.004546215790285
3.3227281291042194
3.6621357461281585
4.022856897305188
4.404877741615673
4.808100383812607
5.232362942719001
5.677459646132202
6.143159075633509
6.629219448608356
7.135400553746626
7.661472482251625
8.207221592652278
8.77245425621822
9.356998919667616
9.960706950810804
10.583452641462562
11.225132652849318
11.885665112595673
12.564988511294471
13.26306050071912
13.979856661848808
14.71536928665272
15.469606200768691
16.242589642636194
17.034355206867815
17.844950854581292
18.674435990143557
19.522880601866156
20.390364463000022
21.27697638891139
22.182813546058217
23.10798080850789
24.052590157856994
25.016760122738166
26.000615254400017
27.00428563510045
28.027906416494435
29.071617385361286
30.135562554406373
31.21988977607929
32.324750377602534
33.450298815626056
34.59669234910741
35.76409072919384
36.95265590505662
38.162551744733506
39.39394377072711
40.64699890587257
41.921885240256124
43.21877179970363
44.53782833437017
45.87922511568716
47.24313274512396
48.629721973998116
50.039163534061906
51.471627978734624
52.92728553478156
54.406305964354644
55.90885843726258
57.43511141339919
58.985232535267585
60.55938853051679
62.157745124482915
63.780466962645036
65.42771754299314
67.09965915826454
68.7964528479923
70.51825836036436
72.26523412382318