0.01188372305241452
0.017870996007175264
0.02599233182420826
0.03674244137041381
0.05068167078556743
0.06844178117978394
0.09073258951414215
0.11834965563410994
0.15218177689844928
0.19321965000660424
0.24256359567198257
0.3014308017400364
0.3711609391992061
0.4532189957876394
0.5491933731814597
0.6607859381671588
0.7897885632850777
0.9380377782610271
1.107336882863552
1.2993375265618745
1.5153875792172278
1.756381626907488
2.0226759684141844
2.314115476375912
2.630160672553392
2.970052942732121
3.332957416006454
3.718057768579608
4.12460643747148
4.551944442818932
4.999504046706967
5.4668031485756075
5.953436495922907
6.4590662977063396
6.983413415824225
7.526249575861146
8.087390683450186
8.666691176303292
9.264039284311215
9.879353059182224
10.512577044235286
11.163679471460553
11.832649890907081
12.519497153493358
13.224247683652402
13.946943989165193
14.687643366213825
15.44641676534047
16.223347790598815
17.01853180935167
17.832075154406787
18.664094403436458
19.514715723537623
20.38407427073532
21.272313636142208
22.179585331974632
23.106048311618448
24.051868518994237
25.01721846325124
26.002276815423397
27.00722802425107
28.032261948741212
29.077573505493504
30.143362329038926
31.229832443765293
32.33719194619852
33.46565269653479
34.6154300186436
35.786742407689104
36.97981124482419
38.19486051839897
39.43211655129781
40.69180773404141
41.97416426342964
43.27941788651892
44.60780164982519
45.95954965366037
47.33489681164262
48.7340786153381
50.15733090419286
51.604889640801645
53.0769906917081
54.573869613890295
56.09576144716549
57.64290051271901
59.2155202180316
60.81385286844917
62.43812948572615
64.08857963374535
65.76543125182693
67.46891049580489
69.19924158727684
70.95664667124558
72.74134568249082
74.55355622091473
76.39349343615844
78.26136992172418
80.15739561879606
82.08177773016422
84.03472064410184
86.01642586872886
88.02709197677814
90.06691456099205
92.13608620019073