0.0375538689674624
0.05366144173830631
0.07472607903972837
0.10180261507440935
0.13612243134429966
0.17910881979887042
0.23241576454163063
0.2979627976241449
0.3779727838627199
0.47500438418592206
0.5919584794984984
0.73200459016926
0.8983140258821378
1.093470157097439
1.3186866496861473
1.5734683778580787
1.8561283996943925
2.164620821393361
2.497063785940936
2.8519058025890667
3.2279186005361593
3.624140166619018
4.039815883794311
4.474350420970351
4.927271198167284
5.3982012831987065
5.886839352888403
6.392944798440933
6.91632655285447
7.456834620317048
8.014353581067082
8.588797556695722
9.1801062605933
9.788241868179302
10.41318650764535
11.05494022619002
11.71351932326606
12.388954967871408
13.08129203920115
13.790588141662314
14.516912758273614
15.260346513776621
16.020980525361445
16.798915823689907
17.594262929831125
18.407140881846168
19.237677789354525
20.086009431075283
20.952279368162884
21.836638482105105
22.73924462928949
23.660262310139487
24.599862350502175
25.558221593437228
26.5355225999533
27.53195335741141
28.547706994611026
29.58298150271123
30.637979461319418
31.71290776911767
32.807977378625544
33.92340303463941
35.059403016065716
36.21619888087305
37.39401521394488
38.59307937769413
39.81362126530709
41.055873056527375
42.320068975985535
43.60644505402344
44.91523889007323
46.246689418646845
47.60103667804213
48.97852158187369
50.37938569360512
51.80387100424932
53.252219713461635
54.724674014242666
56.22147588152524
57.74286686491576
59.28908788588475
60.860379039728755
62.45697940262387
64.07912684411787
65.72705784541219
67.40100732377469
69.10120846346878
70.82789255353906
72.58128883280544
74.36162434251723
76.16912378668277
78.00400940114497
79.86650083064339
81.75681501519837
83.67516608549857
85.6217652677739
87.59682079834847
89.60053784828561
91.63311845710179
93.69476147937789
95.7856625382885
97.90601399261645
100.05600491142447
102.2358210643351