1.9859446137283985e-12
1.9859446137283985e-12
1.9859446137283985e-12
1.9859446137283985e-12
1.9859446137283985e-12
1.9859446137283985e-12
1.9859446137283985e-12
1.9859446137283985e-12
1.9859446137283985e-12
1.9859446137283985e-12
1.9859446137283985e-12
1.9859446137283985e-12
1.9859446137283985e-12
1.9859446137283985e-12
1.9859446137283985e-12
3.971889227456797e-12
1.9859446137283985e-12
4.096010765814822e-12
4.468375380888897e-12
4.096010765814822e-12
1.0798573837148167e-11
3.475403074024697e-11
1.1257823529072858e-10
3.2917031972548206e-10
9.104314838561126e-10
2.3333607995925103e-9
5.613396572241676e-9
1.2734497470918282e-8
2.7378853052551492e-8
5.611596809935485e-8
1.1012087707431641e-7
2.0774060516982762e-7
3.7806055246932447e-7
6.65753053600167e-7
1.137575140266682e-6
1.8907385530677973e-6
3.0634662783343936e-6
4.8481969697444445e-6
7.507553060111239e-6
0.000011393503885690474
0.000016969978892767558
0.000024839094146348033
0.00003577123653626019
0.000050739185408657384
0.00007095628962054309
0.0000979188492114079
0.0001334525852659754
0.00017976334703802442
0.00023949173076449277
0.0003157716829050838
0.00041229283782659735
0.0005333663451643119
0.0006839941230619468
0.0008699410822606451
0.0010978102577349923
0.0013751203988043455
0.0017103859113473151
0.0021131987246448187
0.0025943119013860203
0.003165724637587258
0.003840768564545906
0.004634194815879401
0.0055622619395837
0.006642824260777047
0.00789542048114351
0.009341362528357301
0.011003824312912417
0.01290793030832735
0.015080843923197959
0.017551855496665606
0.020352469879071116
0.02351649353871267
0.027080121135874116
0.03108202157603924
0.0355634235532148
0.04056820047785895
0.04614295492470759
0.052337102539306624
0.05920295544656867
0.06679580517686931
0.0751740050939195
0.08439905243724061
0.09453566983675053
0.10565188649073223
0.11781911879146138
0.1311122505660573
0.14560971282233712
0.16139356293823315
0.17854956330917152
0.19716725934865334
0.21734005682602703
0.23916529834236058
0.26274433899133176
0.28818262103372455
0.31558974750758334
0.34507955461564593
0.37677018282315344
0.4107841466166376
0.4472484026888464
0.4862944165491885
0.5280582274211756
0.5726805114690658
0.6203066430357067
0.6710867542026278
0.7251757922929427
0.7827335755921146
0.8439248471417343
0.9089193267402385
0.9778917611272337
1.051021972588002
1.1284949059692488
1.210500674311395
1.2972346033576911
1.388897274960884
1.485694569862327
1.5878377098494862
1.6955432998775801
1.8090333701604318
1.9285354188479236
2.054282455405854