0.01511542113027054
0.022489630327763747
0.032415985280265826
0.04547568967730495
0.06232911537367036
0.08372286204046814
0.11049690705501762
0.14359119021027394
0.18405082747926904
0.2330290372505073
0.291786812133365
0.36168838789264424
0.4441916259505033
0.540832466173908
0.653202492695366
0.7829182356671474
0.9315800653463182
1.1007177784598694
1.2917204241068136
1.5057517783926402
1.7436621132871488
2.005919272084759
2.292587546278109
2.6033699906376158
2.9377022793066754
3.2948652629197843
3.674084304305937
4.074599499922884
4.495706465884457
4.936774955439646
5.397253550560825
5.876666788908218
6.374608812745263
6.890735872849416
7.424758892289999
7.976436639774503
8.545569708990996
9.131995322604855
9.735582898997125
10.356230289281143
10.993860587230802
11.648419421024801
12.31987264660362
13.00820437417306
13.713415270550637
14.435521089867576
15.174551393579705
15.930548427724482
16.70356613116109
17.493669253299664
18.30093256363165
19.125440138640776
19.967284714116253
20.82656709304041
21.70339560094464
22.59788558195805
23.510158929986297
24.44034365030957
25.388573447734558
26.354987338010616
27.33972927979054
28.34294782481722
29.364795784401878
30.405429910558915
31.465010590414995
32.543701552731946
33.641669585561075
34.75908426419728
35.896117688754344
37.052944230773704
38.229740288385976
39.426684049635675
40.64395526364613
41.88173501937222
43.140205531731674
44.419549934964884
45.719952083131275
47.041596357640124
48.38466748180005
49.749350342373724
51.13582981813312
52.544290615464
53.974917111069075
55.427893201820645
56.903402161864435
58.40162650701657
59.92274786660412
61.466946862786564
63.034402997498944
64.62529454708594
66.23979846475244
67.87809029090108
69.5403440714691
71.2267322843327
72.93742577386682
74.67259369373853
76.43240345799224
78.21702070048048
80.02660924268747
81.86133106998913
83.72134631637243
85.60681325762528
87.51788831300539
89.45472605539815