0.0012698763436089497
0.001341551392634292
0.0014164975401850352
0.0014948269547712726
0.001576654237685248
0.0016620965059145456
0.001751273368931361
0.0018443069353950646
0.0019413218409554264
0.002042445304603794
0.002147807079272721
0.0022575395016087027
0.0023717775292086394
0.0024906587205121454
0.0026143232596258577
0.0027429139710938985
0.0028765763587479173
0.00301545859031602
0.003159711513310325
0.0033094886954905863
0.003464946418906358
0.003626243695163944
0.003793542275852608
0.003967006689905157
0.00414680422286964
0.00433310496246196
0.004526081792608034
0.004725910387610084
0.0049327692959286705
0.005146839877997812
0.005368306330676915
0.005597355752662837
0.005834178111970033
0.00607896625139191
0.006331915936535861
0.006593225829509496
0.006863097557559858
0.00714173565858406
0.007429347641700606
0.007726143973471889
0.008032338110672284
0.00834814650525301
0.008673788604838615
0.009009486868490407
0.009355466823305882
0.009711956995407143
0.010079188998191319
0.010457397499314234
0.01084682025817511
0.011247698124178864
0.011660275050885969
0.01208479812753932
0.012521517563549044
0.01297068672548072
0.013432562125139701
0.013907403471950422
0.01439547365359342
0.014897038752637634
0.015412368068137549
0.015941734132017233
0.01648541271813122
0.017043682865102865
0.017616826862050367
0.018205130295752964
0.018808882057974083
0.019428374335159277
0.020063902655230028
0.020715765881998287
0.02138426624644509
0.022069709338280303
0.02277240413672477
0.023492663026521973
0.024230801794710887
0.024987139684742962
0.025761999373892012
0.026555706993734256
0.027368592157951562
0.02820098797437121
0.029053231065321844
0.02992566156639226
0.03081862315522758
0.03173246307610535
0.0326675321331088
0.03362418471842664
0.0346027788315918
0.03560367608668057
0.03662724173428206
0.037673844686446606
0.03874385749992944
0.039837656450291185
0.04095562147864974
0.04209813625969888
0.04326558819587453
0.044458368444537405
0.04567687190953273
0.04692149730300276
0.0481926471124946
0.049490727659049064
0.050816149066170276
0.05216932532163823
0.05355067426832378
0.05496061762926119
0.05639958102701108
0.05786799395920852
0.05936628989997028
0.06089490622591844
0.06245428428395072
0.06404486937709063
0.0656671108022204
0.06732146186658922
0.06900837987217381
0.07072832617587746
0.07248176615117642
0.0742691692426093
0.07609100897396906
0.07794776295103369
0.07983991286802052
0.08176794453787191
0.08373234789858541
0.08573361702798424
0.08777225017487181
0.08984874971161724
0.09196362220440825
0.09411737841064448
0.09631053328278537
0.0985436059724461
0.10081711986130387
0.10313160254111439
0.10548758587279361
0.10788560593900343
0.11032620307803676
0.11280992190367704
0.11533731130706007
0.11790892443805573
0.1205253187520618
0.12318705598369026
0.12589470219790527
0.1286488277117026
0.13145000720234348
0.13429881963809487
0.13719584829920595
0.14014168079789174
0.1431369090770918
0.14618212939495523
0.1492779423476787
0.1524249528378558
0.15562377012660783
0.15887500779101038
0.16217928373228502
0.16553722018634992
0.16894944370867687
0.17241658517391892
0.17593927978137178
0.17951816703759682
0.18315389077454275
0.18684709908723665
0.1905984444168212
0.1944085834563466
0.19827817719793658
0.20220789090374408
0.20619839408336105
0.21025036052944132
0.2143644682444691
0.2185413994801051
0.22278184069647514
0.22708648257123065
0.23145601995263096
0.2358911518628944
0.24039258150912113
0.24496101621080618
0.24959716742292587
0.25430175070875544
0.25907548570759725
0.2639190961453312
0.26883330977036807
0.2738188583649444
0.278876477709624
0.28400690756666525
0.2892108916504808
0.2944891775846908
0.29984251691465974
0.3052716650717492
0.31077738128283316
0.316360428648619
0.3220215740170432
0.3277615880130607
0.3335812449860173
0.3394813229578911
0.34546260362887765
0.351525872328983
0.3576719179467776
0.3639015329691153
0.3702155133570118
0.37661465857493737
0.3830995054924844
0.3896716584996929
0.39633112916617963
0.4030789965018265
0.4099160767481156
0.41684318941229076
0.4238611571639646
0.430970805814638
0.4381729642987097
0.445468464595156
0.452858141666214
0.4603428334619747
0.4679233808208372
0.4756006274419538
0.48337541982987187
0.49124860725555963
0.49922104167883014
0.5072935777174351
0.5154670725672547
0.5237423859989463
0.5321203802392842
0.5406019199300757
0.5491878721280364
0.5578791061593206
0.5666764936195201
0.5755809083152044
0.5845932261411632
0.5937143250987773
0.6029450851781026
0.6122863883326738
0.6217391183829375
0.6313041609641212
0.640982403476337
0.6507747349909929
0.6606820461928291
0.6707052293401986
0.6808451781578262
0.6911027877632044
0.7014789546422657
0.7119745765512027
0.722590552425362
0.7333277823397748
0.7441871674216503
0.7551696097673386
0.7662760123992607
0.777507279131733
0.7888643145646372
0.8003480239487484
0.8119593131509805
0.8236990885322517
0.8355682569083855
0.8475677254485794
0.8596984015870301
0.8719611929417589
0.8843570072874278
0.8968867523666759
0.9095513359009175
0.9223516654433819
0.935288648329962
0.948363191565394
0.9615762017603287
0.9749285850166421
0.9884212468482472
1.00205509209669
1.0158310248370663
1.0297499482613472
1.043812764619049
1.05802037511024
1.072373679764771
1.086873577385427
1.1015209654230618
1.1163167398784164
1.1312617952318675
1.1463570242746224
1.1616033180986634
1.1770015659088295
1.1925526549804906
1.2082574704957063
1.2241168955095902
1.240131810765988
1.2563030946417484
1.2726316230101882
1.2891182691477532
1.305763903597113
1.322569394093059
1.339535605387246
1.3566633991979227
1.373953634046587
1.3914071651616686
1.4090248443549038
1.4268075198974615
1.4447560363965675
1.4628712346674098
1.4811539516375665
1.4996050201788198
1.5182252690154308
1.5370155225873572
1.5559766009035425
1.575109319436784
1.5944144889770218
1.6138929155101955
1.6335454000835739
1.6533727386613992
1.6733757220063534
1.6935551355219225
1.713911759149003
1.7344463671898989
1.7551597282159745
1.7760526048745209
1.7971257537987684
1.8183799254502522
1.839815863959937
1.8614343070228365
1.883235985738023
1.9052216244617892
1.9273919406865077
1.9497476448720719
1.9722894403427533
1.9950180231085883
2.0179340817597526
2.0410382972867085
2.0643313429892225
2.0878138842874545
2.111486578631472
2.1353500753300865
2.1594050154266085
2.1836520315809302
2.208091747903827
2.232724779846484
2.2575517340891644
2.282573208361602
2.307789791358724
2.333202062613674
2.3588105923622726
2.3846159414352788
2.4106186611280624
2.4368192931050308
2.4632183692797276
2.489816411714791
2.516613932501802
2.5436114336854496
2.570809407152936
2.5982083345295908
2.6258086871278574
2.653610925822552
2.681615500999598
2.709822852456733
2.738233409361429
2.7668475901647516
2.7956658025486103
2.824688443363945
2.853915898583809
2.8833485432754378
2.912986741530127
2.94283084645913
2.9728812001458755
3.0031381336236236
3.033601966885395
3.0642730088520733
3.0951515573603654
3.126237899191596
3.1575323100575585
3.189035054638125
3.2207463865673427
3.252666548508901
3.284795772146077
3.3171342782357303
3.349682276675573
3.3824399665235374
3.4154075360811817
3.4485851629443336
3.481973014075701
3.5155712458980877
3.54938000435186
3.5833994249947434
3.617629633103971
3.652070743764041
3.686722861984257
3.721586082787476
3.75666049134987
3.791946163110399
3.827443163899032
3.8631515500535416
3.899071368581982
3.935202657275762
3.9715454448688936
4.008099751170677
4.0448655872278065
4.081842955479766
4.119031849898221
4.156432256595459
4.194044152303287
4.231867507019169
4.269902282538372
4.30814843302368
4.346605905192324
4.385274638496329
4.424154565261402
4.463245610907009
4.502547694095686
4.542060726935852
4.581784615137837
4.621719258218306
4.661864549661242
4.702220377114934
4.742786622561268
4.7835631625047785
4.824549868154845
4.865746605587556
4.907153235957578
4.948769615644254
4.990595596446465
5.032631025758891
5.074875746732495
5.117329598468277
5.15999241616846
5.202864031326013
5.245944271871621
5.289232962360234
5.332729924118154
5.376434975413573
5.420347931614588
5.464468605348316
5.508796806643267
5.553332343098398
5.598075020026095
5.643024640588342
5.688181005960556
5.733543915457572
5.779113166677873
5.824888555641116
5.870869876912874
5.917056923754575
5.963449488213862
6.010047361301467
6.056850333061713
6.103858192712024
6.15107072878157
6.19848772917792
6.246108981331148
6.2939342722984675
6.3419633888437925
6.390196117568809
6.438632244988692
6.4872715576490245
6.536113842199033
6.585158885491253
6.634406474663948
6.683856397237804
6.733508441179221
6.783362394995277
6.833418047805464
6.883675189411818
6.934133610378111
6.984793102082101
7.035653456817565
7.086714467813908
7.1379759293335985
7.189437636714121
7.241099386431403
7.292960976148717
7.345022204787685
7.397282872549741
7.449742780988871
7.502401733055805
7.555259533133757
7.608315987082739
7.661570902285859
7.715024087694127
7.768675353842099
7.822524512914894
7.876571378749694
7.930815766892211
7.9852574946155555
8.039896380953877
8.09473224672942
8.149764914573868
8.20499420896584
8.260419956236463
8.316041984606494
8.37186012419426
8.427874207050905
8.484084067164618
8.540489540484954
8.597090464929042
8.653886680410883
8.7108780288468
8.768064354166
8.825445502320001
8.883021321314407
8.940791661181976
8.998756374025564
9.056915313998516
9.115268337343144
9.173815302360063
9.232556069440225
9.291490501060684
9.350618461792434
9.409939818287857
9.469454439309153
9.529162195705505
9.589062960433056
9.649156608536172
9.709443017168663
9.769922065578767
9.830593635112745
9.89145760920409
9.952513873394004
10.013762315299367
10.075202824639062
10.13683529320145
10.198659614860382
10.260675685568868
10.322883403346541
10.385282668273824
10.447873382497148
10.510655450216278
10.573628777675518
10.636793273159846
10.700148846994306
10.763695411520297
10.827432881108603
10.891361172144006
10.955480203004182
11.01978989407025
11.084290167713254
11.148980948280368
11.213862162090193
11.278933737419843
11.344195604511773
11.409647695536787
11.475289944608692
11.541122287767287
11.607144662963096
11.673357010055016
11.739759270794792
11.806351388826037