3.971889227456797e-12
3.971889227456797e-12
3.971889227456797e-12
3.971889227456797e-12
3.971889227456797e-12
3.971889227456797e-12
3.971889227456797e-12
3.971889227456797e-12
3.971889227456797e-12
4.2201323041728465e-12
7.695535378197545e-12
4.319429534859267e-11
2.906926428344943e-10
1.6043950048158298e-9
7.194084363231124e-9
2.706346022358375e-8
8.796220356048837e-8
2.5293884275521063e-7
6.557189443177659e-7
1.555940686914701e-6
3.421331263540561e-6
7.042312766259235e-6
0.00001368337038817618
0.000025273712787836343
0.00004463802768240094
0.0000757660951778657
0.0001241183049919507
0.00019696273058514527
0.0003037386486267159
0.0004564394703245835
0.0006700105117333549
0.0009627531175956596
0.001356731037741165
0.0018781725848427448
0.002557864176648429
0.0034315312744158605
0.0045402034998225016
0.005930561572538847
0.0076552645678352425
0.009773256435465588
0.012350051647017884
0.01545800027731884
0.019176533242528142
0.023592388881027822
0.028799822436569682
0.03490080011162609
0.04200517976054659
0.05023088019530811
0.059704041383226686
0.07055917783287918
0.08293932745455368
0.09699619825899918
0.1128903152728915
0.1307911701224158
0.15087737560554196
0.1733368277667021
0.198366877922292
0.22617451713630762
0.25697657573330557
0.29099994050588246
0.3284817922701422
0.3696698666882423
0.41482274112071676
0.46421015065455856
0.5181133361613623
0.5768254276044944
0.6406518654247645
0.7099108629236899
0.7849339119095707
0.8660663334739072
0.9536678745150446
1.0481133491250525
1.1497933216670413
1.259114824923765
1.3765021019886885
1.5023973544480314
1.6372614704506518
1.7815746955569114
1.9358371951068027
2.1005694399147212
2.2763123280024082
2.463626934546929
2.6630937641392576
2.87531136742367
3.100894186138567
3.3404695140671365
3.5946735147800077
3.864146325394308
4.1495263946398575
4.451444338969382
4.770516723440386
5.107340250257846
5.462486837216697
5.836499979294405
6.229892625544111
6.643146608111729
7.076713478307449
7.531016473120618
8.006453272008509
8.503399203804891
9.022210608774573
9.56322812937204
10.126779775688204
10.713183676056689
11.322750473638905
11.955785365445772
12.61258980286932
13.293462885293495
13.998702483678095
14.728606131729048
15.48347172023158
16.263598026650012
17.0692851081092
17.900834581831518
18.758549813357487
19.6427360295227
20.553700370266874
21.491751890893877
22.457201524318165
23.450362011228044