3.971889227456797e-12
3.971889227456797e-12
3.971889227456797e-12
3.971889227456797e-12
3.971889227456797e-12
3.971889227456797e-12
3.971889227456797e-12
3.971889227456797e-12
5.9578338411851955e-12
6.206076917901245e-12
3.5498759970395124e-11
2.601587443984202e-10
1.6264886386435584e-9
8.00807341178305e-9
3.230188562844583e-8
1.106481453692613e-7
3.3107881249927505e-7
8.844478810162438e-7
2.1466618982128265e-6
4.800512950110366e-6
0.000010004390117742799
0.00001961239785449617
0.0000364477483206837
0.0000646281293640652
0.00010993905118453267
0.00018024884471166567
0.0002859573088348496
0.0004404690796649177
0.0006606825261590264
0.0009674850491756948
0.0013862463878826668
0.0019473026321922247
0.002686424578009167
0.0036452654909638186
0.00487178458526957
0.006420643673461663
0.00835357565146946
0.01073972451939281
0.01365595729023944
0.017187149208807935
0.021426443957101846
0.026475491210790198
0.03244466417064371
0.039453259946828786
0.04762968589984233
0.057111635151345944
0.06804625442553021
0.0805903076117613
0.09491033828361374
0.11118283450670434
0.129594399195007
0.1503419293666821
0.17363280757051874
0.19968510891197258
0.22872782703901628
0.2610011226458715
0.29675659809290555
0.33625760186609044
0.37977956675159563
0.4276103857011268
0.4800508294254366
0.5374150098288983
0.6000308932515709
0.6682408671932476
0.7424023635602209
0.8228885406292292
0.910089023875795
1.0044107036229217
1.1062785833122624
1.2161366666253306
1.3344488638164915
1.4616998865870514
1.5983960859423818
1.7450661685499453
1.9022617027753597
2.0705572973379756
2.2505503042152992
2.442859867971556
2.648125122770208
2.8670023379638465
3.1001608474983033
3.3482776821282756
3.612030965641097
3.892092329423123
4.189118814239078
4.503744910608742
4.836575475790763
5.188180210619211
5.559090178600433
5.94979655189652
6.360751455957477
6.792370536846161
7.2450367401066025
7.719104770440197
8.214905768749754
8.73275185524324
9.272940308133323
9.835757253023
10.421480818371249
11.030383766286775
11.662735639691856
12.31880448234003
12.998858192604255
13.703165569948583
14.431997107516663
15.185625577355117
15.964326447620778
16.76837816460693
17.598062326394537
18.45366376998881
19.335470589575486
20.243774100056896
21.178868757294953
22.141052044148708
23.130624329682284
24.14788870742857
25.193150817467945
26.26671865619885
27.36890237695542
28.500014084045652