0.
0.
0.
0.
1.9859446137283985e-12
0.
1.241215383580249e-13
3.847767689098772e-12
8.105136454779026e-11
9.136586438534214e-10
6.921761708073617e-9
3.8146396505110155e-8
1.6434560529371003e-7
5.828290674031692e-7
1.7672995590492033e-6
4.7150967275446766e-6
0.000011314351580679562
0.000024841469087862976
0.000050587696560549876
0.00009660020954287377
0.00017451596452646828
0.00030046018361213467
0.0004959796579936928
0.0007889842413532974
0.0012146694482349707
0.0018164056767570765
0.0026465752949414605
0.0037673539534016916
0.005251430523405989
0.00718266856600005
0.00965671222161506
0.012781544435639643
0.01667800500833228
0.021480277033087955
0.027336350166054357
0.03440846797678839
0.042873565553758396
0.05292370175884265
0.0647664884710118
0.07862551701083871
0.09474077988239926
0.11336908371371472
0.134784451307267
0.15927847614762022
0.1871607067694576
0.21876004424074036
0.2544193172729915
0.294506844238043
0.3394051536692869
0.38951669445728376
0.44526261791523564
0.5070825933256914
0.5754345023723101
0.6507940165238962
0.7336540601376247
0.8245241003106918
0.9239293309240645
1.03240968980147
1.1505187194839357
1.2788222568860312
1.4178969374590518
1.568328496244444
1.7307098457526122
1.905638907583103
2.0937161772107866
2.295542000003407
2.511713549736433
2.7428215104466385
2.9894464857357566
3.252155187956131
3.531515041501433
3.827997497938037
4.14215971586668
4.474455645316163
4.825325873488896
5.1951769302734565
5.584380038270448
5.99327085236292
6.422150203985232
6.8712857848736775
7.340914636052354
7.831246240509459
8.342466050103482
8.874739163486831
9.428214036354417
10.003026026498041
10.59930067463492
11.217156646561795
11.856708300245533
12.51806787008217
13.20134728159974
13.906659623574836
14.634120312350735
15.383847986343467
16.155965168868327
16.950598735343156
17.767880217678666
18.607945975067675
19.4709372591446
20.357000181141125
21.26628562444385
22.198949096275857
23.155150557482653
24.135054168988102
25.13882807511769
26.166644140699802
27.21867768405832
28.295107204320466
29.39611410664211
30.521882428213956
31.672598567401533
32.84845101792464
34.04963010953109
35.276327757340084
36.52873721535089
37.80705284865482
39.11146990670245
40.442184311846084
41.799392458183256
43.18329102190068