 0.34819130725245E-06
 0.35967880760024E-07
 0.10197959333503E-06
-0.90013134894142E-06
-0.25130026638028E-06
-0.44864420546490E-06
 0.78981961854868E-06
-0.13243747816511E-07
-0.31508883236795E-06
 0.16418578928088E-06
-0.44767897340926E-06
-0.39989839372908E-07
 0.79305754289006E-06
 0.11502926611472E-05
-0.76905483366767E-06
 0.15178631412774E-06
-0.94818026014695E-06
-0.51560747726873E-06
-0.59302090276276E-07
-0.72551578575747E-06
-0.27129921171054E-06
 0.74347526529551E-07
-0.12308015978775E-06
-0.16451764941079E-05
-0.99598746524021E-06
 0.83458826231549E-06
-0.38438023852153E-06
-0.10782758266848E-05
 0.17017229849959E-05
-0.87217547462270E-06
-0.33364367519113E-06
-0.17979917957273E-06
 0.35993455452309E-05
 0.25622248245935E-05
 0.21832540258342E-06
-0.22185819568092E-06
 0.21617415569156E-05
 0.23727401143917E-07
-0.18657123809049E-05
-0.38066132874026E-06
 0.92262793574889E-06
-0.14359297620825E-05
-0.76956049527130E-07
 0.17801056409762E-05
 0.85916508883835E-06
 0.20597770198118E-06
-0.88218408604836E-06
-0.83953379832677E-06
-0.11418932310559E-05
 0.19001502766465E-05
 0.44820228898980E-06
 0.38098956312784E-05
-0.15827359158910E-05
 0.24340508227837E-06
 0.13211341922531E-05
-0.17089177580083E-05
 0.10066950428220E-05
 0.55730141817808E-06
-0.10019526506629E-05
-0.13101022258235E-05
 0.13856768633304E-05
-0.51759886687583E-05
-0.95733595203412E-06
-0.32777538836359E-05
 0.12539788191914E-05
-0.26962498381413E-06
 0.94422271366151E-06
 0.41687594322087E-05
-0.57759661673638E-06
-0.41413068040587E-06
-0.25893443107779E-05
-0.85060708339201E-06
-0.57276638114750E-06
 0.15781583164519E-05
 0.72063869261798E-06
 0.49407369515443E-06
-0.29832602336799E-05
-0.63347263872505E-06
-0.61977781494141E-06
 0.35126660109362E-05
-0.30584268342679E-05
 0.27911994000424E-05
 0.38223873479303E-05
 0.17489251170532E-05
-0.18784700796215E-05
-0.91059444460510E-06
 0.41519406273035E-05
-0.19694767529950E-05
 0.10772052078034E-05
 0.23989951872781E-05
-0.26645797772073E-06
 0.23245572793154E-05
-0.19368806611224E-05
 0.50626310499918E-05
-0.40776561110838E-06
-0.13064545395315E-05
 0.26696656989680E-06
-0.36481134424688E-05
 0.37290857986387E-05
 0.31336068375446E-05
 0.37449901243279E-05
 0.20780092697287E-05
-0.31397275801881E-06
 0.11532517148269E-05
 0.52719558789514E-05
 0.86298538881305E-05
-0.45095660340400E-05
 0.39681420993237E-05
 0.57063290904495E-05
-0.78602221361309E-05
-0.14156885496072E-05
 0.14018619747334E-04
 0.14900570159189E-04
 0.15016455547124E-05
 0.12671112601017E-05
 0.29566743381504E-05
 0.10519382524129E-04
-0.75508758956329E-06
 0.21214801292212E-05
 0.93708591322358E-06
-0.88466149863667E-05
-0.63807708084427E-06
 0.23392927908678E-05
-0.46644288710460E-05
 0.74303691534944E-05
 0.17298950661485E-04
 0.73128817968527E-05
 0.33500849865998E-05
 0.41635648632162E-05
 0.10351015138511E-04
 0.13138637751808E-04
 0.17551249340808E-05
 0.41749050543308E-05
 0.69793627919027E-05
 0.86564295208679E-05
 0.11152820432040E-04
 0.11453734129761E-04
 0.36061163988855E-05
 0.49105366524821E-05
 0.75424522127043E-05
-0.74982880791646E-05
 0.11967394854006E-04
 0.12161969669721E-04
-0.15177604813330E-05
 0.11905633870271E-05
 0.88700897409395E-05
 0.49536704269503E-05
 0.82661138587142E-05
 0.67753625804684E-05
 0.95683426087694E-05
 0.55536536514430E-05
 0.27269428398743E-05
 0.12890335315072E-04
 0.18487070377305E-04
 0.15811451143065E-04
 0.58329413580259E-05
 0.12078470928371E-04
 0.36091310365434E-05
 0.31983711858930E-05
 0.34934264066680E-05
 0.12913158737181E-04
 0.17493884240803E-04
 0.20642566841159E-04
 0.17836185982297E-04
-0.15464801176601E-05
 0.29699180726835E-05
 0.12108715690564E-04
 0.74076919550398E-05
 0.54420663101919E-05
 0.11225489998592E-05
 0.19057809018383E-04
 0.19143314344592E-04
 0.23063393611854E-04
 0.66244311120289E-06
 0.16022983257869E-04
 0.19184111024921E-04
 0.15782712429351E-04
 0.33360558023190E-04
 0.60878967723902E-05
 0.34780853594295E-04
 0.18124916441186E-04
 0.29439818531669E-04
 0.19254597620423E-04
 0.20084416462775E-04
 0.65763674017765E-05
 0.88046756384691E-05
 0.15211597868671E-04
 0.22030455229103E-04
 0.27920710157917E-04
 0.28534153867290E-04
 0.19685763529841E-04
 0.31481307741979E-04
 0.20535547510725E-04
 0.25447997324604E+00
-0.15385186432940E+00
-0.61287694194184E+00
 0.21094500629500E-04
 0.25771776865245E-04
 0.36574896737599E-04
 0.19303581130924E-04
 0.22068882184834E-04
 0.37900901051266E-04
 0.26236687503508E-04
 0.49628581203999E-05
 0.13559410686918E-04
 0.50046111787645E-04
 0.27959982224925E-04
 0.38009230782791E-04
 0.25072339070279E-04
 0.13049906674301E-04
 0.46949243786417E-04
 0.28977388246949E-04
 0.28271774273674E-04
-0.21748837507282E-05
 0.28121968086257E-04
 0.60953806008793E-05
 0.31567420186784E-04
 0.35515629009814E-04
 0.12565897597438E-04
 0.20322926142194E-04
 0.26729045483900E-04
 0.52886036871302E-04
 0.30387529475896E-04
 0.29474601599078E-04
 0.33346131766042E-04
 0.98409324518364E-05
 0.34361261142495E-04
 0.31771060806248E-04
 0.23963189172083E-04
-0.18031936355243E-05
 0.75403875631756E-05
-0.73547075813175E-05
 0.13869898578222E-04
-0.45433794392064E-05
-0.51362030410639E-05
 0.10804138600850E-04
-0.11472406678961E-04
-0.45732471330546E-04
-0.50947286674221E-05
-0.89370949994472E-05
-0.28189493869291E-04
-0.21061344743446E-04
-0.39325991896922E-04
-0.61301229810358E-04
-0.36120318938113E-04
-0.27478769591536E-04
-0.66753063315386E-04
-0.58266810741599E-04
-0.73843916871778E-04
-0.11918321191108E-03
-0.74737661976010E-04
-0.77640146421858E-04
-0.72444993995315E-04
-0.11590300513818E-03
-0.11883651014258E-03
-0.12175536523429E-03
-0.13226299041376E-03
-0.14358801633078E-03
-0.16116045521920E-03
-0.15489277949275E-03
-0.19318429972224E-03
-0.17302535735908E-03
-0.20709467699618E-03
-0.23696409406699E-03
-0.22550523828679E-03
-0.25353615563418E-03
-0.24921370900127E-03
-0.25116168381634E-03
-0.28907498192191E-03
-0.32646004656622E-03
-0.33533099070422E-03
-0.35816162345307E-03
-0.33261311819956E-03
-0.40569087565730E-03
-0.37275817475312E-03
-0.42017238283548E-03
-0.45470880342783E-03
-0.46910271089758E-03
-0.51079244442694E-03
-0.51627468885253E-03
-0.54431211730408E-03
-0.53258730001927E-03
-0.58719056035176E-03
-0.61109078962972E-03
-0.64272199226813E-03
-0.68346225939626E-03
-0.68758662056274E-03
-0.68688544448286E-03
-0.70864673781053E-03
-0.76271106514004E-03
-0.71850945041671E-03
-0.72847404596039E-03
-0.79039476532640E-03
-0.77564026105043E-03
-0.82582825734554E-03
-0.84356855466772E-03
-0.80857719106665E-03
-0.88621846959344E-03
-0.87311215615209E-03
-0.83937992860747E-03
-0.85213074198575E-03
-0.85819199341411E-03
-0.88833287673645E-03
-0.86802997197835E-03
-0.88089091044868E-03
-0.89000702200828E-03
-0.86249834708270E-03
-0.82991991901536E-03
-0.79565749896789E-03
-0.78548872507606E-03
-0.74429817122052E-03
-0.74541342372791E-03
-0.66275529974990E-03
-0.61791550359180E-03
-0.62414331588692E-03
-0.54337488093274E-03
-0.53400451594186E-03
-0.43007094381665E-03
-0.42675068383815E-03
-0.31764239626431E-03
-0.27984224614380E-03
-0.15756601184671E-03
-0.99387813376559E-04
-0.23791028011712E-04
 0.80643448307654E-04
 0.18912924381341E-03
 0.29611836398908E-03
 0.35840266517119E-03
 0.44465609246218E-03
 0.58751128191418E-03
 0.75949940474549E-03
 0.77289338874398E-03
 0.99070754586808E-03
 0.10181796595914E-02
 0.11662004734720E-02
 0.13385352663527E-02
 0.13863459755304E-02
 0.15103466623819E-02
 0.16910107261670E-02
 0.17951344106006E-02
 0.19104789514173E-02
 0.19535743874276E-02
 0.20763537405077E-02
 0.21915051295358E-02
 0.22740649827714E-02
 0.23779691807058E-02
 0.24845464242338E-02
 0.25935211696150E-02
 0.26140127436438E-02
 0.26795939497797E-02
 0.28103279728397E-02
 0.27990391299696E-02
 0.28578588072530E-02
 0.28728636245165E-02
 0.28457177999455E-02
 0.28420510424016E-02
 0.29317859734319E-02
 0.28920060343084E-02
 0.29019831981749E-02
 0.27770530601746E-02
 0.27794421161879E-02
 0.27292074191118E-02
 0.26343160195871E-02
 0.26192739452451E-02
 0.24799730901318E-02
 0.23870362306306E-02
 0.22909322120540E-02
 0.21233725206204E-02
 0.21067257614556E-02
 0.20060586502279E-02
 0.18207366864198E-02
 0.16507689983341E-02
 0.14517359939556E-02
 0.13890522716344E-02
 0.11413307987531E-02
 0.94097293986883E-03
 0.82466579893145E-03
 0.73220079374917E-03
 0.49077349392169E-03
-0.81219844662786E-03
-0.13137636861817E-02
 0.36573611684769E-02
 0.21539434969475E-02
-0.34518024053554E-02
-0.43912092582654E-02
 0.29628105803642E-03
 0.33164750056830E-02
 0.91395355980299E-03
-0.45075635982378E-02
-0.36457162414224E-02
 0.27683230451521E-02
-0.54523974696999E-02
-0.14761000104036E-02
-0.16578999907347E-02
-0.17380495311763E-02
-0.18246119946692E-02
-0.18956799821265E-02
-0.19505535968096E-02
-0.19557079064564E-02
-0.20897359479404E-02
-0.21955420375403E-02
-0.22478112561957E-02
-0.21207452536676E-02
-0.22779812604847E-02
-0.22919595964163E-02
-0.23007774782216E-02
-0.21885610575125E-02
-0.23073231286369E-02
-0.22980238132661E-02
-0.22758341860989E-02
-0.21593125485386E-02
-0.21928650703120E-02
-0.21139293277993E-02
-0.21265243112522E-02
-0.20661627308115E-02
-0.20630861299948E-02
-0.19499014983928E-02
-0.18951292141024E-02
-0.17777045681495E-02
-0.17894690392437E-02
-0.17429144454993E-02
-0.16724927679936E-02
-0.15413968915661E-02
-0.15888766252254E-02
-0.15038301850935E-02
-0.13099907355868E-02
-0.13835433884883E-02
-0.11789826413937E-02
-0.12076524531629E-02
-0.10882498599475E-02
-0.10073326081989E-02
-0.94481725935851E-03
-0.92781914928631E-03
-0.76672813949268E-03
-0.81621221941900E-03
-0.66037134275355E-03
-0.69429488111029E-03
-0.46441052130575E-03
-0.39490704372362E-03
-0.52350478314037E-03
-0.42091287640225E-03
-0.30646879371554E-03
-0.35904389449701E-03
-0.28499669682368E-03
-0.19812679993784E-03
-0.38903568092735E-04
-0.15610388255878E-03
-0.13431726922088E-04
-0.57342858082105E-04
 0.60401229041276E-05
 0.70670181739324E-04
 0.58047317486029E-04
 0.12957665879966E-03
 0.16186911672717E-03
 0.14880861564143E-03
 0.23685434202652E-03
 0.24263179616395E-03
 0.26386567063409E-03
 0.23852292722292E-03
 0.22197256057146E-03
 0.31700094740389E-03
 0.28560781646324E-03
 0.31230507543208E-03
 0.35184371873444E-03
 0.35088308741809E-03
 0.38725234702648E-03
 0.27087403499498E-03
 0.34830763487216E-03
 0.35141256037641E-03
 0.29508533622031E-03
 0.32501968443128E-03
 0.35940003828200E-03
 0.40619058318823E-03
 0.35841862307623E-03
 0.40146216681846E-03
 0.34850417026761E-03
 0.40164755912756E-03
 0.48279559613923E-03
 0.37447791722744E-03
 0.32511935753449E-03
 0.37523864132107E-03
 0.43694929266124E-03
 0.37000197595731E-03
 0.41374344773530E-03
 0.26890245167279E-03
 0.24783398086835E-03
 0.40064072833570E-03
 0.43151499234665E-03
 0.34165386609846E-03
 0.20103301003083E-03
 0.36682352245173E-03
 0.29575523669242E-03
 0.26581686534993E-03
 0.22631919734141E-03
 0.27138044806944E-03
 0.35829307779292E-03
 0.25178055831371E-03
 0.35205588387819E-03
 0.26791860962689E-03
 0.37114761222662E-03
 0.24724209626147E-03
 0.22784469531900E-03
 0.29567653076520E-03
 0.21715024180340E-03
 0.21501268237129E-03
 0.36618129155949E-04
 0.17307607575305E-03
 0.75171881153709E-04
 0.19638119131064E-03
 0.19543513493156E-03
 0.16999772146739E-03
 0.18568489077677E-03
 0.28943469479473E-03
 0.18799521941991E-03
 0.23352335049963E-03
 0.35459032221690E-03
 0.17085519195386E-03
 0.18337809146971E-03
 0.24285639479150E-03
 0.17318743566563E-03
 0.31035629476691E-03
 0.98630039704301E-04
 0.77174385904389E-04
 0.19145369005227E-03
-0.11639486505039E-04
 0.18756237228393E-03
 0.34590706209553E-04
 0.25833808559440E-04
 0.13288020506592E-04
 0.19193530251562E-03
 0.40973830219874E-05
