0.0009457119058485145
0.0016254463499947092
0.002659975521758765
0.004174034280263223
0.006317154787427373
0.00926500934711563
0.0132206360481088
0.018415622330990918
0.02511130584802119
0.033600031461812375
0.044206479857420225
0.057289057729638604
0.07324131510090458
0.09249333189616032
0.11551299570458246
0.14280707677847634
0.1749219963299593
0.21244418099873916
0.2559999005588588
0.3062544980807956
0.3639109400397208
0.42970763761882486
0.5044155163622721
0.5888343358535487
0.6837882812648436
0.7901208592696257
0.9086891296475628
1.0403572892140687
1.1859895972283654
1.3464425974968857
1.5225565619424488
1.715146071704623
1.9249896878222594
2.152818770402802
2.3993057025121454
2.6650520609595905
2.9505776082394934
3.256311265700292
3.5825853364167295
3.9296340602720337
4.297597067896781
4.68652757099269
5.096404371591796
5.527146265398038
5.978627247825323
6.450691117246042
6.94316447003814
7.455867541412909
7.988622743421826
8.54126103026093
9.113626376904103
9.705578716145348
10.316995674352501
10.947773407795658
11.597826789291473
12.267089142293115
12.955511672478913
13.663062707774419
14.389726826903647
15.135503932834219
15.900408309926553
16.6844676906721
17.487722348712683
18.31022422819518
19.15203611509766
20.013230852958483
20.893890603448963
21.794106150800072
22.713976248412546
23.653607005343588
24.613111310280285
25.592608290461435
26.59222280308084
27.612084956819153
28.652329661267647
29.713096202244166
30.794527841054308
31.89677143609513
33.01997708519471
34.164297787375126
35.32988912280471
36.516908950348075
37.72551711840481
38.955875198279884
40.20814622256473
41.482494444684654
42.77908510898568
44.098084234224864
45.43965840960162
46.803974602941395
48.19119998074704
49.601501739851464
51.03504695044367
52.492002410279284
53.97253450992761
55.476809108888105
57.00499142248257
58.55724591941433
60.133736229879936
61.73462506419372
63.360074141820675
65.01024413074917
66.68529459716689
68.38538396534295