76.03801668700578
76.08800379835954
76.17129503821256
76.28786127828255
76.43766087483364
76.62063952422712
76.83672984489985
77.08585043432015
77.36790507422415
77.68278073232685
78.03034593919705
78.41045078337729
78.82292496400048
79.2675795194842
79.74420563471432
80.25258044407487
80.79246833996889
81.36362065257048
81.96578990030542
82.59871851114228
83.26215621101554
83.95585615842367
84.67957972261341
85.43309558903579
86.21619761484659
87.02868035447175
87.8703653309057
88.74108268185886
89.64070267043049
90.56908512387476
91.52659848263481
92.51175450524096
93.5258882152506
94.56849531053709
95.63955398220091
96.73904673266371
97.86699379154872
99.02342766022029
100.20846310607482
101.42197828846706
102.66424776353166
103.93530911117688
105.23528202188682
106.5642998608813
107.92250764220296
109.31007289457872
110.7271637945892
112.17397678694074
113.65071102411761
115.15757740565064
116.69481208489894
118.26264229661942
119.86131955624492
121.4911032707003
123.15226026547971
124.84506990887259
126.56981866731199
128.32680114135576
130.1163234554715
131.9386941277954
133.79423186393817
135.68326522402364
137.6061235640246
139.5631433533078
141.55467122617776
143.58105511060603
145.64264013368384
147.73979611613524
149.87287050760034
152.04223046437122
154.2482344984134
156.4912651113217
158.7724371169431
161.08982173886437
163.44611474984865
165.84088486995103
168.27450433356694
170.74734096947435
173.25975127148203
175.81209969659943
178.40473292444236
181.03799588975076
183.71223424697104
186.42773522706386
189.18496258279023
191.98410269890394
194.82550186118664
197.7094661510711
200.6362809962306
203.60622650344047
206.61956331103414
209.676538537954
212.7773979143881
215.9223520117453
219.11160857448198
222.34536767656368
225.62376821514985
228.94701961016187
232.31520500000147
235.72845355266057
239.18685742917722
242.69049775756804
246.239421023126
249.83365671627075
253.47321389250777
257.15807647469694
260.88820832372187
264.66355701836636
268.484036914013
272.34954643456297
276.25995687219444
280.21513084811045
284.2149029420576
288.2590920680844
292.3475008490387
296.4799174976287
300.65611795805097
304.87586828226074
309.13892720070453
313.44504883355603