0.0009022132613848295
0.0009550137454690309
0.0010103277527657515
0.001068246105362917
0.0011288617531639855
0.0011922698357004727
0.0012585676347175254
0.0013278546781877699
0.0014002327022059997
0.001475805664890788
0.0015546798045974893
0.0016369636014405625
0.0017227678531318306
0.0018122056526386036
0.0019053924081672473
0.0020024458727041076
0.002103486155682937
0.0022086357327904945
0.0023180194556480273
0.002431764595998537
0.0025500008088426823
0.002672860214855483
0.002800477346269326
0.0029329892110448045
0.003070535268915257
0.0032132574954334835
0.003361300330833671
0.003514810762075731
0.003673938252344265
0.003838834842952348
0.00400965513261323
0.004186556241196851
0.004369697888547012
0.004559242401928672
0.0047553546784191185
0.004958202238652598
0.005167955236998276
0.005384786465904498
0.005608871337404673
0.005840387976953163
0.00607951713802966
0.006326442288527778
0.0065813495679331235
0.00684442784417096
0.007115868710627288
0.0073958664616969065
0.007684618178551391
0.007982323655783271
0.008289185478361376
0.008605409010459903
0.008931202391734767
0.009266776583496818
0.009612345341156847
0.009968125263005372
0.01033433576067169
0.010711199110510206
0.011098940455834622
0.011497787786686113
0.011907971998046347
0.01232972687357755
0.012763289094062776
0.013208898269677504
0.013666796935521267
0.014137230580910327
0.01462044762914588
0.015116699492251633
0.015626240541060533
0.0161493281625589
0.01668622272153289
0.017237187598425553
0.01780248922905572
0.018382397069863988
0.018977183626957148
0.019587124492848166
0.020212498303261876
0.02085358683432217
0.021510674919887025
0.02218405052962097
0.022874004788854516
0.023580831922108875
0.02430482932893421
0.025046297596073536
0.025805540467921814
0.02658286491342745
0.02737858106204557
0.028193002332203836
0.02902644532964689
0.029879229928860083
0.03075167927232475
0.03164411978243388
0.03255688115181063
0.033490296405493225
0.03444470188492327
0.03542043723826427
0.036417845494874555
0.03743727302422306
0.038479069596584745
0.03954358832631706
0.04063118578034216
0.041742221919437425
0.04287706012827287
0.04403606725736424
0.04521961359775217
0.04642807293474688
0.04766182252918576
0.04892124312661839
0.05020671903016591
0.05151863802902694
0.05285739148710045
0.05422337430053612
0.05561698495098252
0.05703862550819365
0.058488701616996173
0.059967622569900535
0.061475801241192396
0.06301365417332125
0.06458160154760774
0.06618006722085948
0.06780947869086532
0.06947026719234121
0.07116286764057916
0.0728877186453487
0.07464526257221302
0.0764359455009482
0.0782602173039881
0.08011853155382957
0.08201134563188715
0.08393912071198485
0.08590232172684337
0.0879014174647707
0.0899368804830254
0.09200918718874376
0.0941188178231764
0.09626625647211444
0.09845199107010971
0.10067651342964322
0.1029403192231276
0.10524390800810376
0.10758778323046803
0.10997245223465012
0.11239842627639768
0.11486622050204799
0.11737635399557
0.11992934976093907
0.12252573471704802
0.1251660397472316
0.12785079963335794
0.13058055313539052
0.13335584295377928
0.13617721572883998
0.13904522207302591
0.14196041654548291
0.14492335767091583
0.14793460793449953
0.15099473377492822
0.15410430560700536
0.1572638977885034
0.16047408868632035
0.16373546058189947
0.16704859973440686
0.1704140963544178
0.17383254463494713
0.17730454269509807
0.18083069260352125
0.1844116003915714
0.18804787602178077
0.19174013337929446
0.19548899028006264
0.19929506849107229
0.20315899365326764
0.20708139533653622
0.2110629069967626
0.21510416598724766
0.21920581351923796
0.22336849470003103
0.22759285845986776
0.23187955760133278
0.23622924873741788
0.24064259230902305
0.24512025254933364
0.24966289749250892
0.25427119892068206
0.2589458324030585
0.26368747723559294
0.26849681641901973
0.2733745366762298
0.2783213284159033
0.2833378856982519
0.28842490623179157
0.2935830913382163
0.2988131459595971
0.3041157785984314
0.3094917013165258
0.31494144491790127
0.3204662828317008
0.32606638330169074
0.33174265712265866
0.33749583374745223
0.3433266460226503
0.34923583015244336
0.35522412570272965
0.36129227551696086
0.36744102574742055
0.37367112576523615
0.37998332817266695
0.3863783887462566
0.39285706639996865
0.39942012317451253
0.40606832418620514
0.412802437580922
0.41962323450269423
0.4265314890862616
0.4335279783730419
0.44061348229561603
0.4477887836438426
0.4550546680073899
0.4624119237602205
0.4698613419677483
0.4774037164183657
0.4850398435116097
0.49277052226623025
0.5005965542275951
0.5085187434621047
0.5165378965066746
0.524654822286815
0.5328703321091841
0.5411852395945618
0.549600360654391
0.5581165133790682
0.5667345180659952
0.5754551971144475
0.5842793750001302
0.5932078782054212
0.6022415351996359
0.611381176331414
0.6206276338268576
0.6299817417051283
0.6394443357523825
0.6490162534199904
0.6586983338111322
0.6684914175908092
0.6783963469733079
0.688413965607263
0.6985451185561709
0.7087906522231714
0.7191514143078543
0.7296282537124228
0.7402220205295293
0.7509335659121972
0.7617637420842459
0.772713402225231
0.783783400437179
0.7949745916543517
0.8062878315954588
0.8177239766973773
0.8292838840493669
0.8409684113086675
0.852778416649113
0.864714758704904
0.8767782964746618
0.8889698892525411
0.9012903965944691
0.9137406782025882
0.9263215938748622
0.9390340034529463
0.9518787666974439
0.9648567432668064
0.9779687925994179
0.99121577388393
1.004598545952765
1.018117967201314
1.0317748955338188
1.0455701882691637
1.0595047020732302
1.0735792928725072
1.0877948157665867
1.1021521249759068
1.1166520737234658
1.1312955141783454
1.1460832973548014
1.1610162730510696
1.1760952897443615
1.1913211945168858
1.2066948329620135
1.222217049095035
1.2378886852804232
1.2537105821392407
1.269683578434947
1.2858085110154334
1.302086214701687
1.3185175222064902
1.335103264031401
1.3518442683817278
1.368741361066365
1.385795365399613
1.4030071021136703
1.420377389262318
1.4379070420939417
1.4555968729959259
1.4734476913563814
1.491460303486199
1.5096355125096963
1.527974118260357
1.546476917176568
1.5651447021983513
1.583978262660618
1.6029783841912661
1.6221458485905331
1.6414814337424979
1.6609859134940623
1.6806600575293402
1.700504631305114
1.7205203958945652
1.740708107884503
1.7610685192851272
1.7816023773861709
1.8023104246721262
1.8231933986816145
1.8442520319093298
1.8654870516800561
1.886899180042295
1.9084891336469985
1.9302576236243172
1.9522053554712693
1.9743330289526921
1.9966413379468357
2.019130970356738
2.041802607985113
2.0646569264016623
2.0876945948609076
2.110916276147537
2.1343226264776005
2.157914295382336
2.1816919255852865
2.205656152902012
2.229807606099581
2.2541469067974
2.278674669369157
2.303391500794247
2.328298000587892
2.3533947606627463
2.378682365213959
2.4041613906504105
2.429832405454084
2.455695970091193
2.4817526369004743
2.5080029500026995
2.5344474452095733
2.561086649899114
2.5879210829562003
2.614951254668183
2.642177666618391
2.6696008116290333
2.6972211736739444
2.7250392277719606
2.753055439949065
2.7812702671292846
2.8096841570989426
2.8382975484020236
2.8671108703165924
2.896124542764927
2.925338976275045
2.954754571917893
2.9843717212776864
3.014190806383019
3.044212199694824
3.0744362640547402
3.1048633526583003
3.1354938090345756
3.1663279670125397
3.197366150733232
3.2286086745929095
3.2600558432883515
3.291707951770687
3.3235652852688524
3.3556281193067217
3.387896719691066
3.420371342550279
3.453052234348031
3.48593963191281
3.5190337624734194
3.5523348436919955
3.585843083702857
3.619558681183131
3.6534818253695063
3.6876126961411515
3.721951464080034
3.7564982905236746
3.79125332765116
3.8262167185465734
3.8613885972990327
3.8967690894497786
3.932358310557825
3.9681563685832177
4.004163362461745
4.040379382593481
4.076804510930666
4.113438821114856
4.150282378554005
4.1873352405623505
4.2245974564778335
4.262069067769334
4.299750108176066
4.337640603837031
4.375740573400251
4.414050028195663
4.452568972315928
4.491297402808315
4.530235309778852
4.569382676552428
4.6087394798002785
4.6483056896974855
4.688081270068453
4.728066178527293
4.768260366622911
4.808663780007701
4.849276358567367
4.890098036580049
4.931128742862421
4.972368400933642
5.013816929141478
5.055474240846983
5.09734024454925
5.139414844041922
5.181697938581504
5.224189423007886
5.26688918791215
5.309797119776088
5.352913101141133
5.396237010729865
5.439768723586277
5.48350811125488
5.527455041884713
5.571609380403492
5.615970988630185
5.660539725429292
5.7053154468383225
5.7502980062199684
5.795487254363259
5.840883039650632
5.886485208166664
5.932293603825168
5.978308068494189
6.024528442137248
6.070954562909913
6.117586267292483
6.164423390201326
6.211465765112256
6.258713224152753
6.3061655982392475
6.353822717165484
6.4016844097132495
6.449750503755883
6.498020826353355
6.546495203869689
6.595173462047925
6.644055426103961
6.6931409208485615
6.742429770730306
6.791921799961319
6.841616832589143
6.891514692570958
6.9416152038582375
6.991918190492935
7.042423476653914
7.093130886746433
7.144040245479603
7.195151377923104
7.246464109584274
7.297978266463082
7.349693675123886
7.401610162758596
7.453727557242041
7.506045687181243
7.558564381984182
7.611283471907825
7.6642027881116315
7.717322162695775
7.770641428774752
7.824160420493017
7.8778789730935035
7.931796922950634
7.985914107609797
8.040230365826684
8.094745537616456
8.149459464278427
8.204371988432946
8.259482954060351
8.314792206527054
8.370299592620034
8.426004960567692
8.481908160088016
8.538009042396268
8.594307460230933
8.650803267889584
8.7074963212516
8.764386477777046
8.821473596560672
8.878757538323091
8.93623816545237
8.993915342002527
9.05178893371763
9.109858808054117
9.168124834182676
9.226586883011695
9.28524482718937
9.344098541124565
9.403147901000088
9.46239278477567
9.52183307219678
9.581468644808398
9.641299385956636
9.70132518080226
9.761545916326403
9.821961481325229
9.88257176643078
9.94337666411297
10.004376068661951
10.065569876226599
10.126957984787078
10.188540294168986
10.250316706056651
10.31228712395997
10.374451453252659
10.436809601156224
10.499361476730535
10.562106990891085
10.625046056391106
10.688178587832994
10.751504501662101
10.815023716159288