0.0010532208557823368
0.0011138648322144694
0.0011773415488726855
0.0012437509824289729
0.0013131953883026414
0.0013857793302012502
0.0014616096863266839
0.0015407956910799899
0.0016234489197944288
0.0017096833273372734
0.0017996152652385807
0.0018933635062672559
0.0019910492136489123
0.002092796021496626
0.0021987300118484544
0.0023089797635713187
0.0024236762994852314
0.002542953176972018
0.0026669464732048545
0.002795794776708002
0.0029296392540100738
0.003068623619606622
0.00321289414737932
0.0033625997516473272
0.0035178918919660674
0.0036789246746586498
0.003845854844623844
0.004018841772551566
0.004198047510777566
0.004383636752447446
0.004575776900528232
0.004774638042859946
0.004980392975986943
0.005193217215087633
0.005413289023391283
0.0056407893872295915
0.005875902082193467
0.006118813630807583
0.00636971334696589
0.00662879334213769
0.006896248533063174
0.00717227665044193
0.00745707826698441
0.007750856797163684
0.008053818505903955
0.00836617253290837
0.008688130890548965
0.009019908490552788
0.009361723131093262
0.009713795563567572
0.010076349423336847
0.010449611319093667
0.010833810795873847
0.011229180367824516
0.011635955528257972
0.012054374752878834
0.012484679524608352
0.012927114343762376
0.013381926724203585
0.01384936723417747
0.014329689488740931
0.014823150160064351
0.015330009004986588
0.015850528869607465
0.016384975703810003
0.01693361856734235
0.01749672965042199
0.018074584296698195
0.018667460983764973
0.01927564137988459
0.01989941033889859
0.020539055877885928
0.021194869249153456
0.021867144930554448
0.022556180615310614
0.023262277266749728
0.023985739114457838
0.02472687365005915
0.025485991670410303
0.026263407267918912
0.027059437869765956
0.027874404233561537
0.02870863046149472
0.029562444019696512
0.03043617577982057
0.03133015995685829
0.032244734218241686
0.03318023963506357
0.03413702071273562
0.03511542542201872
0.036115805191948076
0.03713851493316804
0.038183913058908656
0.03925236148250322
0.040344225660086094
0.041459874577684096
0.04259968079143183
0.043764020406346915
0.044953273133177686
0.046167822275866875
0.04740805476444384
0.04867436114273652
0.049967135620130144
0.05128677605654849
0.05263368397710024
0.054008264622720584
0.05541092691628601
0.056842083521944434
0.05830215080527215
0.059791548919786566
0.06131070173979645
0.0628600369565961
0.06443998602161773
0.06605098421085047
0.06769347060138149
0.06936788810888062
0.07107468350584627
0.07281430739553986
0.07458721428782417
0.07639386253983309
0.07823471443665081
0.08011023615618526
0.08202089779225481
0.08396717339381066
0.08594954092745209
0.08796848233899081
0.09002448352937134
0.09211803436906912
0.09424962874314662
0.09641976450805906
0.09862894355383926
0.10087767177070905
0.10316645907663412
0.10549581943432873
0.10786627086404026
0.11027833540792628
0.11273253917858608
0.1152294123878569
0.1177694892719686
0.12035330819555755
0.12298141158414444
0.12565434595566127
0.12837266193931768
0.1311369142573552
0.13394766174664444
0.13680546734974805
0.13971089814297258
0.14266452527343862
0.1456669240479518
0.1487186738910499
0.15182035832923924
0.15497256502103215
0.1581758857490032
0.1614309164163138
0.164738257044478
0.16809851177795498
0.17151228886975095
0.17498020068812178
0.17850286372042062
0.18208089854033002
0.1857149298298312
0.18940558636393734
0.19315350102223675
0.19695931073601702
0.20082365653046658
0.20474718347949422
0.2087305407344013
0.21277438146331043
0.21687936290354468
0.22104614628889244
0.2252753968733146
0.22956778391977367
0.23392398066560371
0.23834466432114518
0.24283051606453174
0.24738222100656387
0.2520004681753178
0.25668595052830945
0.26143936489800496
0.2662614119880972
0.27115279634917794
0.2761142263838266
0.2811464142687864
0.2862500760209966
0.29142593137347156
0.29667470382929284
0.301997120600418
0.307393912590179
0.3128658143814908
0.31841356417218414
0.32403790380119496
0.32973957867682235
0.33551933776940535
0.3413779335743346
0.3473161220679894
0.3533346627109646
0.35943431839134726
0.36561585537035146
0.37188004331682395
0.37822765519292817
0.3846594672768587
0.39117625908538917
0.3977788133780927
0.4044679160784002
0.411244356260444
0.4181089261130619
0.42506242088518453
0.43210563882675285
0.4392393812060954
0.4464644521969777
0.4537816589023096
0.4611918112475245
0.4686957219843033
0.4762942066082819
0.48398808333956383
0.4917781730746853
0.49966529931499726
0.5076502881373725
0.5157339681441847
0.5239171704039786
0.5322007284041792
0.5405854780164623
0.5490722573960918
0.5576619070087298
0.5663552694850903
0.5751531896344688
0.5840565143672902
0.5930660926166638
0.6021827753313084
0.611407415370422
0.620740867466941
0.6301839881749131
0.6397376357852187
0.6494026703095592
0.6591799533606797
0.6690703481472802
0.6790747193780691
0.6891939331906423
0.6994288571293892
0.7097803600443334
0.7202493120421054
0.7308365844050144
0.7415430495478549
0.7523695809402059
0.7633170530196707
0.7743863411628318
0.7855783215858295
0.7968938712716276
0.8083338679208601
0.8198991898810828
0.8315907160423864
0.8434093257897345
0.8553558989418952
0.8674313156517722
0.8796364563387576
0.8919722016178594
0.9044394322279589
0.9170390289318926
0.9297718724694106
0.9426388434565138
0.9556408223192973
0.9687786892045823
0.9820533239012239
0.9954656057627829
1.0090164136192752
1.022706625696245
1.036537119534582
1.0505087719022714
1.0646224586985713
1.0788790548884772
1.0932794344070242
1.1078244700457154
1.1225150334130518
1.1373519948002322
1.1523362231115213
1.1674685857635878
1.1827499486045758
1.19818117579979
1.213763129760201
1.2294966710299915
1.2453826582050087
1.2614219478111246
1.2776153942363422
1.2939638495982326
1.310468163672815
1.3271291837892998
1.343947754690826
1.3609247184851834
1.3780609144973575
1.395357179188477
1.4128143460473324
1.4304332454555797
1.4482147046267968
1.4661595474423947
1.4842685943898053
1.502542662420734
1.5209825648477668
1.5395891112304272
1.5583631072630935
1.5773053546428102
1.596416650982154
1.6156977896748108
1.6351495597721988
1.6547727458635664
1.6745681279754543
1.6945364814329278
1.7146785767452608
1.734995179465926
1.7554870501034767
1.7761549439791786
1.7969996110760782
1.8180217959722258
1.839222237660078
1.8606016694475735
1.8821608188404653
1.9039004073814596
1.9258211505567522
1.9479237576531643
1.970208931627319
1.992677368997903
2.015329759688778
2.0381667869330333
2.061189127113988
2.0843974496735878
2.1077924169471998
2.131374684074617
2.1551448988537194
2.1791037016231796
2.2032517251248103
2.2275895944093587
2.2521179266873093
2.2768373312313273
2.3017484092446874
2.326851753727349
2.352147949406321
2.377637572569963
2.4033211910060457
2.4291993638437464
2.4552726414739605
2.4815415654549726
2.508006668364996
2.53466847375228
2.561527496018804
2.588584240296284
2.6158392024106707
2.643292868745741
2.6709457161845136
2.6987982120247205
2.726850813884849
2.7551039696557322
2.7835581174168924
2.8122136853624404
2.8410710917599906
2.870130744874328
2.8993930429283066
2.928858374055439
2.9585271162343574
2.988399637280498
3.0184762947957084
3.0487574361373415
3.0792433984062133
3.1099345084247614
3.140831082711225
3.171933427484361
3.2032418386700248
3.2347566018799445
3.266477992429221
3.2984062753687255
3.330541705479388
3.362884527308318
3.3954349751983464
3.4281932733268716
3.4611596357393775
3.49433426640516
3.5277173592608957
3.561309098275805
3.5951096575199197
3.6291192012020623
3.663337883796453
3.697765850062318
3.7324032351732255
3.767250164786842
3.802306755133556
3.8375731131209845
3.8730493364456877
3.908735513681416
3.944631724407825
3.980738039322557
4.01705452073723
4.05358122115749
4.0903181857354
4.1272654508543365
4.164423044649422
4.201790987134141
4.239369290367766
4.277157958561992
4.315156988250476
4.353366368442007
4.391786080749469
4.430416099558644
4.469256392180265
4.5083069190013125
4.5475676336475
4.587038483151449
4.626719408087491
4.666610342762565
4.706711215355604
4.7470219481021045
4.787542457434387
4.8282726541649215
4.869212443632415
4.910361725896564
4.951720395862297
4.993288343467941
5.035065453840628
5.077051607466954
5.119246680350994
5.161650544147475
5.204263066374282
5.247084110532477
5.290113536276469
5.3333511995526655
5.376796952789244
5.4204506450182945
5.464312122031839
5.508381226539712
5.55265779831851
5.597141674341169
5.641832688940191
5.686730673933001
5.731835458767668
5.777146870661549
5.822664734734721
5.868388874134843
5.9143191101858585
5.960455262494612
6.006797149078077
6.0533445865079525
6.1000973900093465
6.147055373581169
6.194218350116406
6.2415861315148256
6.28915852878711
6.336935352170915
6.384916411223212
6.43310151494938
6.481490471861285
6.530083090106873
6.578879177561394
6.6278785419105635
6.677080990731367
6.726486331613947
6.776094372208894
6.825904920321205
6.875917784009085
6.926132771636697
6.976549691954472
7.027168354184503
7.077988568082108
7.129010144000873
7.180232892972705
7.231656626745943
7.283281157874351
7.33510629976974
7.387131866740832
7.439357674074792
7.4917835380813
7.544409276127679
7.597234706716958
7.650259649514321
7.703483925403327
7.7569073565253825
7.810529766318345
7.864350979571133
7.918370822448552
7.972589122533376
8.027005708857866
8.081620411944858
8.136433063845377
8.191443498144091
8.246651550018518
8.30205705625082
8.357659855258465
8.413459787119042
8.46945669359273
8.5256504181475
8.582040805978721
8.638627704036097
8.695410961029744
8.752390427461727
8.80956595562642
8.866937399657806
8.924504615501418
8.982267460962136
9.04022579570107
9.09837948124625
9.156728381019793
9.21527236032848
9.27401128638424
9.332945028311828
9.39207345714835
9.451396445855778
9.510913869335369
9.57062560441772
9.630531529877668
9.690631526429078
9.750925476746687
9.81141326544103
9.872094779088853
9.932969906215114
9.994038537299431
10.055300564783174
10.116755883058275
10.178404388476544
10.240245979336395
10.302280555902074
10.364508020377603
10.42692827692154
10.4895412316316
10.552346792560407
10.615344869687947
10.678535374930254
10.741918222137794
10.805493327090133
10.869260607482527
10.933219982922074
10.997371374943484
11.061714706968731
11.126249904323569
11.190976894228585
11.255895605788789