141.64849876613076
141.70976210457553
141.7863275755964
141.89349368419778
142.03123454197058
142.19951676611217
142.3982992384439
142.6275327325229
142.88715955220536
143.177113681776
143.4973191321831
143.84769036643596
144.22813372198542
144.63854374033647
145.07880872740827
145.54880782794473
146.04841570152803
146.57750211859266
147.13593562720652
147.72358384565138
148.34031655081952
148.98600657441298
149.66053201197974
150.363776542097
151.09563161667694
151.85599588913274
152.64477768380274
153.46189319179908
154.30726508476067
155.1808390746461
156.08254991008036
157.0123556854403
157.970219535419
158.95611419435176
159.97001861810634
161.0119308677062
162.08243240859338
163.1797581097924
164.3056951229925
165.45967352893135
166.64172032824933
167.85186977386726
169.09016162810178
170.35664179542246
171.65136394948917
172.97437608524422
174.32573087199796
175.70553768887157
177.11381743082345
178.5506605006023
180.01614205948195
181.5103343901793
183.0333321094238
184.58520709743857
186.16604894589153
187.7759437572347
189.41498300974536
191.08325437119126
192.78084947760436
194.5078595094102
196.26437727980627
198.05049396156258
199.86630240600522
201.71189356029274
203.5873595931178
205.49278914552525
207.4282751266786
209.39390239844641
211.38976081139018
213.4159347620636
215.47250869514363
217.55956460602368
219.67718407630016
221.8254441393566
224.00442253497974
226.2141928976489
228.45482709552607
230.7263962262005
233.02896289715378
235.36333878126476
237.7273560089973
240.12330391109495
242.5504955733517
245.00898342628392
247.49880734849307
250.0200605587721
252.57274363394745
255.15691645599816
257.77261947288105
260.4198945012213
263.09877493190476
265.80929619837934
268.5514914184181
271.32538969988656
274.13102121540146
276.9684028231463
279.83756555905444
282.7385317343117
285.6713177998394
288.6359445128225
291.6324252829054
294.66077676129447
297.7210180057469
300.81315282008677
303.9371952743184
307.09315942504094
310.2810482625833
313.5008769386649
316.75264704304044
320.0363658090382
323.35204439343676
326.69968746977156
330.0792980141972
333.4908828075579
336.93444690583937
340.40999901006677
343.91754033968624
347.45708031761933
351.0286236437331
354.6321777612986