150.89862763795574
150.96048339788337
151.03778980684052
151.14599394124983
151.28507083319167
151.45498812312593
151.65570594970995
151.8871766440146
152.1493443087648
152.4421456387184
152.76550716632565
153.1193477086372
153.50357661800888
153.91809571100404
154.36279975271975
154.83801071586183
155.34231325384008
155.87689023157324
156.4411894230331
157.0350941719822
157.6584902426858
158.31126745934256
158.99332134214
159.70455429400388
160.44487442067182
161.21420050008567
162.01245689973453
162.8395775960237
163.6955054429752
164.58019257552903
165.49359860493107
166.43569237734883
167.40645136299867
168.40586025839372
169.43391310532536
170.4906103793621
171.57596067045552
172.68997835381404
173.83268519576063
175.00410970053505
176.20428500340108
177.43325102232257
178.69105261505885
179.9777391324475
181.2933639624288
182.63798806134483
184.01167050101333
185.4144808314202
186.84648464190877
188.3077571113001
189.7983713993487
191.31840518594421
192.86793802233706
194.4470513192092
196.05582653011675
197.69434834654302
199.3627019564027
201.06097310119074
202.78924614955534
204.54760990168504
206.3361514800354
208.15494880384762
210.00409623929508
211.88368412083562
213.79377159025213
215.73446807926538
217.70584448308168
219.7079814823495
221.7409608998637
223.8048565105401
225.89974455309996
228.02569749577157
230.1827894313091
232.37108631642937
234.59065619400275
236.84156337975156
239.12386836194702
241.43763311133168
243.78291347115805
246.15976317428104
248.56998180172258
251.00837311195934
253.48023237666314
255.9838503706123
258.51927150176476
261.08653340224254
263.68567188901284
266.3167203855001
268.9797094738401
271.6746634778093
274.4016282375949
277.1606107592239
279.95163010080796
282.77471541125914
285.62988043312913
288.51717516449605
291.4365218046448
294.38802109032855
297.3716557504345
300.38742814408755
303.4353637798718
306.5154524984409
309.6277055288807
312.77212568191237
315.9487222236865
319.1574901370043
322.39843280483154
325.67155333405844
328.97685166884116
332.31432681754575
335.6839780335831
339.08580846508477
342.5198149823528
345.9859995738392
349.48435746840596
353.01489079103885
356.5776014885147
360.172488605154
363.7995540156773
367.4587962306599