0.
0.
0.
0.
0.
2.358309228802473e-12
1.1369532913595081e-10
2.1468061274403987e-9
2.1854327501774162e-8
1.4387908071231695e-7
6.881579842460974e-7
2.585110682131789e-6
8.052774418485771e-6
0.00002162786949274148
0.000051543760459132545
0.00011139059597620827
0.00022195973587623853
0.0004131616396912174
0.0007259162353237466
0.0012139377916093638
0.0019453628167276193
0.0030041978360291835
0.004491586646256351
0.006526914160034654
0.009248775268563866
0.012815843049809313
0.017407671845405374
0.02322546832202175
0.03049285848810528
0.03945667219090626
0.05038775831434665
0.06358183550494094
0.07936037471726634
0.09807151693460812
0.12009089590721127
0.14582266966420088
0.1757001766235093
0.21018673077390523
0.24977618541714716
0.2949933304691122
0.34639407418825036
0.40456535904265467
0.4701247701033804
0.543719799774145
0.6260267314898748
0.7177490715716438
0.8196155014082176
0.9323774985018133
1.0568049209868644
1.193684339075847
1.3438118526711385
1.5079884080250334
1.687012604481409
1.881672532778699
2.092736407483574
2.3209421318447214
2.566986138296784
2.831512102434308
3.1151003743775254
3.418259138960759
3.7414183309362756
4.084927095093368
4.449055176610235
4.833998055958298
5.23988519007909
5.666790314296685
6.114742706382544
6.5837383907997555
7.073750515091237
7.584738420527098
8.116655194745602
8.669453696698023
9.243091174097353
9.837532661107518
10.4527533655857
11.088740248327717
11.745492974340463
12.423024388155275
13.121360636490305
13.84054103558793
14.580617758449575
15.341655398907589
16.12373045519909
16.926930764299183
17.751354926548128
18.597111619567286
19.464319164636947
20.353104767009196
21.263604021689467
22.19596033611723
23.150324388947183
24.126853609094514
25.125711675311006
26.147068036126853
27.19109744964151
28.25797954256071
29.347898387665644
30.461042098980258
31.597602443821817
32.75777447102723
33.94175615439297
35.14974805121792
36.38195297483941
37.63857568086894
38.919822566689
40.22590138377383
41.557020962559534
42.9133909495756
44.29522155661739
45.70272332186158
47.13610688270762
48.59558276035581
50.08136115603457
51.593651758844715
53.132663565271145
54.6986047101088
56.291682310208806
57.9121023177174
59.560069387381326
61.235786754563044