 0.35344914236470E-04
-0.29021474726989E-03
 0.36006629026542E-04
 0.40233146791348E-04
 0.59161548950763E-04
 0.63884620651038E-04
 0.68689381591731E-04
-0.40093654836780E-04
-0.18245001554916E-03
                  NaN
 0.17624997131493E-02
-0.34953125687036E-02
-0.33762295294009E-03
-0.77660908095491E-04
-0.37932404075162E-05
-0.12101121677536E-03
 0.91004212031188E-03
-0.44729667541333E-04
-0.14598976390887E-02
-0.39407385869524E-03
 0.57093090387941E-02
 0.19936071611841E-02
 0.24858379815404E-02
 0.42812005329077E-03
 0.12675219088538E-02
-0.24126418990807E-03
 0.22375126431206E-03
-0.12782015400130E-02
-0.47493929550156E-03
-0.78154132226094E-03
-0.17171085367917E-01
-0.54996133968044E-03
                  NaN
 0.39579091853356E-02
 0.19899756392688E-02
                  NaN
 0.45128455302053E-02
-0.45279762089784E-02
-0.29717304191240E-02
-0.21287352072928E-02
 0.80408404214241E-03
-0.23060420946411E-01
                  NaN
 0.93846381845753E-02
-0.19935672337217E-01
 0.81010503009669E-02
 0.12199639671106E-01
-0.44446423367559E-02
 0.11484337546987E-02
-0.11918372245814E-02
                  NaN
 0.60165830768044E-02
-0.26526884921852E-02
-0.40933751957546E-03
-0.32572468728901E-01
 0.88401845814970E-01
 0.11102979498269E-02
 0.24872242691218E-03
-0.28238209593376E-03
 0.15334082890372E-02
 0.39520706048654E-03
-0.18693713689763E-01
-0.29702009402450E-02
-0.11781165226314E-07
-0.11917790171606E-07
-0.98067852841674E-08
-0.85674320648035E-08
-0.94218548124153E-08
-0.65183516516035E-08
-0.10593700055113E-07
-0.93479255089237E-08
-0.89285248801291E-08
-0.73580834642421E-08
-0.54904428901755E-08
-0.80816559768570E-08
-0.88164915977201E-08
-0.49066761376178E-08
-0.65119871961995E-08
-0.59162185425353E-08
-0.58972844684259E-08
-0.48963725906596E-08
-0.51918780525951E-08
-0.37036329918263E-08
-0.40329764454715E-08
-0.67873040701123E-08
-0.37103210274129E-08
-0.40530353815042E-08
-0.26521910899463E-08
-0.55960031024169E-08
-0.17051727984006E-08
-0.72843677865883E-09
 0.24656220189104E-08
-0.10477555537604E-07
 0.18362871768093E-08
-0.36393573254347E-08
-0.93282547628933E-08
 0.11863574297441E-08
-0.16046909275169E-07
 0.20552035696004E-08
-0.14328518475355E-08
 0.18485142385297E-10
-0.18977932071470E-09
-0.17381127711539E-08
-0.14434589702128E-08
