2.831238081062451
3.136310965341698
3.456525786057337
3.791760458260439
4.141909244540372
4.506880803776752
4.8865964951236265
5.280988917133476
5.6900006586671825
6.113583238436726
6.551696211851536
7.004306426056785
7.471387406309023
7.952918858704951
8.448886275856983
8.959280633186577
9.484098164482457
10.02334020598386
10.57701309891719
11.145128140873897
11.727701577037067
12.324754622940223
12.936313510285297
13.562409550247358
14.203079205957849
14.858364169893514
15.528311440014031
16.212973394635718
16.912407854528187
17.626678133850834
18.355853087083815
19.10000713127634
19.859220258013842
20.633578028458217
21.423171552210533
22.228097450132672
23.04845780149239
23.88436007602094
24.735917051628803
25.603246718615132
26.48647217133436
27.385721488266608
28.301127601516566
29.232828156722817
30.180965364376167
31.14568584346742
32.12714045841069
33.12548415008981
34.14087576181629
35.17347786102456
36.22345655732466
37.290981317658975
38.37622477908351
39.47936255980076
40.60057306891547
41.74003731540878
42.89793871672856
44.07446290747027
45.269797548443314
46.4841321365303
47.71765781562412
48.97056718897217
50.243054133215985
51.53531361439163
52.847541506181855
54.17993441064189
55.53268948168537
56.9060042515445
58.30007646050691
59.715103890063205
61.15128419973063
62.60881476796129
64.08789253706654
65.58871386258903
67.1114743673074
68.65636880107918
70.2235908997092
71.81333326418793
73.42578722530588
75.06114272905427
76.71958822187239
78.40131054300782
80.10649482313869
81.83532438944462
83.58798067729418
85.36464314870715
87.16548921772038
88.99069418281283
90.8404311664867
92.7148710621341
94.6141824882644
96.53853175018588
98.48808280920505
100.4629972593946
102.46343431196898
104.4895507873053
106.54150111460687
108.61943733922172
110.72350913759657
112.85386383985241
115.01064645993253
117.19399973329469
119.40406416207543
121.64097806768264