4.813545736175545
5.140101896167432
5.482611528073367
5.840881211726142
6.214739339961769
6.604034276439758
7.008632557419668
7.4284171945154975
7.8632861115496135
8.313150732264507
8.77793472478837
9.257572901327945
9.752010267006685
10.261201208597813
10.785108812171499
11.323704297504046
11.876966556688338
12.4448817842385
13.027443186291382
13.624650756935075
14.2365111099891
14.863037356639195
15.504249018100678
16.160171965473616
16.830838378778505
17.516286718525613
18.216561703077797
18.931714293767616
19.66180166357635
20.40688717986698
21.167040365074758
21.942336853718956
22.7328583377277
23.538692500276102
24.359932937687013
25.196679069389763
26.049036036073986
26.91711458648444
27.801030953390455
28.700906719426428
29.61686867352753
30.549048658785228
31.497583412535572
32.462614399477886
33.444287638666616
34.442753525143715
35.458166646936434
36.490685598166415
37.540472788908914
38.607694252423094
39.692519450343525
40.79512107634016
41.91567485876381
43.05435936270384
44.21135579188923
45.386847790808616
46.581021247404024
47.79406409666512
49.026166125436944
50.277518778715226
51.548314967718234
52.83874887996938
54.149015791661604
55.47931188253258
56.82983405347751
58.20077974712865
59.592346771641516
61.00473312788211
62.43813684024766
63.89275579137999
65.36878756090641
66.86642926839252
68.38587742102844
69.92732776579082
71.4909751466619
73.07701336695024
74.68563505696918
76.31703154726097
77.97139274756614
79.6489070317459
81.34976112881574
83.07414002029857
84.82222684404235
86.5942028046835
88.39024709088648
90.21053679952409
92.05524686689175
93.92455000711139
95.81861665779186
97.7376149330576
99.68171058401596
101.65106696671512
103.64584501766166
105.66620323691235
107.71229767877506
109.78428195012187
111.8823072163014
114.00652221466383
116.15707327561825
118.33410435124173
120.53775705133444
122.76817068690393
125.02548232098661
127.30982682672982