 0.00000000000000E+00
 0.00000000000000E+00
 0.00000000000000E+00
 0.00000000000000E+00
-0.55425186735619E-14
 0.54473736044496E-14
-0.13926796490546E-15
 0.33927475010108E-15
 0.50391151288111E-14
 0.42807842538285E-13
 0.23563872353314E-12
 0.96753642069436E-12
 0.31877643564958E-11
 0.87632125571382E-11
 0.20913187673697E-10
 0.44548246976621E-10
 0.86534906385126E-10
 0.15435210909534E-09
 0.25931860632001E-09
 0.41184905590750E-09
 0.62385434091735E-09
 0.90748836055069E-09
 0.12758323458378E-08
 0.17391642195085E-08
 0.23119076774162E-08
 0.30011629619223E-08
 0.38208939877562E-08
 0.47809869110284E-08
 0.58932402408697E-08
 0.71688022913181E-08
 0.86200211740521E-08
 0.10261115956887E-07
 0.12107614364243E-07
 0.14176933126269E-07
 0.16488738084271E-07
 0.19064626360614E-07
 0.21928589373343E-07
 0.25106610226162E-07
 0.29025707080575E-07
 0.32296420292191E-07
 0.37098165834185E-07
 0.42081467744040E-07
 0.46989138468017E-07
 0.51975282325532E-07
 0.57693777500684E-07
 0.51802100518847E-07
 0.89008593210346E-07
 0.80118000774173E-07
 0.89622030456259E-07
 0.10002342726761E-06
 0.11105422872125E-06
 0.12149841586179E-06
 0.13174762721234E-06
 0.10121111556346E-07
 0.15151555448096E-06
-0.51430866798807E-06
 0.17257986574049E-06
 0.33757782227239E-05
 0.20394577256188E-06
-0.53398826417187E-06
 0.23894378144845E-06
 0.24011057328007E-06
 0.24813211229917E-06
 0.26607192373042E-06
 0.26726863734048E-06
 0.19465630179017E-06
 0.28077702961772E-06
 0.27786379980161E-06
 0.27166070500262E-06
 0.26856003515787E-06
 0.24296393563242E-06
 0.22309093238872E-06
 0.20672001045103E-06
 0.13301735315922E-06
 0.12045861230420E-06
 0.63947969715384E-07
 0.32580563490762E-07
-0.98357877526855E-08
-0.49198027745878E-07
-0.84261649313287E-07
-0.11397239721148E-06
-0.13722119484635E-06
-0.15402753740193E-06
-0.16461740523790E-06
-0.16962068038156E-06
-0.16989260426954E-06
-0.16638680786313E-06
-0.16005087878348E-06
-0.15175348097533E-06
-0.14223838221578E-06
-0.13211548994810E-06
-0.12183263375929E-06
-0.11174794302724E-06
-0.10210032951487E-06
-0.93027266951992E-07
-0.84616501259118E-07
-0.42070272612363E-06
-0.69849659055494E-07
-0.63520671323605E-07
-0.57830055501069E-07
-0.52676480276061E-07
-0.48061040211874E-07
-0.43961529901092E-07
-0.40318929672659E-07
-0.37054495751333E-07
-0.34119161234496E-07
-0.31501153163707E-07
-0.29165286813555E-07
-0.27079775179225E-07
-0.25199835193999E-07
-0.23545822777371E-07
-0.21995733935620E-07
-0.20624768178049E-07
-0.19390400371718E-07
-0.18271699896093E-07
-0.17255131425974E-07
-0.16331522712008E-07
-0.15489944682755E-07
-0.14721449075482E-07
-0.14017964780639E-07
