 0.00000000000000E+00
 0.00000000000000E+00
 0.00000000000000E+00
 0.00000000000000E+00
-0.14219456267398E-13
-0.54960290841150E-14
-0.19000553110851E-15
-0.31142865812614E-14
-0.60908097965009E-14
-0.56881561188956E-13
-0.20686354674309E-12
-0.10524883706903E-11
-0.32221031848253E-11
-0.79307235100826E-11
-0.23611324272324E-10
-0.43671469409197E-10
-0.38331312373829E-11
-0.65144388839257E-10
-0.19499908874038E-09
-0.27616907151504E-09
-0.47476826505354E-09
-0.51836522226767E-09
-0.36847271522261E-09
-0.14348637601163E-08
-0.10775856319707E-08
-0.29605272346426E-08
-0.51869442576484E-08
-0.53331083915859E-08
-0.73113114797646E-08
-0.10139497559199E-07
-0.12776590652377E-07
-0.15968335927071E-07
-0.19917503680108E-07
-0.24982208249923E-07
-0.31643399749814E-07
-0.39924640008645E-07
-0.49857913058498E-07
-0.62354778001249E-07
 0.20951401605473E-05
-0.10497077536718E-05
 0.25939630932237E-05
 0.27406305088599E-05
-0.16966526255626E-05
-0.62748427990151E-05
-0.82787234295895E-05
 0.12693593617919E-03
-0.87251940877169E-04
 0.13924929390397E-04
 0.21571107617573E-04
 0.24091891599884E-04
 0.17376216768497E-04
-0.20475611468379E-04
-0.41939358570765E-04
-0.19031077569479E-01
-0.56841762723124E-04
 0.30405597503837E-01
 0.51291426014214E-04
-0.27769874700450E-01
 0.77389866801912E-04
-0.73376530319997E-02
-0.43120796309731E-04
-0.80783456104152E-04
 0.57341585240608E-03
-0.38428023385953E-04
-0.19519411931179E-03
-0.19131667481089E-02
 0.33018977631356E-04
 0.96875218249741E-05
 0.12062489607977E-04
-0.17490004997034E-03
 0.14201354253451E-04
 0.56794342864889E-03
-0.24640938670843E-03
-0.14540167901821E-03
 0.42594533467942E-03
 0.18450296839264E-03
-0.20669033927694E-04
-0.20547779684294E-04
-0.19760499201844E-04
-0.27696247075715E-04
-0.20680330481395E-04
-0.18955550256755E-04
-0.13784488676142E-04
-0.81980429961782E-05
-0.29697244837706E-05
 0.13700260078222E-05
 0.45714302489853E-05
 0.66024611795382E-05
 0.70185095851697E-05
 0.77627812913713E-05
 0.77529870386986E-05
 0.67967671521567E-05
 0.58860424184621E-05
 0.49534632838516E-05
 0.40172399515265E-05
 0.28884081720717E-05
-0.21103470315757E-01
 0.36043953400863E-05
 0.29950337756620E-06
 0.10112239934102E-06
 0.23582367714651E-05
 0.16489087714761E-05
-0.85912428584132E-06
-0.84798119828295E-06
 0.67452400565888E-06
 0.60294888085408E-06
-0.45401335401484E-07
-0.62399129162106E-06
 0.13055708360437E-06
-0.56259846137133E-07
 0.30459712941304E-06
-0.14708519768990E-06
 0.88745995852059E-07
 0.32972048956594E-07
-0.57783450087925E-07
-0.12313543181782E-06
-0.11499128475018E-06
-0.10666223378055E-06
-0.99012879265470E-07
-0.68616720461639E-07
