0.46456017795853893
0.48621227760937974
0.5081533475132751
0.5303690257978877
0.5528474033001243
0.5755784443528532
0.5985535770487831
0.6217653950869987
0.6452074355868428
0.6688740100512619
0.6927600734982684
0.7168611215207438
0.7411731081883562
0.7656923797927254
0.7904156207291899
0.8153398089498358
0.8404621788267046
0.8657801900947224
0.8912915015539457
0.9169939487155202
0.9428855246891985
0.9689643636971449
0.9952287268029371
1.021676989527216
1.0483076309882917
1.0751192243930696
1.1021104286288075
1.129279980854178
1.15662668989563
1.1841494303791702
1.21184713746488
1.2397188021541279
1.2677634670428748
1.2959802225045651
1.3243682032458777
1.352926585180477
1.3816545825702453
1.4105514454656487
1.4396164573301753
1.4688489328859569
1.4982482161516562
1.5278136786089436
1.5575447175624786
1.587440754592115
1.6175012341298474
1.6477256221792485
1.6781134050962239
1.708664088460127
1.739377196041191
1.7702522688428077
1.8012888642061151
1.8324865549538056
1.8638449286384482
1.8953635868004872
1.9270421442811083
1.9588802286140405
1.9908774793935307
2.023033547741117
2.0553480957751344
2.087820796125894
2.120451331450617
2.1532393940139043
2.186184685289059
2.2192869155422765
2.25254580348399
2.285961075935974
2.319532467475489
2.3532597201542726
2.3871425831895965
2.4211808127042347
2.455374171441605
2.4897224285407344
2.52422535928355
2.5588827448915663
2.5936943722775188
2.6286600338786688
2.6637795274510085
2.6990526558791097
2.7344792270094254
2.770059053482355
2.805791952571756
2.84167774603674
2.877716259964787
2.9139073246522122
2.9502507744639126
2.9867464477017944
3.0233941864895915
3.060193836656189
3.0971452476199435
3.1342482722924876
3.171502766970745
3.2089085912386257
3.246465607876294
3.284173682763477
3.3220326848139274
3.360042485860739
3.3982029606055772
3.436513986529932
3.47497544380923
3.513587215267401
3.552349186301663
3.5912612448023404
3.6303232810997375
3.669535187910892
3.7088968602651016
3.7484081954660677
3.7880690930230068
3.8278794546003816
3.8678391839763213
3.9079481869819244
3.948206371467375
3.988613647247701
4.029169926051016
4.069875121501761
4.110729149056538
4.151731925961777
4.1928833712505185
4.234183405657878
4.2756319516235335
4.317228933232022
4.358974276194493
4.400867907815442
4.442909756948405
4.485099753982175
4.527437830800962
4.5699239207629185
4.612557958666504
4.655339880718834
4.698269624538286
4.741347129089456
4.784572334684532
4.827945182958588
4.8714656168347075
4.915133580511816
4.958949019447934
5.002911880320819
5.0470221110256155
5.091279660651019
5.13568447945793
5.180236518856738
5.22493573139975
5.269782070758107
5.314775491708125
5.359915950104862
5.40520340288671
5.450637808032817
5.496219124576373
5.5419473125710965
5.58782233308552
5.633844148179663
5.680012720911728
5.726328015299377
5.772789996335993
5.819398629944006
5.866153883004068
5.913055723308499
5.960104119562414
6.007299041387934
6.054640459283976
6.102128344643752
6.149762669731313
6.197543407675462
6.245470532452132
6.29354401889531
6.341763842666002
6.390129980254721
6.438642408979
6.487301106961797
6.5361060531341035
6.585057227218553
6.634154609737996
6.683398181987068
6.732787926042618
6.782323824747947
6.8320058617104475
6.881834021290309
6.931808288606477
6.981928649512694
7.032195090606069
7.082607599215407
7.133166163400836
7.1838707719409
7.234721414330822
7.285718080782251
7.3368607622158235
7.388149450247375
7.4395841372008595
7.491164816086619
7.542891480611445
7.594764125166532
7.646782744821028
7.69894733533035
7.751257893116568
7.803714415280206
7.856316899584095
7.909065344457975
7.961959748992903
8.01500011293505
8.06818643669166
8.121518721316027
8.174996968513335
8.228621180638664
8.282391360681979
8.336307512283515
8.3903696397205
8.44457774790455
8.498931842382778
8.553431929334701
8.608078015570246
8.66287010852628
8.717808216267597
8.772892347479853
8.828122511474398
8.883498718182814
8.939020978153325
8.99468930255426
9.050503703166864
9.106464192388644
9.162570783228658
9.218823489311225
9.275222324863657
9.331767304728528
9.388458444353015
9.445295759791863
9.50227926770529
9.559408985355494
9.616684930610768
9.674107121942752
9.731675578417757
9.78939031971215
9.847251366093486
9.905258738435785
9.96341245820301
10.021712547461116
10.08015902887755
10.138751925704247
10.197491261798735
10.256377061605509
10.315409350170679
10.374588153129567
10.433913496710293
10.493385407735522
10.553003913621216
10.612769042372303
10.672680822587127
10.732739283456468
10.792944454758324
10.853296366861883
10.913795050728394
10.974440537906576
11.03523286054192
11.096172051354971
11.157258143666656
11.218491171385116
11.279871169007325
11.341398171615618
11.403072214880288
11.464893335065057
11.526861569015155
11.588976954172715
11.651239528554921
11.713649330779337
11.776206400041803
11.838910776129234
11.901762499418115
11.964761610869674
12.027908152030863
12.091202165038958
12.154643692617588
12.218232778076105
12.281969465312951
12.345853798809681
12.409885823640664
12.47406558546301
12.538393130523414
12.602868505650575
12.667491758265248
12.732262936371935
12.797182088566455
12.862249264025015
12.92746451251489
12.992827884388465
13.05833943058671
13.123999202634955
13.189807252645757
13.255763633319502
13.321868397942438
13.388121601368963
13.454523296126442
13.521073538208459
13.587772383253112
13.654619887476414
13.721616107684822
13.788761101266424
13.856054926200995
13.923497641055413
13.991089304972716
14.058829977694465
14.126719719541866
14.194758591419497
14.26294665482213
14.331283971828658
14.399770605103079
14.468406617897111
14.537192074043482
14.60612703796102
14.67521157465801
14.744445749721761
14.813829629326678
14.8833632802329
14.953046769781569
15.022880165900807
15.092863537100364
15.162996952475101
15.233280481702632
15.30371419504555
15.374298163345108
15.445032458030644
15.515917151106553
15.586952315168169
15.658138023386384
15.729474349517066
15.800961367892388
15.872599153432606
15.944387781630176
16.016327328567506
16.088417870898585
16.16065948586114
16.2330522512687
16.305596245518544
16.378291547581505
16.45113823700795
16.5241363939269
16.59728609904291
16.67058743364009
16.744040479571122
16.817645319272444
16.89140203575518
16.965310712597184
17.039371433961303
17.113584284575627
17.18794934974467
17.262466715347625
17.33713646782907
17.411958694212466
17.486933482088403
17.562060919616687
17.637341095528207
17.71277409912493
17.788360020273707
17.864098949410234
17.939990977539182
18.016036196229607
18.09223469761295
18.16858657439596
18.24509191983748
18.32175082776806
18.398563392577906
18.47552970922012
18.55264987321007
18.62992398062118
18.707352128088523
18.784934412804603
18.86267093252369
18.94056178555191
19.01860707075666
19.096806887560774
19.175161335935226
19.253670516416715
19.33233453008275
19.411153478571375
19.490127464067253
19.569256589309383
19.64854095758203
19.72798067272117
19.807575839109674
19.887326561673433
19.967232945889688
20.047295097774988
20.12751312389103
20.207887131347746
20.288417227785942
20.369103521396532
20.449946120904393
20.53094513557434
20.612100675207884
20.693412850145222
20.7748817712578
20.85650754995574
20.93829029817731
21.02023012839909
21.102327153617477
21.18458148736843
21.266993243714804
21.34956253724337
21.432289483065922
21.515174196825146
21.598216794681292
21.681417393322512
21.764776109952052
21.84829306229585
21.931968368601257
22.015802147630126
22.099794518662385
22.1839456014886
22.268255516419156
22.35272438427359
22.437352326382438
22.52213946458651
22.607085921234635
22.692191819184924
22.77745728179693
22.862882432940598
22.948467396983972
23.034212298795925
23.12011726375398
23.206182417725447
23.292407887081072
23.378793798682747
23.465340279893567
23.5520474585648
23.6389154630406
23.72594442215751
23.813134465240985
23.900485722102175
23.98799832304002
24.07567239883518
24.163508080757975
24.25150550055584
24.339664790455956
24.427986083164843
24.516469511869264
24.605115210228
24.693923312375603
24.78289395292151
24.872027266942094
24.96132338998541
25.050782458067058
25.14040460767158
25.23018997574662
25.32013869970042
25.410250917408806
25.500526767206843
25.59096638788202
25.68156991868667
25.77233749932119
25.863269269947597
25.95436537117487
26.04562594406415
26.13705113012591
26.228641071316094
26.32039591004108
26.412315789144028
26.504400851917296
26.59665124209139
26.68906710383212
26.781648581752115
26.874395820889383
26.967308966720694
27.06038816515775
27.15363356253872
27.247045305633232
27.340623541636397
27.434368418168688
27.5282800832793
27.622358685432115
27.716604373515757
27.811017296838013
27.905597605123713
28.00034544851077
28.09526097755178
28.19034434320845
28.28559569685742
28.38101519028245
28.476602975669085
28.572359205612464
28.668284033110634
28.764377611559446
28.860640094758516
28.957071636899066
29.053672392573855
29.150442516770465
29.247382164859275
29.34449149261356
29.441770656186282
29.53921981212288
29.636839117348725
29.734628729177558
29.832588805300215
29.930719503792673
30.029020983099798
30.127493402051606
30.226136919847995
30.324951696061852
30.423937890635695
30.523095663881424
30.62242517647847
30.72192658946919
30.821600064261478
30.92144576262505
31.021463846682867
31.121654478924416
31.22201782219033
31.32255403967387
31.42326329492292
31.524145751833505
31.625201574652934
31.726430927969837
31.827833976724115
31.92941088619378
32.03116182199829
32.133086950094224
32.23518643678086
32.337460448689136
32.439909152782
32.54253271635667
32.64533130703656
32.74830509277547
32.85145424185405
32.954778922874645
33.05827930476046
33.161955556758045
33.265807848429084
33.36983634965203
33.47404123062519
33.57842266184947
33.68298081414442
33.78771585863665
33.89262796675711
33.99771731024348
34.102984061135764