109.86225103115092
109.90651038291519
109.98026217459599
110.08348543843259
110.21618106837327
110.37822171035525
110.569649649993
110.79037889437755
111.04034458935521
111.31946733706374
111.62766223639368
111.96482836323393
112.33085275125941
112.72561049680485
113.14896261988301
113.60075933347397
114.08083969013877
114.58903462085158
115.12517121955271
115.6890614595411
116.28053212144019
116.89939936055542
117.54548408219165
118.2186156992996
118.91862375034468
119.64535031372887
120.3986441707063
121.17836661923627
121.98438616966472
122.81658270228075
123.67485764310558
124.55910853856565
125.46925194851676
126.4052226651376
127.36695601474386
128.35440494459942
129.36753276006695
130.40631346065138
131.47072855673545
132.56077924048208
133.6764626168484
134.81779106643282
135.98479476626719
137.17749588457133
138.39593572806743
139.64015673677864
140.9102159415194
142.20616701811102
143.52807986407277
144.87602122040494
146.25007125518835
147.65030768065745
149.0768173387769
150.5296903427828
152.00902004751288
153.51490310979
155.04743022412597
156.6067362818486
158.19289354067885
159.8060210425551
161.44622747473537
163.11362617495217
164.80833469763823
166.53043912566852
168.28008909495202
170.05738007546285
171.8624259625018
173.6953549256636
175.55626676207794
177.44528087161024
179.36250982750414
181.30806626864134
183.28205823841725
185.28460546327995
187.31580684511385
189.37627239280653
191.46460654726638
193.58241591868685
195.72930275830288
197.90536165613986
200.11069320012288
202.34539085228414
204.60954992234042
206.90325911758669
209.22660707339594
211.57967972898206
213.96255510165093
216.37532202095753
218.81805446711124
221.29082756906033
223.79373217482723
226.32678399194987
228.89010397731175
231.4837392185886
234.10775387998717
236.7622045312644
239.4471553890656
242.16265508533883
244.9087577169785
247.685519942699
250.49298414728239
253.33119005179262
256.2002068606142
259.10005318777377
262.0307792407542
264.9924213066014
267.98501863753967
271.0086080523829
274.0632230850268
277.1488978550096
280.26565949016964
283.41354696350356
286.5925857093148
289.80280181405703
293.04423097565933
296.3168923606137
299.6208213090334
302.9560378395514
306.3225734818615
309.7204486175401