115.22059142173134
115.26515522766567
115.33941477030267
115.44334977755439
115.57693164751086
115.74012331819172
115.93287909760836
116.15514400855233
116.4068541819816
116.68793466892573
116.9983003742369
117.337854033512
117.70648636937783
118.10407576837355
118.53048844624475
118.98557952144672
119.46919416977475
119.98116959265786
120.52133758089252
121.08952542555843
121.68556069484924
122.3092705482813
122.96048585902264
123.63904248744143
124.34478063753053
125.07755396759723
125.83721818650024
126.62364337570368
127.43670839407112
128.27630489086306
129.14233336053107
130.03470727703748
130.9533516051029
131.89820285810544
132.8692098101081
133.86632367645706
134.88951830522194
135.9387767483972
137.01408459546465
138.1154392193115
139.2428483811321
140.3963327023348
141.5759143382267
142.78162454261516
144.0135084808495
145.27161001917204
146.55598336386356
147.86668889339612
149.20379268136148
150.56736692377683
151.9574863221956
153.37423251780262
154.8176907958482
156.28794961875101
157.78510182728562
159.30924328982346
160.86047203449087
162.43888973409307
164.04459876541216
165.67770501217066
167.33831449838203
169.02653577106273
170.74247748153277
172.4862499971139
174.25796328486908
176.0577279406799
177.8856539943476
179.74185354469128
181.62643503098812
183.5395081509085
185.48118147796524
187.45156081092523
189.45075553807405
191.47886908855043
193.536004418076
195.62226283256214
197.73802205518405
199.88254535468775
202.05676955779833
204.2605024436954
206.49383729128147
208.75683179186822
211.04966913450207
213.3723368507341
215.7249507794205
218.10758585011013
220.52015963831553
222.96323949327905
225.4363996798993
227.93987711601756
230.47373545702368
233.03803815485796
235.63285465144443
238.2582346045651
240.91419470009032
243.60091769917958
246.31832727450805
249.06651536277005
251.8455280715583
254.65541266398094
257.4962117878005
260.3679641769588
263.27071090503915
266.2044888503234
269.16933358252874
272.1650275768558
275.1923578163002
278.2505996300168
281.34003731955625
284.4606961225652
287.61260555892295
290.7957911757439
294.010277261107
297.2560899041333
300.53325433954257
303.8417439304302
307.18172833817124
310.55308294632613
313.95588071064765
317.39014584307984