67.54859504303812
67.59002170541896
67.65904868823695
67.75564946821014
67.87978738194482
68.0314134888726
68.21046800081955
68.41687838611323
68.6505588675923
68.91140890564535
69.19931195976132
69.51413449408848
69.85572515398641
70.22391510502402
70.6185188118736
71.03933508762611
71.48615003592258
71.95873791166898
72.45686502451741
72.98029157720735
73.5287758613648
74.10207396631529
74.69994553793467
75.32215329699025
75.96846783862006
76.63866536326664
77.33253639074896
78.04987634934761
78.79049692524795
79.55422089727014
80.34088538914988
81.15034040179887
81.98245049004089
82.83709582898935
83.71416800792475
84.6135562040327
85.53523883136053
86.4790935251921
87.44508747284566
88.43318369517058
89.4433526312186
90.47558861911186
91.52987914318217
92.60623942495744
93.70468915320888
94.82525656369734
95.9679828271502
97.13291630931185
98.32011591328207
99.52964688288675
100.7615839635939
102.01600732659305
103.29300626523269
104.59267472308626
105.91511339388295
107.26043160109094
108.62873718188592
110.02014764916744
111.43478389224933
112.87277225316714
114.33423627225616
115.81931686038929
117.32814192101378
118.86084843214988
120.41758450307464
121.99848415109689
123.6036938170418
125.23335887436001
126.88762550222796
128.56664195508557
130.27055852709452
131.99952019704426
133.75367736459148
135.5331397512286
137.338172032061
139.16880648602827
141.02522920631867
142.90758575194604
144.81602336514658
146.75068282972993
148.71171503378696
150.6992531243057
152.71343977681
154.75441363226645
156.82231040744247
158.91725521152392
161.03940421458088
163.18886180240136
165.3657663633463
167.5702440322514
169.80241129618722
172.06239192606816
174.35030511928062
176.66626126099274
179.01037617104177
181.38275580828824
183.7835115223058
186.2128583429395
188.6705572443091
191.1570470636684
193.67231350843412
196.21644856014726
198.78954277897725
201.39168725547842
204.02296545473587
206.68346297418938
209.3732607463013
212.09243844919538
214.84107127084
217.6192375334816
220.4270069860072
223.2644526308248
226.1316420459581
229.02864265245057
231.95552065245897
234.91234102071937
237.89916468257283
240.91605359659752
243.96306782520264
247.04026632639847