0.05387945830270718
0.055831715180194426
0.05783899962101582
0.059902468724505484
0.06202329872085026
0.06420268534891564
0.066441844190381
0.06874201108989096
0.07110444251215303
0.0735304159326723
0.07602123025182081
0.07857820620021853
0.08120268676496671
0.0838960376148883
0.08665964752564415
0.08949492887175088
0.09240331801719129
0.09538627587979502
0.09844528829578351
0.10158186659333565
0.10479754806524254
0.10809389650858797
0.11147250146164925
0.11493498357575317
0.11848298798805482
0.12211818994213307
0.12584229361293212
0.1296570330528157
0.13356417268457801
0.13756550794215897
0.14166286586891003
0.14585810577072175
0.1501531198339008
0.15454983381243104
0.15905020772429504
0.16365623645768404
0.16836995059106868
0.17319341699990526
0.17812873967683074
0.18317806055434033
0.18834355960321594
0.19362745698975842
0.1990320125333765
0.20455952695413235
0.21021234301465969
0.21599284590171355
0.22190346427512114
0.22794667113973596
0.234124984610895
0.24044096885600502
0.24689723496662033
0.2534964418419399
0.26024129708508903
0.26713455857300855
0.27417903191978293
0.2813775782782997
0.28873310828473153
0.2962485864027908
0.3039270310978714
0.3117715156535207
0.31978516896929243
0.3279711763091999
0.33633278005885714
0.3448732803244896
0.35359603555850655
0.36250446304643
0.371602039305573
0.38089230038640687
0.39037884198650447
0.4000653194665523
0.40995544792023064
0.4200530003883528
0.43036180993144696
0.4408857659668049
0.4516288143692691
0.46259495554747293
0.4737882424196665
0.48521278292097186
0.4968727119176576
0.50877223761792
0.5209155873073116
0.5333070273143112
0.5459508522232939
0.5588513781977841
0.5720129241375662
0.5854398406348732
0.5991364536646652
0.6131070770019961
0.6273559976767074
0.6418874617932869
0.6567056596047575
0.6718147096436138
0.6872186414158051
0.702921377040056
0.718926711835755
0.7352382940300752
0.7518596037461848
0.7687939316771797
0.7860443576710231
0.8036137296132513
0.8215046430727788
0.8397194221349269
0.8582601018649116
0.8771284129403563
0.8963257688153865
0.9158532558746896
0.9357116273267344
0.9559012979962523
0.9764223493708954
0.9972745298174551
1.0184572636781102
1.0399696642150613
1.0618105462114737
1.0839784441551596
1.1064716314699674
1.1292881418160323
1.1524257915805982
1.175882203107364
1.1996548282711348
1.223740971811928
1.2481378141668806
1.2728424333974366
1.2978518260315872
1.3231629265524423
1.3487726254101269
1.3746777855376417
1.40087525726208
1.4273618916465756
1.4541345523468887
1.4811901257105555
1.5085255303052014
1.5361377239618181
1.5640237105176662
1.592180545173981
1.6206053390008401
1.649295262244506
1.6782475471202842
1.7074594899424493
1.7369284524457669
1.7666518627222385
1.7966272157051764
1.826852073113224
1.8573240632866397
1.888040880484521
1.919000284353192
1.9502000986055497
1.9816382101178318
2.013312567642105
2.045221180326982
2.0773621163644513
2.109733501490364
2.1423335173820233
2.175160400192807
2.2082124389789275
2.24148797405544
2.2749853954880446
2.3087031415655193
2.342639697241749
2.376793592668607
2.411163401715063
2.445747740548721
2.480545266236844
2.5155546753441556
2.550774702712973
2.5862041200797456
2.6218417348914365
2.6576863890724955
2.6937369578892723
2.729992348817408
2.7664515004194032
2.8031133813798226
2.839976989413271
2.8770413503420493
2.914305517130364
2.951768568996235
2.9894296105340845
3.0272877708699624
3.065342202880203
3.103592082383518
3.1420366074011072
3.180674997461578
3.2195064928795514
3.2585303541011688
3.297745861058412
3.3371523125556948
3.376749025685126
3.4165353352328345
3.4565105931554294
3.4966741680303843
3.5370254445466465
3.5775638230416607
3.618288718981054
3.659199562558467
3.7002957982150786
3.7415768842306263
3.783042292339127
3.824691507290974
3.866524026523396
3.9085393597730724
3.950737028726484
3.9931165666756008
4.035677518216884
4.078419438906976
4.121341894978958
4.164444463061461
4.207726729848629
4.251188291882657
4.294828755254161
4.338647735371686
4.382644856700801
4.426819752542791
4.471172064779835
4.51570144367877
4.560407547679589
4.605290043168918
4.650348604295199
4.695582912771088
4.740992657685289
4.786577535332132
4.832337249022166
4.878271508928995
4.924380031912769
4.970662541370502
5.017118767084269
5.063748445056741
5.110551317395635
5.157527132148005
5.204675643185184
5.25199661006079
5.2994897978871
5.347154977215521
5.3949919239150725
5.443000419057208
5.491180248806211
5.539531204317785
5.588053081609355
5.636745681488565
5.685608809441077
5.734642275524322
5.783845894301092
5.8332194847190255
5.88276287004258
5.932475877761931
5.98235833951577
6.032410090994363
6.082630971884192
6.13302082577983
6.183579500103886
6.2343068460499005
6.285202718503163
6.336266975979517
6.387499480551014
6.438900097792912
6.49046869670833
6.542205149681585
6.594109332411785
6.64618112385039
6.698420406157033
6.750827064755247
6.803400987709373
6.8561420668029305
6.9090501963674065
6.962125273792518
7.015367199359891
7.068775876216246
7.122351210301414
7.176093110327851
7.230001487721557
7.284076256600359
7.338317333704894
7.392724638388309
7.447298092555194
7.502037620636136
7.556943149551477
7.6120146086686145
7.667251929771964
7.722655047023241
7.778223896943341
7.833958418363182
7.889858552396405
7.945924242417026
8.002155434017856
8.058552074991022
8.115114115291211
8.17184150701223
8.22873420436316
8.285792163631001
8.343015343167144
8.400403703351992
8.457957206575605
8.515675817207775
8.573559501590715
8.631608227987043
8.689821966588973
8.748200689471018
8.806744370586028
8.865452985725087
8.924326512520503
8.98336493040844
9.042568220614273
9.10193636612938
9.161469351701582
9.22116716380697
9.281029790639224
9.341057222083434
9.401249449708397
9.461606466744895
9.52212826806497
9.582814850317467
9.64366621118243
9.704682350813894
9.765863270359608
9.827208972689512
9.88871946221228
9.95039474489071
10.012234828202875
10.074239721135797
10.136409434181841
10.198743979308558
10.261243369955581
10.323907621025187
10.386736748877961
10.449730771269865
10.51288970737817
10.576213577862905
10.639702404707982
10.703356211308078
10.767175022434746
10.831158864215945
10.895307764140622
10.959621751038984