-0.73325966841503E-03
-0.54287328583425E-03
-0.40053236101535E-03
-0.30009637492323E-03
-0.21647989065211E-03
-0.16479833947747E-03
-0.12313029601403E-03
-0.92661249849233E-04
-0.69869753954771E-04
-0.52927389633639E-04
-0.40332770131799E-04
-0.30942793418343E-04
-0.23581819703553E-04
-0.18593878659544E-04
-0.14314964567225E-04
-0.11439179253661E-04
-0.89332906023066E-05
-0.66902450144265E-05
-0.52038421211343E-05
-0.43445834308693E-05
 0.97980634682458E-05
-0.10797119628387E-04
-0.18995946132134E-05
-0.16219120535636E-05
-0.16296650125507E-05
-0.10485892780410E-05
-0.12112036729215E-05
-0.10399621940860E-05
-0.77383191012353E-06
-0.90471575104656E-06
-0.97671846543673E-06
-0.36338685692271E-06
-0.44973698957788E-07
-0.13312806788896E-05
-0.29561968944139E-06
-0.12383593693916E-06
-0.26094161639611E-06
 0.50875606134834E-06
 0.68254938131927E-06
 0.49138674270101E-06
-0.14191791131762E-05
 0.89736238510278E-06
-0.29136747173812E-06
-0.98685569159520E-06
 0.28270616730172E-06
-0.46118784639374E-06
-0.76313926372662E-06
-0.77733672557384E-06
 0.10394597347792E-05
-0.28977190556347E-06
 0.37697104514003E-05
-0.39829830221884E-07
 0.50062928608157E-06
-0.14161378077018E-05
 0.62904624106353E-05
-0.65384406263071E-05
-0.91907980959026E-05
-0.10901294892861E-05
 0.13090776344459E-05
 0.20452000531476E-05
 0.15928684712816E-05
-0.22201883036014E-06
-0.14592775745988E-05
-0.75420301050467E-06
-0.67327423161915E-06
-0.92819169287563E-07
 0.21206892416055E-05
-0.82910377500277E-05
-0.31202879702183E-04
-0.14859994162108E-05
 0.30254010558423E-05
-0.36082532036021E-05
 0.20689811591480E-05
-0.55294783383284E-05
 0.19315851653828E-05
 0.23011306444747E-02
-0.50238193623261E-05
-0.20522877260586E-05
 0.23577450065016E-05
-0.19834665824110E-05
-0.23341280237670E-06
 0.28213236907900E-05
 0.30461427850868E-05
 0.34707683773693E-05
 0.19762340368938E-05
 0.17872987150387E-07
-0.15249915180675E-05
-0.56242141070873E-08
-0.10082915624085E-05
 0.34371997447506E-05
-0.21352173742624E-05
-0.13872152365347E-05
-0.23721900584273E-05
-0.24942300863451E-05
 0.53313505152355E-05
-0.77232765767378E-05
 0.58943477447088E-05
-0.31327714875758E-05
 0.16440388094356E-05
-0.83760836980743E-06
 0.47816841872703E-06
 0.43710570890350E-05
 0.47881494570113E-05
 0.13810062065958E-05
