1.9859446137283985e-12
1.9859446137283985e-12
1.9859446137283985e-12
1.9859446137283985e-12
1.9859446137283985e-12
1.9859446137283985e-12
1.9859446137283985e-12
1.9859446137283985e-12
1.9859446137283985e-12
8.688507685061743e-13
1.5763435371469162e-11
1.1431593682774094e-10
7.47335782453668e-10
3.88810718906513e-9
1.6459012472427533e-8
5.8813997978643235e-8
1.8264037531845277e-7
5.04307796293269e-7
1.2607578233085665e-6
2.8954197411314627e-6
6.181176896091242e-6
0.000012385608458880013
0.00002348212537440432
0.00004240779773132858
0.00007336657039927915
0.00012217408197151826
0.00019663896637902298
0.00030697373850086717
0.0004662281905809215
0.0006907377717278136
0.0010005796917464625
0.0014200301430564322
0.0019780169314787006
0.0027085626861976693
0.003651214960502777
0.004851460665661298
0.006361123067825069
0.008238740770433623
0.01054992864313957
0.013367721298004467
0.01677290029683642
0.02085430643465039
0.025709138521063442
0.03144324012823096
0.038171375685679486
0.0460174966950651
0.05511499874330566
0.06560696941375653
0.07764642649641924
0.09139654555969305
0.10703087521200068
0.1247335379848025
0.144699414024902
0.16713430476383687
0.19225507307889905
0.2202897565913991
0.2514776504445613
0.28606935624203966
0.3243267940442647
0.366523174480816
0.41294292893565665
0.46388159601440326
0.5196456633073621
0.580552364289704
0.6469294306808739
0.7191148015740819
0.7974562911347688
0.8823112173509756
0.9740459949248753
1.0730356955338698
1.1796635793189487
1.294320601309434
1.417404896527741
1.549321247419853
1.6904805367316746
1.8412991884889596
2.0021985990874795
2.1736045594684144
2.355946668624595
2.549657737349182
2.7551731801472434
2.9729303920805945
3.2033681060791306
3.4469257254771306
3.7040426256341137
3.975157418180837
4.260707171587793
4.561126582288401
4.87684709210996
5.20829595004725
5.555895219410378
5.920060735674771
6.301201024913524
6.699716198318972
7.115996843719277
7.550422940358996
8.003362827509424
8.475172260388002
8.966193587442536
9.476755081508262
10.007170452603498
10.557738563582596
11.12874336065096
11.72045402094854
12.333125308969795
12.966998124163332
13.622300214222042
14.299247022751759
14.998042637108895
15.718880801336201
16.46194596081507
17.22741430850731
18.015454807057072
18.826230166189728
19.65989775990289
20.5166104730061
21.396517470868353
22.299764890056778
23.22649645051103
24.1768539922119