3.971889227456797e-12
3.971889227456797e-12
3.971889227456797e-12
3.971889227456797e-12
3.971889227456797e-12
3.971889227456797e-12
3.971889227456797e-12
3.971889227456797e-12
3.971889227456797e-12
3.971889227456797e-12
3.971889227456797e-12
3.971889227456797e-12
3.971889227456797e-12
3.971889227456797e-12
3.971889227456797e-12
7.943778454913594e-12
7.943778454913594e-12
1.5887556909827188e-11
7.943778454913594e-12
7.943778454913594e-12
3.971889227456797e-12
7.943778454913594e-12
1.1915667682370391e-11
7.943778454913594e-12
3.971889227456797e-12
3.971889227456797e-12
8.067899993271618e-12
8.192021531629644e-12
1.2784518450876565e-11
1.0302087683716067e-11
1.4273976911172864e-11
2.432782151817288e-11
4.753854919112354e-11
9.942135222477795e-11
2.0579351059760528e-10
4.347977488681612e-10
8.76918668499446e-10
1.7152355385695462e-9
3.2584386249748696e-9
5.997304490383047e-9
1.0750911166418685e-8
1.8776485715110217e-8
3.202236392406356e-8
5.33790881785604e-8
8.711805297811544e-8
1.3937619954376452e-7
2.188806373589987e-7
3.3778348563676045e-7
5.127815737169713e-7
7.665106983069074e-7
1.1292032666259714e-6
1.6407871916193262e-6
2.3533982360157994e-6
3.3342711753208583e-6
4.669344039047449e-6
6.467317505627994e-6
8.864440035961176e-6
0.000012030019366201178
0.000016172704795300152
0.00002154765805864376
0.00002846459752083063
0.00003729682627988636
0.00004849140802334273
0.00006258023444932692
0.00008019241445791275
0.00010206780861190627
0.00012907180034463963
0.00016221137739472376
0.0002026524867277848
0.00025173887494477136
0.00031101220937629456
0.00038223368491178267
0.00046740703873924454
0.000568803065342068
0.0006889855618724257
0.0008308388118870274
0.0009975965170847397
0.0011928722012497703
0.0014206911828428563
0.0016855239496693477
0.0019923210680618713
0.0023465494685708543
0.0027542303412631565
0.0032219782870065504
0.003757042070418533
0.0043673465928057344
0.005061536456217332
0.005849020756053447
0.006740019280963543
0.0077456100540021725
0.008877778246693054
0.010149466290617755
0.01157462543973691
0.013168268502432823
0.014946523952169994
0.01692669123046714
0.019127297407758842
0.021568155120971357
0.024270421683922815
0.02725665968916784
0.03055089871824751
0.034178698503913064
0.03816721334610127
0.04254525798745497
0.04734337476655071
0.05259390226927342
0.058331045421117896
0.06459094703891148
0.07141176094212376
0.07883372665255964
0.08689924569199312
0.09565295956499913
0.10514182950505599
0.11541521796567261
0.12652497200970625
0.13852550854722256
0.15147390161366522
0.16542997169156273
0.1804563770855779
0.19661870756351987