3.971889227456797e-12
3.971889227456797e-12
3.971889227456797e-12
3.971889227456797e-12
3.971889227456797e-12
3.971889227456797e-12
3.971889227456797e-12
3.971889227456797e-12
3.971889227456797e-12
3.971889227456797e-12
3.971889227456797e-12
3.971889227456797e-12
3.971889227456797e-12
3.971889227456797e-12
3.971889227456797e-12
3.971889227456797e-12
5.9578338411851955e-12
5.9578338411851955e-12
5.9578338411851955e-12
6.206076917901245e-12
8.688507685061743e-12
1.0922695375506191e-11
1.6880529216691386e-11
4.021537842800007e-11
1.156812737496792e-10
3.120415474320746e-10
7.981014916421001e-10
1.9375372137687686e-9
4.439330940913119e-9
9.659882844251646e-9
2.0064991404804872e-8
3.991177714517634e-8
7.635088189017186e-8
1.4092411924862744e-7
2.517132666854635e-7
4.3626561018078323e-7
7.35440718946665e-7
1.2084224731460588e-6
1.9391304378351325e-6
3.044127149685907e-6
4.682377545304272e-6
7.06698961754327e-6
0.000010479175606137612
0.000015284583661477742
0.000021952255423649414
0.00003107626164778489
0.00004340022117275016
0.00005984476107380515
0.00008153800240188288
0.00010984913108782611
0.0001464250058524245
0.00019322987759517527
0.00025258810507698004
0.0003272297896931804
0.0004203393161800499
0.0005356065693816528
0.0006772808255876117
0.0008502270001941583
0.0010599842780022364
0.0013128267264812996
0.0016158259860829338
0.00197691558654663
0.0024049568462516597
0.002909806154034643
0.003502383389201624
0.004194741370507699
0.00500013607866207
0.005933097593524923
0.007009501459523601
0.00824664044056218
0.009663296471291301
0.011279812697249043
0.013118165499858954
0.015202036382411958
0.01755688367036246
0.020210013959409447
0.023190653165892236
0.026530017282273388
0.030261382686528854
0.03442015602406352
0.03904394370733245
0.044172620953233425
0.04984840044292193
0.0561159006464978
0.0630222137281612
0.07061697333543902
0.07895242202547996
0.08808347866925585
0.09806780575845185
0.10896587675282016
0.12084104363233429
0.1337596046439659
0.14779087244540245
0.16300724282866033
0.1794842640067137
0.19730070675159683
0.21653863555303388
0.23728348077103373
0.25962411228638377
0.2836529145430426
0.3094658633264963
0.33716260455189107
0.36684653511630666
0.3986248862950251
0.4326088096840287
0.4689134662182294
0.5076581183749054
0.5489662260268076
0.5929655461311175
0.6397882367822709
0.6895709659029545
0.742455025021852
0.7985864486105452
0.858116139412755
0.9212000003214901
0.9879990732919006
1.0586796859290633
1.1334136063365512
1.2123782068943074
1.2957566376191976