3.971889227456797e-12
3.971889227456797e-12
3.971889227456797e-12
3.971889227456797e-12
3.971889227456797e-12
3.971889227456797e-12
3.971889227456797e-12
3.971889227456797e-12
3.971889227456797e-12
3.971889227456797e-12
3.971889227456797e-12
3.971889227456797e-12
3.971889227456797e-12
3.971889227456797e-12
3.971889227456797e-12
3.971889227456797e-12
3.971889227456797e-12
3.971889227456797e-12
5.9578338411851955e-12
5.9578338411851955e-12
3.971889227456797e-12
8.192021531629644e-12
4.716618457604946e-12
4.716618457604946e-12
1.5142827679679038e-11
3.227159997308647e-11
8.241670146972853e-11
2.182056644334078e-10
5.314884272490626e-10
1.2327751189719034e-9
2.735638705410869e-9
5.782325985946948e-9
1.1723527540992169e-8
2.285996020555088e-8
4.300389290875146e-8
7.827848938087199e-8
1.3823068186625832e-7
2.373434679466782e-7
3.970903702442234e-7
6.485742603268012e-7
1.0359588227575806e-6
1.6207120222483759e-6
2.486977090867476e-6
3.7479625530773912e-6
5.553752697657571e-6
8.100508707342886e-6
0.00001164125208983309
0.00001649834162307166
0.00002307782925237226
0.000031885665894952945
0.00004354598752145321
0.00005882152446048619
0.00007863607534085992
0.00010409930781615667
0.00013653373265744889
0.00017750390632411488
0.00022884792804541245
0.00029271114825138016
0.0003715820056881212
0.0004683300652079625
0.0005862461003378365
0.0007290841531037692
0.000901105522952318
0.001107124595401449
0.0013525563505523172
0.0016434654695417295
0.0019866170543263637
0.002389528629394237
0.0028605234638810974
0.003408785105361273
0.0040444129386341884
0.004778478711914145
0.005623083931126145
0.006591418014322018
0.007697817085818949
0.00895782338473963
0.010388245125106556
0.012007216841251559
0.01383426000753391
0.015890344052020212
0.018197947521344307
0.02078111950398824
0.02366554121392825
0.02687858768623836
0.030449389616426757
0.03440889530378599
0.0387899326525838
0.043627271350996005
0.04895768512128517
0.05482001407697198
0.06125522732824976
0.06830648565814824
0.07601920455641557
0.08444111744504405
0.09362233928956554
0.10361543056583096
0.1144754617483486
0.12626007828815763
0.13902956625003524
0.1528469186475152
0.1677779026184574
0.18389112750521508
0.2012581139473857
0.21995336421106038
0.24005443371361243
0.2616420040573067
0.28479995761691107
0.30961545386426453
0.33617900765793746
0.36458456958213864
0.3949296086471585
0.42731519746032737
0.46184610018747474
0.4986308634841195
0.5377819106808795
0.5794156395358858
0.623652523772158
0.6706172188629171
0.7204386722482836
0.7732502385036814