1.9859446137283985e-12
1.9859446137283985e-12
1.9859446137283985e-12
1.9859446137283985e-12
1.9859446137283985e-12
1.9859446137283985e-12
1.9859446137283985e-12
1.9859446137283985e-12
1.9859446137283985e-12
1.9859446137283985e-12
1.9859446137283985e-12
1.9859446137283985e-12
1.9859446137283985e-12
1.9859446137283985e-12
1.9859446137283985e-12
1.9859446137283985e-12
1.9859446137283985e-12
1.9859446137283985e-12
3.971889227456797e-12
3.971889227456797e-12
1.9859446137283985e-12
3.971889227456797e-12
5.9578338411851955e-12
5.9578338411851955e-12
6.206076917901245e-12
4.716618457604946e-12
6.33019845625927e-12
1.0922695375506191e-11
2.5444915363395105e-11
5.697178610633343e-11
1.2933464296906195e-10
2.9441628898523506e-10
6.532516563782851e-10
1.3827139373083974e-9
2.816814191497017e-9
5.5236567000088245e-9
1.0475485472802227e-8
1.9245416887026837e-8
3.434269196212848e-8
5.963158655180755e-8
1.0096219700195446e-7
1.669532746930738e-7
2.7010509975320217e-7
4.2814359319678754e-7
6.65798482083206e-7
1.0170110493195363e-6
1.5276409761690711e-6
2.258784483336243e-6
3.29076136302176e-6
4.727840782374049e-6
6.703829359267673e-6
9.388533301954866e-6
0.000012995253736402357
0.000017789345382847307
0.000024097956248790736
0.00003232086070862232
0.000042942794205616254
0.00005654687277617241
0.0000738296570603191
0.00009561746485077028
0.00012288426172322138
0.00015677105179955775
0.0001986067685198542
0.00024993074163379007
0.00031251676697348905
0.0003883986283242367
0.0004798973146712896
0.0005896497357177748
0.0007206389314535461
0.0008762258534750807
0.001060182677344551
0.001276727485498924
0.0015305604751162795
0.001826901525237097
0.002171529144861776
0.0025708207733523172
0.0030317943103819658
0.0035621509899969876
0.004170319386666881
0.004865500646041806
0.0056577148400029035
0.006557848467975029
0.007577702937310174
0.008730044146863125
0.010028653116911685
0.011488377528763664
0.013125184217244892
0.014956212696250831
0.016999829530931168
0.019275683600074103
0.021804762361765023
0.024609448904982748
0.027713579931610857
0.03114250468512395
0.03492314464994456
0.03908405433351227
0.04365548279978456
0.048669436269934696
0.054159741581350056
0.060162110704021776
0.06671420623327452
0.07385570789172839
0.08162838015753972
0.09007614092645012
0.0992451313799246
0.10918378698056141
0.11994290968575479
0.13157574150013268
0.14413803919026852
0.15768815050275303
0.1722870916535189
0.18799862634212272
0.20488934624915484
0.22302875299257438
0.24248934184594895
0.26334668691921875
0.28567952817112197
0.30956986013586313
0.33510302247958085
0.36236779243129885