0.
0.
0.
0.
6.950806148049394e-12
4.858117011333094e-10
1.0768908789480598e-8
1.1511143176707752e-7
7.528742096167414e-7
3.4791140597785255e-6
0.000012456769943372975
0.000036763681574829446
0.00009338087342261398
0.0002105784297864871
0.0004313751689419448
0.000816799849303134
0.0014487786406689107
0.002432576113414895
0.003898802589107706
0.006005057969046632
0.008937313201524211
0.012911139417949942
0.018172888606339945
0.025000912716186194
0.03370688704813219
0.044637278420128094
0.058174973966964166
0.07474110431500212
0.09479672743767875
0.11884522184375584
0.14743380978641274
0.18115562585592399
0.22065132520654437
0.2666104135478369
0.31977213771385554
0.3809258000500936
0.450910354092785
0.5306131173468803
0.6209672974053912
0.7229484644089404
0.8375689316220954
0.9658703168285824
1.1089133249707015
1.2677642299955052
1.443477420737487
1.6370736243610429
1.8495140227499427
2.0816715450955607
2.334302049408989
2.6080194587419725
2.9032794470957652
3.2203753003171047
3.5594471013091384
3.9205022299689034
4.303443197208458
4.708097392090699
5.134245128198742
5.581643186923673
6.050043044691597
6.5392039730521745
7.048901799056516
7.578934291428182
8.129124081766568
8.699319873254973
9.289396512767036
9.899254344620237
10.528818137799533
11.178035783977643
11.846876895802586
12.535331387696223
13.243408089241909
13.971133419951245
14.71855014016561
15.485716183943318
16.272703574338415
17.079597460819024
17.906494974761024
18.75350479541761
19.62074592364044
20.508347154298576
21.416446343708678
22.34518976624915
23.294731512658156
24.26523292569778
25.256862069375703
26.26979322820876
27.30420643362466
28.36028701467555
29.438225170834876
30.53821556471441
31.660456932967165
32.8051517137756
33.97250568958872
35.16272764393014
36.37602903130032
37.6126236592823
38.87272738220816
40.156557805734984
41.46433400187219
42.79627623408465
44.152605692139396
45.533544236509705
46.939314152140305
48.370137911511776
49.82623794692993
51.30783643204504
52.8151550726572
54.3484149068486
55.90783611456707
57.493637836757415
59.10603800418836
60.74525317612712
62.41149838916712
64.1049870152427
65.8259306323973
67.57453890278114
69.35101946370843
71.15557782851141
72.98841729845753
74.84973888567889