5.9578338411851955e-12
5.9578338411851955e-12
6.206076917901245e-12
2.3198315519114854e-10
1.6748215656801733e-8
3.2135451057661557e-7
2.8167959456308785e-6
0.000015015629292506657
0.00005717514671065768
0.00017144962371742705
0.00043113987645829795
0.0009485427914505721
0.001880812196920005
0.003434007617393929
0.005865920279713274
0.009488372234285197
0.014669625948104373
0.021837381505769155
0.03148270930174784
0.04416510900689147
0.0605187761132692
0.08126005203620909
0.10719594023503982
0.13923347878994835
0.1783896618190834
0.22580148478186296
0.2827355169283727
0.350596141707321
0.4309310578872325
0.525431690346485
0.6359242740268888
0.7643442242805425
0.9126818801388611
1.0828842955766422
1.2767005912172258
1.495485614136712
1.740020658833208
2.010443538867599
2.306335004362031
2.626912696793088
2.9712347406672275
3.338347907401987
3.7273697264060934
4.137522224439093
4.5681380930096385
5.0186538618145065
5.488598278716875
5.977579908325276
6.48527566259448
7.011420840733363
7.5558007408892545
8.118243699229113
8.69861534842793
9.296813886343609
9.912766168372046
10.546424466086897
11.197763763277418
11.866779485190236
12.5534855775214
13.257912868554353
13.980107661273909
14.720130512929307
15.478055168103216
16.253967617986277
17.047965263874776
17.860156167176285
18.690658371511336
19.53959928538215
20.40711511553747
21.293350341905047
22.198457232456548
23.122595384140812
24.06593130198037
25.028637980765144
26.01089452652019
27.012885785728873
28.034801991559423
29.076838423417538
30.139195078228123
31.22207635217601
32.32569073173069
33.450250493049886
34.59597140892727
35.76307246264399
36.951775568143766
38.16230529606784
39.3948886053032
40.64975457971952
41.927134169896114
43.22725993966136
44.55036581736597
45.89668685182055
47.26645897292409
48.65991875701188
50.077303197012164
51.518849477563855
52.984794755211716
54.475375943909434
55.990829506016176
57.531391249055815
59.09729612846455
60.68877805664297
62.30606971857436
63.949402394324515
65.61900578871311
67.31510786851078
69.03793470742504
70.78771033920373
72.56465661917665
74.36899309450587
76.20093688343658
78.06070256384825
79.94850207122941
81.86454460663961
83.80903655436066
85.78218140992496
87.78417971839859
89.81522902315916
91.87552382526805
93.96525555353453