-0.20672182703576E-18
 0.18355513438952E-17
-0.16744467989896E-16
-0.19429929746040E-30
-0.25832050291131E-17
 0.21959304248542E-15
 0.40709502504089E-14
 0.55144885917712E-13
 0.42902571279743E-12
 0.21617807035749E-11
 0.81332151288142E-11
 0.24352123984660E-10
 0.61348572908749E-10
 0.13517773648303E-09
 0.26830965366543E-09
 0.48955445892153E-09
 0.83900594649967E-09
 0.13683104332605E-08
 0.21533644038211E-08
 0.33213042801509E-08
 0.48612922605589E-08
 0.72935696108771E-08
 0.10687157639324E-07
 0.15648924534810E-07
 0.22778899550021E-07
 0.32814349917165E-07
 0.46890837532566E-07
 0.65987017416122E-07
 0.91717996421829E-07
 0.12554126194484E-06
 0.16901764494831E-06
 0.22360455753761E-06
 0.29045040613162E-06
 0.37017509007657E-06
 0.46262161685096E-06
 0.56664271438807E-06
 0.67993740933320E-06
 0.79905317492104E-06
 0.91954561808288E-06
 0.10363905460338E-05
 0.11445058815339E-05
 0.12393849263597E-05
 0.13173405067079E-05
 0.13752407946999E-05
 0.14089781400013E-05
 0.14103150525308E-05
 0.13615798073900E-05
 0.12280058061159E-05
 0.94783601636469E-06
 0.42078135779374E-06
-0.50324109287627E-06
-0.20321241984657E-05
-0.44308645206207E-05
-0.80041506973123E-05
-0.13051280966229E-04
-0.19782202333252E-04
-0.28186751291756E-04
-0.37862438800896E-04
-0.47830209768330E-04
-0.56399714360978E-04
-0.61176611369332E-04
-0.59309093154267E-04
-0.48029607712332E-04
-0.25449320907720E-04
 0.85673489794098E-05
 0.51729555400435E-04
 0.99150995308727E-04
 0.14388113549140E-03
 0.17812393728639E-03
 0.19488611459444E-03
 0.18962295194241E-03
 0.16141396755401E-03
 0.11332497412175E-03
 0.51850477325535E-04
-0.14406116432171E-04
-0.76453439178077E-04
-0.12659308399424E-03
-0.15967171682570E-03
-0.17367079217711E-03
-0.16959770377099E-03
-0.15081602498345E-03
-0.12206189999989E-03
-0.88415333379907E-04
-0.54445580251793E-04
-0.23657902667670E-04
 0.17317045808995E-05
 0.20744795197699E-04
 0.33405391955678E-04
 0.40423895770632E-04
 0.42882577001566E-04
 0.41976005962527E-04
 0.38829348524239E-04
 0.34394100917975E-04
 0.29406533618134E-04
 0.24390104823429E-04
 0.19682916783731E-04
 0.15476252484647E-04
 0.11853271638311E-04
 0.88246386995366E-05
 0.63552965280946E-05
 0.43859769310279E-05
 0.28473799085628E-05
 0.16689638333053E-05
 0.78512656689786E-06
 0.13741746053857E-06
-0.32437153116210E-06
-0.64194012781893E-06
-0.84930445154826E-06
-0.97392412179664E-06
-0.10373188221874E-05
-0.10563847976075E-05
-0.10441096105289E-05
-0.10103531795602E-05
-0.96249860552634E-06
-0.90629012843790E-06
-0.84551880909327E-06
-0.78313846161663E-06
-0.72134609512950E-06
-0.66129267230470E-06
-0.60407383414694E-06
