 0.64340353002462E-32
 0.25736141200985E-31
 0.57906317702215E-31
 0.10294456480394E-30
 0.16085088250615E-30
 0.23162527080886E-30
 0.31526772971206E-30
 0.41177825921575E-30
 0.52115685931994E-30
 0.64340353002462E-30
 0.77851827132979E-30
-0.68940648733714E-15
-0.28863724664646E-16
-0.27158362592150E-14
-0.14866901945243E-16
-0.25191717166837E-15
-0.42859238729828E-15
 0.35371153358108E-14
 0.51993052018380E-14
 0.17338956701237E-13
 0.31770437208366E-13
 0.94956172399045E-13
 0.16221710758235E-12
 0.29090167946599E-12
 0.62866767227461E-12
 0.11253660755790E-11
 0.19139383519507E-11
 0.30195297216005E-11
 0.48275114926893E-11
 0.73758080805126E-11
 0.10851471864726E-10
 0.15668191375157E-10
 0.22235459722658E-10
 0.30571569321652E-10
 0.41491876197381E-10
 0.55022210918283E-10
 0.72083802489849E-10
 0.92982410174929E-10
 0.11819161122595E-09
 0.14843024159689E-09
 0.18424659889978E-09
 0.22640724354165E-09
 0.27573486612357E-09
 0.33264383458449E-09
 0.39804069461437E-09
 0.47292890049749E-09
 0.55783572940927E-09
 0.65399236705603E-09
 0.76236665275489E-09
 0.88447454552768E-09
 0.10209534808165E-08
 0.11733322086870E-08
 0.13433594522163E-08
 0.15325960070542E-08
 0.17426740500029E-08
 0.19752636160468E-08
 0.22329231014413E-08
 0.25173552364577E-08
 0.28308133644064E-08
 0.31756133591869E-08
 0.35544279846523E-08
 0.39690598310738E-08
 0.44231188826509E-08
 0.49171206936336E-08
 0.54542032390091E-08
 0.60361746654144E-08
 0.66646945244111E-08
 0.73414724181556E-08
 0.80656505111767E-08
 0.88403292155534E-08
 0.96636018324141E-08
 0.10535946311444E-07
 0.11455837021027E-07
 0.12421358177852E-07
 0.13431221043763E-07
 0.14481305069977E-07
 0.15569064241836E-07
 0.16690922250299E-07
 0.17841198865622E-07
 0.19015331878097E-07
 0.20208772855308E-07
 0.21414265849070E-07
 0.22627540306192E-07
 0.23841316412198E-07
 0.25049057011890E-07
 0.26243830901484E-07
 0.27417711667094E-07
 0.28565694584749E-07
 0.29677728470015E-07
 0.30747418086185E-07
 0.31764036656955E-07
 0.32720222256219E-07
 0.33604896090356E-07
 0.34405136184104E-07
 0.35108811465772E-07
 0.35697321767469E-07
 0.36151939119003E-07
 0.36449220791742E-07
 0.36558221437860E-07
 0.36444229878057E-07
 0.36062552641601E-07
 0.35359485116289E-07
 0.34270212183153E-07
 0.32715520656989E-07
 0.30603450281495E-07
 0.27821447596977E-07
 0.24242084651939E-07
 0.19713387026278E-07
 0.14067438891677E-07
 0.71152276680794E-08
-0.13951030433882E-08
-0.11552490516859E-07
-0.23716340331676E-07
-0.38062370377053E-07
-0.54793837194804E-07
-0.74071449068172E-07
-0.95988022457370E-07
-0.12054188874518E-06
-0.14759259955815E-06
-0.17682544029975E-06
