3.971889227456797e-12
3.971889227456797e-12
3.971889227456797e-12
3.971889227456797e-12
3.971889227456797e-12
3.971889227456797e-12
3.971889227456797e-12
3.971889227456797e-12
3.971889227456797e-12
3.971889227456797e-12
3.971889227456797e-12
3.971889227456797e-12
3.971889227456797e-12
3.971889227456797e-12
3.971889227456797e-12
3.971889227456797e-12
7.943778454913594e-12
4.2201323041728465e-12
5.213104611037046e-12
9.805601530283968e-12
3.103038458950623e-11
8.179609377793841e-11
2.6835076593004983e-10
7.563966547538037e-10
2.034476135226386e-9
5.0529878265551935e-9
1.1826672539367686e-8
2.6113061604376355e-8
5.477768967277862e-8
1.0969936033005256e-7
2.106856369104485e-7
3.8948507122441216e-7
6.954161153231212e-7
1.2028523949907042e-6
2.020869063340811e-6
3.3056485003324214e-6
5.275707046609453e-6
8.230682784275863e-6
0.000012573620317892448
0.00001883738669263481
0.000027715280262138612
0.00004009610259449954
0.000057103772233604894
0.00008014178801309036
0.00011094215230541303
0.00015161921668289268
0.0002047279911133939
0.0002733269597608229
0.0003610451371497394
0.0004721532702375925
0.0006116387118779398
0.0007852839131712388
0.0009997480347416546
0.0012626515503359134
0.0015826632848178889
0.001969589785027501
0.0024344666166335265
0.002989651103899292
0.0036489165881995107
0.004427547529570609
0.005342435480711342
0.006412175468226183
0.00765716277776019
0.009099689778356292
0.010764042740358234
0.01267659839576136
0.014865920271545064
0.017362854457383427
0.02020062510078494
0.023414929169418654
0.02704403070243198
0.031128854413605796
0.03571307873434906
0.040843228028926884
0.04656876430389333
0.05294217810812768
0.06001907873927951
0.06785828375612615
0.07652190760569534
0.08607544948815748
0.0965878802590313
0.10813172831595108
0.12078316441525817
0.13462208524650812
0.14973219559968787
0.16620108902721104
0.1841203267360641
0.20358551472003353
0.22469637859829075
0.2475568362739065
0.27227506808622726
0.2989635840967888
0.3277392886316473
0.3587235414834758
0.3920422159409897
0.42782575323548044
0.4662092133442574
0.5073323220525707
0.5513395140801358
0.5983799723021745
0.648607662948918
0.7021813667917637
0.7592647063788922
0.8200261693835218
0.8846391280528842
0.9532818551290467
1.0261375361570513
1.103394278612193
1.1852451179531782
1.2718880209958725
1.3635258868288216
1.4603665457307862
1.5626227564523578
1.6705122021956607
1.7842574859298816
1.9040861253421297
2.030230548048703
2.162928087552823
2.3024209805310893
2.448956365946258