3.971889227456797e-12
3.971889227456797e-12
3.971889227456797e-12
3.971889227456797e-12
3.971889227456797e-12
3.971889227456797e-12
3.971889227456797e-12
3.971889227456797e-12
3.971889227456797e-12
7.943778454913594e-12
7.943778454913594e-12
1.5887556909827188e-11
1.1915667682370391e-11
1.1915667682370391e-11
7.943778454913594e-12
1.216391075908644e-11
9.309115376851867e-12
1.1543303067296316e-11
4.567672611575316e-11
1.3938848757606198e-10
4.63718067305581e-10
1.4075382449800023e-9
3.936638710563118e-9
1.0205024640720092e-8
2.4618141796392303e-8
5.575750509657687e-8
1.1929581706820326e-7
2.4261304785766815e-7
4.713541484669051e-7
8.787037844641111e-7
1.5780253839916675e-6
2.7393181642939543e-6
4.610315931415138e-6
7.542875319254089e-6
0.00001202500150476998
0.000018719258362756406
0.00002850774738066849
0.00004254403526953189
0.0000623122309754612
0.00008969310125125408
0.00012703740575726393
0.0001772459920694946
0.00024385663135607875
0.0003311370298450188
0.0004441837575380259
0.0005890263699212809
0.0007727364570530245
0.0010035408090178469
0.0012909382404839263
0.0016458194676571402
0.0020805894329119124
0.002609291559760225
0.0032477333874315283
0.004013613127551562
0.004926646641220822
0.006008694560198136
0.007283889065632918
0.008778760077840717
0.01052236074826748
0.012546391748219624
0.014885324518820948
0.017576523175740322
0.0206603650385286
0.02418035962581332
0.028183266393018106
0.032719210732752885
0.03784179854035914
0.043608229379860676
0.050079407860702425
0.05732005357294168
0.06539880933786188
0.07438834768128996
0.08436547549436703
0.09541123665959453
0.10761101249234145
0.1210546197700493
0.13583640611690376
0.1520553423836478
0.1698151118187291
0.18922419554385275
0.210395954060127
0.23344870451595512
0.25850579304407506
0.2856956620842129
0.3151519123125314
0.3470133585706714
0.38142407979463305
0.4185334624818908
0.45849623755896535
0.5014725103156911
0.5476277834758106
0.5971329731524261
0.6501644178274476
0.7069038801787866
0.7675385421857469
0.8322609933304039
0.9012692125093729
0.9747665435333337
1.0529616650126639
1.1360685546937213
1.2243064488768094
1.3178997974253486
1.4170782149326135
1.5220764284952393
1.633134222998211
1.7504963843388193
1.8744126413755124
2.005137607255893
2.1429307209229544
2.2880561894231417
2.4407829316832643
2.6013845246195344
2.770139152051
2.9473295571480898
3.133242999009684
3.3281712138784854
3.5324103814519527
3.746261096728679
3.970028347546863
4.204021498230427