11.54397484853808
11.909840741194131
12.29390627143795
12.695889300191556
13.115526095787175
13.552571502325177
14.006798760500313
14.477999087744829
14.965981102248064
15.470570156187085
15.991607627357125
16.528950205005295
17.082469194906615
17.652049860138128
18.237590807260545
18.839003422581676
19.45621135936789
20.08915007386964
20.737766407248934
21.40201820771418
22.081873988204624
22.777312613864513
23.488323014024118
24.214903913665417
24.95706357983993
25.71481957759709
26.488198542352215
27.27723593480638
28.081975827911304
28.902470672302478
29.738781069935605
30.59097554462275
31.4591303103215
32.343329036842405
33.24366261286137
34.16022890629322
35.09313252222017
36.04248455867073
37.008402360622746
37.99100927260097
38.99043439034891
40.006812311943705
41.04028288883161
42.0909909771601
43.15908618980497
44.24472264944034
45.34805874300235
46.46925687782426
47.608483239724016
48.76590755330791
49.94170284466247
51.1360452066908
52.34911356723194
53.58108946013445
54.832156799435765
56.102501656786465
57.39231204222954
58.70177768849069
60.031089838861554
61.38044103882375
62.75002493152572
64.14003605721824
65.55066965679495
66.98212147954969
68.43458759530047
69.90826421099622
71.40334749197231
72.9200333879853
74.4585174641991
76.01899473726193
77.60165951663447
79.20670525134763
80.8343243824587
82.48470820093691
84.15804671192134
85.85452850473366
87.57434062926417
89.31766847875868
91.08469567914754
92.87560398509429
94.69057318288498
96.5297810002852
98.39340302350205
100.281612621339
102.19458087666122
104.13247652523397
106.09546590203563
108.08371289508328
110.0973789068189
112.13662282310447
114.20160098982652
116.29246719712737
118.40937267124997
120.5524660739851
122.72189350966428
124.91779853968687
127.1403222044973
129.38960305295868
131.66577717903803
133.9689782657347
136.29933763613295
138.6569843114955
141.04204507629456
143.45464455004816