0.
0.
0.
0.
1.241215383580249e-13
1.7128772293407437e-11
6.109262117981986e-10
9.347841296819571e-9
8.081094112799077e-8
4.668062111799287e-7
2.0061480006484725e-6
6.893398819464963e-6
0.000019913311285406753
0.000050135596765720756
0.00011297875948333149
0.0002324960693266685
0.0004437246395390534
0.0007949588455037733
0.0013498464504338294
0.002189240439270022
0.0034128651066828272
0.005140589191178417
0.007513749779009877
0.010696074156332051
0.014874675349458914
0.020260938048797916
0.027091413388111378
0.035628745179402836
0.046162649422877754
0.05901095646154109
0.07452071279344699
0.0930693491205385
0.11506573364762165
0.140951537117672
0.17120209210176934
0.2063274671805275
0.24687323285963003
0.29342102226144867
0.3465887917408034
0.4070307272901235
0.4754367317414896
0.5525314247921346
0.6390725785320142
0.7358489913603914
0.8436771499459584
0.9633981354788755
1.0958719910229473
1.2419719634223818
1.4025768365323235
1.578561662827008
1.7707866642540775
1.9800843043736251
2.207244786484335
2.4530006362627903
2.7180114712064425
3.0028504749543004
3.3079942798310267
3.6338177686474635
3.9805946495848032
4.3485038357896935
4.7376405492941345
5.148030621440951
5.579646091964496
6.032420521521897
6.506262822090114
7.001068964288551
7.516731353828256
8.053145980400279
8.610217610771768
9.187863369081427
9.78601504710911
10.404620447791194
11.04364401695104
11.703066965338648
12.382887036244595
13.083118035140734
13.803789206460719
14.544944520612146
15.306641902909341
16.088952469045132
16.89195972964259
17.71575886773745
18.56045583335657
19.42616696011927
20.313017957137713
21.221143424586554
22.150686204120817
23.101796792737982
24.074632785890593
25.069358348259794
26.086143710535097
27.12516469046276
28.186602236529577
29.27064199274634
30.37747388308956
31.507291714273315
32.66029279566029
33.83667757527242
35.036649290942925
36.260413635799
37.50817843736351
38.78015334966428
40.07654955786522
41.397579494940956
42.743456570123456
44.11439490876927
45.51060910350918
46.93231397645202
48.37972435240811
49.853054843025525
51.352519641816194
52.8783323301133
54.43070569393359
56.00985155185815
57.61598059394557
59.249302231800165
60.910024459839626
62.59835372788556
64.31449482513564
66.05865077563654