0.0003146818100303173
0.0005745842086979974
0.0009923432181959363
0.0016341406336755583
0.0025827521919337838
0.003939002116842893
0.00582303322811817
0.00837542612834875
0.011758207964805374
0.016155792252408045
0.021775886799196023
0.02885039833860517
0.037636352141849634
0.048416832217846595
0.06150193471967274
0.07722971414539304
0.09596708972343065
0.11811066883634193
0.14408743616109845
0.17435525196716667
0.20940310134808865
0.24975103820977593
0.29594977377757253
0.3485798682569706
0.4082504965239769
0.47559777189365027
0.5512826259974989
0.635988255674061
0.730417157663773
0.8352877782980641
0.9513308060624858
1.07928513037071
1.21989347936172
1.3738977350163748
1.5420339077317629
1.7250267390755878
1.9235838968010486
2.1383897385141815
2.3700986568281968
2.619328087456096
2.886651362732132
3.172590720281965
3.477610908378815
3.8021139283778926
4.146435493838099
4.510843696908829
4.895540194788645
5.300663942315746
5.726297192438925
6.172473226298702
6.639185120896
7.126394838073386
7.6340420069131225
8.162051930686415
8.71034253129411
9.278830109673063
9.86743392943091
10.476079715974217
11.104702209850394
11.753246929557275
12.42167129593195
13.109945256001517
13.818051524382213
14.545985540020707
15.293755216533793
16.06138054760803
16.848893114631448
17.656335532207127
18.483760858078163
19.331231986888177
20.198821041647648
21.08660877277344
21.994683971408477
22.923142901406706
23.87208875279507
24.841631118193344
25.831885492929178
26.84297279891543
27.875018931956593
28.928154331919853
30.002513575026157
31.098234987413903
32.2154602791218
33.354334198090264
34.51500420011071
35.69762014355359
36.902333992124994
38.129299540951116
39.37867215575215
40.650608527773095
41.94526644341978
43.26280456823177
44.60338224468641
45.96715930351184
47.354295888169254
48.76495229220559
50.199288809218466
51.65746559518845
53.139642542994316
54.645979168896474
56.17663451084466
57.73176703843471
59.31153457438819
60.916094227399995