0.0003185480118779284
0.00058125167801794
0.0010032548487569056
0.0016512187939222418
0.002608477354740196
0.00397649067676612
0.005876114323693861
0.00844871764046784
0.01185719261885641
0.016286894704082705
0.02194655272771228
0.029069176441643765
0.03791297980212978
0.04876232507990254
0.06192868005953622
0.07775156736838683
0.09659947270417393
0.11887066830219821
0.14499389971644538
0.17542887889314218
0.21066652495288726
0.25122889636642265
0.2976687640387265
0.3505687843239433
0.41054024282778545
0.47822135374001595
0.5542751129867399
0.639386716706587
0.7342605662187186
0.839616886896269
0.956187988898133
1.0847141926334607
1.2259394312364646
1.3806065273934753
1.5494521255968166
1.733201247764779
1.932561436230092
2.1482164614465713
2.380819610707006
2.6309866447687806
2.899288613582065
3.1862448516139237
3.4923166054327766
3.8179018429316347
4.163331826994868
4.528869938916003
4.914713050176934
5.320995447583535
5.7477950105245466
6.195141082600654
6.66302333388694
7.151400894836311
7.660211139263778
8.189377657584666
8.738817144993998
9.308445094129933
9.898180308043786
10.507948331799117
11.137683944960814
11.787332871871733
12.456852862231834
13.146214279217697
13.855400312506227
14.58440691278701
15.333242525052572
16.10192768110065
16.8904944975805
17.698986114542635
18.527456100421393
19.375967842383716
20.244593935584394
21.13341558089945
22.042521997546004
22.972009854920696
23.92198272620731
24.89255056524923
25.883829207252127
26.895939893359408
27.929008818777934
28.9831667037461
30.05854838667669
31.155292438567262
32.27354079781136
33.41343842454038
34.575132973653574
35.75877448572472
36.96451509504871
38.1925087541314
39.44291097398668
40.71587857967087
42.01156948055019
43.330142454806996
44.67175694780319
46.036572883899765
47.42475049143394
48.836450140528704
50.27183219350417
51.731056867641534
53.214284110087895
54.721673484738766
56.253384070910485
57.8095743736392
59.39040224551147
60.99602481984357