0.000331960481423169
0.0006043480998079076
0.0010410037951875532
0.0017102318439983699
0.002697276737720977
0.004105773865399698
0.006059015017997618
0.008701064452901888
0.012197768025241298
0.016737697639221987
0.02253306827741578
0.029820655838576245
0.03886273292591161
0.04994802654479517
0.06339268819128059
0.0795412536916536
0.09876755751358274
0.12147555582907296
0.1481000046281627
0.17910693422861407
0.2149938604704483
0.25628967535022384
0.3035541667811513
0.3573771266871215
0.41837701942361466
0.4871991966621083
0.5645136586216813
0.6510123748228196
0.7474061870316149
0.8544213222943975
0.9727955441256882
1.103273963277441
1.246604518149129
1.4035331188725255
1.5747984326252877
1.761126275519356
1.9632235749762013
2.181771884720264
2.4174204804388197
2.670779144240355
2.942410859734135
3.232824775805729
3.5424699303260203
3.8717303115231374
4.220921847468035
4.590291786095105
4.980020711023715
5.39022712357691
5.8209742109850415
6.272278179440277
6.744117412564295
7.23644173228569
7.7491811610221095
8.28225376305347
8.835572330409304
9.409049839386629
10.00260372180369
10.6161590685796
11.24965091858776
11.903025794544833
12.576242638799648
13.269273284285553
13.982102574670693
14.714728226625798
15.467160507805378
16.23942178777251
17.0315460053072
17.843578084734368
18.675573325232396
19.527596780554322
20.39972264148299
21.292033629584093
22.204620408021075
23.13758101309117
24.0910203086951
25.065049464826252
26.05978546045366
27.07535061063306
28.1118721173545
29.169481643387922
30.2483149083183
31.34851130581839
32.47021354131399
33.61356728905575
34.778720867818
35.96582493435085
37.17503219387075
38.406497126882336
39.66037573169716
40.936825282087675
42.23600409955263
43.55807133975304
44.90318679268099
46.271510696217774
47.66320356275041
49.07842601855201
50.51733865568939
51.980101896206094
53.466875868394524
54.97782029497215
56.51309439299484
58.072856785349785
59.657265423720816
61.26647752284931