 0.39552301537839E-29
 0.98880753844598E-30
 0.43947001708710E-30
 0.24720188461149E-30
 0.15820920615136E-30
 0.10986750427178E-30
 0.80718982730284E-31
 0.61800471152874E-31
 0.48830001898567E-31
 0.39552301537839E-31
 0.32687852510611E-31
 0.27466876067944E-31
 0.23403728720615E-31
 0.20179745682571E-31
 0.17578800683484E-31
 0.15450117788218E-31
 0.13685917487142E-31
 0.12207500474642E-31
-0.10411809002974E-16
 0.42453822967354E-17
-0.57352673754540E-16
 0.31045765597102E-16
 0.11381070554210E-16
 0.24560304966099E-16
-0.60033341813938E-18
 0.18656611514073E-16
 0.67110159548396E-17
 0.23806091227668E-16
 0.72583318621896E-16
 0.17778924621832E-15
 0.37009951574578E-15
 0.71410595199756E-15
 0.13495068041933E-14
 0.25102545532303E-14
 0.44275965406291E-14
 0.75889761994629E-14
 0.12607591898461E-13
 0.20383088583732E-13
 0.32126109284179E-13
 0.49452464496307E-13
 0.74458469542706E-13
 0.10987838121065E-12
 0.15911488969215E-12
 0.22641218605925E-12
 0.31692556896927E-12
 0.43700209130412E-12
 0.59391193551001E-12
 0.79652280787437E-12
 0.10548802071153E-11
 0.13807497397905E-11
 0.17873191188847E-11
 0.22897113754418E-11
 0.29046474019699E-11
 0.36508489353701E-11
 0.45487627967183E-11
 0.56209141957381E-11
 0.68916060027853E-11
 0.83872876661895E-11
 0.10136198306680E-10
 0.12168485533347E-10
 0.14516138593240E-10
 0.17213039077594E-10
 0.20294646281877E-10
 0.23798208542629E-10
 0.27762379124584E-10
 0.32227432191127E-10
 0.37234869068876E-10
 0.42827451524581E-10
 0.49049130697566E-10
 0.55944680989111E-10
 0.63560367046029E-10
 0.71941634849500E-10
 0.81137146786363E-10
 0.91193602884155E-10
 0.10215954615192E-09
 0.11408333928642E-09
 0.12701368519477E-09
 0.14099928384063E-09
 0.15608895482905E-09
 0.17233134646502E-09
 0.18977497471120E-09
 0.20846807738161E-09
 0.22845868106041E-09
 0.24979433685477E-09
 0.27252218565326E-09
 0.29668893551689E-09
 0.32234077386753E-09
 0.34952332440202E-09
 0.37828163811684E-09
 0.40866018814804E-09
 0.44070281168856E-09
 0.47445270615102E-09
 0.50995249543675E-09
 0.54724407837484E-09
 0.58636877197425E-09
 0.62736724357512E-09
 0.67027955362040E-09
 0.71514505474625E-09
 0.76200255618034E-09
 0.81089018267180E-09
 0.86184548474747E-09
 0.91490539649942E-09
 0.97010624778468E-09
 0.10274837355532E-08
 0.10870729544102E-08
 0.11489083899858E-08
 0.12130238861022E-08
 0.12794526667916E-08
 0.13482272544760E-08
 0.14193795480571E-08
 0.14929407037595E-08
 0.15689413943602E-08
 0.16474102925486E-08
 0.17283778097213E-08
 0.18118710126721E-08
 0.18979171744537E-08
 0.19865425870131E-08
 0.20777724783136E-08
 0.21716311261653E-08
 0.22681416398282E-08
