 0.58591330852306E-04
 0.57594249301227E-04
 0.56620096219717E-04
 0.55668232120456E-04
 0.54737984407701E-04
 0.53828758202441E-04
 0.52939960579024E-04
 0.52071018583366E-04
 0.51221394918544E-04
 0.50390520978236E-04
 0.49577896011223E-04
 0.48783019483382E-04
 0.48005407259779E-04
 0.47244605753390E-04
 0.46500131927375E-04
 0.45771562301705E-04
 0.45058472365493E-04
 0.44360451146047E-04
 0.43677114001362E-04
 0.43008048692704E-04
 0.42352895512404E-04
 0.41711292835568E-04
 0.41082890270791E-04
 0.40467360253355E-04
 0.39864349425932E-04
 0.39273550977121E-04
 0.38694655562595E-04
 0.38127363204196E-04
 0.37571393819924E-04
 0.37026443264160E-04
 0.36492248810661E-04
 0.35968544785227E-04
 0.35455073359742E-04
 0.34951594135731E-04
 0.34457844290440E-04
 0.33973598005340E-04
 0.33498626249643E-04
 0.33032706593977E-04
 0.32575631951002E-04
 0.32127174351010E-04
 0.31687139007469E-04
 0.31255327769145E-04
 0.30831548061999E-04
 0.30415620877829E-04
 0.30007347767602E-04
 0.29606560143303E-04
 0.29213085982475E-04
 0.28826757993609E-04
 0.28447420931081E-04
 0.28074901451326E-04
 0.27709053170556E-04
 0.27349726261728E-04
 0.26996774925582E-04
 0.26650064102930E-04
 0.26309441882943E-04
 0.25974780770690E-04
 0.25645949863454E-04
 0.25322821700205E-04
 0.25005278431674E-04
 0.24693186512098E-04
 0.24386434572086E-04
 0.24084907901543E-04
 0.23788494741433E-04
 0.23497091966019E-04
 0.23210581821146E-04
 0.22928866750756E-04
 0.22651845947118E-04
 0.22379421141522E-04
 0.22111501845724E-04
 0.21847983930573E-04
 0.21588781710761E-04
 0.21333806353866E-04
 0.21082971218461E-04
 0.20836196697629E-04
 0.20593390456178E-04
 0.20354477041847E-04
 0.20119377969384E-04
 0.19888016650239E-04
 0.19660322875401E-04
 0.19436214549515E-04
 0.19215625068339E-04
 0.18998484913946E-04
 0.18784726215039E-04
 0.18574286902574E-04
 0.18367089661275E-04
 0.18163087971759E-04
 0.17962207696914E-04
 0.17764392683852E-04
 0.17569587933476E-04
 0.17377724217685E-04
 0.17188760791940E-04
 0.17002631206991E-04
 0.16819285621991E-04
 0.16638675195113E-04
 0.16460737790690E-04
 0.16285437664723E-04
 0.16112715117867E-04
 0.15942525817290E-04
 0.15774826297351E-04
 0.15609560659235E-04
 0.15446697498668E-04
 0.15286183058561E-04
 0.15127977824528E-04
 0.14972043036459E-04
 0.14818328294387E-04
 0.14666805968504E-04
 0.14517427546216E-04
 0.14370157738383E-04
 0.14224961913382E-04
 0.14081794531358E-04
 0.13940631252312E-04
 0.13801428203561E-04
 0.13664153809715E-04
 0.13528777069506E-04
 0.13395256749058E-04
 0.13263571381477E-04
 0.13133681208823E-04
 0.13005557927073E-04
 0.12879173734457E-04
 0.12754491220828E-04
 0.12631491433352E-04
 0.12510138271518E-04
 0.12390406319030E-04
 0.12272270599976E-04
 0.12155697107334E-04
 0.12040669092083E-04
 0.11927153711863E-04
 0.11815128104761E-04
 0.11704569795708E-04
 0.11595447813184E-04
 0.11487747343312E-04
 0.11381438452332E-04
 0.11276500542527E-04
 0.11172913356425E-04
 0.11070648635563E-04
 0.10969693268298E-04
 0.10870019922786E-04
 0.10771610012090E-04
 0.10674445248826E-04
 0.10578499804531E-04
 0.10483762067123E-04
 0.10390207037127E-04
 0.10297817916457E-04
 0.10206578171388E-04
 0.10116464154133E-04
 0.10027465575715E-04
 0.99395595279138E-05
 0.98527308184901E-05
 0.97669644655955E-05
 0.96822387838736E-05
 0.95985446545289E-05
 0.95158627543597E-05
 0.94341742169602E-05
 0.93534705552589E-05
 0.92737301532836E-05
 0.91949449252713E-05
 0.91170971496146E-05
 0.90401695179262E-05
 0.89641545070918E-05
 0.88890321900202E-05
 0.88147953967604E-05
 0.87414278515401E-05
 0.86689136555327E-05
 0.85972431838726E-05
 0.85264069032244E-05
 0.84563895931714E-05
 0.83871792384460E-05
 0.83187612109424E-05
 0.82511268030091E-05
 0.81842673846460E-05
 0.81181689391402E-05
 0.80528204703343E-05
 0.79882085024873E-05
 0.79243251461657E-05
 0.78611625849105E-05
 0.77987078948131E-05
 0.77369510029160E-05
 0.76758794732138E-05
 0.76154861577513E-05
 0.75557639547365E-05
 0.74967009464838E-05
 0.74382878779124E-05
 0.73805132632490E-05
 0.73233706177133E-05
 0.72668535048986E-05
 0.72109508879994E-05
 0.71556542743130E-05
 0.71009530364508E-05
 0.70468412858937E-05
 0.69933131750092E-05
 0.69403584851694E-05
 0.68879694049683E-05
 0.68361360904236E-05
 0.67848531899995E-05
 0.67341153867223E-05
 0.66839132074153E-05
 0.66342394589428E-05
 0.65850850114331E-05
 0.65364449977100E-05
 0.64883145794942E-05
 0.64406849638876E-05
 0.63935495194305E-05
 0.63468997682687E-05
 0.63007312804888E-05
 0.62550396502666E-05
 0.62098167062368E-05
 0.61650563280041E-05
 0.61207506337095E-05
 0.60768955887554E-05
 0.60334871783000E-05
 0.59905177997578E-05
 0.59479817981659E-05
 0.59058718373856E-05
 0.58641842403908E-05
 0.58229153463680E-05
 0.57820580737701E-05
 0.57416071922407E-05
 0.57015558657008E-05
 0.56619007411527E-05
 0.56226384785439E-05
 0.55837624743530E-05
 0.55452678858450E-05
 0.55071483359968E-05
 0.54694007655483E-05
 0.54320221254378E-05
 0.53950062512114E-05
 0.53583486545404E-05
 0.53220433801533E-05
 0.52860876354445E-05
 0.52504786356063E-05
 0.52152106198956E-05
 0.51802794244037E-05
 0.51456794818283E-05
 0.51114082418750E-05
 0.50774631598263E-05
 0.50438388467367E-05
 0.50105314358975E-05
 0.49775357174151E-05
 0.49448493612765E-05
 0.49124700412446E-05
 0.48803927110091E-05
 0.48486137765136E-05
 0.48171283574555E-05
 0.47859343254531E-05
 0.47550295456368E-05
 0.47244093054292E-05
 0.46940702419302E-05
 0.46640077893764E-05
 0.46342199986719E-05
 0.46047049238071E-05
 0.45754581267611E-05
 0.45464764940173E-05
 0.45177557306637E-05
 0.44892940563156E-05
 0.44610896903511E-05
 0.44331384631985E-05
 0.44054374756253E-05
 0.43779827077391E-05
 0.43507724877294E-05
 0.43238052292180E-05
 0.42970769939366E-05
 0.42705850819178E-05
 0.42443256973526E-05
 0.42182973505694E-05
 0.41924985497329E-05
 0.41669256088272E-05
 0.41415760010356E-05
 0.41164461557941E-05
 0.40915347102049E-05
 0.40668402984721E-05
 0.40423594496032E-05
 0.40180898027613E-05
 0.39940279946245E-05
 0.39701727782253E-05
 0.39465229031035E-05
 0.39230750979291E-05
 0.38998271551528E-05
 0.38767759039830E-05
 0.38539202035521E-05
 0.38312589089775E-05
 0.38087889344763E-05
 0.37865082142833E-05
 0.37644137565900E-05
 0.37425045176861E-05
 0.37207794493972E-05
 0.36992356385946E-05
 0.36778711507021E-05
 0.36566831604750E-05
 0.36356732595508E-05
 0.36148328494764E-05
 0.35941668168215E-05
 0.35736708022077E-05
 0.35533421355584E-05
 0.35331799438185E-05
 0.35131833487866E-05
 0.34933497479588E-05
 0.34736774408898E-05
 0.34541639021704E-05
 0.34348083336522E-05
 0.34156099317301E-05
 0.33965662337164E-05
 0.33776756436477E-05
 0.33589357711472E-05
 0.33403458867476E-05
 0.33219052554266E-05
 0.33036115449859E-05
 0.32854632565203E-05
 0.32674581257092E-05
 0.32495954862362E-05
 0.32318746660314E-05
 0.32142934548890E-05
 0.31968504440320E-05
 0.31795434870380E-05
 0.31623719755791E-05
 0.31453352954679E-05
 0.31284313505814E-05
 0.31116588159868E-05
 0.30950156555380E-05
 0.30785013142196E-05
 0.30621152310813E-05
 0.30458554167868E-05
 0.30297199182882E-05
 0.30137089211404E-05
 0.29978204967996E-05
 0.29820527517872E-05
 0.29664058844561E-05
 0.29508773438848E-05
 0.29354673364269E-05
 0.29201740297718E-05
 0.29049956246971E-05
 0.28899323388639E-05
 0.28749817380520E-05
 0.28601440469584E-05
 0.28454175234980E-05
 0.28308004569128E-05
 0.28162930817861E-05
 0.28018930738222E-05
 0.27876006737790E-05
 0.27734142242955E-05
 0.27593320976259E-05
 0.27453545432005E-05
 0.27314793402725E-05
 0.27177067436493E-05
 0.27040351755587E-05
 0.26904630862351E-05
 0.26769907380448E-05
 0.26636160078844E-05
 0.26503391627843E-05
 0.26371586997775E-05
 0.26240731424240E-05
 0.26110827642974E-05
 0.25981855344297E-05
 0.25853817304201E-05
 0.25726699196750E-05
 0.25600486947458E-05
 0.25475183388282E-05
 0.25350769079954E-05
 0.25227246888998E-05
 0.25104603151831E-05
 0.24982824443634E-05
 0.24861913678636E-05
 0.24741852239808E-05
 0.24622643070910E-05
 0.24504273132334E-05
 0.24386729611147E-05
 0.24270015491259E-05
 0.24154112933242E-05
 0.24039024945549E-05
 0.23924739077128E-05
 0.23811243091665E-05
 0.23698540031434E-05
 0.23586612792590E-05
 0.23475464437590E-05
 0.23365083070115E-05
 0.23255456998318E-05
 0.23146589312071E-05
 0.23038463604290E-05
 0.22931082981209E-05
 0.22824436070402E-05
 0.22718511693816E-05
 0.22613312979689E-05
 0.22508824180851E-05
 0.22405048438613E-05
 0.22301974875326E-05
 0.22199592798088E-05
 0.22097905365302E-05
 0.21996897455389E-05
 0.21896572236552E-05
 0.21796919298715E-05
 0.21697928407710E-05
 0.21599602744343E-05
 0.21501927780479E-05
 0.21404906704048E-05
 0.21308529547036E-05
 0.21212786509248E-05
 0.21117680786976E-05
 0.21023198415472E-05
 0.20929342595581E-05
 0.20836103777985E-05
 0.20743472572766E-05
 0.20651452185843E-05
 0.20560029187350E-05
 0.20469206785409E-05
 0.20378975826730E-05
 0.20289327310319E-05
 0.20200264445971E-05
 0.20111774312219E-05
 0.20023860118941E-05
 0.19936513088328E-05
 0.19849724587646E-05
 0.19763497825683E-05
 0.19677820364321E-05
 0.19592695410591E-05
 0.19508114542467E-05
 0.19424069476419E-05
 0.19340563415756E-05
 0.19257584382202E-05
 0.19175135575612E-05
 0.19093208911456E-05
 0.19011796437501E-05
 0.18930901347526E-05
 0.18850512100958E-05
 0.18770631886728E-05
 0.18691252940555E-05
 0.18612367624564E-05
 0.18533979119551E-05
 0.18456076301730E-05
 0.18378662345683E-05
 0.18301729791347E-05
 0.18225271299330E-05
 0.18149290034169E-05
 0.18073775269277E-05
 0.17998730161925E-05
 0.17924147540905E-05
 0.17850020350459E-05
 0.17776351736199E-05
 0.17703131350122E-05
 0.17630362329428E-05
 0.17558037777528E-05
 0.17486150908365E-05
 0.17414704845956E-05
 0.17343689603460E-05
 0.17273108295711E-05
 0.17202954287269E-05
 0.17133221048456E-05
 0.17063911679707E-05
 0.16995016538718E-05
 0.16926538715804E-05
 0.16858471824052E-05
 0.16790809577841E-05
 0.16723555051840E-05
 0.16656698932893E-05
 0.16590244284886E-05
 0.16524184957509E-05
 0.16458514897542E-05
 0.16393237152158E-05
 0.16328342722574E-05
 0.16263834644676E-05
 0.16199706993474E-05
 0.16135953937001E-05
 0.16072578493672E-05
 0.16009571964997E-05
 0.15946937357441E-05
 0.15884668960796E-05
 0.15822761153956E-05
 0.15761216925191E-05
 0.15700027863232E-05
 0.15639196943866E-05
 0.15578718661626E-05
 0.15518587596520E-05
 0.15458806705495E-05
 0.15399365102669E-05
 0.15340276714658E-05
 0.15281517059894E-05
 0.15223100022497E-05
 0.15165017633258E-05
 0.15107262061991E-05
 0.15049846911155E-05
 0.14992748394129E-05
 0.14935980071560E-05
 0.14879534229718E-05
 0.14823403288480E-05
 0.14767600535711E-05
 0.14712102853359E-05
 0.14656923488137E-05
 0.14602054970943E-05
 0.14547489961241E-05
 0.14493241441439E-05
 0.14439286937001E-05
 0.14385639389922E-05
 0.14332291565411E-05
 0.14279236352568E-05
 0.14226486437217E-05
 0.14174019964339E-05
 0.14121849580167E-05
 0.14069968274515E-05
 0.14018369156595E-05
 0.13967064624206E-05
 0.13916033419112E-05
 0.13865287900245E-05
 0.13814821272905E-05
 0.13764626857293E-05
 0.13714716771614E-05
 0.13665070332508E-05
 0.13615699620018E-05
 0.13566598046057E-05
 0.13517759133335E-05
 0.13469194728407E-05
 0.13420884702065E-05
 0.13372840863417E-05
 0.13325056822720E-05
 0.13277526297018E-05
 0.13230260869018E-05
 0.13183240943720E-05
 0.13136478067133E-05
 0.13089966039919E-05
 0.13043698765675E-05
 0.12997687570792E-05
 0.12951913375468E-05
 0.12906387470175E-05
 0.12861103838346E-05
 0.12816056562862E-05
 0.12771256721027E-05
 0.12726685730097E-05
 0.12682354632180E-05
 0.12638257586442E-05
 0.12594388847924E-05
 0.12550759251912E-05
 0.12507350695359E-05
 0.12464173979020E-05
 0.12421223430936E-05
