 0.87293459996323E-05
 0.86218810676603E-05
 0.85162936325229E-05
 0.84125425199742E-05
 0.83105821758204E-05
 0.82103738741662E-05
 0.81118781366633E-05
 0.80150566045874E-05
 0.79198736709091E-05
 0.78262896632082E-05
 0.77342710435973E-05
 0.76437835211113E-05
 0.75547937357641E-05
 0.74672708011370E-05
 0.73811799942753E-05
 0.72964921772284E-05
 0.72131774357609E-05
 0.71312066560246E-05
 0.70505529270081E-05
 0.69711857565715E-05
 0.68930797228472E-05
 0.68162086410789E-05
 0.67405470100090E-05
 0.66660712899645E-05
 0.65927546124211E-05
 0.65205747194334E-05
 0.64495086077304E-05
 0.63795338571324E-05
 0.63106298166931E-05
 0.62427727253751E-05
 0.61759430273887E-05
 0.61101204423780E-05
 0.60452852047722E-05
 0.59814191344003E-05
 0.59185011438869E-05
 0.58565140035441E-05
 0.57954397826417E-05
 0.57352609834867E-05
 0.56759615652794E-05
 0.56175227490706E-05
 0.55599293110116E-05
 0.55031653500764E-05
 0.54472153314052E-05
 0.53920650568331E-05
 0.53376977600094E-05
 0.52840999423972E-05
 0.52312574621089E-05
 0.51791564975568E-05
 0.51277844361910E-05
 0.50771262691841E-05
 0.50271700028951E-05
 0.49779030194532E-05
 0.49293129810691E-05
 0.48813886671701E-05
 0.48341165986266E-05
 0.47874860876833E-05
 0.47414858520435E-05
 0.46961048543893E-05
 0.46513330778724E-05
 0.46071583921679E-05
 0.45635712499975E-05
 0.45205615313457E-05
 0.44781193456681E-05
 0.44362357263065E-05
 0.43948997276322E-05
 0.43541028012362E-05
 0.43138358585346E-05
 0.42740899993409E-05
 0.42348571882223E-05
 0.41961275248589E-05
 0.41578933346222E-05
 0.41201464366076E-05
 0.40828788090260E-05
 0.40460832303649E-05
 0.40097507262736E-05
 0.39738743981069E-05
 0.39384468566520E-05
 0.39034608592011E-05
 0.38689099061324E-05
 0.38347858408417E-05
 0.38010824480916E-05
 0.37677930443600E-05
 0.37349110766878E-05
 0.37024306786927E-05
 0.36703438729319E-05
 0.36386467049586E-05
 0.36073314605378E-05
 0.35763927501629E-05
 0.35458252715469E-05
 0.35156217332246E-05
 0.34857786153400E-05
 0.34562888589046E-05
 0.34271475889536E-05
 0.33983500000576E-05
 0.33698894158003E-05
 0.33417626996006E-05
 0.33139633846255E-05
 0.32864870465412E-05
 0.32593293250211E-05
 0.32324841007694E-05
 0.32059485689139E-05
 0.31797167942866E-05
 0.31537847586151E-05
 0.31281485004936E-05
 0.31028023926016E-05
 0.30777439339854E-05
 0.30529676636134E-05
 0.30284699266683E-05
 0.30042471149383E-05
 0.29802940498910E-05
 0.29566084957291E-05
 0.29331854215594E-05
 0.29100214965031E-05
 0.28871134324054E-05
 0.28644564532436E-05
 0.28420485575940E-05
 0.28198851076746E-05
 0.27979630581513E-05
 0.27762794114517E-05
 0.27548297534344E-05
 0.27336122958250E-05
 0.27126227483800E-05
 0.26918583313962E-05
 0.26713163039982E-05
 0.26509925819226E-05
 0.26308855631855E-05
 0.26109912805730E-05
 0.25913071859324E-05
 0.25718307712589E-05
 0.25525582553402E-05
 0.25334882006717E-05
 0.25146169291454E-05
 0.24959421082785E-05
 0.24774614385676E-05
 0.24591714112230E-05
 0.24410707388187E-05
 0.24231560064071E-05
 0.24054250756961E-05
 0.23878758333438E-05
 0.23705050229844E-05
 0.23533114883187E-05
 0.23362920564217E-05
 0.23194447642376E-05
 0.23027676668469E-05
 0.22862577375017E-05
 0.22699139803503E-05
 0.22537331229821E-05
 0.22377140480138E-05
 0.22218544868359E-05
 0.22061516475063E-05
 0.21906045561684E-05
 0.21752107728969E-05
 0.21599678396959E-05
 0.21448750026908E-05
 0.21299293360178E-05
 0.21151299868076E-05
 0.21004746346032E-05
 0.20859610343922E-05
 0.20715884046731E-05
 0.20573540373608E-05
 0.20432571432524E-05
 0.20292955401411E-05
 0.20154671389752E-05
 0.20017707415141E-05
 0.19882052196004E-05
 0.19747685291233E-05
 0.19614591267756E-05
 0.19482750495029E-05
 0.19352152489282E-05
 0.19222786737072E-05
 0.19094634166227E-05
 0.18967680266035E-05
 0.18841906560850E-05
 0.18717303425832E-05
 0.18593859819593E-05
 0.18471559346065E-05
 0.18350385861029E-05
 0.18230324060544E-05
 0.18111365862580E-05
 0.17993505791181E-05
 0.17876718116167E-05
 0.17760996455095E-05
 0.17646323277192E-05
 0.17532690324052E-05
 0.17420089350384E-05
 0.17308504691920E-05
 0.17197924684983E-05
 0.17088334189992E-05
 0.16979725571011E-05
 0.16872091236230E-05
 0.16765416506878E-05
 0.16659690509571E-05
 0.16554899026247E-05
 0.16451035032620E-05
 0.16348091526008E-05
 0.16246054721681E-05
 0.16144914484697E-05
 0.16044657456474E-05
 0.15945277157974E-05
 0.15846767132064E-05
 0.15749114441772E-05
 0.15652309584642E-05
 0.15556340037300E-05
 0.15461199823417E-05
 0.15366882956105E-05
 0.15273377285714E-05
 0.15180673941456E-05
 0.15088761112293E-05
 0.14997633302326E-05
 0.14907284981770E-05
 0.14817704702917E-05
 0.14728884172342E-05
 0.14640812287833E-05
 0.14553483938867E-05
 0.14466894047895E-05
 0.14381031805682E-05
 0.14295889459029E-05
 0.14211456539658E-05
 0.14127728339949E-05
 0.14044700143142E-05
 0.13962361772433E-05
 0.13880705967367E-05
 0.13799722841019E-05
 0.13719408052027E-05
 0.13639757226208E-05
 0.13560760777156E-05
 0.13482411879112E-05
 0.13404701214237E-05
 0.13327624756541E-05
 0.13251178468648E-05
 0.13175353287026E-05
 0.13100142816305E-05
 0.13025538242670E-05
 0.12951535852077E-05
 0.12878131899961E-05
 0.12805317826143E-05
 0.12733087611369E-05
 0.12661432950104E-05
 0.12590350373719E-05
 0.12519836435921E-05
 0.12449883034224E-05
 0.12380484512407E-05
 0.12311633012127E-05
 0.12243324730656E-05
 0.12175555110482E-05
 0.12108324692151E-05
 0.12041617621996E-05
 0.11975431312821E-05
 0.11909762227659E-05
 0.11844607386586E-05
 0.11779959539558E-05
 0.11715813684057E-05
 0.11652162765768E-05
 0.11589004035632E-05
 0.11526334739558E-05
 0.11464149236854E-05
 0.11402438631178E-05
 0.11341204000784E-05
 0.11280429003259E-05
 0.11220130269780E-05
 0.11160285646853E-05
 0.11100897209886E-05
 0.11041957522106E-05
 0.10983464230497E-05
 0.10925414962099E-05
 0.10867803523846E-05
 0.10810625737180E-05
 0.10753875563503E-05
 0.10697550833027E-05
 0.10641649344060E-05
 0.10586165218246E-05
 0.10531094498477E-05
 0.10476431470634E-05
 0.10422174105998E-05
 0.10368320365091E-05
 0.10314864669408E-05
 0.10261803276094E-05
 0.10209130756587E-05
 0.10156845228213E-05
 0.10104944800960E-05
 0.10053424169975E-05
 0.10002279799116E-05
 0.99515065226927E-06
 0.99011026046686E-06
 0.98510662795656E-06
 0.98013925041141E-06
 0.97520779399539E-06
 0.97031176684613E-06
 0.96613291321045E-06
 0.96062535383722E-06
 0.95583432362735E-06
 0.95107760226067E-06
 0.94635472135362E-06
 0.94166553113764E-06
 0.93700988035474E-06
 0.93238731109858E-06
 0.92779752503576E-06
 0.92324007553102E-06
 0.91871482416477E-06
 0.91422163103972E-06
 0.90976005896996E-06
 0.90532982585431E-06
 0.90093050564345E-06
 0.89656197001111E-06
 0.89222408961537E-06
 0.88791644718450E-06
 0.88363877593398E-06
 0.87939066942269E-06
 0.87517200881592E-06
 0.87098267319323E-06
 0.86682226523781E-06
 0.86269053213256E-06
 0.85858708583287E-06
 0.85451181633270E-06
 0.85046461147131E-06
 0.84644509225603E-06
 0.84245301807212E-06
 0.83848801903825E-06
 0.83454999341107E-06
 0.83063883676987E-06
 0.82675418739762E-06
 0.82289568922957E-06
 0.81906337230510E-06
 0.81525688499166E-06
 0.81147588017874E-06
 0.80772039066504E-06
 0.80398994952766E-06
 0.80028459042094E-06
 0.79660397645780E-06
 0.79294777650831E-06
 0.78931602537086E-06
 0.78570827634936E-06
 0.78212456481948E-06
 0.77856456938584E-06
 0.77502797245598E-06
 0.77151481250988E-06
 0.76802465938762E-06
 0.76455755209278E-06
 0.76111318280662E-06
 0.75769124713681E-06
 0.75429178598786E-06
 0.75091438701958E-06
 0.74755909066401E-06
 0.74422560199669E-06
 0.74091363073426E-06
 0.73762321885439E-06
 0.73435396971695E-06
 0.73110592744637E-06
 0.72787880806275E-06
 0.72467233373919E-06
 0.72148654878204E-06
 0.71832107193956E-06
 0.71517594790027E-06
 0.71205090596826E-06
 0.70894567955390E-06
 0.70586031365363E-06
 0.70279444268536E-06
 0.69974811242404E-06
 0.69672106323945E-06
 0.69371303958887E-06
 0.69072408811868E-06
 0.68775385691857E-06
 0.68480239327483E-06
 0.68186944799008E-06
 0.67895477630117E-06
 0.67605842534327E-06
 0.67318005709842E-06
 0.67031971953586E-06
 0.66747717436120E-06
 0.66465218536765E-06
 0.66184480214139E-06
 0.65905469877125E-06
 0.65628192402525E-06
 0.65352624864723E-06
 0.65078744718138E-06
 0.64806556898914E-06
 0.64536030045667E-06
 0.64267169149406E-06
 0.63999952183660E-06
 0.63734357444276E-06
 0.63470390012881E-06
 0.63208019664331E-06
 0.62947251388755E-06
 0.62688064121348E-06
 0.62430436976081E-06
 0.62174375074408E-06
 0.61919849268292E-06
 0.61666864675096E-06
 0.61415400990423E-06
 0.61165438147801E-06
 0.60916981314010E-06
 0.60670002441165E-06
 0.60424506648031E-06
 0.60180474382807E-06
 0.59937886406721E-06
 0.59696747929682E-06
 0.59457031834398E-06
 0.59218743295991E-06
 0.58981863573248E-06
 0.58746374115319E-06
 0.58512280108826E-06
 0.58279555485846E-06
 0.58048205409693E-06
 0.57818211812641E-06
 0.57589556867809E-06
 0.57362245839256E-06
 0.57136253439079E-06
 0.56911584978781E-06
 0.56688223007314E-06
 0.56466150365707E-06
 0.56245372316017E-06
 0.56025864497980E-06
 0.55807632182905E-06
 0.55590658562852E-06
 0.55374927138728E-06
 0.55160443185248E-06
 0.54947183152317E-06
 0.54735152286763E-06
 0.54524334491614E-06
 0.54314713757380E-06
 0.54106295414918E-06
 0.53899056703784E-06
 0.53693002927044E-06
 0.53488118432266E-06
 0.53284387941166E-06
 0.53081816699620E-06
 0.52880382703257E-06
 0.52680091214420E-06
 0.52480927264515E-06
 0.52282876027542E-06
 0.52085942760808E-06
 0.51890106174068E-06
 0.51695371575221E-06
 0.51501724462603E-06
 0.51309150555705E-06
 0.51117655082114E-06
 0.50927217502545E-06
 0.50737843045489E-06
 0.50549517748340E-06
 0.50362227847495E-06
 0.50175978541874E-06
 0.49990749946787E-06
 0.49806547257300E-06
 0.49623357042539E-06
 0.49441165957425E-06
 0.49259979232128E-06
 0.49079777626994E-06
 0.48900566287326E-06
 0.48722332227722E-06
 0.48545062591548E-06
 0.48368762563037E-06
 0.48193413509628E-06
 0.48019020591655E-06
 0.47845571211373E-06
 0.47673053012244E-06
 0.47501471112966E-06
 0.47330807479189E-06
 0.47161067235583E-06
 0.46992238238113E-06
 0.46824308500395E-06
 0.46657283172997E-06
 0.46491144694330E-06
 0.46325898226380E-06
 0.46161532004406E-06
 0.45998034436750E-06
 0.45835410651849E-06
 0.45673643632541E-06
 0.45512738480846E-06
 0.45352683844397E-06
 0.45193468541892E-06
 0.45035097608251E-06
 0.44877549229971E-06
 0.44720849865715E-06
 0.44564951202281E-06
 0.44409879618595E-06
 0.44255618897733E-06
 0.44102153219370E-06
 0.43949508365229E-06
 0.43797637373966E-06
 0.43646566010357E-06
 0.43496278598104E-06
 0.43346759714715E-06
 0.43198034668354E-06
 0.43050057713049E-06
 0.42902854043774E-06
 0.42756408450368E-06
 0.42610705999084E-06
 0.42465771406966E-06
 0.42321560176762E-06
 0.42178096893639E-06
 0.42035366897855E-06
 0.41893355611910E-06
 0.41752087252945E-06
 0.41611518459990E-06
 0.41471673362805E-06
 0.41332537628945E-06
 0.41194097191069E-06
 0.41056375699549E-06
 0.40919330940116E-06
 0.40782986526699E-06
 0.40647328551497E-06
 0.40512343294491E-06
 0.40378053995368E-06
 0.40244419452554E-06
 0.40111462802806E-06
 0.39979170552366E-06
 0.39847529369489E-06
 0.39716561984619E-06
 0.39586228257140E-06
 0.39456550843521E-06
 0.39327516606410E-06
 0.39199112638648E-06
 0.39071361140177E-06
 0.38944223020127E-06
 0.38817720461623E-06
 0.38691840677363E-06
 0.38566571128564E-06
 0.38441933591298E-06
 0.38317889912209E-06
 0.38194461794071E-06
 0.38071636840169E-06
 0.37949402860305E-06
 0.37827781175057E-06
 0.37706734561035E-06
 0.37586284319583E-06
 0.37466418357821E-06
 0.37347124817696E-06
 0.37228424595438E-06
 0.37110281391946E-06
 0.36992716034974E-06
 0.36875716815330E-06
