5.148214888150997
5.180423160026831
5.212794325592293
5.245328150481962
5.2780244028258805
5.3108828532246095
5.343903274743387
5.377085442899228
5.410429135637334
5.443934133327001
5.477600218742627
5.511427177041499
5.545414795758324
5.579562864784507
5.613871176352384
5.648339525017722
5.682967707652025
5.71775552340641
5.752702773718192
5.78780926227836
5.823074795017676
5.858499180094013
5.894082227873245
5.929823750909753
5.965723563925458
6.001781483806583
6.037997329569155
6.074370922352797
6.1109020853995
6.147590644036128
6.184436425654426
6.221439259698247
6.258598977645791
6.295915412984787
6.333388401202933
6.371017779772883
6.408803388116492
6.44674506761512
6.48484266157054
6.523096015190906
6.5615049755841754
6.600069391734651
6.638789114476047
6.677663996496454
6.716693892295764
6.755878658194482
6.795218152294261
6.834712234476405
6.874360766376554
6.914163611378349
6.954120634581044
6.994231702804212
7.034496684547538
7.074915449995532
7.115487870991838
7.156213821027686
7.197093175217074
7.238125810292793
7.27931160458247
7.320650438004723
7.362142192038625
7.40378674971564
7.445583995611671
7.487533815819267
7.529636097948361
7.571890731094124
7.614297605837709
7.656856614224907
7.699567649750872
7.742430607353797
7.785445383391577
7.82861187563461
7.871929983254875
7.9153996067984975
7.959020648191592
8.002793010714683
8.046716598993523
8.090791318986437
8.135017077971781
8.1793937845333
8.223921348556642
8.268599681200701
8.313428694902202
8.358408303356955
8.403538421166735
8.448818965181406
8.494249852823653
8.539831002011285
8.585562332914291
8.63144376653676
8.677475225077696
8.72365663189404
8.769987911512692
8.81646898960049
8.86309979297054
8.909880249564079
8.956810288439442
9.003889839764238
9.051118834809888
9.09849720593574
9.146024886583605
9.193701811264104
9.241527915553815
9.289503136082736
9.33762741052584
9.38590067759328
9.434322877029508
9.482893949588707
9.531613837045963
9.580482482173425
9.629499828740558
9.678665821504595
9.727980406203939
9.777443529544774
9.827055139206397
9.87681518381267
9.926723612953367
9.976780377146442
10.026985427856404
10.077338717469983
10.12784019930184
10.178489827581908
10.229287557446211
10.280233344935493
10.331327146985288
10.382568921426296
10.43395862697011
10.485496223209832
10.53718167061002
10.589014930498125
10.640995965068344
10.693124737375152
10.745401211309858
10.797825351623311
10.850397123897476
10.903116494556608
10.955983430845656
11.008997900842791
11.062159873445268
11.115469318362837
11.168926206122594
11.222530508049234
11.276282196278588
11.33018124373801
11.384227624153086
11.43842131203719
11.492762282692622
11.547250512194829
11.601885977406438
11.65666865595976
11.711598526252924
11.766675567462809
11.821899759520077
11.877271083117005
11.93278951970164
11.98845505147905
12.044267661397422
12.100227333157234
12.156334051201341
12.212587800712987
12.268988567611078
12.325536338548824
12.382231100920814
12.439072842836701
12.496061553143297
12.55319722140707
12.610479837915756
12.667909393678737
12.725485880419713
12.783209290576826
12.841079617302416
12.899096854455445
12.95726099660659
13.015572039027193
13.074029977695714
13.13263480929153
13.191386531190341
13.250285141470371
13.309330638900834
13.368523022950486
13.42786229377535
13.4873484522233
13.546981499834063
13.606761438829663
13.666688272121124
13.726762003371022
13.786982636724149
13.847350177203827
13.907864630450636
13.968526002779631
14.029334301185061
14.090289533337886
14.151391707583043
14.212640832941068
14.27403691910076
14.33557997642565
14.397270015949523
14.459107049371328
14.521091089064122
14.583222148062776
14.64550024007254
14.707925379458128
14.770497581254876
14.833216861159192
14.896083235526824
14.95909672138054
15.022257336400338
15.085565098930017
15.149020027965756
15.212622143169028
15.276371464855302
15.340268014003104
15.40431181224024
15.46850288185397
15.53284124578469
15.597326927632867
15.66195995164614
15.726740342730238
15.79166812644117
15.85674332898881
15.921965977238022
15.987336098695012
16.05285372152705
16.118518874546343
16.184331587220466
16.250291889659188
16.31639981262306
16.38265538752612
16.449058646424625
16.515609622026208
16.582308347680215
16.649154857392105
16.71614918580767
16.78329136821578
16.8505814405572
16.91801943941563
16.98560540201797
17.053339366236564
17.12122137059141
17.189251454239756
17.257429656988485
17.325756019281247
17.394230582211698
17.462853387512354
17.531624477552477
17.600543895355322
17.66961168457195
17.738827889506428
17.80819255509324
17.877705726916137
17.947367451191653
18.017177774025605
18.087136744399572
18.157244409723525
18.22750081876865
18.297906020955566
18.368460066330808
18.43916300559009
18.51001489005444
18.58101577169354
18.65216570310576
18.723464737528438
18.79491292883231
18.866510331527582
18.938257000758103
19.01015299229888
19.082198362563027
19.154393168598414
19.22673746808234
19.299231319325855
19.371874782644834
19.444667914920082
19.517610777690308
19.59070343179443
19.663945938705755
19.737338360523278
19.810880759981373
19.884573200439746
19.958415745890864
20.032408460951665
20.106551410870225
20.18084466152368
20.255288279410397
20.32988233166163
20.40462688603322
20.47952201090099
20.554567775273288
20.629764248779317
20.705111501673855
20.78060960483328
20.856258629755196
20.932058648563032
21.008009734001316
21.084111959435187
21.160365398845304
21.23677012683814
21.313326218638302
21.390033750084672
21.46689279764207
21.543903438380916
21.621065749999303
21.69837981080402
21.77584569971738
21.85346349627795
21.93123328063895
22.00915513356304
22.08722913642939
22.165455371221764
22.243833920539696
22.322364867592526
22.40104829619593
22.47988429077589
22.55887293636435
22.638014318598586
22.717308523725197
22.796755638593517
22.87635575065449
22.956108947968996
23.03601531919171
23.11607495358278
23.196287941005078
23.276654371916646
23.357174337374907
23.437847929038522
23.518675239157112
23.599656360580653
23.680791386753054
23.762080411708173
23.843523530078507
23.92512083708352
24.006872428534116
24.08877840083512
24.17083885097449
24.25305387653086
24.335423575667242
24.417948047134605
24.50062739026643
24.583461704980795
24.666451091777553
24.749595651736684
24.832895486517955
24.91635069835965
24.999961390081204
25.08372766507635
25.16764962730991
25.251727381326226
25.335961032242842
25.42035068574304
25.504896448088875
25.589598426102828
25.67445672718205
25.75947145928708
25.844642730947065
25.929970651251924
26.015455329855964
26.101096876974022
26.186895403385687
26.27285102042165
26.358963839978717
26.445233974504056
26.53166153700337
26.618246641035082
26.704989400708598
26.79188993068714
26.878948346180575
26.96616476294787
27.053539297297238
27.14107206607918
27.2287631866907
27.31661277706886
27.40462095569213
27.4927878415819
27.581113554292035
27.66959821392241
27.758241941097438
27.847044856982954
27.936007083275037
28.02512874220026
28.114409956513708
28.203850849500466
28.293451544970026
28.38321216725804
28.47313284122296
28.56321369224466
28.653454846223468
28.743856429580024
28.834418569248587
28.925141392681745
29.01602502784322
29.10706960321208
29.198275247777417
29.289642091035976
29.381170262994644
29.472859894161257
29.564711115553674
29.65672405868946
29.748898855586148
29.841235638763834
29.93373454123662
30.02639569651808
30.119219238614406
30.212205302022713
30.305354021734235
30.39866553322738
30.492139972470465
30.58577747591527
30.679578180497256
30.773542223638835
30.867669743238537
30.96196087767562
31.056415765806705
31.151034546962563
31.24581736095271
31.340764348050612
31.43587564900675
31.531151405037168
31.626591757827725
31.72219684952427
31.817966822739837
31.913901820548833
32.010001986481555
32.10626746453103
32.20269839914245
32.299294935220885
32.39605721811515
32.492985393632296
32.59007960802585
32.687340007994074
32.78476674068514
32.88235995368517
32.98011979502633
33.0780464131781
33.17613995704858
33.274400575979584
33.3728284197524
33.47142363857545
33.570186383090075
33.669116804364606
33.76821505389657
33.867481283606146
33.966915645835634
34.0665182933511
34.16628937933863
34.26622905739626
34.366337481540334
34.46661480620585
34.56706118622957
34.66767677686535
34.768461733773364
34.86941621301722
34.97054037106788
35.07183436479473
35.17329835147193
35.2749324887666
35.37673693474727
35.47871184787222
35.58085738699615
35.68317371136316
35.78566098060409
35.88831935473756
35.99114899416619
36.09415005968111
36.19732271244473
36.3006671140063
36.4041834262871
36.50787181158508
36.6117324325742
36.71576545229504
36.819971034157454
36.924349341943405
37.02890053979582
37.13362479221991
37.238522264086335
37.34359312062294
37.44883752741456
37.55425565040177
37.65984765587863
37.7656137104932
37.87155398123748
37.97766863545549
38.08395784083554
38.19042176540915
38.297060577549544
38.4038744459693
38.510863539721456
38.61802802819008
38.725368081095986
38.8328838684919
38.94057556075645
39.04844332860208
39.15648734306057
39.26470777549213
39.37310479757732
39.48167858131471
39.59042929902348
39.69935712333793
39.808462227204686
39.91774478388103
40.02720496693851
40.13684295025304
40.24665890800859
40.35665301468951
40.46682544508413
40.57717637428238
40.68770597766973
40.79841443092632
40.90930191002857
41.02036859124468
41.131614651130995
41.243040266533875
41.35464561458357
41.46643087269394
41.57839621856447
41.69054183016781
41.80286788576073
41.91537456387359
42.02806204331102
42.14093050314775
42.25398012273098
42.36721108167226
42.480623559853
42.59421773741711
42.70799379476991
42.8219519125754
42.93609227175858
43.05041505349694
43.164920439225874
43.27960861062953
43.39447974964154
43.50953403844551
43.62477165947179