5.403068187289465
5.4354768100976205
5.468049399466854
5.500785714897162
5.533685518361293
5.566748574306106
5.599974649623409
5.633363513651073
5.666914938154784
5.700628697314272
5.734504567712875
5.7685423283130985
5.8027417604595835
5.837102647850195
5.871624776529189
5.906307934870957
5.941151913558674
5.9761565055773485
6.011321506193469
6.0466467129415955
6.082131925606116
6.11777694620821
6.153581578984878
6.189545630379379
6.2256689090174016
6.261951225699865
6.298392393377969
6.334992227133086
6.371750544179744
6.4086671638264
6.445741907469731
6.482974598575273
6.520365062666993
6.557913127295391
6.595618622041966
6.633481378478881
6.671501230171439
6.709678012651156
6.748011563404212
6.786501721845263
6.8251483293165744
6.86395122905376
6.902910266187521
6.942025287704921
6.981296142457579
7.0207226811241785
7.0603047562070005
7.100042222013302
7.139934934630736
7.179982751926736
7.220185533516367
7.260543140756864
7.3010554367282685
7.341722286219899
7.382543555709377
7.423519113355797
7.464648828970932
7.505932574018738
7.547370221595118
7.588961646406952
7.630706724760673
7.6726053345555645
7.714657355252483
7.7568626678757235
7.7992211549880635
7.841732700681707
7.884397190561031
7.927214511731291
7.970184552777519
8.013307203766882
8.05658235621467
8.100009903087162
8.143589738778152
8.187321759100639
8.231205861271688
8.275241943900761
8.31942990697643
8.363769651852108
8.408261081238605
8.452904099183765
8.49769861106676
8.542644523585057
8.587741744738285
8.632990183821025
8.67838975140719
8.72394035934628
8.769641920738698
8.815494349940332
8.861497562172946
8.90765147496808
8.953956006372751
9.000411074876592
9.047016601271814
9.093772507167849
9.140678715337515
9.187735149728567
9.234941735433534
9.28229839869319
9.329805066870867
9.377461668465482
9.425268133080017
9.47322439142685
9.521330375314353
9.569586017635347
9.61799125235891
9.666546014523927
9.715250240231885
9.764103866630615
9.813106831916775
9.862259075319345
9.911560537091924
9.96101115850852
10.010610881856582
10.060359650423125
10.110257408492718
10.160304101338436
10.210499675213544
10.26084407734169
10.311337255921863
10.36197916010296
10.41276973999073
10.463708946635114
10.51479673202565
10.566033049089494
10.61741785167007
10.668951094540834
10.720632733379603
10.772462724781942
10.824441026235107
10.876567596130332
10.928842393742595
10.98126537923633
11.03383651365053
11.086555758900735
11.139423077772207
11.19243843390478
11.245601791806148
11.298913116831137
11.352372375182695
11.405979533907665
11.459734560892706
11.513637424852362
11.567688095339372
11.621886542720466
11.676232738189636
11.730726653757356
11.785368262239642
11.840157537265009
11.89509445326579
11.950178985467694
12.005411109900496
12.060790803381645
12.116318043516634
12.171992808699006
12.227815078096329
12.283784831662972
12.339902050119262
12.396166714962897
12.452578808455295
12.509138313624824
12.565845214258973
12.622699494909083
12.679701140871714
12.736850138207647
12.794146473722263
12.851590134966795
12.90918111023869
12.966919388576528
13.024804959759892
13.082837814304284
13.141017943457648
13.199345339201976
13.257819994248731
13.316441902034116
13.37521105672504
13.434127453207822
13.493191087088308
13.552401954695355
13.611760053069286
13.671265379972688
13.73091793387303
13.790717713956447
13.85066472011421
13.910758953009625
13.971000413823457
14.031389104629904
14.09192502813829
14.152608187765681
14.21343858762596
14.274416232528466
14.33554112798345
14.39681328019761
14.458232696062671
14.519799383175242
14.581513349813733
14.643374604948654
14.705383158244983
14.767539020046133
14.829842201389368
14.892292713992381
14.954890570258513
15.017635783277496
15.080528366816521
15.14356833532346
15.206755703930833
15.270090488445772
15.333572705358192
15.397202371828767
15.460979505700216
15.524904125486257
15.588976250378813
15.653195900243785
15.71756309561708
15.782077857706229
15.846740208393857
15.911550170230988
15.976507766440637
16.04161302091248
16.10686595820408
16.172266603545378
16.23781498282949
16.303511122617564
16.369355050135777
16.435346793276967
16.501486380600888
16.56777384132363
16.63420920533317
16.700792503176686
16.76752376606441
16.83440302586853
16.901430315124763
16.968605667021105
17.035929115418412
17.10340069482867
17.1710204404252
17.23878838804126
17.30670457416971
17.374769035957513
17.44298181121085
17.51134293839213
17.57985245662148
17.648510405673907
17.71731682597963
17.786271758627606
17.855375245356424
17.9246273285598
17.9940280512873
18.06357745724101
18.1332755907724
18.203122496892785
18.273118220500027
18.34326280939358
18.41355630980102
18.483998769336115
18.554590236257194
18.62533075948019
18.696220388561358
18.76725917371023
18.838447165784483
18.90978441628997
18.98127097737895
19.05290690184914
19.12469224314838
19.19662705536574
19.268711393241922
19.34094531215511
19.413328868133153
19.485862117847205
19.55854511860965
19.631377929748595
19.704360607162798
19.7774932114253
19.85077580241792
19.924208440662202
19.99779118732412
20.071524104206635
20.145407253750584
20.219440699041854
20.293624503794636
20.367958732370173
20.44244344976011
20.517078721596317
20.591864614143194
20.6668011943046
20.74188852961296
20.817126688242276
20.892515738992618
20.968055751300554
21.04374679523232
21.119588941491024
21.195582261403846
21.271726826929882
21.348022710658256
21.42446998580802
21.501068726224165
21.577819006380356
21.6547209013741
21.731774486932565
21.808979839403655
21.886337035762836
21.963846153608525
22.041507271160384
22.119320467259797
22.197285821371228
22.275403413578022
22.353673324583507
22.432095635709878
22.51067042889659
22.589397786700598
22.668277792294514
22.74731052946645
22.826496082617687
22.905834536765898
22.985325977538928
23.06497049117568
23.144768164530074
23.224719085058645
23.304823340833813
23.385081020529874
23.465492213436256
23.54605700943793
23.626775499033897
23.70764777331944
23.788673923999767
23.86985404337811
23.951188224357328
24.032676560446866
24.114319145745373
24.196116074956713
24.278067443377807
24.36017334690172
24.44243388201732
24.524849145805888
24.607419235938913
24.690144250684906
24.773024288895254
24.856059450014396
24.939249834073117
25.022595541690176
25.106096674064588
25.189753332988058
25.27356562082821
25.35753364053567
25.441657495643934
25.525937290265283
25.61037312908605
25.694965117373595
25.779713360969826
25.864617966289597
25.94967904032183
26.03489669062466
26.1202710253334
26.205802153143008
26.291490183320537
26.37733522570337
26.463337390685947
26.54949678923168
26.635813532864763
26.722287733672534
26.80891950429591
26.89570895793969
26.982656208363746
27.0697613698834
27.1570245573658
27.244445886232075
27.33202547245778
27.41976343256177
27.50765988361547
27.595714943232487
27.683928729578756
27.772301361358405
27.86083295781897
27.949523638750275
28.038373524477223
28.127382735868128
28.21655139432316
28.305879621778463
28.39536754070226
28.48501527409938
28.574822945495818
28.664790678955402
28.754918599062144
28.845206830927328
28.93565550018752
29.026264732997742
29.117034656037674
29.207965396504715
29.299057082111112
29.39030984108683
29.481723802175566
29.573299094633764
29.66503584822665
29.75693419323095
29.84899426043067
29.941216181115863
30.033600087076795
30.12614611060866
30.21885438451082
30.311725042074546
30.404758217095782
30.497954043860254
30.59131265715042
30.684834192241386
30.778518784897535
30.872366571370186
30.966377688402172
31.06055227321718
31.154890463525568
31.249392397516445
31.344058213862613
31.438888051710517
31.53388205068659
31.629040350891156
31.72436309289682
31.819850417747233
31.915502466956337
32.011319382503785
32.10730130683691
32.20344838286392
32.29976075395946
32.39623856395545
32.49288195714206
32.58969107826796
32.686666072534635
32.78380708559733
32.88111426356336
32.97858775298763
33.07622770087322
33.17403425466746
33.272007562263894
33.37014777199621
33.46845503263908
33.56692949340074
33.665571303933795
33.764380614317936
33.86335757507002
33.962502337133245
34.061815051882895
34.161295871120366
34.26094494707164
34.36076243238166
34.46074848012355
34.56090324378587
34.66122687727289
34.7617195349085
34.86238137142362
34.96321254196906
35.06421320209638
35.165383507772276
35.26672361536331
35.36823368164305
35.46991386378746
35.57176431936811
35.67378520636067
35.7759766831307
35.87833890844293
35.98087204145047
36.08357624169901
36.18645166912175
36.28949848403757
36.39271684714774
36.496106919540644
36.59966886268266
36.70340283841486
36.807309008962115
36.9113875369188
37.015638585250656
37.1200623172974
37.224658896767295
37.32942848773261
37.43437125463044
37.5394873622634
37.64477697579158
37.75024026073391
37.85587738296915
37.96168850872643
38.067673804590534
38.173833437497336
38.28016757472706
38.386676383912175
38.4933600330261
38.60021869038671
38.70725252465172
38.81446170481955
38.92184640022015
39.02940678052692
39.13714301573623
39.24505527618229
39.353143732525155
39.461408555750424
39.56984991717102
39.67846798842308
39.78726294146122
39.896234948557336
40.0053841823044
40.114710815607694
40.22421502168628
40.33389697406441
40.44375684658499
40.55379481339077
40.66401104892689
40.77440572795138
40.88497902551061
40.99573111695816
41.106662177941146
41.21777238440197
41.329061912574225
41.44053093898357
41.55217964044237
41.664008194055185
41.776016777202614
41.88820556755433
42.00057474305769
42.1131244819414
42.22585496270664
42.33876636413037
42.4518588652655
42.5651326454299
42.678587884216014
42.792224761477954
42.90604345733506
43.02004415217129
43.13422702662954
43.248592261611236
43.36314003827624
43.47787053803662
43.59278394255591
43.70788043375061
43.82316019378658
43.938623405069855
44.05427025026128