0.12314573982284899
0.1712199452001944
0.23452711033191578
0.3178909229659624
0.428481561710898
0.5769692838885485
0.7718157994894188
1.0066813932166587
1.2717111911977192
1.5613815188157716
1.8727219237767867
2.2039679963367482
2.553981351987013
2.921979804259829
3.307404532628871
3.7098413798605696
4.1288951122022235
4.564572418898787
5.016442067715709
5.484441063761249
5.968459025930206
6.468411767779084
6.984237600600342
7.515889822529955
8.063348945955038
8.626601642335912
9.205639799991069
9.800488047676186
10.411160350329874
11.037694352332496
11.68013057731174
12.338531587767202
13.012949532712327
13.703455912649606
14.41013583996921
15.133069994592299
15.872361024619883
16.62810474621566
17.400415130858082
18.18940899278059
18.995212529417152
19.817957674815133
20.657783507898646
21.514835772871628
22.389266679653968
23.28123471004316
24.190904420464435
25.11844624141816
26.064036273745504
27.027856081894342
28.010092484471343
29.010937342280876
30.030587344174883
31.069243790929978
32.127112377420595
33.204402973325664
34.30132940259117
35.418109221854
36.55496349800744
37.71211658512659
38.88979590087558
40.08823170261358
41.30765686330519
42.54830664745758
43.81041848718479
45.09423175861849
46.399987558797115
47.7279284832572
49.07829840448987
50.45134225149349
51.84730579063378
53.266435408076
54.70897789400634
56.17518022896578
57.6652893725586
59.17955205485259
60.718214570804186
62.28152257804229
63.86972089837416
65.48305332338205
67.12176242448369
68.7860893678547
70.47627373460863
72.19255334661717
73.93516409840743
75.70433979549595
77.500311999585
79.3233098809985
81.17356007874048
83.05128656854303
84.95671053926907
86.89005027796108
88.85152106393551
90.84133507211757
92.85970128595616
94.90682542013379
96.98290985327975
99.08815357089512
101.22275211862319
103.38689756599533
105.58077848075284
107.80457991379967
110.0584833948118
112.34266693851403