1.9685756609931566
1.9970018496941404
2.025578029877981
2.054304096569136
2.0831799461334435
2.1122054762531755
2.1413805859370907
2.170705175481832
2.2001791464706884
2.2298024016689553
2.2595748453363536
2.2894963827312855
2.31956692041667
2.3497863662690057
2.3801546290670292
2.41067161905796
2.4413372475686255
2.472151427079316
2.5031140712168325
2.534225094746417
2.5654844135382437
2.5968919445805714
2.628447605950455
2.660151316815728
2.6920029974050914
2.7240025690094782
2.7561499539675314
2.788445075661011
2.8208878584838892
2.8534782278525257
2.8862161101848183
2.919101432897843
2.952134124371237
2.9853141139767425
3.018641332032528
3.0521157098170897
3.085737179548897
3.119505674371125
3.153421128352149
3.1874834764741298
3.221692654615259
3.2560485995533623
3.2905512489502593
3.3252005413353785
3.359996416110599
3.394938813534114
3.430027674706034
3.46526294157546
3.500644556920128
3.5361724643361088
3.5718466082376814
3.6076669338471556
3.643633387186309
3.6797459150650904
3.7160044650793864
3.7524089855983602
3.7889594257629637
3.8256557354706695
3.8624978653794417
3.8994857668858924
3.936619392133846
3.9738986939919956
4.01132362605949
4.048894142654515
4.086610198804981
4.124471750246542
4.162478753414151
4.200631165440697
4.238928944131933
4.277372047990676
4.315960436183423
4.354694068549409
4.393572905588816
4.432596908465256
4.471766038983553
4.511080259602279
4.550539533417493
4.590143824161503
4.629893096197526
4.669787314508145
4.7098264446992815
4.750010452989646
4.790339306209122
4.830812971793059
4.87143141777321
4.912194612777856
4.953102526026221
4.994155127321024
5.035352387053196
5.076694276181649
5.118180766244072
5.159811829348371
5.201587438161492
5.24350756590831
5.28557218638565
5.327781273925801
5.370134803418601
5.412632750296924
5.4552750905359275
5.498061800646853
5.5409928576777645
5.584068239206356
5.627287923335105
5.670651888696986
5.714160114438834
5.757812580233639
5.801609266260307
5.845550153216698
5.889635222307708
5.933864455238072
5.9782378342278735
6.0227553419895905
6.067416961730447
6.112222677161477
6.15717247248263
6.202266332382148
6.247504242039672
6.292886187117799
6.33841215376295
6.384082128605623
6.429896098753812
6.475854051785306
6.521955975765076
6.568201859224293
6.614591691164421
6.661125461058465
6.707803158843769
6.754624774929957
6.801590300185905
6.848699725942714
6.89595304399285
6.9433502465913755
6.9908913264485095
7.038576276731858
7.086405091064179
7.134377763523512
7.182494288640687
7.230754661394369
7.279158877222967
7.327706932005645
7.376398822071138
7.425234544206683
7.474214095632081
7.523337474020426
7.572604677491402
7.622015704601722
7.671570554360773
7.721269226218821
7.771111720065148
7.821098036231906
7.871228175496589
7.921502139072736
7.9719199286189815
8.02248154623
8.073186994445074
8.12403627623728
8.17502939502394
8.226166354661752
8.277447159443462
8.328871814097603
8.380440323799673
8.43215269415922
8.48400893122605
8.536009041484274
8.588153031861983
8.640440909723806
8.692872682873634
8.745448359557608
8.798167948453063
8.851031458682808
8.90403889981463
8.957190281844033
9.010485615215474
9.063924910812426
9.117508179960483
9.171235434423387
9.225106686410975
9.279121948571106
9.333281233999223
9.38758455623252
9.442031929252666
9.496623367485189
9.551358885796997
9.606238499508533
9.66126222438522
9.716430076631498
9.771742072912543
9.827198230329948
9.882798566442066
9.938543099255831
9.994431847227371
10.05046482926859
10.106642064735617
10.162963573445452
10.219429375668136
10.276039492125385
10.332793943998292
10.389692752920125
10.446735940989978
10.50392353075428
10.561255545230004
10.618732007889406
10.676352942663735
10.73411837395057
10.79202832661034
10.850082825966195
10.908281897808356
10.966625568393868
11.025113864443737
11.083746813152374
11.142524442180138
11.201446779658555
11.26051385429756
11.31972569496695
11.379082331319363
11.438583793377441
11.498230111644796
11.558021317097076
11.617957441189407
11.678038515861491
11.738264573523695
11.798635647076665
11.859151769896435
11.919812975848702
11.98061929927913
12.041570775021938
12.102667438397024
12.163909325213949
12.225296471768457
12.286828914846573
12.34850669172994
12.41032984018998
12.472298398489768
12.53441240538687
12.596671900138078
12.659076922494801
12.72162751270854
12.784323711523554
12.847165560190517
12.910153100457586
12.973286374577473
13.036565425303465
13.099990295894774
13.163561030116036
13.227277672238548
13.291140267035926
13.3551488597964
13.4193034963156
13.483604222899672
13.548051086363293
13.612644134037478
13.677383413764254
13.742268973900131
13.807300862846551
13.872479130918785
13.937803827563009
14.003275003208188
14.068892708791196
14.134656995778904
14.200567916149938
14.266625522411804
14.332829867592945
14.399181005241381
14.465678989432647
14.532323874763957
14.599115716364887
14.66605456988744
14.733140491510882
14.800373537942002
14.867753766417216
14.93528123470889
15.002956001109466
15.070778124447834
15.138747664089713
15.206864679921637
15.275129232374036
15.34354138240809
15.41210119151919
15.480808721737079
15.549664035629064
15.618667197431517
15.687818268554935
15.75711731427384
15.826564399306942
15.896159588908658
15.965902948873577
16.03579454553635
16.105834445771922
16.176022716995913
16.24635942716561
16.31684464477997
16.387478438880603
16.458260879048552
16.529192035414102
16.600271978645353
16.671500779956297
16.742878511105683
16.814405244393573
16.88608105266987
16.957906009325402
17.029880188297394
17.102003664069805
17.174276511672005
17.246698806677742
17.319270625209025
17.39199204393386
17.464863140066026
17.537883991367792
17.611054676146686
17.68437527325812
17.757845862103384
17.83146652263636
17.905237335348875
17.979158381289064
18.053229742047105
18.127451499764394
18.201823737123505
18.276346537365306
18.35101998426687
18.42584416215972
18.500819155918535
18.575945050968105
18.65122193327836
18.72664988936834
18.802229006301733
18.87795937169109
18.95384107369436
19.029874201014373
19.106058842903458
19.1823950891556
19.25888303011589
19.3355227566686
19.41231436025208
19.489257932836296
19.566353566951
19.64360135565731
19.72100139256843
19.798553771837874
19.87625858815982
19.95411593677807
20.03212591347262
20.11028861457121
20.188604136935194
20.267072577974655
20.345694035635887
20.4244686084066
20.503396395314798
20.582477495926817
20.661712010346548
20.741100039218562
20.820641683722023
20.900337045574158
20.980186227030632
21.060189330879968
21.140346460443787
21.220657719583645
21.301123212693824
21.38174304469488
21.462517321047542
21.543446147742426
21.62452963129914
21.705767878767677
21.787160997728762
21.868709096292008
21.95041228309392
22.032270667298157
22.114284358595633
22.196453467202673
22.278778103859402
22.361258379830353
22.44389440690248
22.526686297386416
22.609634164112116
22.69273812043072
22.77599828021269
22.85941475784782
22.94298766824298
23.026717126818923
23.11060324951646
23.194646152787154
23.278845953599177
23.363202769433318
23.447716718276407
23.5323879186346
23.617216489516743
23.70220255044257
23.787346221439474
23.872647623042372
23.958106876287264
24.043724102718063
24.12949942437975
24.215432963821613
24.301524844089805
24.387775188732796
24.474184121795666
24.560751767823575
24.647478251857308
24.734363699427682
24.821408236565347
24.908611989787637
24.995975086108118
25.083497653029276
25.171179818537425
25.259021711115235
25.34702345972126
25.435185193807815
25.523507043304573
25.611989138627038
25.700631610671415
25.78943459081006
25.87839821089914
25.967522603265746
26.056807900718184
26.14625423653506
26.235861744470114
26.325630558746273
26.415560814060477
26.505652645573257
26.595906188917308
26.686321580185822
26.776898955943512
26.8676384532115
26.958540209475245
27.049604362681436
27.140831051231917
27.232220413990888
27.32377259027373
27.41548771985122
27.507365942949175
27.59940740023937
27.691612232850858
27.78398058235318
27.876512590768936
27.96920840056321
28.062068154640365
28.15509199635506
28.248280069497383
28.34163251829768
28.435149487425065
28.528831121979227
28.62267756750074
28.71668896995827
28.81086547575541
28.90520723172036
28.999714385112906
29.094387083619928
29.189225475347836
29.28422970882878
29.37939993302077
29.474736297293155
29.570238951440526
29.665908045670296
29.761743730602834
29.857746157278047
29.9539154771396
30.050251842049697
30.146755404269967
30.243426316471393
30.340264731732322
30.43727080353326
30.53444468575276
30.631786532673157
30.729296498971106
30.826974739722576
30.924821410395992
31.022836666853873
31.12102066534762
31.21937356252158
31.317895515401297
31.416586681407143
31.515447218337677
31.61447728437302
31.713677038075087
31.81304663838771
31.91258624462821
32.01229601649011
32.11217611404056
32.2122266977183
32.312447928332475
32.412839967058495
32.513402975441664
32.61413711538847
32.71504254917121
32.81611943941961
32.9173679491266
33.01878824163962
33.12038048066118
33.222144830251544
33.32408145481813
33.426190519122585
33.52847218827064
33.63092662772029
33.73355400326662
33.83635448105562
33.93932822756766
34.04247540962706
34.14579619439213
34.24929074935981
34.35295924235619
34.4568018415461
34.56081871541609
34.66501003278671
34.76937596280422
34.87391667493572
34.97863233897452
35.083523125034276
35.1885892035464
35.29383074525743
35.399247921235286
35.504840902853196
35.61060986180105
35.71655497007368
35.82267639998357
35.92897432413784
36.03544891545394
36.142100347148315
36.24892879273778
36.355934426038424
36.463117421162465
36.57047795251793
36.67801619480415
36.785732323008276
36.89362651241376
37.00169893858146
37.10994977736962
37.21837920490522
37.32698739760815
37.43577453217275
37.5447407855725
37.65388633505309
37.76321135814057