2.0162718809600952
2.0447895680796955
2.073457312651882
2.102275008046323
2.1312425490293028
2.160359831711218
2.189626753565444
2.21904321339296
2.248609111315149
2.278324348757169
2.308188828426227
2.3382024542196094
2.3683651315449112
2.398676766802826
2.429137267791779
2.4597465432576144
2.4905045034113087
2.521411059561568
2.552466124193399
2.583669610951103
2.615021434622389
2.6465215111255893
2.6781697575059353
2.709966091908252
2.741910433586017
2.7740027028599052
2.806242821128463
2.838630710855572
2.8711662955376807
2.903849499723168
2.9366802489720025
2.969658469865178
3.0027840899806306
3.036057037893491
3.0694772431481536
3.103044636273545
3.1367591487421635
3.1706207129882022
3.204629262383219
3.2387847312156572
3.27308705470959
3.307536168983633
3.342132011069937
3.3768745188806744
3.411763631214369
3.4467992877356655
3.481981428984141
3.517309996333965
3.5527849320266705
3.5884061791236106
3.624173681523837
3.660087383940388
3.6961472319081126
3.732353171745563
3.768705150586769
3.805203116344375
3.841847017712496
3.8786368041592665
3.915572425912074
3.9526538339571857
3.9898809800392496
4.027253816636597
4.064772296966208
4.102436374969432
4.140246005322919
4.178201143401749
4.216301745299911
4.254547767811817
4.292939168425096
4.331475905324193
4.37015793736108
4.408985224078839
4.447957725690311
4.4870754030679185
4.5263382177413085
4.565746131899831
4.60529910838026
4.644997110657719
4.684840102849666
4.724828049693792
4.764960916570614
4.80523866946686
4.8456612749904835
4.886228700364214
4.926940913411031
4.96779788255392
5.0087995768234395
5.0499459658280585
5.091237019774139
5.132672709441983
5.1742530061962535
5.215977881972698
5.257847309277901
5.2998612611887825
5.342019711331254
5.384322633902061
5.426770003646937
5.4693617958585
5.512097986379346
5.554978551590387
5.598003468418422
5.641172714317891
5.684486267278446
5.72794410582011
5.771546208984712
5.815292556338372
5.859183127964301
5.90321790446379
5.947396866947528
5.991719997042176
6.0361872768723694
6.080798689073755
6.125554216783924
6.170453843631991
6.215497553753361
6.260685331767763
6.306017162792899
6.351493032432657
6.397112926776985
6.442876832402634
6.488784736361618
6.534836626200203
6.581032489924276
6.627372316030004
6.6738560934818665
6.720483811716003
6.767255460640587
6.814171030631855
6.861230512532617
6.908433897650767
6.955781177760271
7.003272345090378
7.050907392341129
7.098686312663992
7.146609099672046
7.194675747435508
7.242886250475034
7.291240603770278
7.339738802755432
7.388380843310776
7.437166721771869
7.486096434925951
7.535169980004864
7.584387354688277
7.633748557111515
7.683253585844448
7.732902439914708
7.78269511878634
7.8326316223723325
7.882711951029784
7.932936105557542
7.983304087198929
8.033815897637533
8.084471539002905
8.135271013863864
8.186214325231973
8.237301476558553
8.288532471737547
8.339907315100671
8.391426011425986
8.443088565927463
8.494894984259334
8.546845272520935
8.598939437246145
8.651177485414317
8.703559424440352
8.756085262184367
8.808755006947983
8.861568667467123
8.914526252925912
8.967627772947493
9.02087323759564
9.074262657375256
9.127796043238451
9.181473406575861
9.235294759222473
9.289260113458377
9.343369482004418
9.397622878026784
9.452020315139253
9.506561807399333
9.561247369310625
9.616077015825804
9.671050762339043
9.72616862469967
9.781430619198634
9.836836762581424
9.892387072043093
9.948081565226893
10.00392026022652
10.059903175594174
10.116030330327522
10.172301743884478
10.22871743617004
10.285277427555162
10.341981738856513
10.398830391353487
10.455823406784488
10.512960807342441
10.570242615685117
10.6276688549232
10.685239548641768
10.742954720875591
10.800814396133337
10.858818599381058
10.916967356052998
10.975260692050092
11.03369863374271
11.092281207967165
11.1510084420297
11.209880363708221
11.26889700135072
11.328058383484795
11.387364539401641
11.446815498776234
11.506411291747145
11.566151948944096
11.6260375014676
11.686067980898892
11.74624341929633
11.80656384920657
11.86702930365314
11.92763981614302
11.988395420671734
12.049296151716275
12.110342044243168
12.171533133705871
12.232869456048242
12.294351047699953
12.355977945588277
12.41775018712494
12.479667810224969
12.541730853285245
12.603939355211038
12.666293355395672
12.728792893733546
12.791438010615051
12.854228746935751
12.91716514408596
12.980247243962529
13.043475088962026
13.106848721986065
13.170368186442184
13.234033526244584
13.297844785810778
13.361802010073259
13.425905244466962
13.490154534938952
13.554549927950653
13.6190914704699
13.683779209983488
13.748613194488094
13.813593472499726
13.8787200925684
13.943993105177945
14.00941255992981
14.074978507410972
14.140690998719284
14.206550085482856
14.272555819842164
14.338708254468063
14.405007442547994
14.471453437796546
14.538046294453592
14.604786067285401
14.67167281158067
14.738706583161202
14.805887438371471
14.873215434087689
14.940690627718178
15.00831307719617
15.076082840988496
15.143999978097073
15.212064548050092
15.28027661091605
15.348636227290712
15.417143458308772
15.48579836563592
15.554601011480884
15.623551459693141
15.692649771362339
15.761896011386414
15.83129024411382
15.90083253444225
15.970522947798647
16.04036155015895
16.110348408033055
16.180483588476267
16.250767159079217
16.321199187982888
16.391779743862116
16.462508895940104
16.533386713979482
16.604413268288035
16.67558862971855
16.746912869665742
16.818386060068836
16.89000827341307
16.961779582729207
17.033700061592146
17.10576978412454
17.177988824989963
17.250357259404204
17.322875163126586
17.395542612462183
17.468359684266435
17.541326455937934
17.61444300542327
17.687709411220126
17.761125752365746
17.834692108452206
17.90840855961559
17.982275186540367
18.05629207045737
18.130459293150913
18.20477693694274
18.279245084710286
18.353863819877507
18.428633226415474
18.50355338883929
18.578624392217883
18.653846322161478
18.729219264832146
18.80474330693722
18.880418535730787
18.956245039014195
19.032222905136905
19.108352222993148
19.184633082022547
19.26106557221272
19.33764978409841
19.414385808754425
19.49127373780827
19.56831366342677
19.645505678323378
19.722849875755564
19.800346349525334
19.87799519397771
19.955796504001874
20.03375037503066
20.111856903034464
20.19011618453069
20.268528316580277
20.347093396777005
20.425811523262166
20.504682794714864
20.583707310355496
20.662885169939674
20.74221647376617
20.82170132266871
20.901339818019466
20.9811320617288
21.061078156240548
21.14117820453661
21.2214323101315
21.301840577077662
21.382403109956684
21.46312001388647
21.543991394517292
21.625017358028046
21.70619801113335
21.787533461071348
21.869023815615538
21.950669183066058
22.032469672249565
22.11442539252086
22.19653645376164
22.278802966376773
22.36122504130025
22.443802789981678
22.526536324403626
22.609425757062287
22.692471200979135
22.77567276969472
22.85903057726879
22.942544738279178
23.02621536782218
23.11004258150806
23.194026495466055
23.278167226336897
23.36246489127568
23.446919607950484
23.53153149453818
23.61630066973147
23.701227252726383
23.786311363230325
23.871553121455992
23.95695264812611
24.042510064461613
24.128225492195572
24.214099053557046
24.300130871280018
24.386321068598555
24.472669769242472
24.559177097448735
24.645843177938893
24.732668135940152
24.819652097170753
24.906795187839215
24.994097534652276
25.081559264804604
25.169180505980393
25.25696138634941
25.344902034574677
25.433002579796828
25.5212631516525
25.6096838802511
25.69826489618835
25.78700633053857
25.875908314859803
25.964970981181615
26.05419446201703
26.143578890348
26.23312439963596
26.32283112380967
26.4126991972719
26.502728754896832
26.592919932022006
26.68327286445649
26.773787688473696
26.864464540806775
26.95530355865893
27.04630487968989
27.137468642017257
27.228794984223477
27.320284045342916
27.411935964863854
27.503750882733208
27.595728939347325
27.687870275553
27.78017503264808
27.872643352376013
27.965275376928698
28.05807124894213
28.151031111493577
28.244155108105506
28.33744338273669
28.430896079788265
28.524513344092192
28.618295320924542
28.71224215598736
28.806353995419745
28.900630985790357
28.99507327409261
29.089681007753857
29.184454334623695
29.279393402976222
29.374498361506937
29.469769359335576
29.565206545998436
29.66081007144786
29.756580086056967
29.852516740609722
29.94862018630155
30.04489057474455
30.141328057951362
30.237932788352424
30.33470491877486
30.431644602454654
30.528751993029196
30.62602724453989
30.723470511421496
30.821081948510535
30.918861711035763
31.016809954624488
31.114926835290785
31.21321250944616
31.311667133882548
31.41029086578586
31.509083862723795
31.608046282648452
31.707178283894116
31.806480025173002
31.90595166557951
32.00559336457978
32.105405282018026
32.205387578112436
32.305540413447865
32.40586394898188
32.506358346041225
32.607023766310945
32.7078603718502
32.80886832507514
32.91004778876023
33.011398926042624
33.11292190041411
33.2146168757228
33.316484016167465
33.41852348630299
33.52073545102942
33.623120075595594
33.72567752559914
33.8284079669769
33.931311566011004
34.03438848932347
34.137638903877
34.2410629769657
34.344660876226015
34.44843276961883
34.5523788254444
34.656499212328285
34.760794099221485
34.865263655407674
34.969908050485884
35.07472745438224
35.1797220373422
35.28489196993149
35.390237423026605
35.49575856782504
35.6014555758311
35.707328618866
35.81337786905203
35.919603498826554
36.02600568092404
36.13258458839324
36.23934039457636
36.34627327311395
36.45338339794994
36.560670943318335
36.668136083752124
36.77577899407278
36.88359984939259
36.991598825113265
37.09977609692179
37.20813184079195
37.31666623297721
37.42537945001155
37.53427166870993
37.643343066163744
37.75259381973947
37.862024107075115