1.9859446137283985e-12
1.9859446137283985e-12
1.9859446137283985e-12
1.9859446137283985e-12
1.9859446137283985e-12
1.9859446137283985e-12
1.9859446137283985e-12
1.9859446137283985e-12
1.9859446137283985e-12
1.9859446137283985e-12
1.9859446137283985e-12
1.9859446137283985e-12
1.9859446137283985e-12
1.9859446137283985e-12
1.9859446137283985e-12
1.9859446137283985e-12
1.9859446137283985e-12
1.9859446137283985e-12
1.9859446137283985e-12
1.9859446137283985e-12
1.9859446137283985e-12
5.9578338411851955e-12
8.067899993271618e-12
6.33019845625927e-12
5.213104611037046e-12
9.929723068641992e-12
1.824586613862966e-11
3.661585381561735e-11
9.532534145896313e-11
2.345897074966671e-10
5.371980180135318e-10
1.1878431220862983e-9
2.5237632394337204e-9
5.145830737246997e-9
1.0099769576192487e-8
1.913904472865401e-8
3.5105915301491974e-8
6.24799276140475e-8
1.081710518282502e-7
1.8251488844317278e-7
3.006818201200098e-7
4.844767739882689e-7
7.646053085715734e-7
1.1836022614852197e-6
1.7993908104270556e-6
2.689652792543066e-6
3.957091457653753e-6
5.735699481819679e-6
8.19808970951843e-6
0.000011564087218894367
0.0000161105607405689
0.000022182683211843398
0.000030206685885373164
0.00004070405423363099
0.00005430751343771074
0.00007177855732746042
0.00009402672172571536
0.0001221306865992775
0.00015736109605198566
0.00020120520563507332
0.00025539332768213135
0.00032192710036183344
0.00040310951677407597
0.0005015767269981712
0.0006203315708917717
0.0007627788168162182
0.0009327620262299174
0.0011346020168430137
0.001373136916017209
0.0016537635955141841
0.0019824806511848075
0.0023659326907752355
0.0028114558746158242
0.0033271247500288323
0.003921800283260726
0.0046051789267122405
0.005387842783402831
0.006281310785880466
0.007298090794747894
0.008451732581058387
0.009756881731182753
0.01122933425358365
0.01288609207864437
0.01474541921795536
0.016826898675653127
0.0191514900641489
0.021741587862434478
0.024621080426068094
0.027815409565885237
0.031351630825017164
0.03525847445012123
0.03956640700444368
0.04430769364927692
0.049516461159843934
0.05522876160597766
0.06148263682928828
0.06831818364420732
0.07577761980448924
0.08390535083397145
0.09274803766213809
0.10235466516763315
0.11277661160452587
0.12406771894422064
0.13628436428803942
0.14948553215821217
0.16373288789863813
0.17909085217114357
0.19562667649063697
0.21341051990565776
0.23251552692436048
0.2530179064820028
0.2749970122969812
0.2985354243950988
0.3237190319042165
0.35063711726302166
0.37938244165673746
0.41005133200087646
0.44274376920568004
0.47756347802112176
0.5146180184068675