32.853655920434605
32.904358225504815
32.967708716806804
33.05634793969883
33.17022362673194
33.3092674123243
33.473393377224156
33.66249651880708
33.87645146645116
34.1151039487613
34.37828355704295
34.66578996289295
34.97740075795465
35.31287366471098
35.671949241555545
36.05435503607059
36.4598089544651
36.888022583920346
37.33870554719996
37.81156770939689
38.306322144909835
38.82268290295614
39.36038779344214
39.919161553379574
40.498752333663866
41.098917116473686
41.719425044991624
42.36005959708691
43.02061743514079
43.70090870798422
44.40076042528424
45.120011464009266
45.85851824957975
46.61614985757675
47.39279119752208
48.18834262850418
49.00271700663194
49.8358428846484
50.68766177127481
51.55812980719372
52.447215242710286
53.35489908222232
54.281176223014434
55.22605133871101
56.18954194857269
57.171676344392615
58.1724941033041
59.192043505613746
60.230383132454094
61.287581989991644
62.3637166411708
63.45887112175237
64.5731332624838
65.70662420868726
66.85943104849501
68.03167329413064
69.22347680050507
70.43496428351273
71.66626870876233
72.91752720767539
74.1888652584314
75.48048778699209
76.79248229452928
78.12503194838787
79.47828755382227
80.85241400212934
82.24757472318421
83.66393654552942
85.10167131422659
86.5609469096739
88.0419382776716
89.5448183595727
91.06976632428892
92.61695647156718
94.18656708014981
95.77877530062898
97.39375760878299
99.03169640190346
100.69277475155945
102.37716075919991
104.08503534337675
105.81657541694044
107.57196016708097
109.35136037183769
111.15494888500548
112.98290579050767
114.83542417620495
116.71258476054173
118.61465039500631
120.54174963373092
122.49405059323213
124.47171066755105
126.47489527019165
128.50375640790782
130.5584516777235
132.63913261508037
134.7459479174377
136.87904513692564
139.03857111424935
141.22466590049459
143.43746827578852
145.67711538403833
147.94374528109128
150.23748429731697
152.55846289931668
154.90680709858907
157.28264024894924
159.68608307222553
162.11725369116704
164.5762676693962
167.0632380582795
169.57827545038776
172.12148803963106
174.69298168761486
177.29285999620265
179.92122438604414
182.5781741809036
185.2638066975947
187.9782173413679
190.72149970656514