0.
0.
0.
0.
0.
1.9859446137283985e-12
0.
0.
1.7377015370123486e-12
2.89203184374198e-11
2.997535151346301e-10
2.1459372766718926e-9
1.153610401807155e-8
4.94598264833674e-8
1.767805974925704e-7
5.446346358627145e-7
1.4838122956379307e-6
3.6470012249262053e-6
8.215761017056e-6
0.000017180289682632165
0.00003369543723787596
0.00006251001256487934
0.00011046291147439886
0.0001870354503524997
0.0003049465028714594
0.0004807761640503182
0.0007356036069927338
0.0010956475325237713
0.0015928957259204876
0.0022657164338090357
0.003159443915589768
0.004326933627783253
0.0058290856969368185
0.007735334841610428
0.010124108802369969
0.013083257325559136
0.0167104547929657
0.02111358011813152
0.026411077662493402
0.03273230289586982
0.040217856049429984
0.04901990627423409
0.05930250858471268
0.07124191429246778
0.08502687522667392
0.10085894080644402
0.11895274598343529
0.13953628743846183
0.1628511870244949
0.18915291794862554
0.21871104987399773
0.25180940502846
0.288746224065943
0.32983427123439074
0.37540089770529994
0.42578805320254315
0.4813522419083161
0.5424644190002643
0.6095098243446331
0.6828877508278848
0.7630112483523988
0.8503067460710799
0.9452136085193042
1.0481836648811302
1.1596805640068666
1.2801791444720627
1.410171018248461
1.550132061248927
1.700584850518529
1.8620342845319493
2.0349981332159297
2.2199994537584846
2.4175652122125313
2.6282247642624093
2.8525081862719004
3.0909444513526014
3.3440594515320208
3.61237387598537
3.896400966911076
4.196644189171738
4.513594865212329
4.847729842345697
5.199509270093536
5.56937455718272
5.9577467417772585
6.365025026796721
6.791585954746206
7.237782990437466
7.7039466284176
8.190384993303844
8.697384887135138
9.225213213535335
9.774118692292637
10.344333770823205
10.936076640200367
11.549553271809451
12.184959403578247
12.842482420132594
13.522303087164625
14.224597114846818
14.949536537954272
15.697290910387554
16.468028319541823
17.261916231156462
18.079122178697776
18.919814312960217
19.784161828232854
20.67233528070239
21.584506817816994
22.520850317852634
23.48154148232593
24.466757859533775
25.47667882811943
26.511485544121996
27.57136086290436
28.65648923203046
29.76705657413664
30.903250156453712
32.0652584502263
33.25327098729411