3.971889227456797e-12
3.971889227456797e-12
3.971889227456797e-12
3.971889227456797e-12
3.971889227456797e-12
3.971889227456797e-12
3.971889227456797e-12
7.943778454913594e-12
3.971889227456797e-12
3.971889227456797e-12
7.943778454913594e-12
8.316143069987669e-12
1.141918152893829e-11
3.053389843607413e-11
1.6508164601617313e-10
7.630992178251372e-10
3.0227318236329804e-9
1.0464314534350006e-8
3.2063696396336785e-8
8.846290984622464e-8
2.229658495509764e-7
5.195778485497649e-7
1.1307050131185652e-6
2.3170808944999334e-6
4.502798503607881e-6
8.347672299039835e-6
0.000014838830076783331
0.000025403028688453113
0.00004204023935046281
0.00006747848740130347
0.00010534924100010504
0.0001603821373402662
0.00023861712286667294
0.0003476319267230364
0.0004967824473075956
0.0006974534401717745
0.0009633169149834647
0.0013105957675644325
0.001758330294278088
0.0023286454059662457
0.0030470167283915646
0.003942533894678425
0.005048159892923072
0.006400985384895519
0.008042477282506707
0.010018721231769967
0.01238065757492037
0.01518431104638232
0.018491013966258022
0.022367623261127692
0.026886731562762962
0.03212687236290803
0.038172719579116214
0.045115281434827015
0.053052088372300306
0.06208737509571878
0.07233225579331541
0.08390489215201144
0.09693065314366517
0.11154226541469978
0.12787995317306292
0.14609156588297598
0.16633269255219882
0.18876676066409492
0.2135651184677288
0.24090709888680506
0.270980063537634
0.3039794258400659
0.34010865175303495
0.37957923748903377
0.42261066363904093
0.46943032525547895
0.5202734381613056
0.5753829216269839
0.6350092581734677
0.699410331707661
0.7688512448781955
0.8436041176949368
0.9239478688929907
1.0101679822792446
1.1025562602318326
1.2014105667062427
1.3070345622146073
1.419737433279848
1.5398336188340718
1.6676425360530835
1.8034883078986872
1.9476994946591888
2.1006088313920026
2.2625529730631606
2.4338722488297355
2.61491042658786
2.8060144884588367
3.0075344175866836
3.21982299604705
3.443235613116425
3.6781300827566286
3.924866468466663
4.183806913007073
4.455315469996315
4.739757933653488
5.037501662187659
5.348915390006199
5.674369022873277
6.014233410069272
6.368880086845274
6.738680980392567
7.124008072315708
7.52523301123393
7.94272666914024
8.376858636863862
8.827996654956364
9.296505978903815
9.782748679822815
10.287082885449843
10.80986196952508
11.35143370200523
11.912139376313833
12.492312933791046
13.092280108663681