 0.64171516593232E-08
 0.91468861986154E-08
 0.12548219299794E-07
 0.16718918103142E-07
 0.21729698121035E-07
 0.27703302743691E-07
 0.34748724151069E-07
 0.43038634527339E-07
 0.52744121706999E-07
 0.64104591119809E-07
 0.77354973372866E-07
 0.92789745372260E-07
 0.11068718133109E-06
 0.13135725543840E-06
 0.15511620789012E-06
 0.18224962469539E-06
 0.21301289163338E-06
 0.24760947499900E-06
 0.28616929997582E-06
 0.32874836100374E-06
 0.37527940188448E-06
 0.42557995122607E-06
 0.47934139103646E-06
 0.53607994564994E-06
 0.59517346605767E-06
 0.65576736202589E-06
 0.71678206549192E-06
 0.77683620432837E-06
 0.83410368008391E-06
 0.88621763421909E-06
 0.93012655721409E-06
 0.96190990583830E-06
 0.97670130828200E-06
 0.96880663638526E-06
 0.93196881319869E-06
 0.86019167440121E-06
 0.74891385405102E-06
 0.59670462135105E-06
 0.40686824516304E-06
 0.18861366661460E-06
-0.43300961733215E-07
-0.26962329566283E-06
-0.47158282875079E-06
-0.63318146079760E-06
-0.74501726865149E-06
-0.80522791461689E-06
-0.81862043384977E-06
-0.79439167458847E-06
-0.74348753864626E-06
-0.67644859754655E-06
-0.60207203534466E-06
-0.52690292810970E-06
-0.45529643850695E-06
-0.38977067353990E-06
-0.33150955481809E-06
-0.28075302798298E-06
-0.23719508878924E-06
-0.20021133339225E-06
-0.16904836356643E-06
-0.14292067851675E-06
-0.12109076648955E-06
-0.10288098024658E-06
-0.87703800196910E-07
-0.75050436900296E-07
-0.64494507683052E-07
-0.55672263118484E-07
-0.48289579984230E-07
-0.42093831274632E-07
-0.36914867769517E-07
-0.32488197011939E-07
-0.28771482978849E-07
-0.25617080698669E-07
-0.22933221242244E-07
-0.20640461229123E-07
-0.18676241350681E-07
-0.16987716300852E-07
-0.15528379871180E-07
-0.14267807142247E-07
-0.13171726100608E-07
-0.12213081283227E-07
-0.11375583174795E-07
-0.10637084043038E-07
-0.99879389616707E-08
-0.94131243185426E-08
-0.89000041237878E-08
-0.84429305200779E-08
-0.80347895781192E-08
-0.76640726746296E-08
-0.73339859109732E-08
-0.70311069634771E-08
-0.67596228184486E-08
-0.65095754204986E-08
-0.62795707516473E-08
-0.60692575891932E-08
-0.58764099752275E-08
-0.56975568943555E-08
-0.55299249455286E-08
-0.53761050808935E-08
-0.52313005597510E-08
-0.50946989703430E-08
-0.49684373790233E-08
-0.48491452667364E-08
-0.47350299626017E-08
-0.46293023242032E-08
