0.00013648561346770133
0.0002610047749256131
0.0004697772692211986
0.0008028339625302196
0.0013120531530192172
0.0020626265597847282
0.0031344412515977413
0.004623223714717514
0.0066417399976993275
0.009320734985620815
0.012809918890141485
0.017278870027652528
0.02291792287934284
0.02993904581814697
0.0385767106001049
0.049088744884211506
0.06175714851547936
0.07688884365171812
0.0948163200630963
0.11589813089640386
0.140519190142745
0.16909082376828896
0.2020505299212633
0.23986141166512107
0.28301125617670225
0.33201124824920303
0.38739432108085525
0.4497131629776012
0.5195379141523382
0.597453600923576
0.6840573654269626
0.7799555554008767
0.8857607409319556
1.002088722425106
1.129555586933502
1.2687748582295106
1.4203547715203297
1.5848956864168975
1.7629876337539796
1.9552079747350348
2.162119135489108
2.3842663693331385
2.6221754937822412
2.8763505518973553
3.1472713604928875
3.435390930840626
3.741132783190164
4.064888221732282
4.407013688346868
4.767828363718598
5.1476122235176955
5.546604772728746
5.965004664443793
6.402970354883718
6.860621859894508
7.338043572175892
7.835287993488524
8.352380151629765
8.889322423380985
9.446099476359938
10.022683070613574
10.619036514263136
11.235118631535698
11.870887165671569
12.526301593904336
13.201325373261868
13.895927663926601
14.61008459226851
15.34378012178372
16.09700659945183
16.869765040038907
17.662065203794825
18.473925515060955
19.3053728613041
20.156442305044312
21.02717673443514
21.91762647313523
22.827848865343707
23.75790784821725
24.707873521020144
25.677821717840718
26.667833589039514
27.677995194986313
28.708397114690285
29.759134070979396
30.830304573343508
31.922010579008123
33.034357172512905
34.16745226380575
35.32140630465301
36.49633202313421
37.6923441757778
38.9095593169962
40.14809558529564
41.40807250590269
42.689610809253
43.99283226499215
45.31785953102875
46.664816017206135
48.03382576325737
49.42501333067719
50.838503708105094
52.27442223001002
53.73289450825899