1.9859446137283985e-12
1.9859446137283985e-12
1.9859446137283985e-12
1.9859446137283985e-12
1.9859446137283985e-12
1.9859446137283985e-12
1.9859446137283985e-12
3.971889227456797e-12
1.241215383580249e-13
4.5924969192469216e-12
4.145659381158032e-11
2.9180973667971654e-10
1.809940272336719e-9
8.841549541857188e-9
3.5440174604290134e-8
1.207180016547095e-7
3.593620150803031e-7
9.556490844014794e-7
2.3100394796288826e-6
5.1469714141845065e-6
0.000010690923475173328
0.000020895268178106294
0.000038725365392670384
0.00006849447357908079
0.00011624797645033275
0.00019018942729782015
0.0003011402434107321
0.0004630242367187889
0.0006933676861892818
0.001013806472615524
0.0014505923033461827
0.0020350914512446317
0.0028042704060250567
0.0038011647590029188
0.005075328292197747
0.006683261013692355
0.008688815758691838
0.011163583727902245
0.014187260316526049
0.01784799264948057
0.02224271092384461
0.027477445266321596
0.03366762990473672
0.04093839626044563
0.04942485564817077
0.05927237218959921
0.0706368256287003
0.08368486294668813
0.0985941373251514
0.1155535318051218
0.13476336478803008
0.15643557378485914
0.18079387342795133
0.20807388347432373
0.2385232226765535
0.27240156405546423
0.3099806479084355
0.3515442488571204
0.3973880941151502
0.44781973092024957
0.503158341560252
0.5637345057357123
0.6298899105699153
0.7019770096628982
0.7803586333320706
0.8654075529866985
0.9575060031279168
1.0570451651266308
1.1644246170497083
1.2800517540680016
1.4043411838477984
1.5377141010208413
1.680597644467116
1.8334242401599439
1.9966309317312352
2.1706586995939787
2.355951768429825
2.552956901381267
2.7621226780738897
2.983898752334443
3.218735084120433
3.4670811396938346
3.7293850531727823
4.0060927430605195
4.297646977954657
4.604486387364418
4.927044416335211
5.265748226192664
5.621017548565945
5.993263505584984
6.382887415166235
6.790279606916404
7.2158182797457435
7.659868437011126
8.122780937318797
8.604891699147847
9.106521093999165
9.627973556567653
10.169537431216439
10.731485062798447
11.314073128001843
11.917543191384844
12.542122460136715
13.18802470355472
13.855451298211657
14.544592357981172
15.255627908826654
15.988729071738204
16.744059222046292
17.521775099254626
18.322027847914548
19.144963975962472
19.990726222563662
20.859454332053826
21.75128573446612
22.66635613605127
23.604800025081165
24.56675109988509
25.552342626578902
26.561707734429017