3.971889227456797e-12
3.971889227456797e-12
3.971889227456797e-12
4.096010765814822e-12
5.573057072275318e-11
2.6082900070555354e-9
4.5421408111350704e-8
4.0554726713870907e-7
2.306091297615252e-6
9.52836837882594e-6
0.000031131426472535804
0.00008513442993364049
0.00020275204324836485
0.0004327002670264843
0.0008451766026599871
0.0015352809209856412
0.002625807194616628
0.004269461565348192
0.006650638319563979
0.009986917409010856
0.01453044708430546
0.020569354763111815
0.028429297916971567
0.0384752304878624
0.05111342313293007
0.06679380087294236
0.0860121329288715
0.10931330594004304
0.13729342530690214
0.17060278622994007
0.2099482708492292
0.2560954445257612
0.3098701035163842
0.37215907117921393
0.4439100078853451
0.5261299294375169
0.619881973443507
0.7262804552775997
0.8464823640006253
0.9816757244164547
1.1330628070998714
1.3018372571022065
1.4891541387534408
1.6960929411436125
1.9236156060465466
2.1725245092277565
2.443428002455735
2.736721758298748
3.0525913051235527
3.3910354120766804
3.7519042082420953
4.134943167744655
4.539834836653076
4.966233438480016
5.413790619336515
5.882172899762989
6.371072423572901
6.8802127951500704
7.40935157001821
7.9582806014833425
8.526825098069478
9.114841966647884
9.722217811533836
10.348866818583282
10.99472865975329
11.65976649318533
12.343965096287867
13.04732914613933
13.769881648251786
14.511662506977682
15.272727227276238
16.053145735743414
16.85300130870797
17.67238959562213
18.511417726739634
19.370203495236773
20.248874604865037
21.147567975283955
22.06642909818883
23.005611438180512
23.965275873113562
24.945590169571908
25.946728488406116
26.96887091849679
28.012203035231025
29.07691547999293
30.16320355963172
31.271266861918694
32.40130889491183
33.55353672511445
34.728160644455286
35.925393841845874
37.145452087585525
38.38855342836653
39.65491789225901
40.94476720316344
42.25832450434211
43.59581409068962
44.957461149532406
46.34349150977309
47.75413139930209
49.189607210595504
50.65014527454392
52.1359716425193
53.64731187680909
55.18439084947253
56.747432549814974
58.33665990060016
59.9522945831997
61.594556871869344
63.26366547732331
64.95983739984055
66.6832877920791
68.43422983180871
70.21287460473766
72.01943099763973
73.85410560192156
75.71710262781345
77.608623829292
79.52886843989397