1.9859446137283985e-12
1.9859446137283985e-12
1.9859446137283985e-12
1.9859446137283985e-12
1.9859446137283985e-12
1.9859446137283985e-12
1.9859446137283985e-12
1.9859446137283985e-12
3.971889227456797e-12
1.9859446137283985e-12
6.08195537954322e-12
4.2201323041728465e-12
2.4700186133246955e-11
1.436086198802348e-10
7.398884901521865e-10
3.2015909604068943e-9
1.1803461811694736e-8
3.79383688068221e-8
1.0867585412475228e-7
2.8211634102010825e-7
6.72892648608059e-7
1.4913115948639841e-6
3.099954038722426e-6
6.0911354085201796e-6
0.000011388119989842657
0.00002037216316780101
0.00003503665126295589
0.00005816819361456643
0.0000935540206103142
0.0001462137059380207
0.00022265279033105133
0.0003311352954947633
0.00048197147208996443
0.0006878173724029661
0.0009639826013837988
0.0013287426430525755
0.0018036527600222305
0.0024138604236704883
0.0031884139162794683
0.004160565164999157
0.005368064981558683
0.006853449886661401
0.008664319579215521
0.010853604737241626
0.013479825094974744
0.01660733796384919
0.0203065776141663
0.02465428596515143
0.029733735180424836
0.0356349427427003
0.04245487944933596
0.050297670830933
0.05927479209960277
0.0695052567685248
0.08111579876877752
0.09424104751383128
0.10902369542328574
0.12561465687973852
0.14417321753992088
0.16486717261279407
0.18787295266852
0.2133757353370472
0.2415695412162028
0.27265731235758917
0.3068509715735925
0.34437146125813156
0.3854487601186139
0.43032187695905966
0.47923882036043736
0.5324565439616837
0.5902408668513761
0.6528663693464757
0.7206162643501597
0.79378224530095
0.8726643115687113
0.9575705726611161
1.048817032898842
1.1467273582445725
1.251632627351062
1.3638710685288553
1.4837877850953582
1.6117344706687027
1.7480691165244087
1.8931557125439014
2.0473639432026336
2.2110688795336917
2.3846506677988315
2.568494214796066
2.7629888694810925
2.9685280996380095
3.185509161900717
3.414332762599376
3.6554027060640184
3.909125526619946
4.175910099400306
4.456167224979813
4.75030918210428
5.0587492426678295
5.381901143263585
5.720178508014667
6.07399421822495
6.44375972593507
6.829884310331141
7.232774278486822
7.65283211514059
8.09045558951317
8.546036831279784
9.019961391362946
9.51260730711247
10.024344194160662
10.555532389358149
11.106522170010416
11.67765307342542
12.269253338747589
12.881639488827117
13.51511606449847
14.169975517692114
14.846498263113906
15.544952881859258
16.265596464783588