9.644439996044966
9.679367691241232
9.71447455153163
9.749760280829815
9.785224585000758
9.820867171875516
9.8566877512444
9.892686034886774
9.928861736556152
9.965214571994972
10.001744258946761
10.03845051715278
10.075333068351283
10.11239163629253
10.14962594673818
10.187035727455065
10.224620708231342
10.262380620867178
10.300315199178348
10.338424179000206
10.376707298180124
10.415164296584551
10.45379491609431
10.492598900603099
10.53157599601663
10.570725950250633
10.610048513227145
10.64954343686991
10.689210475110334
10.729049383866766
10.769059921060498
10.8092418465948
10.849594922359628
10.890118912225425
10.930813582036784
10.971678699604258
11.01271403470362
11.053919359071763
11.095294446389317
11.136839072289105
11.178553014337384
11.220436052036957
11.2624879668129
11.304708542006102
11.347097562869545
11.389654816564333
11.43238009213747
11.475273180533529
11.518333874568222
11.56156196893385
11.60495726019285
11.64851954674789
11.692248628861599
11.736144308631241
11.78020638998426
11.824434678673548
11.868828982256732
11.913389110101868
11.958114873372681
12.00300608501901
12.048062559763265
12.093284114104042
12.138670566296005
12.184221736341204
12.229937445989439
12.275817518714813
12.32186177972168
12.36807005592789
12.414442175946176
12.460977970099911
12.507677270381906
12.554539910477246
12.601565725730016
12.648754553142945
12.696106231369829
12.743620600704842
12.791297503074
12.839136782020608
12.887138282702308
12.93530185188249
12.983627337917408
13.032114590746477
13.08076346188608
13.129573804421746
13.17854547299598
13.22767832379735
13.276972214558864
13.326427004545813
13.376042554537522
13.42581872683517
13.475755385245405
13.5258523950657
13.576109623084724
13.626526937570304
13.677104208261849
13.727841306355955
13.778738104509388
13.829794476821947
13.88101029883051
13.932385447498735
13.98391980121581
14.035613239782196
14.087465644400416
14.13947689767347
14.19164688359116
14.243975487525882
14.296462596221197
14.349108097789607
14.401911881699768
14.454873838771269
14.507993861164339
14.56127184238121
14.61470767724675
14.668301261913186
14.722052493836019
14.775961271787555
14.830027495838413
14.88425106734809
14.938631888964713
14.993169864615725
15.04786489949983
15.102716900083626
15.157725774090077
15.212891430496633
15.268213779527057
15.323692732642478
15.379328202539279
15.435120103143394
15.491068349597645
15.54717285826298
15.603433546707556
15.659850333700154
15.716423139213168
15.773151884406579
15.830036491623128
15.887076884390664
15.944272987406515
16.001624726542442
16.059132028828756
16.1167948224542
16.174613036760473
16.232586602239394
16.2907154505206
16.348999514371545
16.407438727696647
16.466033025518648
16.52478234398831
16.58368662037027
16.642745792139912
16.701959800577697
16.761328586317283
16.82085208918927
16.880530252894356
16.940363021302304
17.000350339365085
17.06049215312049
17.120788409676976
17.1812390572138
17.241844044983136
17.3026033232954
17.363516843522508
17.424584558135837
17.485806420523282
17.54718238525363
17.608712407891126
17.67039644504734
17.732234454362207
17.79422639450945
17.85637222518967
17.918671907132296
17.98112540208171
18.04373267280343
18.10649368307445
18.169408397684467
18.232476782426584
18.295698804100514
18.359074430503302
18.422603630429926
18.486286373670442
18.550122631000555
18.614112374190814
18.6782555759876
18.742552210121207
18.807002251301757
18.871605675210233
18.93636245850521
19.001272578806955
19.06633601470661
19.13155274575478
19.196922752469476
19.262446016314506
19.32812251971898
19.393952246056696
19.459935179654945
19.5260713057846
19.592360610662094
19.658803081442823
19.72539870622565
19.792147474035744
19.85904937484123
19.9261043995373
19.993312539947446
20.06067378882024
20.12818813982995
20.19585558756959
20.263676127550436
20.33164975620263
20.3997764708681
20.468056269800215
20.536489152163014
20.60507511802563
20.673814168363787
20.742706305052714
20.811751530869874
20.880949849490385
20.95030126548477
21.019805784320216
21.089463412345907
21.159274156810422
21.229238025846076
21.299355028468813
21.369625174576203
21.4400484749492
21.510624941248523
21.58135458600772
21.652237422636503
21.72327346542015
21.794462729508314
21.865805230923346
21.93730098655273
22.00895001415081
22.080752332330224
22.152707960565774
22.224816919193156
22.297079229401287
22.369494913233897
22.442063993592285
22.51478649422015
22.58766243971876
22.66069185553067
22.733874767945064
22.80721120409157
22.88070119194593
22.954344760320364
23.028141938864643
23.102092758065133
23.17619724814828
23.25045544341383
23.32486737578386
23.399433079069073
23.474152587903603
23.549025937744254
23.6240531648787
23.699234306401905
23.774569400239955
23.850058485129317
23.925701600626034
24.001498787089467
24.07745008570438
24.15355553845427
24.22981518980704
24.306229080068306
24.382797255268535
24.459519760612054
24.53639664210736
24.61342794656044
24.690613721573516
24.767954015541825
24.84544887765858
24.92309835790343
25.00090250704792
25.078861376650515
25.156975019051785
25.23524348738158
25.313666835549487
25.392245118246304
25.47097839093525
25.549866709864606
25.62891013205096
25.70810871528593
25.787462518131292
25.86697159991876
25.946636020743135
26.026455841473872
26.106431123731113
26.186561929908017
26.266848323148192
26.3472903673581
26.427888127199346
26.508641668087705
26.589551056187407
26.670616358420066
26.751837642447935
26.833214976683823
26.914748430284163
26.996438073148614
27.078283975916108
27.160286209963854
27.242444847408205
27.32475996109944
27.4072316246183
27.489859912282803
27.57264489913236
27.655586660939452
27.738685274199188
27.821940816128443
27.905353364670084
27.988922998481666
28.072649796940777
28.156533840138454
28.24057520888216
28.324773984687845
28.409130249782432
28.493644087101575
28.578315580284322
28.663144813672748
28.748131872311827
28.833276841947704
28.91857980902382
29.004040860674248
29.089660084732476
29.175437569718632
29.26137340484656
29.347467680016624
29.433720485813097
29.520131913502667
29.60670205503705
29.6934310030453
29.780318850833176
29.86736569238178
29.95457162234645
30.04193673605215
30.12946112949448
30.217144899334208
30.304988142898132
30.39299095817512
30.48115344381709
30.569475699132074
30.65795782408235
30.746599919289395
30.835402086025958
30.924364426212957
31.013487042420827
31.102770037864822
31.192213516406245
31.281817582545127
31.371582341425693
31.461507898822457
31.55159436115288
31.641841835463104
31.732250429430174
31.822820251364902
31.913551410198213
32.00444401548996
32.095498177421454
32.186714006792904
32.27809161502436
32.36963111415289
32.46133261682573
32.55319623630541
32.64522208645917
32.73741028176839
32.82976093731373
32.922274168781165
33.01495009245608
33.1077888252246
33.20079048456527
33.293955188556524
33.38728305586328
33.48077420574137
33.57442875803474
33.66824683317617
33.76222855217533
33.856374036624054
33.95068340869565
34.04515679113951
34.13979430727597
34.234596080999154
34.32956223677333
34.42469289963081
34.51998819516623
34.61544824953907
34.711073189470966
34.8068631422395
34.902818235680044
34.99893859818045
35.09522435868003
35.19167564667131
35.28829259219034
35.38507532581968
35.48202397868307
35.57913868244714
35.676419569313126
35.77386677202205
35.87148042384596
35.9692606585886
36.06720761058622
36.16532141469477
36.263602206300924
36.36205012131343
36.46066529615624
36.55944786777491
36.658397973630045
36.75751575169442
36.856801340452165
36.95625487889532
37.05587650652347
37.15566636333963
37.255624589847876
37.35575132705289
37.45604671645349
37.5565109000514
37.65714402032747
37.75794622026724
37.85891764333349
37.96005843347926
38.061368735142196
38.16284869323766
38.264498453160755
38.36631816078457
38.46830796245648
38.570468004993
38.67279843568373
38.77529940228181
38.8779710530081
38.98081353654606
39.08382700203801
39.18701159908627
39.29036747774597
39.39389478852862
39.49759368239879
39.601464310761536
39.70550682547794
39.80972137884949
39.91410812361754
40.018667212967415
40.12339880051779
40.228303040324946
40.333380086878506
40.438630095093565
40.544053220322006
40.649649618334
40.7554194453267
40.861362857915545
40.96748001314159
41.07377106845474
41.1802361817217
41.28687551122661
41.39368921565711
41.50067745410997
41.60784038608767
41.71517817149627
41.822690970638455
41.930378944222596
42.038242253346894
42.14628105950328
42.25449552457988
42.36288581084996
42.47145208097481
42.58019449799971
42.6891132253549
42.79820842684567
42.90748026665961
43.0169289093562
43.12655451987087
43.23635726351067
43.34633730594582
43.45649481321806
43.56682995173179
43.67734288825373
43.78803378990659
43.89890282417426
44.00995015889363
44.12117596225596
44.2325804027992
44.344163649414156
44.45592587133396
44.56786723813582
44.67998791973952
44.79228808640455
44.90476790872368
45.0174275576263
45.130267204375556
45.24328702056202
45.356487178105574
45.469867849251536
45.583429206567075
45.69717142294169
45.81109467158341
45.92519912601587
46.03948496007737
46.15395234791948
46.268601464003474
46.38343248309471
46.49844558026649
46.6136409308956
46.72901871065832
46.84457909553195
46.960322261786565
47.07624838598852
47.19235764499576
47.30865021595626
47.425126276303025
47.54178600375797
47.65862957632505
47.77565717228585
47.892868970202855
48.01026514891734
48.12784588754041
48.245611365457464
48.36356176232414
48.48169725806142
48.600018032855814
48.71852426716054
48.837216141686255
48.9560938374039
49.075157535540484
49.194407417575974
49.3138436652444
49.43346646053152
49.553275985666126
49.67327242312674
49.793455955632055
49.91382676614603
50.03438503786772
50.155130954238075
50.27606469892806
50.39718645584073
50.51849640911486
50.63999474311487
50.76168164242761