8.71174869415726
8.746217186329563
8.780861884510347
8.81568249980425
8.850678745406736
8.885850336599379
8.9211969907593
8.956718427363755
8.9924143679879
9.028284536311991
9.064328658123506
9.1005464613196
9.136937675901304
9.173502033984672
9.210239269789865
9.247149119649224
9.284231321997833
9.321485617382452
9.358911748445141
9.3965094599379
9.434278498703183
9.472218613683085
9.510329555907921
9.5486110784935
9.58706293664149
9.625684887627006
9.664476690799738
9.70343810757438
9.74256890142741
9.781868837888156
9.821337684535063
9.860975210986517
9.90078118889662
9.94075539194973
9.980897595843334
10.021207578291769
10.061685119010704
10.102329999715785
10.143142004105743
10.184120917863888
10.225266528639246
10.266578626046305
10.308057001649505
10.349701448962488
10.391511763427745
10.43348774241786
10.475629185217379
10.517935893021457
10.56040766891599
10.603044317882583
10.645845646770372
10.688811464303349
10.731941581056407
10.77523580945621
10.818693963766295
10.86231586006982
10.90610131627515
10.950050152090538
10.994162189027353
11.03843725037537
11.082875161198688
11.12747574833299
11.172238840361468
11.217164267617548
11.262251862159703
11.30750145777839
11.352912889969629
11.398485995933745
11.444220614564708
11.490116586432
11.53617375378447
11.582391960520662
11.628771052200742
11.675310876016075
11.722011280788863
11.768872116964692
11.81589323659441
11.863074493325694
11.91041574240453
11.957916840643563
12.005577646429801
12.053398019708597
12.101377821975582
12.149516916259905
12.197815167125732
12.246272440651879
12.294888604428095
12.343663527545628
12.39259708058531
12.441689135604891
12.490939566139792
12.540348247183983
12.58991505518068
12.639639868024576
12.689522565037882
12.739563026972942
12.78976113599311
12.840116775672882
12.89062983098498
12.941300188289182
12.992127735329351
13.043112361221137
13.0942539564392
13.145552412822788
13.19700762355092
13.248619483143747
13.300387887451384
13.352312733648072
13.404393920221134
13.456631346961794
13.509024914965165
13.561574526613757
13.61428008557436
13.667141496787625
13.720158666466823
13.773331502079095
13.82665991234919
13.880143807245794
13.93378309797596
13.987577696984603
14.041527517932037
14.095632475701047
14.149892486385474
14.204307467280156
14.258877336879571
14.313602014871993
14.368481422123859
14.423515480681754
14.478704113765831
14.534047245759018
14.589544802202292
14.645196709794188
14.701002896373423
14.756963290923858
14.81307782356569
14.869346425541295
14.925769028467151
14.982345567333365
15.039075976783861
15.095960190962607
15.152998147454095
15.210189784163424
15.267535040084109
15.325033855298093
15.382686170966805
15.440491929325317
15.498451073682732
15.556563548411006
15.614829298941714
15.67324827176594
15.731820414423096
15.790545675499677
15.849424004622701
15.908455352463163
15.967639670714943
16.026976912107724
16.08646703039655
16.14610998034594
16.205905717754113
16.265854199412
16.3259553831328
16.3862092277243
16.446615693000908
16.507174739768146
16.567886329825253
16.628750426006146
16.689766991990872
16.750935992574966
16.812257393491702
16.87373116144249
16.93535726410311
16.997135670113384
17.059066349077437
17.121149271559347
17.183384409079306
17.245771734112495
17.30831122008089
17.37100284135687
17.433846573257007
17.49684239203747
17.559990274888936
17.62329019994405
17.68674214626016
17.750346093829485
17.814102023564747
17.87800991730808
17.942069757814284
18.006281528763367
18.070645214747373
18.13516080126804
18.199828274743115
18.26464762249111
18.32961883273611
18.394741894611403
18.46001679813625
18.525443534239354
18.59102209473974
18.656752472345637
18.72263466065747
18.788668654163985
18.854854448237067
18.92119203913296
18.98768142398744
19.054322600815055
19.1211155685074
19.188060326826534
19.255156876408833
19.32240521876075
19.38980535625488
19.457357292129792
19.525061030485723
19.592916576288403
19.660923935354536
19.729083114368812
19.797394120863054
19.86585696322378
19.934471650690845
20.003238193351237
20.07215660214291
20.141226888845505
20.210449066083047
20.27982314732123
20.349349146867674
20.419027079864332
20.488856962295827
20.558838810972436
20.628972643543992
20.69925847848847
20.76969633511297
20.840286233552995
20.911028194765837
20.98192224053669
21.05296839347417
21.124166676999142
21.195517115362097
21.267019733621936
21.338674557654397
21.41048161415331
21.482440930620527
21.55455253536644
21.62681645751343
21.699232726989816
21.77180137452932
21.84452243166739
21.917395930743137
21.99042190489677
22.063600388066096
22.136931413964383
22.210415020129833
22.284051241900844
22.357840116391245
22.431781681506884
22.505875975947486
22.580123039192397
22.65452291151359
22.729075633964023
22.803781248377483
22.878639797373218
22.95365132434697
23.028815873472357
23.104133489701358
23.17960422032589
23.255228108755226
23.331005203778567
23.406935553438768
23.483019206543023
23.559256212663612
23.63564662214138
23.712190486079024
23.788887856342217
23.865738785554395
23.94274332710011
24.01990153511993
24.097213464510713
24.174679170922463
24.25229871075713
24.330072141169577
24.407999520057786
24.486080906077007
24.56431635861877
24.642705937824427
24.721249704575104
24.7999477204959
24.878800047948452
24.957806750030446
25.036967890582176
25.11628353417018
25.195753746102124
25.27537859240855
25.355158139854563
25.43509245593162
25.515181608857915
25.59542566757787
25.675824701753207
25.756378781772014
25.8370879787388
25.917952364476992
25.998972011525947
26.080146993140335
26.161477383286165
26.242963256637935
26.32460468858682
26.406401755222426
26.488354533348428
26.570463100465947
26.65272753478346
26.735147915206774
26.817724321339245
26.900456833487144
26.98334553264672
27.06639050051117
27.149591819463065
27.23294957257583
27.31646384361078
27.400134717019707
27.48396227792976
27.567946612162043
27.652087806214624
27.7363859472588
27.820841123153013
27.90545342242459
27.990222934278936
28.075149748591343
28.160233955905614
28.245475647439537
28.33087491507123
28.41643185134757
28.5021465494775
28.588019103328314
28.674049607430224
28.760238156969432
28.846584847785266
28.933089776372917
29.019753039879827
29.10657473610049
29.193554963480537
29.280693821107683
29.367991408716808
29.455447826682146
29.543063176021505
29.630837558388805
29.718771076074102
29.80686383200083
29.895115929730668
29.983527473446397
30.07209856796815
30.160829318737186
30.249719831820567
30.338770213909566
30.427980572314205
30.51735101496561
30.606881650408685
30.696572587805345
30.78642393692992
30.87643580816655
30.96660831250819
31.05694156155276
31.147435667510603
31.23809074318598
31.32890690198749
31.419884257921773
31.511022925592595
31.602323020199638
31.69378465753254
31.78540795397224
31.87719302649051
31.969139992640372
32.0612489705663
32.153520078990155
32.24595343721348
32.33854916511881
32.43130738316622
32.52422821238303
32.61731177437805
32.71055819132127
32.803967585954474
32.89754008158486
32.99127580208385
33.08517487188539
33.17923741597914
33.27346355991352
33.36785342979393
33.46240715227818
33.55712485457461
33.65200666443902
33.747052710176725
33.84226312063568
33.93763802520898
34.03317755382509
34.12888183695571
34.22475100560679
34.320785191316624
34.416984526158714
34.513349142733475
34.60987917416907
34.70657475412144
34.80343601676695
34.90046309680392
34.99765612945022
35.095015250438585
35.192540596019846
35.29023230295383
35.388090508513386
35.486115350476766
35.58430696712852
35.682665497258746
35.78119108015825
35.87988385561755
35.97874396392265
36.07777154585655
36.17696674269476
36.27632969620057
36.37586054863156
36.47555944272598
36.575426521709566
36.67546192928661
36.775665809645155
36.87603830744883
36.97657956783346
37.077289736414464
37.17816895927308
37.279217382959864
37.38043515449391
37.481822421357066
37.58337933149413
37.685106033308905
37.78700267566123
37.88906940787092
37.99130637970576
38.09371374139092
38.196291643592446
38.299040237430034
38.401959674462056
38.505050106694576
38.608311686570424
38.711744566968996
38.815348901209056
38.919124843038844
39.02307254663816
39.12719216661887
39.231483858016475
39.335947776290595
39.44058407732497
39.545392917424365
39.65037445330638
39.75552884210912
39.86085624138093
39.96635680908235
40.07203070358365
40.177878083661355
40.283899108493394
40.39009393766456
40.49646273115822
40.603005649351545
40.70972285302427
40.81661450334324
40.92368076186914
41.0309217905518
41.13833775172629
41.24592880811297
41.35369512281487
41.461636859312954
41.56975418147037
41.678047253519786
41.78651624007179
41.89516130610638
42.003982616972685
42.112980338384624
42.222154636425
42.331505677535105
42.4410336285164
42.55073865653242
42.66062092909499
42.77068061407564
42.88091787969367
42.99133289451992
43.10192582746792
43.2126968478022
43.32364612512194
43.43477382937137
43.54608013083258
43.657565200119436
43.76922920818503
43.88107232631262
43.993094726108794
44.105296579511545
44.21767805878407
44.33023933651166
44.44298058559859
44.555901979267034
44.669003691055885
44.78228589482095
44.895748764722384
45.009392475236204
45.123217201144406
45.23722311752899
45.351410399780136
45.46577922358718
45.58032976493595
45.69506220011317
45.80997670569315
45.92507345854536
46.04035263583195
46.15581441499818
46.27145897377406
46.387286490177054
46.50329714250192
46.61949110932604
46.735868569495885
46.8524297021428
46.96917468666224
47.08610370272374
47.20321693026294
47.32051454948284
47.437996740849826
47.555663685089826
47.67351556319016
47.79155255639719
47.90977484620765
48.02818261437394
48.146776042900434
48.26555531403666
48.38452061028099
48.50367211437756
48.623010009310576
48.742534478301785
48.86224570481797
48.98214387255367
49.1022291654441
49.222501767652474
49.34296186357078