1.9859446137283985e-12
1.9859446137283985e-12
1.9859446137283985e-12
1.9859446137283985e-12
1.9859446137283985e-12
1.9859446137283985e-12
1.9859446137283985e-12
1.9859446137283985e-12
1.9859446137283985e-12
1.9859446137283985e-12
1.9859446137283985e-12
1.9859446137283985e-12
1.9859446137283985e-12
1.9859446137283985e-12
1.9859446137283985e-12
1.9859446137283985e-12
1.9859446137283985e-12
1.9859446137283985e-12
1.9859446137283985e-12
1.9859446137283985e-12
1.9859446137283985e-12
1.9859446137283985e-12
6.08195537954322e-12
4.716618457604946e-12
1.0426209222074092e-11
1.2039789220728415e-11
2.7803224592197577e-11
6.963218301885197e-11
1.753837336998892e-10
4.133247227322229e-10
9.52012199206051e-10
2.0768015798064725e-9
4.33742715792118e-9
8.704767606586645e-9
1.683448012596056e-8
3.145438376453724e-8
5.692524052944917e-8
1.0004977957348463e-7
1.7114163188342698e-7
2.8547134620192565e-7
4.651926311812744e-7
7.417844466506053e-7
1.1591418781640804e-6
1.7774417781915142e-6
2.677862115249822e-6
3.968289082236723e-6
5.790105179241999e-6
8.326235888757713e-6
0.000011810485228942725
0.000016538286044181424
0.000022879034210593433
0.00003129002413350969
0.0000423320503283579
0.000056686847613895676
0.00007517631642140833
0.00009878361240941287
0.00012867624808849873
0.00016623098216868537
0.00021306078310180768
0.0002710436224236195
0.0003423532906563648
0.0004294920320883722
0.0005353250936318922
0.00066311705643859
0.0008165699606989027
0.0009998631172531032
0.0012176945774661169
0.0014753241726191894
0.0017786180467319055
0.002134094974996658
0.002548972311089717
0.003031216558009603
0.003589591908162972
0.004233711439154933
0.004974089111528627
0.005822192736390505
0.006790497844654464
0.007892542465724487
0.009142982674117254
0.010557648927359543
0.012153603096483829
0.013949196182791864
0.015964126677567823
0.018219499509010452
0.020737885656939088
0.02354338224412639
0.026661673262760987
0.030120090843941835
0.03394767704500767
0.03817524630675035
0.04283544834455715
0.04796283171229177
0.05359390795153251
0.0597672163935656
0.06652338949423238
0.07390521895521043
0.08195772246863314
0.09072821126341025
0.1002663582686808
0.11062426718583548
0.12185654232252147
0.13402035920786784
0.14717553621073748
0.16138460688545506
0.17671289337629195
0.19322858070433094
0.21100279200894992
0.2301096648150458
0.2506264283272401
0.27263348172078045
0.2962144734807727
0.32145638254117526
0.3484495972692918
0.37728800188328215
0.40806905757725526
0.4408938885262
0.47586736776344346
0.5130982047145112
0.5526990337400952
0.5947865046771309