0.0010716404370888263
0.0018293571527027784
0.00297555377030719
0.004644002875140265
0.006994367174260557
0.010213537975181583
0.014516877673377053
0.020149442971158487
0.027387246598929892
0.036538591567856375
0.04794548577025229
0.06198511751545269
0.07907134620131341
0.09965613805870333
0.12423085665939848
0.15332730222581414
0.18751838599461768
0.2274183243426904
0.27368224565300736
0.3270051181793509
0.38811992933166817
0.45779507406333064
0.5368309374349284
0.6260556817564811
0.7263202658238247
0.8384927298101479
0.9634517703493971
1.1020796067340208
1.2552541038481175
1.4238400802645306
1.608679707346545
1.81058192118542
2.0303108536894348
2.2685734695510282
2.52600688203419
2.8031661840227526
3.100513984725268
3.4184130462661515
3.7571233179996217
4.116804193462521
4.497522033730404
4.899262149285078
5.321943755692187
5.765436154900193
6.229574521487545
6.714174092924079
7.21904207922191
7.743987071573693
8.288826062757567
8.853389383337781
9.437523933207798
10.041095087311808
10.663987612522707
11.306105874179972
11.967373551420259
12.647733027015159
13.347144573766927
14.065585424533573
14.803048787000854
15.559542844596875
16.33508977095911
17.12972477524059
17.94349518859582
18.776459597222892
19.628687024140145
20.500256159729947
21.391254639676518
22.301778368152558
23.23193088361961
24.181822764446633
25.151571071507966
26.141298824983636
27.151134512804404
28.18121162820423
29.23166823425063
30.302646553219365
31.394292579042805
32.50675571114146
33.6401884081635
34.794745860350545
35.97058567935126
37.16786760495552
38.38675322443107
39.627405713985276
40.88998958447291
42.17467044796927
43.48161479436202
44.81098978097496
46.16296303435735
47.53770246388316
48.935376086924755
50.356151865346725
51.80019755312026
53.26768055488109
54.75876779531995
56.27362559924036
57.8124195822103
59.375314551707454
60.96247441867974
62.574062119448676
64.21023954790192
65.87116749789357
67.55700561582206
69.26791236330847