 0.11473685956709E-04
 0.60079752077269E-05
 0.39921740023903E-05
 0.29788940402124E-05
 0.23694891339783E-05
 0.19570398254417E-05
 0.16607404075482E-05
 0.14356901646754E-05
 0.12597997184234E-05
 0.11138479759995E-05
 0.99600147945693E-06
 0.89023742036392E-06
 0.80162535160486E-06
 0.72528161368470E-06
 0.66500638414465E-06
 0.59638952761646E-06
 0.54298478747795E-06
 0.49171970406977E-06
 0.45455719021769E-06
 0.41530030923912E-06
 0.37379792811051E-06
                  NaN
 0.31423360807275E-06
                  NaN
 0.26394488189979E-06
 0.24194793007352E-06
 0.22148762541124E-06
 0.20282802510006E-06
                  NaN
 0.17039504757758E-06
 0.15619002274108E-06
 0.14336348118463E-06
 0.13123091274459E-06
 0.12089988901822E-06
                  NaN
 0.10085886250392E-06
 0.91756330917104E-07
                  NaN
 0.77135970741091E-07
 0.70293146655496E-07
 0.64410634175511E-07
 0.59080377007813E-07
 0.53564669441253E-07
 0.48668901670578E-07
 0.44460884990871E-07
 0.38802611313592E-07
 0.35999007337068E-07
 0.32525266266324E-07
                  NaN
                  NaN
 0.24152992982641E-07
 0.23582867274284E-07
 0.19605037014113E-07
 0.14999998489341E-07
 0.13914208353500E-07
 0.12504467344329E-07
 0.12975105956270E-07
 0.12692782986821E-07
                  NaN
 0.59933513263040E-08
 0.47162490855478E-08
 0.34289870013657E-08
 0.40072577908728E-08
 0.14351608501889E-08
-0.45342323839224E-09
-0.16137126882155E-09
-0.15469060281741E-08
-0.42578741685468E-08
-0.33964825008554E-08
-0.37394259814329E-08
-0.39884470222893E-08
-0.49581878662335E-08
-0.57300253702408E-08
-0.59660755716588E-08
-0.64654772271390E-08
-0.13613090264405E-07
-0.71146709405964E-08
-0.73370983297837E-08
-0.94233395080784E-08
-0.82862549387285E-08
-0.85280165015961E-08
-0.85397884871981E-08
-0.92636152616324E-08
-0.92953654849245E-08
-0.97446121214387E-08
-0.99578275085741E-08
-0.97541467487489E-08
-0.98465749516772E-08
-0.10094569036618E-07
-0.10197375768425E-07
-0.10301030710944E-07
-0.10361388315531E-07
-0.10454420498380E-07
-0.10584166185061E-07
-0.10595568030067E-07
-0.10680195189564E-07
-0.10612128539303E-07
-0.10671798260887E-07
-0.10677599085724E-07
-0.10677397431900E-07
-0.10668502971488E-07
-0.10651330967461E-07
-0.10626278300515E-07
-0.10593724916740E-07
-0.10554035909426E-07
-0.10507561617461E-07
-0.10454639880555E-07
-0.10395596356450E-07
-0.10330745923910E-07
-0.10260392427638E-07
-0.10184830892435E-07
-0.10104345940764E-07
-0.10019214300738E-07
-0.99297037206963E-08
-0.98360738544362E-08
-0.97385763220819E-08
-0.96374548603318E-08
-0.95329453812724E-08
-0.94252761206060E-08
-0.93146675568038E-08
