1.9859446137283985e-12
1.9859446137283985e-12
1.9859446137283985e-12
1.9859446137283985e-12
1.9859446137283985e-12
1.9859446137283985e-12
1.9859446137283985e-12
1.9859446137283985e-12
1.9859446137283985e-12
1.9859446137283985e-12
1.9859446137283985e-12
1.9859446137283985e-12
1.9859446137283985e-12
1.9859446137283985e-12
1.9859446137283985e-12
1.9859446137283985e-12
1.9859446137283985e-12
1.9859446137283985e-12
1.9859446137283985e-12
2.2341876904444484e-12
3.2271599973086477e-12
6.950806148049394e-12
2.1597147674296335e-11
6.13160399488643e-11
1.763767060067534e-10
4.693035365316922e-10
1.195662779002854e-9
2.8634838899196347e-9
6.483116191516357e-9
1.3940089972989777e-8
2.860691155306579e-8
5.6285393999213554e-8
1.0655933365267124e-7
1.9476915968218388e-7
3.446918422186914e-7
5.922205994814908e-7
9.901331507957979e-7
1.6142344915260856e-6
2.5711800253957146e-6
4.00798153662362e-6
6.123713712814549e-6
9.183508476044312e-6
0.000013534916063438448
0.000019627138528391568
0.00002803300099055826
0.000039474020835319874
0.00005484853775038723
0.00007526309884974673
0.00010206704017546229
0.00013689044604302218
0.00018168523935249085
0.0002387695839587904
0.00031087540410617485
0.0004011989236156109
0.000513454167729158
0.0006519291927733972
0.0008215449678036475
0.0010279166954846551
0.001277417372247956
0.0015772434696863288
0.0019354823877832071
0.002361181724288442
0.002864419902107817
0.0034563781705938667
0.004149413693024282
0.004957133579886438
0.0058944696841440394
0.006977754040322194
0.008224794786052899
0.009654952441959411
0.011289216393858732
0.013150281611539723
0.015262625393730895
0.01765258403698167
0.020348429582243737
0.0233804463781249
0.02678100747844066
0.030584650963803427
0.0348281560803807
0.03955061910955774
0.044793529265899995
0.05060084424633395
0.057019065757979104
0.06409731489231747
0.07188740740341715
0.08044392890076024
0.08982430994215296
0.10008890117107122
0.11130104828011204
0.12352716704891771
0.13683681829633212
0.15130278280462967
0.16700113617795975
0.18401132360770026
0.2024162345902721
0.22230227742798997
0.2437594535975987
0.26688143183295854
0.2917656220085147
0.3185132485698479
0.3472294236364196
0.37802321959057844
0.41100774118770533
0.446300197016583
0.4840219703657193
0.5242986894004238
0.5672602965904382
0.613041117394328
0.6617799281704714
0.7136200233021119
0.768709281582025
0.8272002318572971
0.8892501179607772
0.9550209630847277
1.0246796336057318
1.098397902478405
1.1763525124483836
1.258725239056294
1.3457029537961285
1.437477687586656