0.0007524954939507926
0.0007973691497414801
0.0008444262216797114
0.0008937477675843541
0.0009454168186826145
0.000999518433354663
0.001056139693906475
0.0011153697426891974
0.0011772997546682896
0.0012420230225708986
0.00130963491989764
0.0013802329580185064
0.001453916748564041
0.0015307881141417496
0.0016109509953690685
0.001694511529318177
0.0017815780798016523
0.0018722612100657316
0.00196667369396125
0.002064930609158916
0.0021671492503883565
0.002273449196463747
0.002383952353602229
0.0024987828910048317
0.0026180673309687077
0.002741934509540606
0.002870515627779069
0.0030039442435624074
0.003142356289462205
0.003285890093347493
0.0034346863693238768
0.0035888882768153893
0.0037486413706676325
0.003914093671524689
0.004085395632688672
0.004262700190761311
0.004446162746032754
0.004635941199097413
0.004832195940179521
0.005035089880784117
0.005244788461392584
0.005461459646994275
0.005685273958241015
0.005916404478522037
0.0061550268578117375
0.006401319326695422
0.0066554627184629315
0.006917640457317098
0.00718803858915589
0.007466845800687122
0.0077542533926182105
0.008050455345192338
0.008355648264443833
0.008670031459277644
0.008993806903239903
0.00932717927076142
0.009670355943860239
0.010023547006680294
0.010386965288189222
0.010760826338843506
0.01114534847303805
0.011540752767616711
0.011947263051818459
0.01236510595158877
0.012794510882504695
0.013235710061566399
0.013688938551136199
0.014154434195512449
0.014632437708559346
0.015123192641931824
0.015626945425415043
0.016143945340610633
0.016674444574308944
0.017218698195154213
0.017776964194728774
0.01834950347414795
0.018936579871366776
0.01953846016813082
0.020155414100402374
0.020787714367545472
0.0214356366757684
0.022099459688102743
0.02277946508596765
0.02347593757425882
0.024189164887182223
0.02491943779185362
0.025667050109275093
0.026432298737545788
0.027215483647021168
0.028016907900544823
0.02883687766710184
0.029675702227900762
0.030533693995240054
0.031411168536960056
0.03230844456291372
0.033225843949418576
0.03416369175092413
0.03512231624804693
0.03610204888563389
0.03710322436597758
0.038126180594326854
0.03917125873238327
0.04023880321456098
0.04132916173458159
0.04244268527886291
0.043579728107900666
0.04474064784501543
0.045925805386612735
0.04713556498646162
0.048370294262024785
0.04963036417410273
0.05091614907362749
0.052228026684409797
0.053566378149188174
0.054931588017216745
0.056324044265241804
0.05774413832257435
0.059192265051478885
0.06066882278465814
0.06217421334089236
0.06370884202044683
0.06527311762604839
0.06686745248125543
0.06849226241804578
0.07014796681864559
0.07183498862744507
0.07355375431090719
0.0753046939423427
0.07708824116330834
0.07890483320483162
0.08075491090540841
0.0826389187234152
0.0845573047328888
0.0865105206545569
0.08849902184193631
0.09052326730330255
0.0925837197190669
0.09468084544115568
0.09681511448841787
0.0989870006035968
0.10119698118071913
0.10344553736414377
0.10573315398811477
0.10806031961573537
0.1104275265325138
0.11283527078049661
0.11528405210837189
0.11777437404072902
0.12030674384938662
0.12288167255649561
0.12549967496879672
0.12816126962499297
0.13086697889690876
0.13361732885779687
0.1364128494152726
0.13925407423746156
0.14214154078601593
0.14507579031599027
0.14805736784195653
0.15108682220713954
0.15416470602259758
0.15729157569825275
0.16046799141992846
0.1636945171844758
0.1669717207586894
0.17030017372212924
0.1736804514094043
0.1771131329466641
0.18059880125321234
0.18413804300203646
0.18773144865282357
0.19137961240889068
0.19508313225206253
0.19884260990915906
0.2026586508657726
0.2065318643266734
0.21046286323417934
0.2144522642619501
0.21850068779140389
0.22260875791246226
0.22677710239673982
0.23100635270710165
0.23529714398351334
0.23965011500530814
0.24406590822047963
0.24854516968784102
0.2530885491162476
0.2576966997859038
0.2623702785748007
0.2671099459405949
0.271916365888088
0.2767902059774191
0.28173213725728724
0.28674283431633774
0.2918229751901951
0.2969732414068917
0.302194317907802
0.3074868930749497
0.3128516586879373
0.3182893098806277
0.3238005451700646
0.3293860663798896
0.3350465786460515
0.340782790371378
0.34659541322284515
0.3524851620960784
0.35845275506098734
0.36449891338857615
0.3706243614748569
0.37682982680957106
0.3831160400056062
0.38948373468331476
0.39593364751296367
0.40246651813268997
0.40908308914502534
0.4157841060859899
0.4225703173408138
0.4294424741842764
0.4364013306855054
0.44344764369953643
0.45058217284447466
0.4578056803989704
0.46511893136055626
0.4725226933256217
0.4800177364978531
0.48760483360854795
0.4952847599342399
0.5030582931911957
0.5109262135302018
0.5188893034895226
0.5269483479548088
0.5351041340998919
0.543357451361339
0.5517090913758954
0.5601598479492065
0.5687105169997141
0.577361896532964
0.5861147865511209
0.5949699890630227
0.6039283079858754
0.6129905491073971
0.6221575200758875
0.631430030286533
0.6408088908802891
0.6502949146828134
0.6598889161097601
0.6695917111913565
0.6794041174605692
0.6893269539035799
0.6993610409494833
0.7095072003636663
0.7197662552021319
0.7301390298045476
0.7406263496783168
0.7512290414643205
0.761947932883173
0.7727838526843321
0.7837376305559869
0.794810097113514
0.8060020837861555
0.8173144228218585
0.8287479471459019
0.8403034903752937
0.8519818867207153
0.8637839709095659
0.8757105781677169
0.8877625441212076
0.8999407047308329
0.9122458962514319
0.9246789551554285
0.9372407180432162
0.9499320216390614
0.9627537026416618
0.9757065977282419
0.9887915434430921
1.0020093761506506
1.0153609319574313
1.0288470466377984
1.0424685555877942
1.056226293707719
1.070121095373088
1.0841537943573019
1.0983252237294965
1.1126362158154433
1.1270876020931642
1.1416802131496118
1.1564148785699542
1.171292426900835
1.1863136855255059
1.2014794806280806
1.2167906371054087
1.2322479784602063
1.247852326762579
1.2636045025391804
1.279505324698865
1.295555610465661
1.3117561752736395
1.3281078326893396
1.3446113943535545
1.3612676698402055
1.378077466637103
1.3950415900009732
1.4121608429074364
1.4294360259500962
1.4468679372437256
1.4644573723558751
1.4822051241857301
1.5001119829001885
1.518178735828855
1.5364061673711955
1.5547950589044421
1.573346188681811
1.5920603317576583
1.6109382598755222
1.6299807413569105
1.649188541035515
1.6685624201407867
1.688103136189081
1.7078114429131561
1.727688090131225
1.7477338236605677
1.7679493852204666
1.7883355123159062
1.8088929381401366
1.8296223914735152
1.850524596574403
1.8716002730957562
1.8928501359323309
1.914274895160734
1.9358752559299475
1.9576519183162293
1.9796055772529861
2.0017369224173263
2.0240466381140045
2.0465354031787326
2.0692038908520725
2.092052768698383
2.115082698475742
2.138294336032055
2.1616883312293456
2.1852653277775493
2.209025963185988
2.232970868629317
2.2571006688260087
2.2814159819755493
2.305917419620414
2.330605586550742
2.3554810807155904
2.380544493090371
2.4057964076195075
2.4312374010691027
2.456868042960657
2.4826888954640767
2.508700513308182
2.5349034436645286
2.5612982260951536
2.5878853924146754
2.6146654666356817
2.6416389648746423
2.66880639525361
2.6961682578274795
2.723725044519573
2.7514772390100517
2.779425316684657
2.807569744555889
2.8359109811957364
2.864449476670014
2.8931856724553273
2.922120001407668
2.9512528876912913
2.980584746725596
3.0101159851239294
3.0398470006625566
3.0697781822269183
3.0999099097791087
3.1302425543118275
3.160776477823928
3.191512033294847
3.2224495646457565
3.253589406734597
3.2849318853353515
3.3164773171138386
3.348226009645589
3.3801782613886613
3.4123343616969235
3.4446945908077646
3.477259219899191
3.510028511036454
3.5430027172303866
3.576182082477744
3.6095668417470526
3.643157221017584
3.676953437352961
3.7109556988966874
3.7451642049433933
3.7795791463715256
3.8142007041449495
3.84902905167126
3.8840643533602326
3.9193067650402535
3.9547564340530212
3.990413499302329
4.026278091357705
4.062350332522928
4.098630336920181
4.1351182105742055
4.171814051531708
4.208717949916841
4.245829988066373
4.28315024060788
4.32067877457829
4.358415649536702
4.396360917647425
4.434514623828929
4.472876805852886
4.51144749445539
4.55022671348602
4.589214479987286
4.6284108043645436
4.667815690483806
4.7074291358182085
4.7472511315502794
4.7872816627488195
4.827520708449948
4.867968241840807
4.908624230349795
4.949488635813138
4.990561414601371
5.031842517756738
5.073331891128736
5.115029475504813
5.156935206777932
5.199049016050959
5.2413708297759225
5.283900569930645
5.326638154111582
5.369583495690465
5.4127365039546795
5.456097084226427
5.499665138031279
5.543440563181586
5.587423253968122
5.631613101242876
5.676009992575813
5.720613812383592
5.765424442056414
5.810441760085749
5.855665642176039
5.901095961395758
5.94673258828664
5.992575390977244
6.038624235323342
6.084878984998525
6.131339501642901
6.1780056449513445
6.224877272797494
6.27195424134621
6.319236405160188
6.366723617292933
6.41441572943261
6.462312591959272
6.510414054075921
6.55871996389193
6.607230168537721
6.655944514238129
6.704862846423484
6.753985009808805
6.803310848493839
6.852840206030464
6.902572925535634
6.952508849757908
7.002647821143241
7.052989681950038
7.1035342742909835
7.154281440232469
7.205231021855655
7.256382861332183
7.3077368009738315
7.359292683335037
7.41105035125683
7.463009647922694
7.515170416932044
7.567532502362905
7.6200957488112655
7.672860001477458
7.725825106180439
7.778990909449636
7.832357258548531
7.885924001530639
7.93969098729611
7.993658065628589
8.047825087230967
8.102191903791782
8.156758368006944
8.211524333615603
8.266489655461719
8.321654189507582
8.377017792876268
8.432580323895081
8.488341642109702
8.544301608329619
8.600460084653193
8.656816934495223
8.713372022614248
8.770125215146798
8.827076379619326
8.884225384977853
8.941572101610326
8.999116401370319
9.056858157605454
9.114797245144496
9.172933540368598
9.231266921172208
9.289797267017422
9.348524458944791
9.407448379574689
9.466568913131631
9.525885945449248
9.585399363989026
9.645109057860283
9.705014917803545
9.765116836230266
9.825414707217233
9.885908426510793
9.946597891546714
10.00748300145378
10.068563657048951
10.12983976085946
10.191311217115485
10.252977931760954
10.314839812467188