0.0012569808859476965
0.0013280059191651654
0.0014022765297820475
0.0014799041886212683
0.0015610027990396623
0.0016456887498037475
0.0017340809065253405
0.001826300646663829
0.0019224718988727005
0.0020227210686507404
0.0021271771742551165
0.002235971775703859
0.002349239038698453
0.0024671157070688563
0.002589741183080137
0.002717257478528583
0.002849809261163162
0.0029875438613880816
0.00313061129559764
0.00327916427300291
0.0034333582074232843
0.0035933512403730846
0.003759304246895269
0.003931380861875204
0.004109747471724517
0.004294573259188972
0.004486030156182287
0.0046842929599638945
0.0048895392456332525
0.005101949414537251
0.005321706744911792
0.005548997345832706
0.0057840101918456574
0.006026937169511721
0.0062779730235386355
0.006537315439073384
0.0068051649992526275
0.007081725233982468
0.007367202598465424
0.007661806536874779
0.007965749444869878
0.008279246699509418
0.008602516683455142
0.00893578078224118
0.009279263397679158
0.009633191983108722
0.00999779702279337
0.01037331206754332
0.01075997373856329
0.011158021735396262
0.011567698867574496
0.011989251055240112
0.012422927321325454
0.01286897986006817
0.013327663999774747
0.013799238219328686
0.014283964183316887
0.014782106775666593
0.015293934044038938
0.01581971725829019
0.016359730946963483
0.016914252862162436
0.017483564030565075
0.01806794873070962
0.01866769454549789
0.01928309236020934
0.01991443636796243
0.020562024096897235
0.021226156422463473
0.02190713756717227
0.022605275153720173
0.023320880158691812
0.024054266995845456
0.024805753495136484
0.025575660885712715
0.02636431388813673
0.027172040675287567
0.02799917288936539
0.02884604568198274
0.029712997702497097
0.030600371146666548
0.03150851172748121
0.032437768740699396
0.03338849504970481
0.034361047111944404
0.035355784964778564
0.03637307229970573
0.03741327643642107
0.03847676834639949
0.039563922670148605
0.04067511774190888
0.04181073559325315
0.04297116197319434
0.04415678637089969
0.04536800202487573
0.046605205932525685
0.047868798893591975
0.04915918548682136
0.05047677411588996
0.05182197701784345
0.053195210278612313
0.05459689384529983
0.05602745152804395
0.05748731105500306
0.05897690404207039
0.060496666061761475
0.06204703658798
0.06362845908575773
0.06524138097103914
0.06688625365462039
0.06856353254413532
0.07027367704740667
0.07201715063798232
0.07379442080039768
0.0756059590876439
0.0774522411335801
0.07933374664201062
0.081250959416226
0.08320436738705438
0.08519446258567893
0.08722174119974081
0.08928670356477471
0.09138985415005904
0.09353170162489684
0.09571275883763919
0.09793354281382347
0.1001945748040842
0.10249638025945287
0.10483948885940944
0.10722443452230851
0.10965175539644259
0.11212199388610762
0.11463569664787933
0.11719341462958739
0.11979570303221009
0.12244312133047854
0.12513623329931456
0.12787560698962694
0.13066181477659478
0.13349543331126
0.1363770435601222
0.1393072307914853
0.14228658459655805
0.14531569887642148
0.14839517183656742
0.15152560603096163
0.15470760828980518
0.15794178979189716
0.16122876602044753
0.16456915677114498
0.16796358615848714
0.17141268261131218
0.1749170788624967
0.1784774119355507
0.18209432317937146
0.18576845820742421
0.18950046693522657
0.19329100355204903
0.1971407265366783
0.20105029859349477
0.20502038672371822
0.20905166214199822
0.213144800316257
0.2173004809145656
0.2215193878454833
0.22580220918544647
0.2301496372055789
0.2345623683522047
0.23904110320725347
0.24358654649881073
0.24819940707108043
0.25288039786489785
0.2576302359195916
0.26244964231104667
0.2673393421690817
0.27230006465051454
0.2773325428983262
0.2824375140287523
0.2876157191153954
0.29286790314727207
0.29819481503042633
0.3035972075241312
0.30907583724175774
0.3146314646099388
0.3202648538370422
0.32597677290646826
0.33176799351657515
0.3376392910428213
0.34359144454558554
0.3496252367079821
0.35574145379117666
0.3619408856268151
0.3682243255607965
0.37459257042993804
0.3810461571804153
0.38758667945284636
0.39421415433405055
0.4009296555216319
0.4077339966613189
0.41462799465020356
0.4216124695678542
0.4286882446819008
0.4358561463188247
0.4431170039107521
0.45047164986748484
0.4579209195925123
0.4654656513886789
0.4731066864509848
0.48084486875810417
0.48868104509013405
0.4966160649219744
0.504650780395897
0.512786046260974
0.5210227198310012
0.5293616609066732
0.5378037317249426
0.5463497969287334
0.5550007234801808
0.5637573806092447
0.5726206397573583
0.581591374508665
0.5906704605551402
0.5998587755899706
0.6091571993053206
0.6185666132621284
0.6280879008722324
0.6377219473194304
0.6474696395085892
0.6573318659560454
0.6673095167785592
0.6774034835883067
0.6876146594195246
0.6979439386935077
0.7083922171255179
0.7189603916432363
0.7296493603408384
0.7404600223895018
0.7513932779712503
0.7624500281909514
0.7736311750147516
0.7849376212037963
0.7963702702092219
0.8079300261134477
0.8196177935539639
0.8314344776330962
0.8433809838520968
0.8554582180098614
0.8676670861469503
0.880008494439837
0.8924833491374817
0.905092556449002
0.917837022499733
0.9307176532138091
0.9437353542343534
0.9568910308358481
0.9701855878423384
0.9836199295331
0.9971949595535198
1.0109115808285833
1.024770695444587
1.0387732045963862
1.052920008470225
1.0672120061382322
1.0816500954882928
1.0962351731181734
1.11096813421264
1.125849872490708
1.140881280054337
1.1560632473400243
1.171396662964645
1.1868824136524692
1.2025213841317681
1.21831445701479
1.2342625126900202
1.2503664292503176
1.2666270823141772
1.283045344992219
1.2996220877198708
1.3163581781848825
1.333254481163237
1.3503118584634184
1.367531168768159
1.3849132675451952
1.4024590068891356
1.4201692354534439
1.4380447982968998
1.4560865367562503
1.4742952883567186
1.4926718866542446
1.5112171611209217
1.5299319370332871
1.5488170353210176
1.567873272457206
1.5871014603114013
1.6065024060483262
1.626076911959443
1.6458257753493826
1.6657497884170371
1.685849738084644
1.7061264059053145
1.726580567883307
1.7472129943757222
1.7680244499446742
1.7890156931865
1.8101874766513275
1.8315405466536674
1.8530756431597097
1.8747934996414821
1.896694842936715
1.9187803931118135
1.9410508633080688
1.963506959635784
1.9861493809749342
2.0089788188994526
2.03199595750917
2.0552014732834745
2.0785960349521027
2.1021803033612114
2.12595493133461
2.1499205635330068
2.17407783634081
2.1984273776847862
2.2229698069594632
2.2477057348688754
2.2726357632978487
2.2977604851868882
2.3230804844152537
2.348596335681679
2.374308604354062
2.4002178464059134
2.4263246082471794
2.452629426660319
2.479132828661909
2.5058353313877064
2.5327374420454833
2.559839657749076
2.5871424654842503
2.614646341965096
2.6423517535915737
2.670259156355186
2.6983689957314843
2.7266817066564895
2.7551977134225516
2.7839174296479405
2.812841258168737
2.8419695910419343
2.8713028094626507
2.90084128372205
2.930585373199898
2.960535426306717
2.990691780460704
3.0210547620846233
3.0516246865699395
3.0824018582971697
3.113386570611062
3.1445791058312684
3.175979735270964
3.2075887192552153
3.2394063071289265
3.271432737292212
3.3036682372636994
3.336113023676681
3.368767302362898
3.401631268387663
3.4347051061222267
3.467988989311049
3.5014830811246775
3.535187534271206
3.5691024910510127
3.603228083462886
3.6375644332945063
3.672111652226711
3.7068698419368844
3.741839094212781
3.7770194910708095
3.812411104875317
3.848013998451536
3.8838282252567526
3.919853829475876
3.956090846168399
3.9925393014345993
4.029199212532087
4.066070588051315
4.1031534280581905
4.1404477246608185
4.177953460557153
4.2156706116000935
4.253599145372942
4.291739021754651
4.3300901930828
4.368652604349452
4.407426193339681
4.446410890839469
4.48560662078304
4.525013300468461
4.564630840696163
4.604459145974852
4.644498114693053
4.684747639303671
4.7252076064947905
4.76587789737858
4.806758387670407
4.84784894786161
4.88914944339873
4.930659734887819
4.972379678222283
5.014309124801084
5.056447921688366
5.098795911780642
5.141352933983671
5.184118823388957
5.227093411434858
5.270276526068317
5.313667991925088
5.357267630472971
5.401075260186945
5.445090696697997
5.4893137529517375
5.53374423935823
5.578381963951721
5.623226732525076
5.66827834878703
5.713536614497243
5.759001329602824
5.804672292396964
5.8505492996138875
5.8966321466115605
5.9429206274430575
5.989414535036167
6.036113661275066
6.083017797145661
6.130126732838614
6.177440257878177
6.22495816121839
6.2726802313510595
6.320606256428029
6.368736024349667
6.417069322868517
6.465605939691816
6.514345662559445
6.563288279362341
6.612433578196987
6.6617813474941245
6.711331376053634
6.761083453168528
6.811037368676343
6.861192913040434
6.911549877437485
6.962108053806037
7.012867234933124
7.063827214500077
7.114987787173382
7.166348748637069
7.217909895675384
7.269671026212506
7.3216319393691425
7.373792435536016
7.426152316389249
7.478711384961366
7.531469445685602
7.584426304438105
7.63758176857331
7.690935646975949
7.744487750082518
7.798237889950419
7.852185880249764
7.906331536330897
7.9606746752423945
8.015215115762963
8.069952678434332
8.1248871855718
8.180018461321092
8.235346331653755
8.290870624394474
8.346591169265254
8.40250779787413
8.458620343761577
8.51492864239358
8.571432531201454
8.628131849576645
8.685026438907219
8.74211614257128
8.79940080595423
8.856880276469365
8.914554403557009
8.972423038704997
9.030486035440731
9.088743249357364
9.147194538098786
9.205839761397606
9.264678781053924
9.323711460931856
9.382937666998387
9.442357267295442
9.501970131960118
9.56177613321028
9.621775145358974
9.68196704481478
9.742351710063211
9.802929021690163
9.863698862376825
9.924661116878584
9.985815672036686
10.047162416775885
10.108701242105804
10.170432041102439
10.232354708918093
10.294469142764243
10.356775241927558
10.419272907735634
10.48196204357301
10.54484255487161
10.607914349097088
10.671177335753924
10.734631426361085
10.798276534469531
10.86211257562672
10.92613946739547
10.990357129327277
11.054765482960942
11.119364451820099
11.18415396138689
11.249133939120345
11.314304314425844
11.379665018648907
11.445215985076691
11.510957148915146
11.576888447297705
11.643009819252024
11.709321205708783
11.775822549485065