29.449109683879453
29.497000917389343
29.556837162025275
29.64055759749935
29.748111182744825
29.879431156865603
30.034432850525697
30.21301385758266
30.41505052434423
30.640394743770415
30.88887572813819
31.16029838164839
31.454445432379952
31.771080721171955
32.109950681669446
32.47079015903266
32.85332532126397
33.257275875950626
33.68235971217882
34.128295514449874
34.59480486157931
35.081618208341766
35.58845798237143
36.115077721010174
36.661225068948575
37.22666178423179
37.81116140818995
38.41451119100887
39.03650726139345
39.67696103655244
40.335695867756165
41.01254357146716
41.70737075269728
42.42002514941704
43.150388100851174
43.898350564339964
44.6638140446345
45.44669482684106
46.24692038217066
47.0644311455516
47.89917883325814
48.75076060133315
49.62025091767132
50.50653586270435
51.40997744195691
52.33058192319508
53.2683660516247
54.2233538675951
55.19557960056216
56.18506709345928
57.19192474751511
58.21615297433269
59.25783689510412
60.317049185802475
61.39386914535641
62.488383938795195
63.60068330198701
64.73086491088802
65.8790343857803
67.0452888241465
68.22974996729737
69.43253078076724
70.65375034834479
71.89353259020129
73.15200424845513
74.42929357206748
75.72553716962959
77.04086648821098
78.37542025203699
79.72933718769305
81.10275915783282
82.49582848865187
83.90868852942269
85.34148711366859
86.7943672665677
88.26747639745561
89.76096304665504
91.27493771781948
92.80965573020325
94.36515813253081
95.94162771073904
97.53921238333267
99.15805750996125
100.79830857303371
102.46014197312982
104.14362120881536
105.84896843471316
107.57629818942054
109.32575416881187
111.097475754393
112.89160163506529
114.70826902970308
116.54761483912017
118.4097724348233
120.29487448088226
122.20305173498538
124.13443617623678
126.08915161168731
128.06732565919202
130.06908118539894
132.09454115259865
134.14382529067527
136.21705201343127
138.31433778548097
140.435797220798
142.5815430958451
144.7516863687424
146.946336204494
149.16560000599333
151.4095834509921
153.67839053470115
155.97212361807073
158.29088348164564
160.63476938488685
163.0038791309098
165.39830913655123
167.818154507685
170.26350911972727
172.73446570325706
175.23111593469054