 0.24824307671605E-12
 0.49035669474775E-13
 0.15515192294753E-13
 0.63550227639309E-14
 0.30647293421735E-14
 0.16542645678704E-14
 0.96969951842207E-15
 0.60537863549105E-15
 0.39718892274568E-15
 0.27128537855726E-15
 0.19154558388584E-15
 0.13906688237305E-15
 0.10339153549190E-15
 0.78457071159640E-16
 0.60606219901379E-16
 0.47555575573291E-16
 0.37348542305547E-16
 0.29963720504995E-16
 0.24853270242047E-16
 0.20645565219925E-16
 0.26267388094316E-16
 0.17349351291512E-16
 0.28050118067506E-16
 0.38912004258925E-16
 0.82765853838334E-16
 0.18711639775171E-15
 0.41368306032277E-15
 0.88024222847203E-15
 0.17755707599304E-14
 0.34348896480756E-14
 0.63743096201500E-14
 0.11375823706947E-13
 0.19607617056460E-13
 0.32720232724410E-13
 0.53018723258452E-13
 0.83613472882431E-13
 0.12861246295942E-12
 0.19333499344844E-12
 0.28451711841328E-12
 0.41054774704724E-12
 0.58169955420263E-12
 0.81034775730694E-12
 0.11111999248634E-11
 0.15015054264071E-11
 0.20012329340467E-11
 0.26332531307692E-11
 0.34234687723690E-11
 0.44009329995854E-11
 0.55979227683154E-11
 0.70499927431683E-11
 0.87959814923899E-11
 0.10877991064821E-10
 0.13341334511544E-10
 0.16234446347285E-10
 0.19608766445646E-10
 0.23518593600323E-10
 0.28020916899560E-10
 0.33175220918913E-10
 0.39043276658736E-10
 0.45688912402802E-10
 0.53177774518677E-10
 0.61577076278042E-10
 0.70955343206299E-10
 0.81382152855596E-10
 0.92927876732089E-10
 0.10566341976699E-09
 0.11965996893234E-09
 0.13498874507788E-09
 0.15172076572194E-09
 0.16992661577748E-09
 0.18967623081878E-09
 0.21103869303418E-09
 0.23408204056446E-09
 0.25887309157804E-09
 0.28547728171254E-09
 0.31395851819896E-09
 0.34437904911517E-09
 0.37679934618992E-09
 0.41127800475525E-09
 0.44787165744690E-09
 0.48663490192349E-09
 0.52762024380375E-09
 0.57087805129715E-09
 0.61645652388944E-09
 0.66440167275919E-09
 0.71475731156623E-09
 0.76756505961519E-09
 0.82286435257552E-09
 0.88069246447636E-09
 0.94108453627864E-09
 0.10040736126812E-08
 0.10696906852348E-08
 0.11379647419176E-08
 0.12089228211644E-08
 0.12825900710330E-08
 0.13589898117037E-08
 0.14381436016294E-08
 0.15200713055304E-08
 0.16047911651394E-08
 0.16923198707174E-08
 0.17826726338880E-08
 0.18758632605932E-08
 0.19719042245370E-08
 0.20708067398548E-08
 0.21725808331974E-08
 0.22772354152226E-08
 0.23847783501485E-08
 0.24952165245749E-08
 0.26085559142668E-08
 0.27248016493342E-08
 0.28439580776659E-08
 0.29660288263362E-08
 0.30910168606049E-08
 0.32189245445620E-08
 0.33497536907457E-08
 0.34835056211189E-08
 0.36201812152691E-08
 0.37597809627295E-08
 0.39023050121839E-08
 0.00000000000000E+00
