4.223600497422532
4.544730083952104
4.881568890641697
5.2339410755933615
5.6016918419375346
5.984685428609802
6.382803216818122
6.7959419907010234
7.224012370233976
7.6669374211938965
8.124651438947057
8.59709889779762
9.084233554919507
9.58601769631928
10.102421511547968
10.633422583647299
11.17900548093097
11.739161437528946
12.313888110108381
12.903189398806076
13.507075321330635
14.125561929245228
14.75867125836253
15.406431303062
16.068876008164505
16.746045271366718
17.437984949783193
18.144746870851932
18.866388833627234
19.60297460292661
20.3545739052425
21.12126240099622
21.90312165105944
22.70023906921762
23.512707861466613
24.340626952087504
25.184100896782137
26.043239783295828
26.918159120156044
27.808979714249745
28.715827538051407
29.638833587358672
30.578133730383126
31.533868549125334
32.50618317382279
33.49522711138376
34.50115406853685
35.52412177047583
36.56429177573197
37.621829287897334
38.69690296484059
39.78968472596737
40.900349558069934
42.0290753202248
43.17604254819962
44.34143425878442
45.52543575439163
46.728234428331746
47.95001957103515
49.19098217755167
50.451314756626516
51.73121114159451
53.0308663033874
54.35047616586806
55.69023742377451
57.05034736346812
58.43100368675769
59.832404338001666
61.25474733470602
62.69823060194715
64.16305181055004
65.64940821971577
67.1574965238455
68.68751270407846
70.23965188463332
71.81410819422135
73.4110746327058
75.03074294324196
76.67330349007908
78.33894514223705
80.02785516324302
81.7402191071044
83.4762207206987
85.23604185274414
87.01986236951316
88.82786007741196
90.66021065258988
92.51708757766443
94.39866208570757
96.3051031115467
98.23657725050077
100.1932487245925
102.17527935629458
104.18282854987791
106.21605328033179
108.2751080899334
110.36014509242308
112.47131398478948
114.60876206664048
116.77263426712466
118.96307317934937
121.18021910225487
123.42421008985788
125.69518200782153