3.971889227456797e-12
3.971889227456797e-12
3.971889227456797e-12
3.971889227456797e-12
2.3086606134592632e-11
1.1373256559745822e-9
2.2263928578355642e-8
2.173004460541627e-7
1.3243452874093827e-6
5.7838950063133316e-6
0.000019774190279745855
0.00005615709850176362
0.0001380770602377572
0.00030282633570858134
0.0006056049334046595
0.0011229070634454885
0.0019553987194421284
0.003230269837876143
0.005103128832909921
0.007759563122743821
0.011416480084475482
0.01632339227851253
0.022763724778658907
0.031056250131538333
0.04155669993662263
0.054659579017434914
0.07080022843806727
0.09045674448062496
0.11415277199486176
0.14245928995490015
0.17599708463946845
0.21543870624522984
0.261510133790044
0.3149919463986483
0.3767198361476579
0.447584279142744
0.528529153858737
0.6205488923619044
0.7246842601594009
0.8420157100570076
0.9736538716158474
1.1207267239610732
1.2843621127371634
1.4656650839575402
1.6656895888900447
1.8854054844817838
2.125663354235206
2.3871618333871485
2.6704234965244527
2.9757849002650767
3.303403527646788
3.6532801244395756
4.025291227267855
4.419225269617068
4.834816561259755
5.271773669134097
5.7298009750317345
6.208613750965891
6.707947867141009
7.227565441140016
7.767257616616452
8.326845420867919
8.90617940265999
9.505138541724778
10.123628760264172
10.761581251020301
11.418950756251592
12.09571387835584
12.791867467593729
13.507427109925823
14.242425723913025
14.99691226718719
15.7709505480579
16.56461813530446
17.37800543283407
18.211214386533353
19.064358387769598
19.93756074460721
20.83095433474791
21.74468086108647
22.67889022829501
23.63373996043322
24.60939465505252
25.606025469841395
26.623809638076533
27.662930010022905
28.72357461796632
29.805936261691457
30.910212113038565
32.03660333858244
33.18531473180108
34.356554374871344
35.5505332932224
36.7674651369869
38.00756587112483
39.271053470581535
40.558147632425744
41.86906949437946
43.204041363434136
44.563286453622325
45.94702863273651
47.35549217786107
48.78890153967069
50.24748111543972
51.73145503081111
53.24104693036736
54.77647977710334
56.337975660921806
57.92575561627998
59.540039449164
61.18104557352976
62.8489908574159
64.54409047889244
66.26655779202989
68.01660420306752
69.79443905694343
71.60026953436359
73.43430055954322
75.29673471877302
77.18777218990778