0.
0.
0.
0.
0.
4.964861534320996e-13
3.0285655359358076e-11
6.752211686676554e-10
7.818788065787063e-9
5.703446748320423e-8
2.967302868248437e-7
1.1956171022767382e-6
3.951954067181114e-6
0.00001116734935381908
0.00002781268327402815
0.00006246561379412252
0.00012876936903143644
0.00024703015707132597
0.0004458719507170334
0.0007638715274817161
0.0012511130480414778
0.0019706217955441233
0.0029996561512405802
0.004430854380312162
0.006373246143342765
0.008953148019564755
0.012314967889645177
0.01662194454415772
0.022056848547764712
0.02882266696797153
0.03714329030182515
0.047264214037411
0.059453261397559076
0.07400132682190094
0.09122313357296473
0.11145800436100593
0.13507054285379383
0.1624514545877941
0.19401805397151262
0.23021486963740886
0.2715140256557562
0.3184154892189234
0.3714471165071375
0.43116448448133415
0.49815045109460493
0.5730144475058818
0.6563914410081163
0.748940571483052
0.8513433769826749
0.9643016090212086
1.0885349805383744
1.2247758121472039
1.3737694259665905
1.5362653174802263
1.7130139009593974
1.9047598295546997
2.112234840522953
2.336149751928248
2.5771857825130873
2.835985519355418
3.1131440293194794
3.4092007666256676
3.7246330010691175
4.059853477077559
4.4151987217168545
4.7909504968631
5.187319777991766
5.604463250185967
6.0424893317982775
6.501467034456774
6.981434912573512
7.482409521009725
8.004392989091752
8.547379503351017
9.11136064148578
9.696329605423557
10.302284464336276
10.929230547800474
11.577182134843818
12.24616357607232
12.936209970085061
13.647367496653512
14.379693490705423
15.133256324405748
15.908135150149366
16.704419545394238
17.52220909051747
18.361612921773986
19.222749147437607
20.105744528416732
21.010733785542087
21.937859187457384
22.887270035502674
23.85912217826853
24.853577539443457
25.870803660268223
26.910973257334668
27.974263796041154
29.060857079765917
30.170938854585014
31.304698429301304
32.462328310401126
33.64402385162187
34.84998291774316
36.080405562187444
37.33549371821955
38.615450903316315
39.920481936520424
41.25079266851374
42.60658972422628
43.988080257875964
45.395471720235854
46.82897163812108
48.28878740599163
49.77512608967002
51.288194242116894
52.82819773131379
54.395341580246026
55.989829819009515
57.611865349076425