7.345456388108873
7.698588344320381
8.069067963991388
8.456663960259492
8.861168175002344
9.28239496305606
9.720178773041876
10.17437314124068
10.644848889248234
11.131494807050627
11.63421284075293
12.152920491924476
12.68754729341579
13.238036537629242
13.80434161218412
14.386426854229422
14.984266788099543
15.597850800838323
16.227169449890052
16.872228492174155
17.533040983179927
18.209583732014938
18.902026476674465
19.610268496828457
20.334409309415634
21.07450175250768
21.830610606507257
22.602811511918404
23.391185313702845
24.195821373227663
25.016816439724945
25.854278131382753
26.708318489105054
27.57900710264293
28.46662182368803
29.371152588858003
30.292784270973566
31.231677985349176
32.18797231214044
33.16182296198107
34.153425504702064
35.16294077485929
36.190550031905076
37.23643739735049
38.30079468508952
39.38381928165582
40.48571015270193
41.60666371470376
42.7469258640889
43.906675398128364
45.086144735063655
46.28555380930328
47.50513080363091
48.745103956425524
50.00570676667472
51.28717611335399
52.589747056230145
53.91366525544271
55.259170046659975
56.6265073763135
58.01592441649233
59.427666147521734
60.86198956935856
62.319136661428104
63.799362971743136
65.30291971833795
66.83005915951216
68.38103369553289
69.95609564708116
71.55549703592595
73.1794893681111
74.82832342000921
76.50224902757462
78.20151487917792
79.9263683123908
81.6770551151479
83.45381933168201
85.25690307366573
87.08654633698866
88.94298682461124
90.8264597759303
92.73719780308198
94.67543073463094
96.64138546703957
98.63528582433574
100.65735242638009
102.70780256606224
104.78685009582304
106.89470532377456
109.03157491974555
111.19766183150467
113.39316521135791
115.6182803533705
117.8731986413276
120.1581075075464
122.47319040269964
124.81862677658575
127.19459206993749
129.60125771721653
132.03879116031638
134.5073558731018
137.0071113966277
139.53821338489777
142.1008136609515