1.4741548427917848
1.755788991103463
2.05267058301609
2.3647423777905567
2.691933626693154
3.0341986919886854
3.3914994643141694
3.7638029292477784
4.151088143330029
4.553328119192663
4.970515534553255
5.402652155659806
5.8497250985463225
6.311741726848928
6.788708416772596
7.28064101522046
7.7875532199994835
8.309467822242372
8.846410284664879
9.398411237096497
9.965506260322046
10.54773599600731
11.145127579425262
11.757780339021169
12.385703262310884
13.028972802671392
13.687653198984432
14.361801141101358
15.051548931221962
15.756926665982371
16.478043101518278
17.21499515500541
17.967885989790293
18.73682509682525
19.521928666397272
20.323316986228658
21.14112103937734
21.97547494383968
22.82651906198095
23.694397351706243
24.579269372563463
25.48129028083806
26.40062621317909
27.337442465863784
28.29192268627977
29.264243600113794
30.254565560924338
31.26315722751236
32.290138688140196
33.3357354182091
34.40015713650492
35.483607977114104
36.586303013456195
37.70846010595034
38.85030038999657
40.01204844832646
41.19393210133957
42.3961821955183
43.619032390223495
44.8627189431167
46.12748049450183
47.41355785078564
48.72119376732032
50.0506327308282
51.402120741669265
52.77590509614523
54.17223416910099
55.59135719708675
57.03352406228099
58.49898507752728
59.98799077270702
61.500791682790826
63.0376381378707
64.59878005551452
66.18446673580263
67.79494665939836
69.43046728904855
71.09127487489899
72.77761426404446
74.4897287147002
76.2278597154453
77.992246809938
79.78312742755624
81.60073672034248
83.44530740673068
85.31706962241728
87.21625077880348
89.1430754294024
91.09776514454738
93.0805383948137
95.09161044342524
97.13119324799966
99.19949537186264
101.29672190527299
103.42307439665808
105.57875079417126
107.76394539763291
109.97884882106318
112.22364796583324
114.49852600452698
116.8036623755333
119.13923278835532
121.5054092395944
123.90236003954232