-0.12710970308000E-30
-0.25421940616000E-30
-0.38132910924000E-30
-0.50843881232000E-30
-0.63554851540000E-30
-0.76265821848000E-30
-0.88976792156000E-30
-0.10168776246400E-29
-0.11439873277200E-29
-0.12710970308000E-29
-0.13982067338800E-29
-0.15253164369600E-29
-0.16524261400400E-29
-0.17795358431200E-29
-0.19066455462000E-29
-0.20337552492800E-29
-0.21608649523600E-29
-0.22879746554400E-29
 0.59299905118959E-15
 0.19558025964350E-14
 0.53973555534234E-15
 0.83186544420873E-15
 0.11823827584011E-15
 0.10625519999775E-14
-0.19520055411675E-15
-0.16595838389193E-14
-0.15940178212429E-15
-0.29649158162203E-14
 0.16430802713173E-15
 0.55122924616236E-15
-0.76785800052611E-15
 0.92587683245710E-16
-0.52823744124262E-14
-0.67841380007792E-14
-0.71453496768196E-14
-0.99169826926105E-14
-0.16005449627515E-13
-0.24739911614356E-13
-0.41307441283951E-13
-0.60828284528886E-13
-0.10103224781045E-12
-0.11981405805038E-12
-0.20378173626107E-12
-0.26890137774607E-12
-0.38961372948883E-12
-0.57966527835763E-12
-0.74026425631758E-12
-0.96488541517834E-12
-0.12982400427364E-11
-0.16735844138609E-11
-0.21791710076550E-11
-0.27998973396218E-11
-0.34920059410776E-11
-0.44046060325624E-11
-0.54713397833457E-11
-0.67152483981394E-11
-0.82171843603284E-11
-0.99563303713170E-11
-0.11994057773349E-10
-0.14359693179002E-10
-0.17101358705850E-10
-0.20201168427091E-10
-0.23744229617084E-10
-0.27770355141461E-10
-0.32277241875266E-10
-0.37375871656444E-10
-0.43148205458504E-10
-0.49461542539025E-10
-0.56626876256490E-10
-0.64342026149404E-10
-0.72960026339103E-10
-0.82387426502468E-10
-0.92791152747696E-10
-0.10411323015371E-09
-0.11639220286185E-09
-0.12978755712620E-09
-0.14424734210452E-09
-0.15986359299365E-09
-0.17665861861788E-09
-0.19479888863806E-09
-0.21423701817363E-09
-0.23505720980384E-09
-0.25731104166172E-09
-0.28106248203266E-09
-0.30628729576366E-09
-0.33316899053048E-09
-0.36176189200016E-09
-0.39199435381551E-09
-0.42411184868453E-09
-0.45799285430771E-09
-0.49374280195547E-09
-0.53159173084195E-09
-0.57135233602792E-09
-0.61334147268381E-09
-0.65748205087831E-09
-0.70385857049468E-09
-0.75258026428254E-09
-0.80367420507534E-09
-0.85736511611988E-09
-0.91361255012670E-09
-0.97259250747088E-09
-0.10344022400057E-08
-0.10990345095684E-08
-0.11667436811143E-08
-0.12377094918930E-08
-0.13118129407571E-08
-0.13894245850689E-08
-0.14706491649331E-08
-0.15555284118850E-08
-0.16444616554783E-08
-0.17373720909306E-08
-0.18346965633978E-08
-0.19364740639649E-08
-0.20430957545694E-08
-0.21649273493072E-08
-0.22717584105757E-08
-0.23943821380682E-08
-0.25229594970770E-08
-0.26539540888425E-08
-0.27952439087945E-08
