0.0025960991537306035
0.0027314699962876733
0.0028724743301975584
0.0030192845038017387
0.0031720760804377795
0.0033310278797718065
0.0034963219681170225
0.0036681437042345574
0.0038466817229494254
0.004032127959850709
0.004224677692996398
0.004424529517468472
0.004631885395642126
0.004846950658426986
0.005069934001295214
0.005301047560119775
0.005540506834839688
0.005788530801541777
0.00604534185002753
0.006311165847611581
0.006586232152402706
0.006870773562165752
0.0071650264400567555
0.007469230632330363
0.007783629552742476
0.008108470140969536
0.008444002926034633
0.008790482003345014
0.009148165100600628
0.009517313528269627
0.009898192246241637
0.010291069853029177
0.010696218637278104
0.011113914535938648
0.011544437202904633
0.01198807001584015
0.012445100063891535
0.012915818201556104
0.013400519041358996
0.013899500986124767
0.01441306623567995
0.014941520809567298
0.01548517457584199
0.016044341238287095
0.016619338399591455
0.017210487530815763
0.017818114036059915
0.01844254723570657
0.019084120410236077
0.019743170807301393
0.020420039649795982
0.021115072214298626
0.02182861773363803
0.022561029564829246
0.023312665078853757
0.024083885777581967
0.024875057243752212
0.025686549197694315
0.026518735536551985
0.027371994308217292
0.02824670776222051
0.02914326236425231
0.030062048820367497
0.03100346209746504
0.03196790144761588
0.032955770433756144
0.03396747693068004
0.035003433182880565
0.036064055781835205
0.03714976573154216
0.03826098844765146
0.03939815379941804
0.040561696105853993
0.041752054153974434
0.04296967128071771
0.0442149953188284
0.045488478673812685
0.04679057832691725
0.04812175584232835
0.04948247741222791
0.05087321391066229
0.052294440834212176
0.053746638369762956
0.055230291445146275
0.056745889715859074
0.05829392758132348
0.05987490423627314
0.06148932365734807
0.0631376946693756
0.06482053091632589
0.06653835092362098
0.06829167811551175
0.07008104079869394
0.07190697221034317
0.0737700105636675
0.07567069901315344
0.07760958570992418
0.07958722381638586
0.081604171523977
0.08366099206111229
0.08575825371018718
0.0878965298809338
0.09007639901981213
0.09229844472867028
0.09456325573867892
0.09687142589369901
0.09922355425119263
0.10162024500228864
0.10406210756276384
0.1065497565348135
0.10908381172480078
0.11166489821772958
0.11429364627323078
0.1169706914664401
0.11969667460260254
0.12247224175480531
0.12529804429128455
0.12817473887492892
0.13110298745074317
0.1340834572768787
0.1371168209052705
0.14020375622247314
0.1433449464248365
0.14654108000994137
0.14979285082289673
0.15310095803213614
0.15646610610484163
0.1598890048623019
0.16337036941276256
0.1669109202236649
0.17051138304618002
0.17417248895716178
0.17789497433556384
0.18167958085300637
0.1855270554699283
0.1894381504384421
0.19341362327117922
0.1974542367463793
0.20156075888070715
0.20573396293545929
0.20997462738168537
0.2142835358953478
0.21866147733138006
0.22310924573175475
0.2276276402685118
0.2322174652298568
0.23687953004262705
0.24161464918664766
0.2464236422057784
0.2513073336616163
0.2562665531576995
0.2613021352205986
0.26641491936446
0.271605749982772
0.2768754763901935
0.28222495270240466
0.2876550378900995
0.29316659566119474
0.29876049448974995
0.30443760754434956
0.31019881263311716
0.31604499220259796
0.3219770332647757
0.3279958273474241
0.334102270483556
0.3402972631157264
0.34658171009665234
0.3529565206013354
0.359422608085729
0.3659808902477642
0.37263228895312506
0.3793777302012394
0.38621814403727656
0.39315446454470016
0.4001876297092308
0.4073185814373403
0.41454826544392165
0.4218776312000338
0.42930763189293447
0.4368392242892985
0.44447336877431576
0.4522110291763077
0.46005317276337593
0.46800077014969044
0.47605479522052035
0.48421622506371864
0.49248603987762407
0.5008652229191782
0.5093547604073594
0.5179556414417581
0.5266688579497021
0.5354954045491015
0.5444362785200255
0.5534924796816971
0.562665010325965
0.5719548751239634
0.5813630810248289
0.5908906371896684
0.6005385548740155
0.6103078473554677
0.6201995298022418
0.6302146192456192
0.6403541344092778
0.6506190956458673
0.6610105248291464
0.6715294452800068
0.6821768816010196
0.6929538596351021
0.7038614063302258
0.7149005496177768
0.7260723183492548
0.7373777421393823
0.7488178512810821
0.7603936766139083
0.772106249451311
0.7839566013868824
0.7959457642609685
0.8080747699955874
0.8203446504693145
0.832756437421709
0.8453111623051132
0.8580098561905675
0.8708535495836149
0.8838432723657156
0.8969800536136493
0.9102649214874342
0.9236989030844842
0.9372830243288921
0.951018309790833
0.9649057826007964
0.9789464642584388
0.9931413745262117
1.0074915312680033
1.021997950288526
1.0366616452196198
1.05148362734487
1.0664649054409792
1.0816064856450807
1.0969093712887892
1.112374562721327
1.1280030571950843
1.1437958486296629
1.1597539275163047
1.175878280726991
1.1921698913208136
1.208629738404835
1.2252587969430646
1.242058037591377
1.2590284265084755
1.276170925177281
1.293486490234265
1.3109760732676272
1.328640620639182
1.3464810733006587
1.3644983665879067
1.3826934300585463
1.4010671872431038
1.4196205555144357
1.4383544458352662
1.4572697625892572
1.4763674033616858
1.4956482587394841
1.5151132121145072
1.534763139471409
1.5545989091631065
1.5746213817366372
1.594831409688516
1.6152298372677534
1.6358175002685733
1.6565952258030223
1.6775638320925692
1.6987241282746
1.7200769141422585
1.7416229799710494
1.7633631062910746
1.7852980636727998
1.8074286125103378
1.8297555028109391
1.8522794739914321
1.8750012546560453
1.897921562407495
1.9210411036109056
1.9443605732318314
1.9678806545768421
1.9916020191589752
2.0155253264576856
2.03965122374855
2.0639803459062858
2.0885133152164603
2.1132507412097863
2.138193220481031
2.163341336508293
2.1886956595131184
2.2142567462647618
2.240025139974681
2.2660013701189206
2.2921859522953723
2.3185793881172776
2.345182165064904
2.371994756378923
2.399017620963844
2.4262512032584334
2.4536959331693056
2.4813522259724987
2.509220482255631
2.537301087830273
2.5655944137117146
2.594100816044616
2.6228206360640347
2.6517542001070926
2.6809018195603476
2.710263790879902
2.739840395596367
2.769631900314367
2.7996385567620634
2.8298606018149854
2.860298257564423
2.8909517313583843
2.921821215880788
2.9529068892400825
2.9842089150556386
3.015727442556424
3.0474626067110817
3.079414528331574
3.1115833142196436
3.1439690573074444
3.1765718368165414
3.2093917184046217
3.242428754355277
3.2756829837496633
3.3091544326442426
3.342843114303511
3.376749029357634
3.410872166044978
3.445212500427216
3.4797699966072813
3.514544606969545
3.5495362724044766
3.5847449225779853
3.620170476146028
3.655812841033385
3.691671914680913
3.7277475843017274
3.76403972715688
3.8005482108244526
3.8372728934438296
3.874213624020662
3.91137024267921
3.9487425809531573
3.9863304620246702
4.024133701066848
4.062152105438595
4.1003854750444475
4.13883360254037
4.177496273640578
4.21637326740315
4.25546435646312
4.294769307346137
4.334287880701439
4.3740198315875825
4.413964909723912
4.454122859758165
4.494493421522412
4.5350763302703765
4.5758713169611775
4.616878108461398
4.658096427817408
4.699525994500007
4.741166525044897
4.783017731539755
4.8250793244921955
4.867351011273774
4.9098324968046505
4.95252348373157
4.995423672655757
5.038532762322447
5.081850449810543
5.125376430750945
5.169110399473763
5.213052049216834
5.257201072302476
5.301557160271537
5.346120004102098
5.3908892943226725
5.4358647212099305
5.48104597489619
5.526432745551253
5.572024723503921
5.617821599384485
5.663823064255805
5.710028809736922
5.756438528130048
5.803051912541205
5.849868656981258
5.896888456481602
5.944111007209096
5.991536006553939
6.039163153220405
6.086992147344016
6.135022690552729
6.183254486063629
6.231687238776766
6.280320655319589
6.329154444159526
6.378188315638237
6.427421982072034
6.476855157788122
6.526487559197705
6.576318904847129
6.626348915490611
6.676577314108611
6.727003825985537
6.777628178744864
6.828450102391588
6.879469329346483
6.930685594498851
6.982098635230232
7.033708191448409
7.085514005633961
7.137515822834419
7.1897133907327895
7.24210645964147
7.294694782540105
7.347478115084275
7.400456215645464
7.453628845300635
7.506995767868343
7.560556749919419
7.614311560779694
7.66825997254303
7.72240176009814
7.776736701115172
7.83126457605887
7.885985168195529
7.9408982636051535
7.996003651170782
8.051301122578867
8.106790472341979
8.162471497775853
8.218343999010802
8.27440777897869
8.330662643422356
8.387108400889913
8.443744862719106
8.500571843042646
8.557589158779033
8.614796629628449
8.672194078057252
8.729781329304426
8.78755821135142
8.845524554940395
8.903680193534505
8.962024963333285
9.020558703247582
9.079281254895337
9.138192462586433
9.1972921733093
9.256580236714898
9.316056505125035
9.375720833492274
9.435573079402166
9.49561310305042
9.555840767245497
9.616255937377217
9.676858481404468
9.737648269851976
9.798625175788091
9.859789074801824
9.921139845004086
9.982677366998645
10.044401523879275
10.106312201203183
10.168409286973397
10.230692671642107
10.293162248066487
10.355817911520973
10.418659559659785
10.48168709251395
10.544900412461997
10.60829942423829
10.67188403488225
10.735654153748166
10.799609692487198
10.863750565015224
10.9280766875116
10.992587978397824
11.05728435831902
11.122165750128316
11.187232078881747
11.252483271798045
11.317919258267194
11.383539969822516
11.449345340120425
11.515335304937459
11.581509802142596
11.647868771684223
11.714412155578714
11.781139897894919
11.848051944722384
11.915148244179672
11.982428746386683
12.049893403451739
12.11754216943597
12.185375000379002
12.253391854248816
12.321592690945714
12.38997747226943
12.458546161925089
12.527298725490313
12.596235130413607
12.665355345991026
12.734659343359102
12.804147095459584
12.873818577060304
12.943673764713335
13.013712636746192
13.083935173257471
13.154341356081616
13.224931168805414
13.295704596727537
13.366661626855565
13.43780224789394
13.509126450222995
13.580634225897585
13.652325568618295
13.724200473736028
13.796258938215145
13.868500960647484
13.940926541216127
14.013535681699487
14.086328385452198