0.0008915941851656485
0.0015373763525877476
0.002523072409981604
0.0039693548764018986
0.006021191597154497
0.008849192196246941
0.012650828625535885
0.017651603407692944
0.02410622559456536
0.03229983498796267
0.04254929331023582
0.05520453610740091
0.07064995609919937
0.08930576506506877
0.11162926201164956
0.13811591875651608
0.16930018383172937
0.20575590114231074
0.24809624302836492
0.29697306742808965
0.3530756258712381
0.4171285711830815
0.4898892381457171
0.5721441954666477
0.6647050871045126
0.768403794355215
0.884086951346134
1.0126098359243179
1.15482963405499
1.3115980444341437
1.4837531585052903
1.6721105352541095
1.8774534100475924
2.1005220568488574
2.3420024845394027
2.6025148964856033
2.882602650998796
3.18272275701098
3.5032391090035175
3.8444195876357354
4.206437765306307
4.589379306958992
4.993252438060863
5.418001247692353
5.863520329464301
6.329669317605039
6.816286197957735
7.323198702903599
7.850233508942396
8.397223267218752
8.964011691046556
9.550457014880067
10.156434156800087
10.78183589121957
11.426573293012975
12.090575663792768
12.773790103595923
13.476180850557576
14.197728478446539
14.93842901616697
15.698293034105314
16.477344727885207
17.27562101963719
18.093170689555915
18.930053545159048
19.786339632209277
20.662108488634264
21.55744844127997
22.47245594426451
23.407234957027235
24.36189635990929
25.336557404889497
26.3313411991387
27.3463762190492
28.38179585259878
29.437737968001883
30.51434450675063
31.61176109938663
32.73013670240877
33.869623254967934
35.03037535409923
36.21254994739303
37.41630604212429
38.64180442999543
39.88920742673506
41.158678625900414
42.45038266629644
43.764485012530514
45.10115174826583
46.46054938179688
47.84284466364311
49.24820441586835
50.6767953729081
52.12878403368173
53.6043365248557
55.10361847506684
56.62679490001492
58.17403009828315
59.7454875578254
61.341329872994855
62.96171867207569
64.60681455520215
66.27677704265034
67.97176453337308