0.2629660575343588
0.39558441222181695
0.5640663469672433
0.7912784893206423
1.0458224508143683
1.3219901394797033
1.6173299637980785
1.930502718228754
2.260674066941003
2.607279753285164
2.9699164195162817
3.348284222438803
3.742153917130382
4.151346696437835
4.575721200593435
5.015164805515119
5.46958759225145
5.9389180668716754
6.42310006089088
6.922090458213387
7.435857502177657
7.96437953274202
8.507644036094245
9.065646929285121
9.638392021056545
10.225890605639743
10.828161156417497
11.445229094224104
12.077126610541935
12.723892530230351
13.38557220177196
14.06221740551479
14.753886272591256
15.460643208799626
16.182558819064905
16.919709829211854
17.67217900270115
18.440055050588654
19.223432533688342
20.022411756217025
20.83709865072152
21.66760465421727
22.51404657580566
23.37654645611951
24.25523141908312
25.150233516556295
26.06168956650282
26.989740985291327
27.934533614540435
28.896217543826243
29.87494692910844
30.870879807859943
31.884177911412134
32.915006475031795
33.96353404625087
35.02993229192017
36.11437580442548
37.21704190748365
38.33811046190927
39.47776367170394
40.63618589082857
41.813563430946076
43.01008437047415
44.225938365205224
45.461316460790734
46.71641090734063
47.99141497640906
49.28652278059819
50.60192909604457
51.93782918801385
53.294418639843926
54.67189318547606
56.07044854580955
57.49028026909326
58.93158357560065
60.3945532068072
61.87938327929766
63.386267143624174
64.91539724833154
66.46696500937291
68.0411606851107
69.63817325713222
71.25819031705747
72.90139795954144
74.56798068165595
76.25812128882508
77.97200080747537
79.70979840457942
81.47169131419945
83.25785477121458
85.06846195229807
86.90368392431184
88.76368960017744
90.64864570231012
92.5587167337051
94.4940649567212
96.45485037960509
98.44123075079382
100.45336156100998
102.49139605316124
104.55548524002178
106.64577792970745
108.76242075888754
110.90555823370555