2.25619757212672
2.5524385127086564
2.8636399446458043
3.1897043740521798
3.53054706466969
3.8860945634786495
4.256283441577988
4.641059221188564
5.040375463637758
5.454192997596455
5.882479270471518
6.325207809075979
6.782357777963526
7.253913625515792
7.739864808896225
8.2402055896954
8.7549348923982
9.284056218018938
9.827577605315605
10.385511632222492
10.957875450053352
11.544690843739959
12.145984311142653
12.76178715541316
13.392135584634886
14.037070813653227
14.69663916358566
15.370892155187093
16.059886592885967
16.76368463684799
17.482353861137753
18.215967296478205
18.96460345664936
19.728346347976725
20.507285461775187
21.301515749816243
22.111137583320858
22.93625669599067
23.77698411190403
24.633436059127177
25.505733870037318
26.394003869321796
27.298377250720325
28.218989943548415
29.15598246998365
30.109499794144337
31.079691163874013
32.06670994615121
33.07071345696321
34.09186278644072
35.13032262000092
36.18626105617377
37.25984942174761
38.351262084823574
39.46067626635955
40.58827185065453
41.7342311948679
42.89873893906743
44.08198171163161
45.284148461439145
46.50542922576306
47.74601598636292
49.00610196188916
50.285881528213054
51.58555003648628
52.905303633595004
54.24533908521681
55.60585360176943
56.98704466747115
58.389109872766085
59.812246750364444
61.25665261510294
62.72252440790536
64.21005854401969
65.7194507658148
67.25089600032749
68.80458822178056
70.38072031933216
71.97948397021547
73.60106951851239
75.24566585977065
76.91346033161985
78.60463861062549
80.31938461552029
82.05788041701037
83.8203061543
85.60683995848937
87.41765788298699
89.2529338410553
91.11283955060699
92.9975444863516
94.90721583937896
96.84201848422971
98.80211495358255
100.78766542049911
102.79882768834895
104.83575718838642
106.89860698499851
108.9875277886166
111.10266797627897
113.2441736197985
115.41218852151258
117.60685425756205
119.82831022862322