3.7184959610448547
4.034429665892048
4.365861162219065
4.712632087799409
5.074603996516688
5.451656262981662
5.843684165668472
6.250597167380024
6.672317395863943
7.108778318076146
7.559923596789975
8.02570611568904
8.50608715829679
9.00103572586622
9.510527979705035
10.034546793827841
10.573081404430225
11.126127143233356
11.69368524252878
12.275762700259408
12.87237219456446
13.483532037664082
14.109266160122854
14.749604117279398
15.404581110618011
16.07423801771223
16.758621425352995
17.45778366124819
18.171782820573576
18.900682784361795
19.644553227431487
20.403469614130557
21.177513180792197
21.966770904161358
22.77133545551607
23.59130514052561
24.426783825127703
25.27788084793062
26.144710919794534
27.027394011399828
27.92605522962047
28.840824683622667
29.77183734161484
30.719232879157957
31.68315551996064
32.663753870017075
33.66118074593338
34.67559299826033
35.70715133054104
36.756020114798574
37.82236720411916
38.9063637429078
40.00818397538526
41.128005052847946
42.266006840123424
43.422371721710086
44.59728440794983
45.79093174162758
47.00350250552781
48.235187230356935
49.48617800508289
50.756668288319894
52.046852721787204
53.356926945982295
54.687087418307065
56.037531233910165
57.40845594945937
58.800059410099315
60.21253957981475
61.64609437542726
63.10092150446866
64.57721830713626
66.07518160256733
67.59500753964898
69.1368914525888
70.70102772146407
72.2876096379459
73.89682927644465
75.52887737084323
77.18394319704551
78.8622144615257
80.56387719605361
82.28911565879676
84.03811224194524
85.81104738603496
87.60809950111208
89.42944489486199
91.27525770786819
93.1457098560537
95.04097098045614
96.96120840440155
98.90658709815088
100.87726965105261
102.8734162513223
104.89518467338355
106.94273027285372
109.01620598916136
111.11576235578146
113.241547518077
115.39370725871049
117.57238503059358
119.77772199730066
122.00985708091402
124.26892701720611