3.9534072756381877
4.271829338459642
4.605847508259248
4.95529499804856
5.320025526648921
5.699911254180406
6.094840867111371
6.5047178413313125
6.929458893297272
7.368992618153573
7.823258307192293
8.292204933343381
8.77579029164207
9.273980280779151
9.78674831166458
10.314074829092602
10.855946932938219
11.412358085860134
11.983307895001763
12.568801955884316
13.168851747657403
13.78347456926655
14.412693507512145
15.056537428503285
15.715040985136485
16.388244634201968
17.07619465748968
17.778943182316873
18.496548197627288
19.229073562614627
19.97658900551473
20.739170110855056
21.51689829394908
22.309860761919396
23.11815046096183
23.94186600981057
24.781111619712583
25.635997001375127
26.506637259526666
27.39315277586217
28.295669081179433
29.214316717607893
30.14923109181668
31.10055232011476
32.068425066316074
33.05299837323189
34.054425488609695
35.072863686306846
36.10847408339809
37.16142145393567
38.23187403998209
39.32000336047675
40.4259840185212
41.5499935075535
42.692212016864595
43.85282223689856
45.03200916471929
46.229959909998726
47.446863501958056
48.68291069723147
49.93829378929562
51.21320641995298
52.50784339248499
53.82240048718126
55.15707427939302
56.51206196033751
57.88756116090446
59.283769778690385
60.700885808492245
62.13910717646728
63.59863157823659
65.07965632108137
66.58237817052914
68.10699320149281
69.65369665421788
71.22268279523149
72.8141447835195
74.42827454214026
76.06526263545948
77.7252981522411
79.40856859474599
81.11525977405444
82.84555571177191
84.59963854829222
86.37768845777241
88.17988356996393
90.00639989904604
91.85741127956435
93.73308930960806
95.63360330130189
97.55912023871535
99.5098047432437
101.48581904651404
103.48732297090076
105.51447391761624
107.5674268624366
109.64633435905174
111.75134655003303
113.88261118539708
116.04027364872569
118.22447699080428
120.43536197072929
122.67306710441053
124.93772872040378