3.971889227456797e-12
3.971889227456797e-12
3.971889227456797e-12
3.971889227456797e-12
3.971889227456797e-12
3.971889227456797e-12
3.971889227456797e-12
3.971889227456797e-12
3.971889227456797e-12
3.971889227456797e-12
3.971889227456797e-12
3.971889227456797e-12
3.971889227456797e-12
3.971889227456797e-12
3.971889227456797e-12
3.971889227456797e-12
3.971889227456797e-12
3.971889227456797e-12
3.971889227456797e-12
3.971889227456797e-12
5.9578338411851955e-12
1.9859446137283985e-12
5.9578338411851955e-12
5.9578338411851955e-12
5.9578338411851955e-12
8.192021531629644e-12
6.454319994617295e-12
5.461347687753096e-12
1.0426209222074092e-11
1.6384043063259287e-11
3.971889227456797e-11
8.142372916286434e-11
1.829551475397287e-10
4.0066432581970437e-10
8.380686269933842e-10
1.7002168324282252e-9
3.324967769534771e-9
6.293210237828579e-9
1.1553232790364958e-8
2.061460157665421e-8
3.5820482997819126e-8
6.072472494012667e-8
1.0060125156840933e-7
1.6311829152242588e-7
2.592320529930392e-7
4.042958737889835e-7
6.195223730587219e-7
9.33734309710525e-7
1.3855866061921556e-6
2.0262046759102075e-6
2.922402646476652e-6
4.160452434342618e-6
5.850597300419243e-6
8.132203638648761e-6
0.000011179802964248695
0.000015209988851112259
0.000020489228644946458
0.000027342707371123174
0.00003616424256316321
0.00004742732065344092
0.00006169731996579556
0.00007964498088136006
0.00010206112491530877
0.00012987275005322242
0.00016416041546199372
0.00020617709232434385
0.0002573683800102611
0.0003193941667749027
0.00039415174838808645
0.0004838004039506422
0.0005907874504947722
0.000717875726968046
0.0008681725830669276
0.001045160276105033
0.001252727857339848
0.0014952044087417839
0.001777393796280188
0.0021046106110524775
0.0024827177195248956
0.0029181649410450782
0.00341802910881329
0.003990055366111207
0.00464269976307618
0.005385172968335156
0.006227485238734508
0.0071804924674378
0.008255943409440452
0.009466527909986443
0.010825926239652651
0.012348859423150223
0.014051140573013926
0.015949727161153837
0.018062774294798523
0.020409688844160216
0.023011184501259774
0.02588933775551332
0.029067644694727106
0.032571078671219514
0.0364261488869389
0.04066095973994301
0.04530527108838473
0.05039055935728312
0.05595007949155514
0.06201892781215561
0.06863410574677757
0.07583458449022298
0.08366137062919772
0.09215757267890348
0.10136846872431125
0.11134157502511455
0.12212671582118607
0.13377609421913297
0.1463443643496085
0.15988870482715498
0.17446889352598335
0.19014738389659763
0.2069893827289315
0.22506292968521008
0.24443897849355775
0.26519148005431886