0.0009967303603742237
0.0017082241115862842
0.002788311419900578
0.004365455003771886
0.006593369505030886
0.009652361840885153
0.013750562926239239
0.019125126637237748
0.026043454869500025
0.03480448575919916
0.04574005729481867
0.05921633272381002
0.07563524855160429
0.09543592237824539
0.11909593737459805
0.1471324046241966
0.18010269516923982
0.2186047312209447
0.26327673184121686
0.314796321592371
0.3738789310310249
0.44127544243431027
0.5177690613991636
0.6041714195898614
0.701317933020706
0.8100624492357417
0.9312712125258903
1.0658161579599847
1.2145675143036017
1.3783856600383995
1.558112148542907
1.7545598184614584
1.9685019587449937
2.2006606331956675
2.451694501692534
2.7221867949750655
3.0126344471973754
3.3234396526669423
3.6549051486254083
4.007234227619023
4.38053585303231
4.7748344560458955
5.1900832510013055
5.62617948587417
6.082979997628764
6.560315732084168
7.058004347132468
7.575860488904041
8.11370370701518
8.671364218703939
9.248686853677263
9.845533543823704
10.461784699898532
11.09733976915973
11.752117211585317
12.426054079041
13.119105335441079
13.831243018757629
14.562455316579305
15.312745605144015
16.082131485503155
16.870643838995175
17.67832591578787
18.505232464526095
19.351428907076848
20.216990559822857
21.102001900995763
22.00655588264669
22.930753285055157
23.87470211107465
24.838517017822067
25.822318783038636
26.82623380359732
27.85039362376921
28.894934490972727
29.959996937015784
31.045725382917198
32.1522677656599
33.27977518535787
34.428401571497886
35.59830336705891
36.78963922995882
38.002569747486525
39.23725717309438
40.49386516789375
41.77255856317492
43.07350313324538
44.39686538153309
45.742812339038764
47.11151137483296
48.50313001826584
49.91783579267479
51.35579606035296
52.8171778786055
54.30214786674309
55.81087208387322
57.343515917383904
58.90024398201428
60.48122002943419
62.086606868251536
63.71656629437678
65.37125903168824
67.05084468292328
68.75548169074536