0.0011105165773825155
0.0018920406328130485
0.0030722007737941466
0.004787454233403765
0.007200467138453937
0.010501452800577744
0.014909420587925869
0.020673412464519463
0.028073784084518667
0.03742356314867334
0.049069890117772824
0.06339551911089196
0.08082032951122978
0.10180277488933026
0.12684117469695777
0.15647473991042704
0.19128421533560874
0.23189202157491787
0.2789617883531679
0.3331971872952563
0.3953399961267766
0.46616735355391653
0.5464881926406111
0.6371388654090063
0.7389779875149137
0.8528805360677089
0.9797312223549165
1.1204171343847344
1.2758196072675987
1.4468052418697932
1.6342159737430428
1.838858120419901
2.061490437837711
2.30281142224797
2.5634464082695914
2.843935396194314
3.144722891026946
3.466151197582725
3.808458441306584
4.17178201979847
4.556167341584664
4.961580847742009
5.3879256878977255
5.8350582481738975
6.302803942622674
6.790971154823827
7.299362748928009
7.827785021597007
8.376054273657575
8.944001344175575
9.531474503771868
10.138341088680745
10.764488207108108
11.409822787337001
12.074271176848802
12.757778449142542
13.460307532250642
14.18183823987114
14.922366261050017
15.681902146072355
16.46047031305102
17.258108090358892
18.07486480366197
18.910800911800603
19.765987192879617
20.640503979986875
21.534440444808894
22.447893926635437
23.380969304001386
24.333778405990856
25.30643946029599
26.29907657523434
27.311819253068936
28.344801932181134
29.39816355588284
30.4720471657983
31.566599518036142
32.681970720459915
33.81831388965851
34.97578482628019
36.1545417076116
37.35474479689814
38.576556165047265
39.820139434377396
41.085659526353474
42.373282430133166
43.683174980995396
45.015504651658645
46.37043935568512
47.74814726260704
49.14879662452549
50.57255561396364
52.01959217275894
53.49007387184826
54.984167781818265
56.502040354062935
58.04385731249518
59.60978355569863
61.19998306945333
62.8146188495657
64.45385283494029
66.11784585084433
67.80675756228624
69.52074643749611