9.049660739570307
9.084300127365726
9.11911681465804
9.154110509732215
9.189280922906205
9.224627766544357
9.26015075506225
9.295849604928433
9.331724034666289
9.367773764866568
9.40399851818515
9.440398019346036
9.476971995143444
9.513720174445044
9.55064228819233
9.587738069402606
9.625007253160662
9.662449576632813
9.700064779052365
9.737852601727694
9.775812788030688
9.813945083404088
9.852249235356258
9.890724993451515
9.92937210931658
9.968190336627417
10.007179431112966
10.046339150544581
10.085669254732688
10.125169505527774
10.164839666801768
10.204679504456484
10.24468878640637
10.284867282579613
10.325214764908226
10.365731007320715
10.406415785738481
10.447268878064277
10.488290064175628
10.52947912592322
10.57083584711117
10.612360013501476
10.654051412798275
10.695909834639766
10.737935070595222
10.78012691414838
10.822485160696917
10.865009607535347
10.907700053855498
10.950556300725175
10.99357815109188
11.036765409763321
11.080117883402824
11.123635380524869
11.167317711470375
11.211164688414414
11.255176125343853
11.299351838052896
11.343691644134644
11.388195362971155
11.432862815716076
11.477693825294768
11.522688216391515
11.567845815432895
11.613166450588155
11.658649951751455
11.704296150535546
11.750104880261834
11.796075975945735
11.842209274294818
11.888504613693403
11.934961834190657
11.98158077749662
12.02836128696978
12.075303207603566
12.122406386022355
12.1696706704656
12.217095910785458
12.264681958430916
12.312428666435743
12.360335889420972
12.408403483572561
12.456631306634694
12.505019217905676
12.553567078222548
12.602274749955129
12.651142096991615
12.700168984738456
12.74935528010162
12.798700851481243
12.848205568763571
12.897869303310532
12.947691927951169
12.997673316968736
13.047813346099945
13.09811189251946
13.148568834832197
13.199184053067613
13.249957428667297
13.30088884447926
13.351978184745024
13.403225335100121
13.454630182552744
13.506192615491933
13.557912523660034
13.609789798164845
13.661824331452202
13.714016017312169
13.766364750865897
13.818870428559654
13.87153294815242
13.924352208712158
13.977328110609863
14.030460555507512
14.083749446351622
14.137194687372745
14.190796184064366
14.24455384319309
14.298467572774308
14.352537282079023
14.40676288161908
14.461144283141211
14.515681399624674
14.570374145268593
14.625222435488485
14.680226186914519
14.735385317370293
14.790699745884003
14.846169392671694
14.901794179134017
14.957574027848427
15.013508862565077
15.069598608201607
15.125843190833711
15.182242537693524
15.23879657715994
15.295505238753645
15.352368453134268
15.409386152094166
15.466558268549
15.523884736537234
15.581365490393113
15.639000468837956
15.696789606783422
15.754732843516456
15.812830118600786
15.871081372690806
15.92948654752337
15.98804558591779
16.04675843177002
16.105625030042702
16.164645326766927
16.223819269034028
16.283146804995578
16.34262788385087
16.402262455852735
16.462050472292656
16.521991885504235
16.58208664885526
16.64233471674683
16.702736044605782
16.763290588882462
16.82399830704315
16.88485915757316
16.945873100019178
17.007040094786802
17.068360103425412
17.129833088448567
17.1914590133561
17.253237842641546
17.31516954179366
17.377254077279773
17.43949141655285
17.501881528047797
17.564424381170266
17.627119946296666
17.689968194780988
17.75296909893147
17.816122632027596
17.87942876830496
17.942887482956763
18.00649875212523
18.0702625529072
18.13417886334682
18.19824766243093
18.262468930086477
18.326842647179003
18.391368795514772
18.456047357828982
18.52087831778661
18.58586165998207
18.650997369931982
18.716285434078188
18.781725839779774
18.847318575314954
18.913063629875342
18.978960993562122
19.045010657390886
19.11121261327921
19.177566854053364
19.24407337343863
19.31073216606266
19.377543227447394
19.444506554013415
19.51162214307101
19.578889992822404
19.646310102360513
19.71388247165791
19.781607101578853
19.84948399386365
19.917513151133498
19.985694576887383
20.05402827550022
20.12251425221986
20.191152513164138
20.259943065319977
20.328885916542035
20.39798107555097
20.46722855192859
20.536628356117607
20.606180499421903
20.675884993998807
20.74574185286482
20.815751089886678
20.885912719782212
20.956226758121975
21.026693221317565
21.09731212663541
21.168083492176393
21.239007336887795
21.31008368055757
21.381312543809255
21.452693948105328
21.52422791574099
21.59591446984518
21.66775363437459
21.739745434120643
21.811889894697423
21.884187042548533
21.95663690493503
22.029239509948727
22.101994886495667
22.17490306429985
22.24796407390747
22.321177946674975
22.394544714773303
22.46806441118763
22.541737068650416
22.61556272384777
22.68954141115974
22.76367316680165
22.837958027786286
22.912396031933607
22.986987217858193
23.061731624975465
23.136629293498068
23.2116802644298
23.286884579569207
23.362242281507857
23.437753413624236
23.51341802008563
23.58923614747088
23.665207838318423
23.74133314072325
23.8176121019908
23.89404477019968
23.970631194212075
24.047371423661826
24.124265508957546
24.201313501284346
24.27851545259417
24.35587141560963
24.433381443822014
24.511045591488696
24.588863913627417
24.66683646602485
24.74496330522357
24.82324448852627
24.901680073994648
24.980270120445187
25.05901468744691
25.137913835325374
25.216967625151472
25.296176118751017
25.37553937868809
25.45505746828143
25.534730451589542
25.61455839341169
25.694541359289012
25.77467941550117
25.854972629063482
25.93542106773006
26.016024799980865
26.096783895035617
26.17769842283731
26.258768454061357
26.339994060107067
26.42137531309675
26.502912285877827
26.58460505202049
26.666453685808374
26.748458262248377
26.830618857056372
26.91293554667062
26.995408408230553
27.078037519595
27.160822959326445
27.243764806695975
27.326863141675343
27.410118044944422
27.49352959787729
27.577097882557137
27.660822981753537
27.744704978939097
27.828743958274796
27.91294000461583
27.997293203510363
28.0818036411891
28.16647140456654
28.25129658125287
28.336279259530407
28.4214195283624
28.506717477397604
28.592173196951826
28.677786778024398
28.76355831227907
28.849487892061152
28.935575610370574
29.021821560890046
29.10822583795467
29.194788536567568
29.28150975239517
29.368389581758393
29.455428121640843
29.54262546967429
29.629981724151445
29.717496984012445
29.80517134884608
29.893004918888685
29.980997795025377
30.069150078782734
30.157461872326436
30.24593327846412
30.33456440063979
30.423355342935064
30.51230621006198
30.601417107364348
30.690688140817755
30.78011941702374
30.869711043208916
30.95946312722186
31.049375777533257
31.139449103237496
31.22968321403531
31.320078220254107
31.410634232828755
31.501351363304924
31.592229723838216
31.68326942719019
31.774470586728
31.86583331642178
31.957357730837945
32.04904394515024
32.14089207511936
32.23290223710604
32.32507454806056
32.41740912552603
32.50990608763089
32.60256555308709
32.695387641198394
32.78837247184325
32.88152016547975
32.97483084314761
33.068304626456275
33.161941637594715
33.25574199931776
33.349705834951465
33.44383326838624
33.53812442408001
33.63257942705045
33.727198402878784
33.82198147770128
33.91692877820855
34.01204043164813
34.107316565820526
34.202757309072126
34.29836279029793
34.3941331389387
34.490068484976376
34.58616895893321
34.68243469187408
34.77886581539525
34.87546246163081
34.97222476324509
35.06915285343004
35.16624686590951
35.26350693493197
35.36093319526512
35.45852578220169
35.556284831551245
35.65421047964081
35.752302863311776
35.85056211991481
35.948988387315914
36.047581803885045
36.14634250849769
36.245270640534514
36.34436633987478
36.44362974689922
36.543061002483526
36.64266024799792
36.74242762530413
36.842363276757034
36.94246734519556
37.042739973945466
37.14318130681669
37.24379148809656
37.3445706625582
37.44551897544452
37.54663657247361
37.64792359984126
37.74938020420652
37.851006532698456
37.952802732912595
38.054768952907565
38.1569053412015
38.259212046770266
38.36168921904838
38.464337007925145
38.56715556373693
38.6701450372759
38.77330557977818
38.87663734292588
38.98014047884386
39.08381514009707
39.18766147969016
39.29167965106403
39.39586980808892
39.5002321050752
39.604766696757515
39.709473738297085
39.81435338528374
39.91940579372224
40.02463112004693
40.13002952110622
40.2356011541641
40.341346176900345
40.447264747401356
40.5533570241676
40.65962316610607
40.766063332527246
40.87267768314216
40.979466378065105
41.0864295778082
41.193567443277146
41.30088013577161
41.408367816982725
41.51603064899374
41.6238687942687
41.73188241566003
41.84007167640344
41.948436740109486
42.05697777077002
42.165694932753624
42.274588390800844
42.38365831002089
42.49290485589669
42.602328194270015
42.71192849135524
42.82170591372383
42.931660628308606
43.041792802400806
43.152102603641964
43.26259020003629
43.37325575992884
43.48409945201927
43.59512144535169
43.706321909314006
43.81770101363859
43.92925892839291
44.04099582398717
44.15291187116356
44.265007240996816
44.37728210489581
44.48973663459422
44.60237100215282
44.71518537996064
44.828179940722514
44.941354857468696
45.054710303539515
45.168246452600734
45.28196347862098
45.39586155588725
45.50994085899175
45.62420156283513
45.73864384261632
45.8532678738454
45.968073832324635
46.083061894159044
46.19823223574704
46.31358503377801
46.42912046523745
46.544838707394774
46.66073993780819
46.77682433432176
46.8930920750571
47.009543338423654
47.12617830310021
47.242997148047806
47.36000005249708
47.47718719595235
47.59455875818516
47.71211491923655
47.82985585941079
47.947781759273575
48.065892799652346
48.18418916163461
48.30267102656217
48.421338576028944
48.54019199188613
48.65923145622749
48.778457151402435
48.89786925999848
49.01746796484951
49.137253449031924
49.25722589585686
49.37738548887698
49.49773241187782
49.61826684887364
49.7389889841148
49.859899002077434