7.657471802156551
7.691368910014996
7.725438642008757
7.7596807199810955
7.79409486801219
7.828680812405858
7.8634382817045685
7.898367006680267
7.93346672033598
7.968737157899739
8.00417805683376
8.039789156821044
8.07557019976215
8.111520929783007
8.147641093213695
8.18393043859937
8.220388716686854
8.257015680420293
8.293811084936438
8.330774687556461
8.367906247787305
8.40520552729874
8.442672289933151
8.480306301686069
8.518107330702799
8.556075147274715
8.594209523817407
8.632510234878621
8.670977057114557
8.709609769290863
8.748408152270216
8.787371988999544
8.826501064498608
8.865795165858254
8.905254082227641
8.944877604797478
8.984665526791957
9.024617643462545
9.064733752074334
9.105013651895367
9.145457144179755
9.186064032164818
9.226834121058813
9.267767218024403
9.308863132168002
9.350121674533307
9.391542658081573
9.433125897691113
9.474871210133958
9.516778414068543
9.558847330030265
9.601077780416343
9.643469589475895
9.686022583292925
9.728736589783715
9.771611438676604
9.814646961501676
9.857842991581453
9.901199364017618
9.944715915673756
9.988392485173623
10.032228912883266
10.076225040894148
10.120380713021156
10.16469577478759
10.209170073401577
10.253803457768225
10.2985957784529
10.343546887684443
10.388656639340399
10.43392488893312
10.4793514935976
10.524936312084268
10.570679204746098
10.616580033522823
10.662638661931393
10.708854955061748
10.755228779554855
10.80176000360146
10.848448496919872
10.895294130754227
10.942296777862568
10.989456312500845
11.03677261041992
11.084245548841249
11.131875006462716
11.17966086344212
11.227603001378684
11.275701303314547
11.323955653715267
11.372365938466482
11.420932044859134
11.469653861588599
11.518531278723282
11.5675641877225
11.61675248140867
11.666096053963338
11.715594800913655
11.765248619129022
11.815057406809666
11.865021063475728
11.915139489960307
11.965412588395058
12.015840262209947
12.06642241612072
12.117158956117224
12.168049789457337
12.219094824658148
12.270293971488636
12.32164714096036
12.373154245319888
12.424815198038003
12.476629913802864
12.528598308518655
12.580720299287954
12.632995804406763
12.685424743362281
12.738007036821733
12.790742606619576
12.843631375760369
12.896673268402745
12.949868209861412
13.003216125970523
13.056716945544885
13.110370597342088
13.164177009936889
13.218136114922308
13.272247844366255
13.326512131444922
13.38092891042987
13.435498116682822
13.490219686654422
13.54509355786772
13.60011966892128
13.655297959484091
13.710628370278684
13.766110843087963
13.821745320740183
13.877531747113538
13.933470067116813
13.989560226699046
14.045802172832289
14.10219585351446
14.158741217755312
14.215438215583019
14.27228679802766
14.329286917123586
14.386438525905563
14.443741578398106
14.50119602961026
14.558801835543793
14.616558953167258
14.674467340433369
14.732526956263355
14.790737760535427
14.849099714101898
14.907612778762754
14.96627691727607
15.025092093344488
15.084058271620432
15.143175417696785
15.202443498099832
15.261862480292852
15.32143233266792
15.381153024542067
15.441024526158523
15.501046808674792
15.561219844167375
15.621543605621344
15.682018066934807
15.74264320290886
15.803418989301571
15.864345402608542
15.925422420378299
15.986650021003635
16.0480281837647
16.1095568888327
16.17123611725018
16.23306585095647
16.295046072757753
16.357176766342103
16.41945791626495
16.481889507952562
16.54447152770019
16.60720396266944
16.670086800878366
16.733120031206923
16.79630364339373
16.85963762802839
16.92312197655645
16.986756681270204
17.050541735310205
17.114477132660653
17.178562868151758
17.24279893745131
17.30718533706579
17.371722064339977
17.436409117451774
17.501246495408207
17.566234198048047
17.63137222604204
17.696660580878405
17.762099264878216
17.827688281176165
17.893427633735573
17.95931732732978
18.02535736755283
18.09154776081261
18.15788851433002
18.224379636134355
18.291021135065552
18.35781302077394
18.42475530371117
18.491847995132336
18.559091107097334
18.626484652466026
18.69402864489848
18.761723098846545
18.82956802956773
18.89756345310202
18.96570938629084
19.034005846761687
19.102452852933823
19.171050424012694
19.239798579993792
19.30869734165183
19.377746730549944
19.44694676903064
19.51629748021713
19.585798888013986
19.65545101709918
19.72525389293251
19.795207541742982
19.865311990534963
19.935567267089343
20.0059733999501
20.076530418433503
20.147238352628843
20.21809723338318
20.289107092315483
20.36026796180583
20.431579874997162
20.503042865794512
20.574656968860438
20.64642221961984
20.71833865425254
20.7904063096914
20.862625223631003
20.934995433577168
21.007516980569182
21.080189903648733
21.153014243509443
21.225990041598344
21.299117340105465
21.372396181967428
21.44582661086744
21.519408671229716
21.59314240822221
21.66702786774941
21.741065096458183
21.815254141735018
21.889595051697743
21.964087875202587
22.03873266184305
22.11352946347773
22.18847832813397
22.26357930908871
22.338832458855777
22.414237830679596
22.489795478526347
22.56550545708981
22.64136782178517
22.71738262875607
22.79354993486296
22.869869797684203
22.946342275523666
23.022967427394807
23.09974531303186
23.176675992884125
23.253759528110873
23.330995980586202
23.408385412892805
23.485927888325595
23.563623470887222
23.641472225281625
23.719474216927303
23.7976295119376
23.875938177136078
23.954400280040627
24.03301588887428
24.111785072558508
24.19070790071059
24.269784443639793
24.349014772356053
24.428398958559292
24.507937074642154
24.587629193684055
24.667475389458737
24.747475736422864
24.82763030972073
24.907939185182283
24.988402439316037
25.069020149320128
25.149792393062327
25.230719249098783
25.31180079665578
25.39303711564239
25.47442828663397
25.555974390883456
25.637675510316285
25.71953172752292
25.80154312576757
25.88370978897749
25.96603180174437
26.04850924932692
26.13114221764529
26.213930793277985
26.296875063464693
26.379975116101708
26.463231039740563
26.546642923592252
26.630210857513568
26.7139349320148
26.79781523826
26.88185186805392
26.966044913854077
27.050394468761304
27.134900626519013
27.219563481509223
27.304383128759135
27.389359663931454
27.474493183325997
27.559783783878707
27.64523156315619
27.730836619359685
27.81659905131786
27.90251895849005
27.988596440960414
28.074831599439932
28.161224535259688
28.24777535037646
28.334484147364297
28.421351029415852
28.508376100339927
28.595559464558857
28.682901227111362
28.770401493644112
28.85806037041358
28.945877964285184
29.033854382729064
29.121989733819703
29.210284126233454
29.298737669249647
29.3873504727439
29.47612264718897
29.565054303652406
29.654145553795814
29.743396509873097
29.832807284726492
29.922377991785716
30.012108745069053
30.101999659175693
30.19205084928955
30.282262431173823
30.37263452116924
30.463167236197048
30.553860693748337
30.644715011891364
30.735730309264103
30.826906705072005
30.918244319091244
31.00974327165926
31.10140368367962
31.193225676618777
31.285209372500617
31.377354893906947
31.469662363977257
31.562131906402758
31.654763645426254
31.74755770584289
31.84051421299581
31.933633292773546
32.02691507160791
32.120359676473996
32.2139672348867
32.30773787489961
32.40167172510437
32.495768914625366
32.59002957311524
32.68445383076582
32.77904181829036
32.873793666931626
32.968709508456435
33.06378947515276
33.159033699829784
33.25444231581825
33.35001545695977
33.445753257613056
33.54165585264957
33.63772337745127
33.733955967908166
33.83035376041642
33.92691689187538
34.02364549968722
34.12053972175656
34.21759969648362
34.31482556276612
34.4122174599954
34.50977552805308
34.60749990731417
34.70539073863825
34.80344816337231
34.901672323348926
35.00006336087802
35.09862141875399
35.19734664024412
35.29623916909318
35.39529914952345
35.494526726220805
35.593922044346755
35.69348524952701
35.79321648785051
35.893115905874005
35.99318365061265
36.09341986953858
36.19382471058357
36.294398322132935
36.39514085302429
36.496052452545555
36.597133270432984
36.69838345686743
36.7998031624787
36.90139253833375
37.003151735941174
37.10508090724545
37.20718020463098
37.30944978091284
37.4118897893346
37.51450038357571
37.61728171773605
37.7202339463473
37.823357224355725
37.92665170713628
38.03011755047913
38.133754910591485
38.23756394409275
38.3415448080159
38.44569765980639
38.55002265731528
38.6545199587999
38.7591897229201
38.86403210874084
38.969047275721685
39.074235383724115
39.17959659300218
39.285131064202666
39.39083895836471
39.49672043691731
39.602775661671004
39.70900479482609
39.81540799896341
39.92198543704274
40.02873727240482
40.13566366876197
40.2427647902061
40.350040801194154
40.45749186655766
40.56511815149371
40.672919821563426
40.780897042694214
40.88904998117022
40.99737880363788
41.105883677097516
41.214564768907536
41.32342224677364
41.43245627875465
41.54166703326041
41.65105467903998
41.760619385190594
41.870361321152046
41.980280656701254
42.09037756195014
42.2006522073527
42.311104763690984
42.42173540207734
42.53254429395587
42.643531611097394
42.75469752559319
42.86604220986122
42.9775658366381
43.0892685789789
43.20115061025213
43.31321210414515
43.425453234652025
43.53787417607999
43.65047510304123
43.76325619045552
43.87621761354176
43.98935954782791
44.10268216912952
44.216185653569106
44.32987017755873
44.44373591780218
44.55778305129911
44.67201175533009
44.786422207468476
44.90101458556802
45.015789067762874
45.130745832471284
45.24588505838918
45.3612069244818
45.47671160999569
45.59239929444272
45.70827015760836
45.82432437954182
45.940562140560296
46.05698362124039
46.17358900242147
46.29037846520444
46.407352190941296
46.524510361241944
46.64185315796865
46.75938076323253
46.87709335939308
46.994991129057155
47.1130742550749
47.23134292053861
47.34979730877966
47.46843760336845
47.58726398810888
47.70627664703981