0.016728796021309885
0.02477336299616289
0.035563610639127136
0.04971821987306716
0.06794053833624855
0.09102634837279529
0.11987158582534123
0.1554792420774252
0.19896451828167097
0.25155718564366564
0.314600058846815
0.3895425123831907
0.4779280166905374
0.5813746293294977
0.7015470689990949
0.840118270010672
0.9987172800883709
1.1788599170937653
1.3818609561524262
1.60873485051457
1.8601063999064018
2.13616471431476
2.436687187717317
2.76113053899392
3.1087549958332934
3.4787410193795156
3.8702746589046977
4.282598042941222
4.715032777930915
5.166986213974261
5.637948462748385
6.12748522863053
6.635229305104532
7.1608721788692895
7.704156375312021
8.264868766785849
8.842834839389397
9.437913841583365
10.04999469683986
10.678992563258092
11.324845932627188
11.987514175477424
12.66697545351333
13.36322493410601
14.076273253360283
14.806145183965896
15.552878472258383
16.316522815418246
17.09713895525451
17.894797869258625
18.70958004319748
19.54157481236321
20.390879760867467
21.25760017030304
22.141848510532213
23.04374396669773
23.963411997471713
24.900983920456014
25.856596521283105
26.83039168358013
27.822516037335703
28.833120623703817
29.862360574520714
30.910394805088163
31.977385719079592
33.06349892447666
34.16890295976237
35.293769029579515
36.43827074934705
37.60258389826305
38.78688618033638
39.99135699309699
41.216177203722154
42.4615289323732
43.72759534258893
45.0145604386126
46.322608869585125
47.6519257405482
49.002696430941846
50.375106415896106
51.76934110438758
53.18558567095013
54.62402490437098
56.08484305940303
57.56822371630725
59.07434964759342
60.603402692106634
62.155563636542865
63.73101210449489
65.32992645314762
66.95248367771536
68.5988593237255
70.2692274072391
71.96376034310777
73.68262888132878
75.42600205160122
77.19404711612178
78.9869295306955
80.80481291420094
82.64785902644319
84.51622775443678
86.41007710711254
88.32956321847738
90.274840359203