0.011765277939670036
0.017714954779843285
0.025798224937584106
0.036515579585204225
0.050435430818232645
0.06819966825372369
0.09052952121368242
0.11823128809186559
0.15220136867214484
0.19342993408998216
0.24300250918593175
0.30209873563997175
0.37198763402189144
0.45401877037071703
0.5496088059630504
0.660222883542871
0.7873500827702822
0.9324717241022388
1.0970207760996606
1.282330596802695
1.489572842851142
1.7196889209142414
1.9733267920812456
2.2508015584190955
2.552097013746176
2.876912445053603
3.224741182515064
3.59495747899458
3.9868916325206216
4.399883914958886
4.833317358179089
5.286634156823742
5.759341238954788
6.251009510403291
6.761269850319277
7.289807738400282
7.836357582177221
8.400697278044692
8.982643259084176
9.582046106991307
10.198786724153114
10.832773021484636
11.483937062727435
12.15223260327143
12.837632965436322
13.540129198301381
14.25972847719273
14.996452704588839
15.750337280278513
16.521430013931358
17.309790157609232
18.115487539699537
18.93860178471973
19.77922160620835
20.63744416195607
21.513374462713163
22.407124826890435
23.31881437505502
24.2485685590098
25.19651872106859
26.16280167981764
27.147559339307183
28.15093831900043
29.17308960223906
30.214168201450907
31.274332838353196
32.35374563791226
33.452571834866255
34.570979491859006
35.70913922834445
36.86722395960632
38.04540864527252
39.24387004690391
40.46278649419137
41.70233765950258
42.96270434047659
44.24406825048415
45.54661181679891
46.87051798634933
48.21597003900041
49.58315140829203
50.972245509656595
52.38343557606549
53.816904501194315
55.272834690094626
56.75140791745235
58.252805193503505
59.777206637658615
61.32479135993982
62.89573735028747
64.49022137583346
66.10841888623382
67.75050392711312
69.41664906172517
71.1070253008907
72.82180204127641
74.56114701207642
76.32522623016591
78.11420396373227
79.92824270445938
81.76750314827179
83.63214418464618
85.52232289451528
87.4381945567562