0.
0.
0.
1.9859446137283985e-12
1.9859446137283985e-12
5.0889830726790214e-12
2.1659208443475345e-10
3.7742877383908215e-9
3.6074683908376356e-8
2.2586445983625134e-7
1.0369017740844865e-6
3.7643479614775723e-6
0.000011392052408420916
0.00002984804985717072
0.00006962425450734628
0.0001476678364295834
0.00028942172665624347
0.0005308902421131768
0.0009206247052832642
0.001521556071785898
0.0024126325535864693
0.0036902522871362442
0.005469503355327356
0.007885240261447502
0.011093034612782209
0.015270041375008989
0.020615820154627502
0.027353146172599437
0.03572883805794633
0.04601462089658087
0.05850803310906701
0.07353337583504206
0.09144269385294984
0.11261676749297016
0.13746608731616933
0.1664317757519246
0.19998641483976354
0.23863473554800843
0.2829141174446404
0.3333948614087033
0.3906801711971377
0.455405807157481
0.5282393600649851
0.6098790919163185
0.7010522877846992
0.8025131326900741
0.9150397618104205
1.0394299967102951
1.1764990769027983
1.3270716215567873
1.491976420391834
1.6720381966322255
1.8680682552457852
2.0808537390511592
2.311145692141487
2.559646418083132
2.826996923694594
3.1137655382855627
3.420438954389641
3.7474168376339945
4.0950108248274395
4.463448060362675
4.852878798672798
5.263387060932601
5.695002988102017
6.147715627257855
6.621485067140186
7.116253220358638
7.631952889652077
8.168515037889916
8.725874370422792
9.303973441818297
9.90276553459593
10.522216565910187
11.162306229944212
11.82302857759239
12.504392176336832
13.206419971898653
13.929148942166266
14.672629611549144
15.436925476141425
16.222112376258252
17.028277842475376
17.85552046186744
18.70394907905079
19.57368243445781
20.46484825529463
21.377582792349298
22.31203021044284
23.268342031129514
24.246676599311925
25.247198573260754
26.270078437210685
27.31549203553217
28.38362012744627
29.474647961171847
30.588764866497478
31.726163864787498
32.88704129529672
34.071596457365175
35.280031267391806
36.51254993000406
37.76935862286734
39.0506651946429
40.35667887562118
41.687610000720866
43.043669744543145
44.4250698682475
45.83202247809036
47.26473979549436
48.72343393855974
50.20831671489176
51.719599426027095
53.25749268293572
54.8222062329537
56.413948799107416
58.0329279288729
59.67934985661663
61.35341937661236
63.055339727951285