 0.13570460906188E-07
 0.16712021466745E-07
 0.25614127898318E-07
 0.33668763672106E-07
 0.46326455185797E-07
 0.58732948483501E-07
 0.79440644617738E-07
 0.10360625862002E-06
 0.13519580100875E-06
 0.17685358820548E-06
 0.23230206942655E-06
 0.30673813314627E-06
 0.40764236637356E-06
 0.54573202273680E-06
 0.73665055645998E-06
 0.10034148133158E-05
 0.13801759098357E-05
 0.19181301297647E-05
 0.26944121692159E-05
 0.38255231275009E-05
 0.54872025337117E-05
 0.79410774130424E-05
 0.11565635489925E-04
 0.16874346171912E-04
 0.24450841002281E-04
 0.34524413140064E-04
 0.45142332886860E-04
 0.46244352212520E-04
 0.98974251058501E-05
-0.97206458879766E-04
-0.24067067661879E-03
-0.28206621681267E-03
-0.13523025757513E-03
 0.87460065029328E-04
 0.20939402660683E-03
 0.18904412467303E-03
 0.10564932271312E-03
 0.34689457642882E-04
-0.24507235295378E-05
-0.15175688502597E-04
-0.67036336063442E-05
-0.13766355237073E-04
-0.10545536552307E-04
-0.77816915707263E-05
-0.56659421903817E-05
-0.41190315739539E-05
-0.30081982948780E-05
-0.22140836308488E-05
-0.16449591419267E-05
-0.12345032800919E-05
-0.93603930042437E-06
-0.71701304535165E-06
-0.55464283303027E-06
-0.43313764898082E-06
-0.34128417667643E-06
-0.27118231227272E-06
-0.21721424844333E-06
-0.17529964385965E-06
-0.14244794989025E-06
-0.11649465512201E-06
-0.95849245728961E-07
-0.79316860125361E-07
-0.65947200343612E-07
-0.55059318512164E-07
-0.46219594168515E-07
-0.38922952711856E-07
-0.32899556645828E-07
-0.27883883870381E-07
-0.23700845133694E-07
-0.20214802276163E-07
-0.17228175278206E-07
-0.14727747465753E-07
-0.12591165536206E-07
-0.10806863563265E-07
-0.92283603839597E-08
-0.79145105004635E-08
-0.67967765788181E-08
-0.58299321702503E-08
-0.50058639767246E-08
-0.42664937444469E-08
-0.36265890425429E-08
-0.30953174675358E-08
-0.26432474160477E-08
-0.22469022028817E-08
-0.19288477400967E-08
-0.16471808818223E-08
-0.14229855821830E-08
-0.12272218496777E-08
-0.10696564241463E-08
-0.93476500920783E-09
-0.86854023656099E-09
-0.85972710386539E-09
-0.83699628395253E-09
-0.85166263604187E-09
-0.91850008146278E-09
-0.94665822189348E-09
-0.11030346174009E-08
-0.12148516394923E-08
-0.13997633293875E-08
-0.15794225935983E-08
-0.18516762114942E-08
-0.21104477682744E-08
-0.23984465005309E-08
-0.27344520867722E-08
