 0.81576058039044E-05
 0.72605725987091E-05
 0.64961081096242E-05
 0.58397621523003E-05
 0.52724679577052E-05
 0.47791741407018E-05
 0.43478672732378E-05
 0.39688623511456E-05
 0.36342801159418E-05
 0.33376570355866E-05
 0.30736505109697E-05
 0.28378136331773E-05
 0.26264212167860E-05
 0.24363341426994E-05
 0.22648926158821E-05
 0.21098314700600E-05
 0.19692124407362E-05
 0.18413696175736E-05
 0.17248652101665E-05
 0.16184534547062E-05
 0.15210509894779E-05
 0.14317124050750E-05
 0.13496099618086E-05
 0.12740166822424E-05
 0.12042921924745E-05
 0.11398708154694E-05
 0.10802515153382E-05
 0.10249893739888E-05
 0.97368833850380E-06
 0.92599502934164E-06
 0.88159343579448E-06
 0.84020035769420E-06
 0.80156147568844E-06
 0.76544795447442E-06
 0.73165349767055E-06
 0.69999178769405E-06
 0.67029425474191E-06
 0.64240812742490E-06
 0.61619472563163E-06
 0.59152796214911E-06
 0.56829302420446E-06
 0.54638521116551E-06
 0.52570890800988E-06
 0.50617667616051E-06
 0.48770844749642E-06
 0.47023080798637E-06
 0.45367636013090E-06
 0.43798315446806E-06
 0.42309418160634E-06
 0.40895691799108E-06
 0.39552291877452E-06
 0.38274745252992E-06
 0.37058917274917E-06
 0.35900982247832E-06
 0.34797396785821E-06
 0.33744877529854E-06
 0.32740386488713E-06
 0.31781062721628E-06
 0.30864280407921E-06
 0.29987613042213E-06
 0.29148766201940E-06
 0.28345613451849E-06
 0.27576170940410E-06
 0.26838586834548E-06
 0.26131130862587E-06
 0.25452184860077E-06
 0.24800234678876E-06
 0.24173862800349E-06
 0.23571741024108E-06
 0.22992623510759E-06
 0.22435341278014E-06
 0.21898796894321E-06
 0.21381959174662E-06
 0.20883858698821E-06
 0.20403583526335E-06
 0.19940275293973E-06
 0.19493125595776E-06
 0.19061372647735E-06
 0.18644298203986E-06
 0.18241224704098E-06
 0.17851512632676E-06
 0.17474558076566E-06
 0.17109790451321E-06
 0.16756670399176E-06
 0.16414687835884E-06
 0.16083360133952E-06
 0.15762230429964E-06
 0.15450866057088E-06
 0.15148857075286E-06
 0.14855814910696E-06
 0.14571371078625E-06
 0.14295175997178E-06
 0.14026897877272E-06
 0.13766221681342E-06
 0.13512848156403E-06
 0.13266492925320E-06
 0.13026885635003E-06
 0.12793769162114E-06
 0.12566898863441E-06
 0.12346041877323E-06
 0.12130976465726E-06
 0.11921491398633E-06
 0.11717385372215E-06
 0.11518466466859E-06
