3.971889227456797e-12
3.971889227456797e-12
3.971889227456797e-12
3.971889227456797e-12
3.971889227456797e-12
3.971889227456797e-12
3.971889227456797e-12
3.971889227456797e-12
3.971889227456797e-12
3.971889227456797e-12
4.096010765814822e-12
5.337226149395071e-12
1.9114716907135837e-11
9.52012199206051e-11
4.998374349677663e-10
2.2117216920016457e-9
8.315150097680804e-9
2.724442942650975e-8
7.940836774454508e-8
2.0940296493305665e-7
5.065885295605976e-7
1.1373137403069e-6
2.392128624358884e-6
4.751357717882129e-6
8.971924571560767e-6
0.000016197700018330077
0.000028094795394915956
0.00004701237527578235
0.00007616852438783932
0.00011986001052783734
0.00018369387996187262
0.00027483830730265176
0.0004022896662099966
0.00057715268150852
0.0008129301180595797
0.0011258187623469833
0.0015350086685832745
0.0020629825808203602
0.0027358131635702573
0.003583455786268211
0.004640035055982173
0.005944123820040911
0.007539013582554699
0.00947297572104759
0.01179951327655533
0.014577603187481922
0.017871929374333462
0.02175310692444121
0.026297898027691308
0.0315894203148993
0.03771734824810915
0.044778108205642236
0.05287506797075441
0.06211872109370122
0.07262686651149143
0.08452478376815267
0.09794540388701956
0.11302947577278469
0.12992572794620733
0.1487910251045676
0.16979051892226066
0.1930977921722867
0.21889499550744168
0.24737297558080315
0.2787313935875092
0.3131788330463168
0.3509328955849376
0.39222028383795887
0.4372768700834473
0.4863477500599382
0.5396872808511838
0.5975591023758116
0.6602361418673671
0.7280006010861961
0.8011439261478569
0.879966759796899
0.9647788765069383
1.0558991004359477
1.153655206662253
1.2583838059498471
1.3704302134557316
1.4901483013739423
1.6179003357779114
1.754056797229594
1.8989961847258992
2.053104802075096
2.2167765251225076
2.390412547968386
2.574421105508986
2.7692171689782192
2.975222110484004
3.1928633318240434
3.422573852185106
3.664791848873972
3.919960144708139
4.188525635876722
4.470938654108789
4.767652257980832
5.079121449490168
5.4058023139693825
5.748151084356268
6.106623134169599
6.4816719075958655
6.873747799766161
7.283297004947158
7.710760354807698
8.15657217294691
8.621159174461827
9.104939440685843
9.60832149841531
10.131703530492452
10.675472739828823
11.240004882888666
11.825663981359178
12.432802212789504
13.061759973655146
13.71286610141265
14.38643823674247
15.082783303475322
15.80219808160697