0.037975593617040705
0.03940448815445637
0.040874914507183634
0.042387745616540407
0.04394386739814491
0.04554417887956642
0.047189592416669104
0.04888103389319951
0.05061944292595942
0.05240577307643307
0.05424099205298117
0.05612608193761093
0.05806203941274611
0.06004987594964354
0.062090618113111465
0.06418530771355845
0.06633500209048694
0.0685407743450971
0.07080371358344084
0.07312492516714732
0.07550703892863365
0.07794755361062601
0.08044949685271365
0.08301518560198803
0.08564492642896744
0.08833992775277374
0.09110141609453806
0.09393063642146574
0.09682885237124798
0.09979734660394655
0.10283742108660432
0.10595039735253527
0.1091376168650005
0.11240044129784711
0.1157402528623202
0.11915845462531044
0.1226564708192856
0.12623574720969027
0.1298977483020872
0.13364396947503754
0.1374759204091309
0.14139513629044348
0.14540317545731796
0.14950161985613775
0.1536920753683872
0.15797617220945412
0.1623555652828727
0.166831934525009
0.1714069854531816
0.17608244682013696
0.18086007896569123
0.18574166445809037
0.1907290140563124
0.19582396580062886
0.20102838547284743
0.2063441647576997
0.21177323002853587
0.21731753080960733
0.22297904769849602
0.22875979103379396
0.23466180127429456
0.2406871493399544
0.24683793713928565
0.2531162977902926
0.2595243960953603
0.2660644289766733
0.2727386257628121
0.27954924859711294
0.2864985928049436
0.2935889872398782
0.30082279461820494
0.3082024118257543
0.315730270256627
0.3234088360732284
0.3312406104774741
0.33922812993991847
0.3473739664275174
0.35568072753296315
0.3641510566671968
0.37278763307033097
0.3815931719360194
0.39057042434480405
0.3997221772025505
0.4090512530907575
0.41856051008695316
0.4282528413574521
0.438131174873986
0.4481984728284705
0.45845771915295686
0.4689119681756476
0.479564260901291
0.4904176975957191
0.5014753966703398
0.5127405076636363
0.5242162068035741
0.535905695121201
0.5478121964292049
0.5599389549135826
0.5722892325458305
0.5848663061176809
0.5976734639987986
0.6107140025253416
0.6239912220100735
0.6375084223670795
0.6512688983539398
0.6652759343639616
0.6795327987380624
0.6940427377359376
0.7088089689810785
0.7238346750127822
0.7391229953030272
0.7546770111376002
0.7704997588372751
0.7865941958034969
0.8029632052490255
0.819609583973703
0.8365360327936886
0.8537451468792188
0.8712394059768084
0.8890211647514776
0.907092643251364
0.9254559176660038
0.9441129115127106
0.963065387367226
0.9823149392620201
1.001862985981618
1.021710764981017
1.0418593280877306
1.0623095373818212
1.0830620630572871
1.1041173822532093
1.1254757792621517
1.1471373473510242
1.1691019902717659
1.1913694290887742
1.2139392047940218
1.2368106861104535
1.2599830766313336
1.2834554231474342
1.3072266246882982
1.3312954421556833
1.3556605084019822
1.3803203386378144
1.405273340976896
1.430517827025219
1.4560520223884372
1.4818740769763121
1.5079820750435242
1.534374044837268
1.5610479678249443
1.5880017874621049
1.6152334186930872
1.6427407504112288
1.6705216607333861
1.6985740163234737
1.7268956860332962
1.755484536416672
1.7843384451583908
1.813455301617494
1.8428330114025173
1.8724695001557106
1.902362716435882
1.9325106344201541
1.9629112561676902
1.9935626135684041
2.0244627700097877
2.0556098216862684
2.0870018987308265
2.1186371660612546
2.150513824025716
2.1826301088884272
2.2149842931007466
2.2475746854714624
2.2803996311816923
2.3134575116885614
2.3467467445283474
2.3802657830257887
2.414013115948652
2.4479872670824943
2.4821867947470815
2.516610291268381
2.5512563824466956
2.586123726919552
2.62121101558751
2.6565169709431666
2.692040346438628
2.727779925820965
2.763734522458111
2.799902978662022
2.8362841650334434
2.8728769797731593
2.9096803480176914
2.946693221184436
2.983914576312081
3.0213434154216294
3.058978764872456
3.096819674740209
3.1348652182052668
3.1731144909584392
3.2115666105953826
3.25022071604415
3.289075967029853
3.3281315434812404
3.3673866450338363
3.4068404904838068
3.446492317299666
3.4863413810911608
3.5263869551758344
3.5666283300714996
3.6070648130560983
3.6476957277339
3.6885204135822085
3.729538225552188
3.7707485336575224
3.8121507225733815
3.8537441912733628
3.8955283526290776
3.9375026330825924
3.979666472268852
4.022019322697681
4.064560649412323
4.107289929669832
4.150206652643547
4.1933103191165175
4.236600441186586
4.280076541985755
4.323738155414311
4.367584825865531
4.411616107977805
4.4558315663738615
4.500230775424685
4.544813319026098
4.5895787903399725
4.634526791612506
4.679656933931076
4.724968837024279
4.770462129067054
4.81613644648284
4.86199143373691
4.908026743181467
4.954242034852706
5.000636976308837
5.047211242454449
5.0939645153916935
5.140896484234221
5.188006844989395
5.235295300374834
5.282761559691442
5.33040533868352
5.37822635938535
5.4262243500138325
5.474399044808744
5.522750183932814
5.571277513336808
5.6199807846421095
5.668859755029008
5.717914187114564
5.767143848864983
5.8165485134606865
5.86612795921788
5.915881969476706
5.965810332501833
6.01591284139482
6.066189293999537
6.1166394928082095
6.167263244877131
6.218060361742269
6.269030659340566
6.320173957918839
6.371490081962157
6.422978860114282
6.4746401251211925
6.526473713719003
6.578479466604546
6.630657228346376
6.683006847321222
6.735528175646834
6.788221069121667
6.841085387162311
6.894120992745665
6.947327752346123
7.000705535875622
7.054254216635614
7.107973671259963
7.161863779656489
7.215924424965509
7.270155493495417
7.324556874688799
7.379128461059384
7.433870148160386
7.4887818345245565
7.543863421630426
7.599114813850416
7.654535918413359
7.71012664536192
7.765886907515367
7.821816620421155
7.877915702387579
7.9341840741298935
7.990621659331972
8.047228384070378
8.104004176983665
8.160948969249421
8.218062694505571
8.275345288860672
8.332796690817966
8.39041684128381
8.448205683505616
8.50616316306304
8.564289227823917
8.622583827923291
8.681046915746027
8.739678445857935
8.798478375044361
8.857446662220084
8.916583268448923
8.975888156894833
9.03536129279807
9.09500264346664
9.15481217823532
9.214789868452762
9.274935687454436
9.33524961054636
9.39573161497718
9.456381679914708
9.51719978644022
9.578185917498914
9.639340057919915
9.700662194357674
9.762152315299794
9.823810411039972