0.014792791535266171
0.022031840061603688
0.031783780069616935
0.04462223167791018
0.061198890971188115
0.08225044693624267
0.10860561352650036
0.1411916437261816
0.18103954402260705
0.2292870976829148
0.2871787545019868
0.35606146079054607
0.43737556981327985
0.5326400237014581
0.6434309132053098
0.7713521549738062
0.9179963181275198
1.084892868652612
1.2734413153430744
1.4848299500317736
1.7199491085293097
1.9793197411097354
2.2630649437392
2.570942420056643
2.9024303906331714
3.2568370597245364
3.633401347119656
4.031366712150024
4.450025703579803
4.888741522201666
5.346954675668305
5.8241812771216415
6.320007328353614
6.834081527440899
7.366107947420204
7.915839218575786
8.483070472850589
9.067634084384595
9.669395169390027
10.288247757166717
10.924111539228077
11.576929106788583
12.246663596645142
12.933296676571324
13.636826812324253
14.357267768054475
15.09464730037696
15.849006013432819
16.62039634809389
17.40888168334937
18.214535531808952
19.03744081445856
19.877689202508765
20.735380516182563
21.61062217216166
22.5035286727402
23.414221130941726
24.342826826835065
25.289478790997585
26.254315411817498
27.23748006378621
28.23912075444182
29.2593897879497
30.29844344362836
31.356441668053304
32.43354777947882
33.52992818359883
34.64575209979456
35.78119129715286
36.936419839654654
38.111613840047596
39.30695122197262
40.52261149004727
41.75877550759483
43.0156252818397
44.293343756407964
45.592114610994976
46.912122068143496
48.25355070707367
49.616585284562646
51.00141056285981
52.40821114468997
53.83717131536476
55.28847489210274
56.76230508058281
58.258844338849485
59.77827424865442
61.32077539430585
62.886527249150646
64.47570806977497
66.08849479801243
67.72506297086771
69.38558663844418
71.0702382899455
72.77918878785522
74.51260731034881
76.27066130200444
78.05351643287358
79.86133656595901
81.69428373312459
83.55251811947765
85.43619805623764
87.34548002208135
89.28051865299761