0.026915521608570945
0.03903563949991371
0.05505161361369641
0.07581016751716867
0.10227929423087379
0.13556027798375472
0.1768983187534516
0.22769012257193622
0.2894865396765546
0.3639881148328112
0.4530311795135134
0.5585615962274775
0.6825919688174491
0.8271356130808633
0.9941075877485294
1.1851841065350395
1.4016269177327259
1.6441164238683013
1.9126745152539633
2.2067383009085018
2.525357016392774
2.867414582513926
3.2317974552646276
3.6174872776718656
4.023596251135732
4.449370061866265
4.894176264767464
5.357488046385649
5.838867997910934
6.337953694793864
6.854445543415896
7.388096795418178
7.938705437465432
8.506107625741857
9.090172374729686
9.690797236702652
10.30790477450489
10.94143966123561
11.591366278217295
12.257666709900143
12.940339055941449
13.639395997881733
14.354863570916937
15.086780101740157
15.835195281412823
16.600169348537502
17.381772363022016
18.180083554570963
18.995190733136578
19.827189751063734
20.676184008533276
21.542283995567058
22.425606864991263
23.326276031904154
24.244420795869107
25.180175982800613
26.133681604036692
27.105082530493164
28.094528180168062
29.102172217598948
30.128172264036273
31.172689617404213
32.23588898116225
33.31793820146005
34.4190080119388
35.53927178584935
36.678905294956785
37.83808647505066
39.01699519776637
40.21581304855427
41.434723110643155
42.67390975492635
43.93355843569662
45.21385549219419
46.51498795600352
47.837143364292984
49.18050957895184
50.54527461169937
51.93162645598585
53.33975292061987
54.76984148067576
56.22207912007233
57.69665219166606
59.19374627956881
60.713546068933375
62.2562352226462
63.8219962650369
65.41101047273388
67.02345777282603
68.65951664841602
70.3193640517172
72.00317532478938
73.71112412803747
75.44338237655276
77.20012018439607
78.9815058169073
80.78770565109375
82.61888414417254
84.4752038103153
86.35682520560631
88.26390692128011
90.19660558521346
92.15507587169894
94.13947051949178