0.0008262054161761623
0.0014305768131003336
0.002356520336564125
0.0037196377146710502
0.005659188971190915
0.008339444910192945
0.011950903236660863
0.016711439969322863
0.02286745652995602
0.030695064946815648
0.04050133332291924
0.052625590532894374
0.06744076614527093
0.0853547197333748
0.10681149366442425
0.13229240735563275
0.16231689988109171
0.19744302208524633
0.23826748108232884
0.28542514822219645
0.3395879563985565
0.40146313287824537
0.4717907366771561
0.551340493976611
0.640907945244968
0.741309932775511
0.8533794620829371
0.9779599640894643
1.1158989661010619
1.2680411514666095
1.435220756981748
1.6182532348896201
1.8179261108582818
2.034989020983999
2.2701430322005653
2.5240295526379777
2.7972194107672834
3.090202973960419
3.403382398593819
3.737067137584767
4.09147359367538
4.466729293800805
4.8628812892393585
5.279907852872104
5.71773213854379
6.176236378639477
6.655275394794919
7.154688563997304
7.674309786657043
8.213975346151507
8.773529787486842
9.35283007548281
9.95174834269991
10.570173532858938
11.208012211562037
11.865188770570686
12.541645205430042
13.237340604200792
13.95225045023954
14.686365813833214
15.43969248607848
16.212250092084474
17.004071208645062
17.815200502895042
18.645693902196363
19.495617758423453
20.365048308988026
21.25407053721843
22.162777928750387
23.09127162548084
24.039659873554893
25.00805746386752
25.99658520564325
27.005369430965835
28.034541528038062
29.084237501267232
30.15459755625907
31.24576570801321
32.35788941078444
33.491119208163234
34.64560840215135
35.821512740071604
37.018990118335005
38.23820030217523
39.479304660544265
40.74246591552813
42.02784790565553
43.33561536258848
44.66593370073687
46.01896881941772
47.39488691722281
48.79385431827673
50.216037310176816
51.66160199338053
53.130714141842624
54.62353907476941
56.14024153934579
57.68098560430584
59.24593456425734
60.83525085465604
62.44909597734948
64.08763043661718
65.75101368562929
67.43940408324714