 0.79104603075678E-29
 0.19776150768920E-29
 0.87894003417420E-30
 0.49440376922299E-30
 0.31641841230271E-30
 0.21973500854355E-30
 0.16143796546057E-30
 0.12360094230575E-30
 0.97660003797134E-31
 0.79104603075678E-31
 0.65375705021222E-31
 0.54933752135888E-31
 0.46807457441230E-31
 0.40359491365142E-31
 0.35157601366968E-31
 0.30900235576437E-31
 0.27371834974283E-31
 0.24415000949283E-31
 0.21912632430936E-31
-0.42453822967354E-17
-0.16083127743184E-16
 0.16343926255305E-31
-0.18410746940451E-17
 0.14630359905075E-16
 0.28916423522053E-17
 0.93690189854495E-17
 0.19209278085605E-16
 0.20541095416889E-16
 0.69969362789954E-16
 0.13007053939411E-15
 0.26210394811360E-15
 0.53438476738042E-15
 0.10142537115225E-14
 0.18607638161384E-14
 0.33282428492518E-14
 0.57557549995181E-14
 0.96277498208298E-14
 0.15675820703474E-13
 0.24859600225979E-13
 0.38503095806725E-13
 0.58339168623474E-13
 0.86606374199611E-13
 0.12609922532310E-12
 0.18040466269749E-12
 0.25381131246169E-12
 0.35160942647726E-12
 0.48011229999042E-12
 0.64678591147059E-12
 0.86020614853693E-12
 0.11305775835164E-11
 0.14692641733154E-11
 0.18894156328854E-11
 0.24056060556474E-11
 0.30342307344559E-11
 0.37932925376833E-11
 0.47026996699479E-11
 0.57840764807695E-11
 0.70608772954097E-11
 0.85583626445593E-11
 0.10303628397509E-10
 0.12325462083060E-10
 0.14654407239322E-10
 0.17322711177705E-10
 0.20364148226912E-10
 0.23814078095919E-10
 0.27709294516423E-10
 0.32087915066012E-10
 0.36989320075396E-10
 0.42454036917449E-10
 0.48523660335542E-10
 0.55240599022938E-10
 0.62648252118446E-10
 0.70790642869915E-10
 0.79712286190078E-10
 0.89458310324426E-10
 0.10007412437217E-09
 0.11160542240377E-09
 0.12409806883695E-09
 0.13759795284992E-09
 0.15215091791500E-09
 0.16780267666134E-09
 0.18459873900570E-09
 0.20258431410731E-09
 0.22180421554084E-09
 0.24230285162879E-09
 0.26412410792941E-09
 0.28731132361415E-09
 0.31190723502091E-09
 0.33795394038083E-09
 0.36549286578942E-09
 0.39456472538128E-09
 0.42520949165958E-09
 0.45746642261043E-09
 0.49137398735187E-09
 0.52696992484150E-09
 0.56429119603550E-09
 0.60337402340484E-09
 0.64425386303700E-09
 0.68696548504968E-09
 0.73154290946367E-09
 0.77801951459919E-09
 0.82642802489181E-09
 0.87680054070122E-09
 0.92916860715469E-09
 0.98356322566107E-09
 0.10400149205635E-08
 0.10985537895038E-08
 0.11592095524278E-08
 0.12220116275703E-08
 0.12869891579076E-08
 0.13541711137192E-08
 0.14235863662209E-08
 0.14952637232930E-08
 0.15692320448224E-08
 0.16455203280343E-08
 0.17241577918665E-08
 0.18051738707750E-08
 0.18885978664066E-08
 0.19744611600035E-08
 0.20627958419539E-08
