3.971889227456797e-12
3.971889227456797e-12
3.971889227456797e-12
3.971889227456797e-12
3.971889227456797e-12
3.971889227456797e-12
3.971889227456797e-12
3.971889227456797e-12
3.971889227456797e-12
3.971889227456797e-12
3.971889227456797e-12
5.9578338411851955e-12
3.971889227456797e-12
5.9578338411851955e-12
4.716618457604946e-12
8.936750761777794e-12
3.1278627666222274e-11
1.2685221220190144e-10
4.823362980592847e-10
1.6262403955668422e-9
4.952945866638625e-9
1.371120985625758e-8
3.494095777701416e-8
8.275977340175011e-8
1.837532490313708e-7
3.85253395617172e-7
7.674439681538214e-7
1.4603976362774578e-6
2.6669739256619793e-6
4.69280946411711e-6
7.984281050581354e-6
0.000013175269437670692
0.00002114359391976689
0.000033077384091466784
0.0000505519043772628
0.00007561677969789485
0.00011089349045629977
0.00015968282306390942
0.00022608169958687326
0.0003151087400872336
0.0004328376475999344
0.0005865375811524395
0.000784819411152297
0.0010377869592474406
0.0013571919663010173
0.0017565919203747023
0.0022515096206758485
0.0028595935507770664
0.0036007781478219567
0.004497443128407147
0.005574571157193554
0.006859903151250577
0.008384090747974905
0.010180845362894164
0.012287083563791573
0.014743068382084383
0.017592546498402386
0.02088288101514927
0.02466517997194341
0.028994420462687884
0.033929568640245614
0.03953369556775963
0.04587408933838343
0.05302236359970679
0.06105456279417395
0.07005126459435507
0.08009767974581515
0.09128374987165915
0.10370424359671962
0.11745885156880041
0.13265228069547227
0.14939434831930404
0.16780007675130884
0.1879897887166833
0.21008920438036582
0.23422954046702193
0.2605476121551455
0.2891859384269523
0.32029285147282754
0.35402261092509424
0.3905355236702999
0.42999807001379564
0.4725830369686429
0.5184696595729497
0.5678437711866556
0.6208979635929254
0.6778317579872349
0.7388517878647489
0.8041719948903143
0.874013838801635
0.9486065225458828
1.0281872337077576
1.113001403390772
1.2033029835164362
1.299354743570556
1.4014285874686399
1.5098058910674343
1.6247778604402554
1.746645910498569
1.8757220628045022
2.012329360534465
2.1568022971944494
2.309487254242037
2.470742940602755
2.6409408247225024
2.8204655466704227
3.0097152944629944
3.2091021245436098
3.4190522022655716
3.640005933597211
3.8724179552336206
4.11675694717462
4.373505230411601
4.643158113733708
4.926222959014963
5.223217944198646
5.534670518721188
5.861115566325225
6.203093314409289
6.561147054389786