32.46880455004618
32.50506105371237
32.56546578200374
32.6499841706508
32.75856778775397
32.89115243294817
33.04765807757087
33.227986989298
33.4320212371703
33.65962130606406
33.910625018017164
34.184846744400446
34.482079279108355
34.80209631203843
35.14465424518739
35.509496429278954
35.896356693993596
36.304961938604286
36.735035668939865
37.18630152312907
37.65848402377471
38.15131238842694
38.66452164341652
39.197856095636325
39.75106215502419
40.32390606071191
40.91615843212996
41.52760288349754
42.158035432902835
42.80726447096604
43.475111246514516
44.16140979052449
44.866008530270605
45.588768127532276
46.329561978339264
47.08827844159573
47.86481687303331
48.65909035919552
49.47102550911237
50.30064520069231
51.14764154665213
52.01223443119354
52.89431064069216
53.79385340873997
54.71085762019714
55.6453276770426
56.59727791513566
57.56673129624424
58.553721884036214
59.558289304322365
60.580484083422036
61.620362625105784
62.67798955445022
63.75343629977271
64.84678138210457
65.95810521194402
67.08750801473253
68.23507584607451
69.40091239077846
70.58512408555104
71.78781929264079
73.00911683572966
74.2491304694848
75.50798326060192
76.7858006929029
78.08271100632886
79.39884449197399
80.73433475602104
82.08931725499755
83.46392928181315
84.8583101214265
86.27260052782519
87.70694215426532
89.16147824444435
90.63635193268719
92.13170824354273
93.64769182306273
95.18444247385187
96.74212219869462
98.32085977317973
99.92080436574001
101.54210187432317
103.1848962266345
104.84928985910501
106.53554979461835
108.24369204308572
109.97390027768623
111.7263131531709
113.50107090022723
115.29830898502298
117.11816392319314
118.9607691009408
120.82625930948511
122.7147640752305
124.62641359617028
126.56133559680283
128.51963172142553
130.501499330065
132.50698749862204
134.53624389073744
136.5893842524901
138.66652619253952
140.76778686914116
142.89327752138644
145.0431103666415
147.21739508168432
149.41623954330638
151.63974985619012
153.88803038659466
156.16118380176007
158.45931111494977
160.78251173603104
163.1308835275188
165.50452286598747
167.90352470877053
170.32798266588026
172.77798907705557
175.25363509387608
177.75501076687834
180.28220513759527