1.9859446137283985e-12
1.9859446137283985e-12
1.9859446137283985e-12
1.9859446137283985e-12
1.9859446137283985e-12
1.9859446137283985e-12
1.9859446137283985e-12
1.9859446137283985e-12
1.9859446137283985e-12
1.9859446137283985e-12
1.9859446137283985e-12
1.9859446137283985e-12
1.9859446137283985e-12
1.9859446137283985e-12
1.9859446137283985e-12
3.971889227456797e-12
0.
0.
1.241215383580249e-13
4.964861534320996e-13
4.344253842530871e-12
1.141918152893829e-11
3.6988218430691424e-11
1.0860634606327179e-10
3.074490505128277e-10
8.160991147040138e-10
2.0393168752223492e-9
4.7935738113869216e-9
1.06583164988036e-8
2.254878750888731e-8
4.5567375040459744e-8
8.836510207399852e-8
1.6503212152236827e-7
2.97780479160891e-7
5.206510033704084e-7
8.843504456086326e-7
1.4625968216940853e-6
2.360162487491697e-6
3.722843580873724e-6
5.749760838535645e-6
8.707979251391658e-6
0.000012950020372421618
0.00001893417418581563
0.000027247997796616004
0.000038635035819008795
0.00005402501976721402
0.00007456747830624993
0.00010166890780490356
0.00013703353124237515
0.00018270753673812906
0.00024112676306098612
0.00031516788896512275
0.00040820271389710374
0.0005241556920525579
0.0006675643525068626
0.0008436424517573743
0.0010583457629794982
0.0013184401590487875
0.0016315718437345053
0.0020063395070252757
0.0024523681379737586
0.002980384348596929
0.0036022929476802537
0.00433125457234561
0.005181764153219463
0.006169730162063219
0.007312555604428282
0.008629213074460844
0.01014033234163779
0.011868276152162535
0.013837221824726648
0.016073241666620358
0.01860438320490198
0.0214607492992795
0.02467457797236746
0.028280321987356444
0.032314728131018086
0.03681691622538037
0.04182845787589294
0.04739345484462118
0.05355861730639372
0.060373341673999985
0.06788978837597327
0.07616295925741673
0.08525077488562814
0.09521415164558689
0.10611707864516268
0.11802669449049305
0.13101336381125606
0.14515075367448177
0.16051590980771308
0.1771893324859213
0.19525505227096543
0.21480070538017598
0.23591760867103134
0.2587008342920709
0.28324928370848423
0.3096657613137544
0.33805704727882346
0.36853396977916
0.4012114763887234
0.43620870463486655
0.4736490515788839
0.5136602424784332
0.556374398347882
0.6019281024158335
0.6504624666634564
0.7021231915943431
0.7570606357513834
0.8154298735752752
0.8773907572474602
0.9431079766073138
1.01275111810094
1.0864947229270223
1.1645183444695972
1.2470066055049271
1.3341492534697177
1.42614121952398
1.5231826725419138
1.6254790773226737