 0.63554851540000E-31
 0.12710970308000E-30
 0.19066455462000E-30
 0.25421940616000E-30
 0.31777425770000E-30
 0.38132910924000E-30
 0.44488396078000E-30
 0.50843881232000E-30
 0.57199366386000E-30
 0.63554851540000E-30
 0.69910336694000E-30
 0.76265821848000E-30
 0.82621307002000E-30
 0.88976792156000E-30
 0.95332277310000E-30
-0.60499305033362E-15
 0.82005079110394E-15
 0.53705480615427E-15
-0.12191826884427E-14
 0.22906080365392E-15
 0.28388638150647E-15
 0.56706471076947E-14
 0.14643429972354E-14
 0.20467279096445E-15
-0.44090382123415E-14
 0.72472170374952E-14
 0.95226678447974E-14
 0.65380358463910E-14
 0.16574783806592E-13
 0.25297967247876E-13
 0.44881837863851E-13
 0.77050742932220E-13
 0.12521637439358E-12
 0.20558647868498E-12
 0.33157891190688E-12
 0.48860091447355E-12
 0.69914194217765E-12
 0.10649481995389E-11
 0.14878024658915E-11
 0.21129186421727E-11
 0.28870616956479E-11
 0.39447051992263E-11
 0.51881957553840E-11
 0.68461245491346E-11
 0.89057351089027E-11
 0.11395585315876E-10
 0.14432123500667E-10
 0.18137201032511E-10
 0.22537038243252E-10
 0.27744379616355E-10
 0.33885181995540E-10
 0.41012302377561E-10
 0.49310163736121E-10
 0.58728838846354E-10
 0.70050602220154E-10
 0.82031327699355E-10
 0.95534377538779E-10
 0.11164616852060E-09
 0.12927627732082E-09
 0.14879655696600E-09
 0.16964289819533E-09
 0.19492589813012E-09
 0.22196797848723E-09
 0.25130405069476E-09
 0.28332821188875E-09
 0.31398786800260E-09
 0.35793421536729E-09
 0.39788724583966E-09
 0.44271734429692E-09
 0.49115873535365E-09
 0.54349912856899E-09
 0.59983625630555E-09
 0.66033875591017E-09
 0.72527771108933E-09
 0.79486286322811E-09
 0.86935625121271E-09
 0.94886118511263E-09
 0.10337857546510E-08
 0.11242168204609E-08
 0.12203934818746E-08
 0.13227110323992E-08
 0.14312503169889E-08
 0.15462931026961E-08
 0.16682372810193E-08
 0.17972725296079E-08
 0.19335640008356E-08
 0.20772120554127E-08
 0.22286757291715E-08
 0.23880700965926E-08
 0.25555405730936E-08
 0.27312835806627E-08
 0.29154360385047E-08
 0.31081223408264E-08
 0.33094109219640E-08
 0.35193632557503E-08
 0.37379531607944E-08
 0.39652136811734E-08
 0.42010982522983E-08
 0.44454622768074E-08
 0.46982489124716E-08
 0.49591884683220E-08
 0.52281263731004E-08
 0.55047878295201E-08
 0.57891016445139E-08
 0.60804216589135E-08
 0.63757312561280E-08
 0.66884630149635E-08
 0.69969063306315E-08
 0.73089319436643E-08
 0.76322956790423E-08
 0.79586324832137E-08
 0.82894716403289E-08
 0.86243442199644E-08
 0.89623399852460E-08
 0.93033320052900E-08
 0.96470077100303E-08
 0.99917696994822E-08
 0.10339737881578E-07
 0.10687932236557E-07
 0.11036566668686E-07
