0.08452709316927522
0.08749709647970505
0.09055016443867879
0.09368813342671478
0.09691287443673938
0.10022629373875788
0.10363033341047406
0.10712697203634265
0.11071822531787498
0.11440614665378306
0.11819282781271827
0.1220803995667877
0.12607103226027913
0.1301669365227391
0.13437036382056922
0.13868360716042272
0.14310900163496704
0.14764892508842342
0.15230579874710432
0.1570820877913655
0.16198030195474072
0.16700299617545555
0.17215277111240074
0.17743227377020826
0.18284419803396687
0.18839128520654427
0.19407632458897942
0.1999021539221069
0.20587165991705247
0.2119877787263984
0.21825349636210067
0.2246718491067036
0.231245923913756
0.23797885869751076
0.24487384269064325
0.2519341166635739
0.2591629731035757
0.2665637564123758
0.2741398629170778
0.2818947409585369
0.2898318907252846
0.29795486415857625
0.30626726467671694
0.31477274678631273
0.3234750155928596
0.3323778261575456
0.3414849827283176
0.3508003377259331
0.3603277906366714
0.37007128659064575
0.3800348147521952
0.39022240644130507
0.4006381328744709
0.411286102721366
0.4221704590943976
0.4332953762778559
0.44466505588113986
0.4562837225776641
0.4681556191944872
0.4802850011826973
0.4926761304935029
0.5053332686201044
0.518260668849779
0.5314625676888198
0.5449431753427871
0.5587066651588537
0.5727571621621877
0.5870987303784276
0.6017353591845327
0.6166709484722872
0.6319092928206946
0.647454064552146
0.6633087959300404
0.6794768604741489
0.6959614536739894
0.7127655732568534
0.7298919992785871
0.7473432747536805
0.7651216847451324
0.7832292414847609
0.8016676640877715
0.8204383651338535
0.8395424375312739
0.8589806443570329
0.8787534117445754
0.8988608251632478
0.9193026292808961
0.9400782314455983
0.9611867089514916
0.9826268198194726
1.0043970169019967
1.026495465074283
1.048920060903731
1.0716684545068542
1.0947380729449492
1.118126144650221
1.1418297244257238
1.165845718396643
1.1901709085738257
1.214801976623426
1.239735526457398
1.2649681054672162
1.290496224201855
1.31631637436355
1.342425045030732
1.368818737173792
1.3954939764083218
1.422447324104239
1.4496753869380568
1.477174824938194
1.5049423582077701
1.5329747724013436
1.561268923063084
1.589821739028944
1.6186302248704865
1.647691462655054
1.6770026129425883
1.7065609152841021
1.73636368818196
1.766408328638077
1.7966923113576776
1.8272131876852036
1.8579685842469185
1.8889562014759738
1.9201738119011436
1.9516192584312175
1.9832904524518447
2.015185371915924
2.047302059381492
2.079638620044642
2.112193219763636
2.144964083071098
2.1779494912347364
2.2111477803163346
2.2445573393369855
2.2781766083432764
2.3120040766995027
2.3460382812675484
2.3802778047148623
2.4147212738952915
2.4493673582290483
2.484214768133937
2.5192622535775997
2.5545086026148707
2.589952639995378
2.625593225857663
2.661429254403933
2.6974596526975736
2.7336833794640087
2.7700994239427015
2.806706804808165
2.843504569102395
2.880491791230598
2.917667571991685
2.9550310376484696
2.9925813390253087
3.0303176506691654
3.0682391700150125
3.106345116586865
3.1446347312681935
3.1831072755471395
3.22176203083931
3.260598297800018
3.2996153957100076
3.33881266181885
3.3781894507922283
3.4177451341245977
3.457479099581381
3.4973907507098074
3.5374795062951336
3.577744799905244
3.6181860794084377
3.658802806549429
3.6995944564783083
3.740560517387606
3.7817004900768803
3.8230138875906494
3.8645002348325006
3.9061590682357945
3.947989935406817
3.9899923947931253
4.03216601538218
4.074510376384962
4.117025066955456
4.159709685887049
4.202563841373348
4.245587150711036
4.288779240073221
4.33213974424717
4.375668306420202
4.419364577931192
4.4632282180626675
4.507258893830304
4.551456279779235
4.595820057784718
4.640349916857506
4.685045552968843
4.729906668876067
4.774932973929979
4.820124183935946
4.865480020988452
4.911000213289128
4.956684495033068
5.002532606249322
5.048544292652081
5.094719305523503
5.14105740156601
5.18755834278884
5.234221896363943
5.2810478345389695
5.328035934491927
5.375185978244171
5.422497752528832
5.46997104870443
5.517605662642298
5.5654013946398155
5.613358049308707
5.6614754354951
5.709753366187181
5.758191658430674
5.806790133238223
5.855548615502886
5.904466933933836
5.953544920974445
6.002782412720483
6.052179248840312
6.101735272539135
6.151450330450394
6.2013242725857465
6.251356952273625
6.301548226097673
6.351897953818677
6.402405998344145
6.453072225640817
6.503896504695802
6.554878707457871
6.606018708787321
6.6573163863971265
6.708771620815344
6.760384295321925
6.812154295909004
6.8640815112328575
6.916165832573568
6.968407153787113
7.020805371258198
7.073360383868356
7.126072092952881
7.178940402252291
7.231965217887138
7.285146448316297
7.338484004298741
7.391977798853075
7.4456277472364345
7.49943376690328
7.55339577746754
7.607513700674928
7.661787460385195
7.716216982517893
7.770802195035982
7.825543027922379
7.880439413134648
7.935491284595698
7.990698578160012
8.046061231579026
8.101579184495789
8.157252378395059
8.213080756599842
8.269064264236501
8.325202848214161
8.381496457208561
8.437945041627316
8.494548553600348
8.551306946948609
8.608220177175026
8.665288201436194
8.722510978524385
8.779888468846563
8.837420634413844
8.895107438816042
8.952948847197844
9.010944826255951
9.069095344221457
9.127400370821862
9.18585987728803
9.24447383633047
9.30324222211962
9.362165010272916
9.421242177850344
9.480473703317186
9.539859566553714
9.599399748823535
9.659094232769863
9.718943002399515
9.778946043070741
9.839103341474736
9.89941488562992
9.959880664865691
10.020500669818567
10.081274892402032
10.142203325817945
10.203285964524657
10.264522804240467
10.325913842736032
10.387459076611783
10.449158506065821
10.511012131729675
10.573019955433518
10.635181980197599
10.697498210229016
10.759968650905835
10.822593308771863
10.885372191525617
10.948305308008523
11.011392668202557
11.074634283214612
11.138030165276742
11.201580327725432
11.265284785007314
11.329143552659673
11.393156647313555
11.457324086671296
11.52164588951348
11.58612207568565
11.650752666089252
11.715537682670961
11.780477148430249
11.845571087395061
11.910819524628886
11.976222486210157
12.04177999924019
12.107492091828043
12.173358793080096
12.23938013311022
12.30555614301148
12.37188685486681
12.438372301740452
12.505012517662685
12.571807537633298
12.638757397614892
12.705862134521093
12.773121786217406
12.840536391514405
12.908105990156425
12.975830622828397
13.043710331139337
13.111745157618993
13.17993514571648
13.24828033979619
13.31678078512835
13.385436527883316
13.454247615134184
13.523214094840894
13.592336015858924
13.661613427923406
13.731046381647996
13.800634928521289
13.870379120905817
13.940279012024773
14.010334655962005
14.08054610766438
14.150913422926148
14.221436658389672
14.292115871546187
14.362951120723508
14.433942465082678
14.505089964623798
14.576393680168284
14.647853673363333
14.719470006680558
14.791242743400343
14.863171947621659
14.935257684247782
15.007500018989028
15.079899018355176
15.152454749654858
15.225167280989462
15.298036681250787
15.37106302011359
15.444246368044276
15.5175867962788
15.591084376832482
15.664739182495031
15.73855128682658
15.812520764143038
15.886647689535204
15.960932138843823
16.035374188667895
16.109973916358722
16.18473140001804
16.259646718489968
16.334719951360857
16.409951178960682
16.485340482349866
16.560887943326364
16.636593644414116
16.712457668867156
16.788480100661516
16.86466102448868
16.941000525766228
17.017498690619867
17.094155605887753
17.170971359119633
17.247946038566173
17.325079733181184
17.40237253261926
17.479824527230214
17.557435808059296
17.635206466838415
17.71313659598995
17.791226288623925
17.869475638526076
17.94788474016419
18.026453688684626
18.105182579903
18.184071510306563
18.26312057705604
18.342329877967515
18.421699511525723
18.501229576874106
18.580920173813826
18.660771402797195
18.740783364927903
18.820956161962904
18.901289896299353
18.981784670981348
19.062440589693317
19.143257756753574
19.22423627712178
19.305376256385273
19.38667780076267
19.468141017101264
19.549766012871324
19.63155289616781
19.713501775699225
19.795612760797148
19.877885961405223
19.960321488077874
20.042919451978726
20.125679964878852
20.20860313915218
20.291689087775758
20.37493792432463
20.458349762966538
20.541924718467232
20.625662906186516
20.709564442061595
20.793629442628447
20.877858025001085
20.96225030687403
21.04680640651835
21.131526442788115
21.21641053510463
21.3014588034645
21.38667136842971
21.47204835113245
21.557589873260987
21.64329605707565
21.72916702538713
21.81520290156504
21.90140380953332
21.987769873768862
22.074301219292714
22.160997971676903
22.247860257036603
22.33488820202779
22.422081933846126
22.509441580224582
22.596967269430362
22.684659130259917
22.77251729204528
22.860541884639925
22.948733038425708
23.037090884303684
23.125615553697088
23.21430717854886
23.30316589131194
23.392191824955503
23.481385112958858
23.57074588930897
23.6602742884986
23.749970445522088
23.839834495878073
23.92986657556069
24.020066821063796
24.110435369370517
24.200972357958996
24.291677924793664
24.3825522083295
24.47359534750368
24.564807481732494
24.65618875091929
24.747739295435597
24.839459256139
24.93134877435032
25.02340799186078
25.115637050938368
25.208036094308703
25.300605265165714
25.39334470715923
25.486254564404163
25.57933498146462
25.67258610336594
25.766008075578945
25.85960104402948
25.953365155088232
26.04730055556902
26.141407392730507
26.235685814272102
26.330135968326417
26.42475800346879
26.51955206870253
26.61451831346514
26.70965688762096
26.804967941461555
26.900451625704864
26.99610809148375
27.09193749036104
27.187939974307543
27.28411569571373
27.380464807382147
27.4769874625283
27.573683814769844
27.670554018135896
27.76759822706009
27.8648165963704
27.962209281302766
28.059776437482764
28.157518220935387
28.255434788077235
28.353526295712165
28.45179290103464