0.052984634230842265
0.054919350348474706
0.05690918363774469
0.05895530573820397
0.06105890711603509
0.06322119733550523
0.06544340535909206
0.06772677978765894
0.07007258914407263
0.07248212216178584
0.07495668807763997
0.07749761685801453
0.08010625954798103
0.0827839884819373
0.0855321976285411
0.08835230280171687
0.09124574198684707
0.09421397559187006
0.09725848673710391
0.10038078150013818
0.10358238922787545
0.1068648627517581
0.1102297786873977
0.11367873768741053
0.11721336467513856
0.12083530914105152
0.12454624533017057
0.12834787254380767
0.1322419153061367
0.13623012367462142
0.14031427340149769
0.1444961661530961
0.1487776297340055
0.1531605182921218
0.1576467124852191
0.16223811966738025
0.1669366740753031
0.17174433696235206
0.17666309674427655
0.18169496916193442
0.18684199735849555
0.1921062520507296
0.19748983153757033
0.20299486185092327
0.20862349676708503
0.21437791789015276
0.2202603346362609
0.22627298425617123
0.23241813183812765
0.23869807025299447
0.24511512009542283
0.25167162960304756
0.25836997456364424
0.26521255817313416
0.27220181084269957
0.2793401900783856
0.28663018018581526
0.2940742920730844
0.30167506290309715
0.3094350558424684
0.3173568596298286
0.32544308817727
0.333696380182963
0.3421193985444335
0.3507148298644357
0.3594853838595122
0.3684337926690099
0.37756281014572524
0.38687521109752165
0.39637379042170584
0.40606136219422406
0.41594075864752117
0.42601482911488703
0.43628643884298557
0.4467584677171268
0.45743380892472607
0.4683153674207892
0.4794060584013422
0.4907088055375535
0.5022265391299232
0.513962194141825
0.525918708045129
0.5380990185242013
0.550506061021525
0.5631427660641217
0.5760120564893116
0.589116844360417
0.6024600278070005
0.6160444875161971
0.6298730831405133
0.6439486493551057
0.6582739917885809
0.672851882628721
0.6876850560692083
0.7027762034667757
0.718127968284992
0.7337429408066839
0.7496236526425507
0.7657725710430474
0.7821920930084445
0.798884539247461
0.8158521480507486
0.8330970690092259
0.8506213567546279
0.8684269646237235
0.8865157384639046
0.9048894104649674
0.9235495932413689
0.9424977740888757
0.9617353096298367
0.9812634207534923
1.0010831881154518
1.0211955480837598
1.0416012893518676
1.0623010501493746
1.083295316210033
1.1045844195052137
1.1261685377919783
1.1480476949372849
1.1702217621480329
1.1926904600074004
1.2154533613621603
1.2385098949807891
1.2618593499996256
1.2855008810526893
1.3094335140695217
1.3336561526048887
1.35816758469997
1.3829664901044962
1.4080514478603259
1.4334209440860999
1.4590733798978097
1.4850070794256836
1.511220297772238
1.537711228896727
1.56447801333997
1.5915187457526954
1.6188314821046432
1.646414246641206
1.6742650385046909
1.7023818379130913
1.7307626120583415
1.7594053205480527
1.7883079204370291
1.8174683709164547
1.8468846375391146
1.8765546961232653
1.9064765362351141
1.9366481643333122
1.9670676065702555
1.9977329112498137
2.0286421510318537
2.05979342476204
2.091184859139034
2.1228146100538887
2.154680863761014
2.186781837778057
2.219115781678788
2.25168097762906
2.2844757408311627
2.3174984198018556
2.3507473965118786
2.384221086452608
2.417917938550038
2.451836435039419
2.4859750912405976
2.520332455261242
2.554907107653894
2.589697661016297
2.624702759539844
2.6599210785418843
2.695351323955463
2.730992231783433
2.7668425675596433
2.8029011257647
2.8391667292404823
2.8756382286194366
2.9123145017101693
2.9491944528871445
2.9862770125212146
3.0235611363503216
3.0610458048936464
3.0987300228682355
3.1366128185781994
3.174693243368578
3.2129703710391158
3.251443297270818
3.290111139099427
3.3289730343453363
3.368028141119333
3.4072756372628135
3.4467147198661894
3.486344604756764
3.5261645260286842
3.5661737355582432
3.6063715025349525
3.646757113034313
3.6873298695464034
3.728089090587999
3.76903411024382
3.8101642777968956
3.851478957319212
3.892977527281104
3.934659380199614
3.976523922263029
4.018570572974774
4.060798764837149
4.103207942979588
4.145797564877521
4.188567100012406
4.231516029582404
4.274643846201875
4.317950053608829
4.361434166404767
4.405095709767832
4.448934219203453
4.492949240286542
4.537140328406425
4.581507048545534
4.626048975027068
4.670765691306962
4.715656789747248
4.760721871408144
4.805960545827245
4.851372430841535
4.896957152382085
4.942714344286881
4.988643648111167
5.034744712970428
5.081017195343041
5.127460758904942
5.17407507440637
5.2208598194545415
5.267814678407886
5.314939342191981
5.362233508192436
5.40969688008062
5.457329167688305
5.5051300868927235
5.553099359454099
5.601236712920691
5.6495418804941195
5.698014600901155
5.746654618299379
5.795461682157037
5.844435547143814
5.893575973008196
5.942882724509708
5.992355571289698
6.041994287788175
6.091798653143398
6.141768451102011
6.191903469929053
6.242203502326909
6.292668345335886
6.343297800262103
6.394091672605123
6.445049771953817
6.4961719119399435
6.54745791014816
6.598907588044032
6.6505207709061365
6.702297287755815
6.7542369712997
6.806339657848167
6.85860518726929
6.911033402909027
6.9636241515532395
7.016377283346519
7.06929265175011
7.122370113479224
7.175609528452281
7.229010759740507
7.282573673506379
7.336298138963281
7.390184028323125
7.444231216741238
7.498439582288567
7.55280900587881
7.607339371254275
7.6620305649178535
7.716882476097279
7.771894996715956
7.827068021336362
7.882401447131
7.937895173835114
7.993549103723843
8.049363141551781
8.105337194544903
8.161471172342981
8.217764986982194
8.27421855284388
8.33083178664385
8.387604607375053
8.444536936301237
8.501628696912647
8.55887981489213
8.616290218098635
8.673859836530223
8.731588602302462
8.789476449611207
8.847523314715948
8.905729135909043
8.96409385349548
9.022617409755142
9.08129974892916
9.14014081719918
9.19914056265323
9.258298935272068
9.317615887658146
9.377091372008412
9.436725344568908
9.49651776265498
9.55646858536585
9.616577773550608
9.676845289813173
9.737271098477038
9.797855165565178
9.858597458783898
9.91949794751291
9.980556602774303
10.041773397224354
10.103148305133283
10.164681302368018
10.22637236637692
10.288221476174257
10.350228612321361
10.412393756911214
10.47471689355903
10.537198007382388
10.599837084986214
10.662634114449506
10.7255890853113
10.788701988558882
10.851972816611529
10.915401563304993
10.978988223886411
11.04273279498899
11.106635274635098
11.170695662209466
11.234913958455085
11.299290165458562
11.363824286639943
11.428516326738809
11.493366291805957
11.558374189188271
11.62354002752138
11.688863816717504
11.754345567957513
11.819985293669946
11.885783007537713
11.951738724471781
12.01785246061726
12.08412423332336
12.150554061154322
12.217141963866819
12.283887962408098
12.35079207889761
12.417854336631601
12.485074760059037
12.552453374785943
12.619990207558896
12.687685286259564
12.755538639895402
12.823550298593686
12.891720293585875
12.960048657211962
13.028535422902715
13.097180625175222
13.16598429962915
13.234946482928883
13.304067212805883
13.373346528047756
13.442784468493175
13.512381075019329
13.582136389540947
13.652050455000483
13.722123315361909
13.792355015604883
13.862745601711596
13.933295120675332
14.004003620475892
14.074871150084558
14.145897759456277
14.217083499520479
14.288428422176718
14.359932580287369
14.43159602767277
14.503418819111106
14.57540101031706
14.647542657950877
14.719843819604822
14.792304553805058
14.8649249199955
14.937704978540795
15.010644790714533
15.083744418700364
15.157003925582936
15.230423375341937
15.30400283284887
15.377742363863323
15.451642035018581
15.525701913830678
15.599922068683878
15.674302568823107
15.748843484363627
15.823544886272053
15.898406846361011
15.973429437294849
16.048612732580825
16.123956806557807
16.199461734399886
16.27512759210978
16.35095445650842
16.426942405242762
16.503091516763458
16.579401870342586
16.65587354604884
16.732506624756468
16.809301188130732
16.886257318634637
16.96337509951811
17.04065461481342
17.118095949329085
17.1956991886597
17.27346441915785
17.351391727957356
17.429481202936643
17.507732932753488
17.586147006808787
17.664723515257847
17.743462549000952
17.822364199688582
17.90142855970278
17.9806557221625
18.060045780923367
18.139598830566733
18.219314966393988
18.299194284435234
18.37923688142968
18.459442854833213
18.53981230281306
18.620345324236503
18.701042018678546
18.781902486410907
18.862926828400862
18.944115146304707
19.025467542468334
19.106984119922934
19.18866498238011
19.27051023422695
19.35251998052762
19.434694327014306
19.51703338008672
19.599537246810364
19.68220603490747
19.76503985276121
19.848038809404905
19.93120301452365
20.014532578452798
20.098027612161843
20.181688227272176
20.265514536033102
20.349506651336515
20.433664686698386
20.517988756260635
20.602478974795847
20.68713545769807
20.771958320968444
20.856947681236406
20.94210365573301
21.02742636230272
21.11291591939311
21.198572446057213
21.284396061942974
21.37038688729873
21.45654504295927
21.542870650359404
21.629363831511473
21.716024709015777
21.802853406050783
21.889850046378818
21.977014754330945
22.064347654811403
22.15184887329888
22.239518535828623
22.327356769005714
22.415363699993293
22.503539456512172
22.591884166835012
22.68039795978867
22.76908096474702
22.8579333116303
22.946955130902047
23.03614655356112
23.12550771114967
23.215038735738716
23.304739759933508
23.394610916867425
23.484652340195787
23.574864164103776
23.665246523288587
23.755799552969584
23.846523388878392
23.93741816726123
24.02848402486926
24.11972109896141
24.211129527298937
24.30270944814529
24.39446100026152
24.48638432290008
24.578479555811523
24.67074683923419
24.763186313888273
24.855798120983867
24.9485824022103
25.041539299739483
25.13466895621065
25.227971514747225
25.321447118933385
25.415095912830164
25.508918040957735
25.602913648301843
25.69708288030873
25.791425882878794
25.885942802372927
25.980633785598737
26.075498979816246
26.17053853273418
26.265752592501652
26.361141307714487