 0.44641328958087E-07
 0.45800756190795E-07
 0.46974932874678E-07
 0.48163778467113E-07
 0.49367169363033E-07
 0.50585025345854E-07
 0.51817251011052E-07
 0.53063749233439E-07
 0.54324441467566E-07
 0.55599194793628E-07
 0.56887929255169E-07
 0.58190546303793E-07
 0.59506948702796E-07
 0.60837058296387E-07
 0.62180738619446E-07
 0.63537910634937E-07
 0.64908478158233E-07
 0.66292345227105E-07
 0.67689435392856E-07
 0.69099614147592E-07
 0.70522804781506E-07
 0.71958915671922E-07
 0.73407853675907E-07
 0.74869548848796E-07
 0.76343866022661E-07
 0.77830738454007E-07
 0.79330076564545E-07
 0.80841793739436E-07
 0.82365828002505E-07
 0.83902046751226E-07
 0.85450391281756E-07
 0.87010779098250E-07
 0.88583130079822E-07
 0.90167390140422E-07
 0.91763432362190E-07
 0.93371205837098E-07
 0.94990636449956E-07
 0.96621651595736E-07
 0.98264207577834E-07
 0.99918181232423E-07
 0.10158353239908E-06
 0.10326019459517E-06
 0.10494810441828E-06
 0.10664722754547E-06
 0.10835744708984E-06
 0.11007873199636E-06
 0.11181102545920E-06
 0.11355427200242E-06
 0.11530844782205E-06
 0.11707344155529E-06
 0.11884923223752E-06
 0.12063577272795E-06
 0.12243301437475E-06
 0.12424094514099E-06
 0.12605945823532E-06
 0.12788854305617E-06
 0.12972815994001E-06
 0.13157826991714E-06
 0.13343887033874E-06
 0.13530985895657E-06
 0.13719123532019E-06
 0.13908296711731E-06
 0.14098502375394E-06
 0.14289741114436E-06
 0.14482003226132E-06
 0.14675289478492E-06
 0.14869597406896E-06
 0.15064924638533E-06
 0.15261272658097E-06
 0.15458632044960E-06
 0.15657004414205E-06
 0.15856387963082E-06
 0.16056780954388E-06
 0.16258185567609E-06
 0.16460592651551E-06
 0.16664004647597E-06
 0.16868420136749E-06
 0.17073837998988E-06
 0.17280261021843E-06
 0.17487680255907E-06
 0.17696098676537E-06
 0.17905515400462E-06
 0.18115929621975E-06
 0.18327344724596E-06
 0.18539747592245E-06
 0.18753154237862E-06
 0.18967551552436E-06
 0.19182943172725E-06
 0.19399332948845E-06
 0.19616707492969E-06
 0.19835083643015E-06
 0.20054448052771E-06
 0.20274804625244E-06
 0.20496157522383E-06
 0.20718492961932E-06
 0.20941828547991E-06
 0.21166150471919E-06
 0.21391462843073E-06
 0.21617769955908E-06
 0.21845057569941E-06
 0.22073343851714E-06
 0.22302614411013E-06
 0.22532873445095E-06
 0.22764125259944E-06
 0.22996355010075E-06
 0.23229581246174E-06
 0.23463788962632E-06
 0.23698982235874E-06
 0.23935165285058E-06
 0.24172322477351E-06
 0.24410472728444E-06
 0.24649600146832E-06
 0.24889708649682E-06
 0.25130802204904E-06
 0.25372864295437E-06
 0.25615913988222E-06
 0.25859934488367E-06
 0.26104929380886E-06
 0.26350902219674E-06
 0.26597835517738E-06
 0.26845748381018E-06
 0.27094622963870E-06
 0.27344462360786E-06
 0.27595269683972E-06
 0.27847026291152E-06
 0.28099751231454E-06
 0.28353425487988E-06
 0.28608051577625E-06
 0.28863631998061E-06
 0.29120146920379E-06
 0.29377615142582E-06
 0.29636016418288E-06
 0.29895352586690E-06
 0.30155625408982E-06
 0.30416813728305E-06
 0.30678936101766E-06
 0.30941970873869E-06
 0.31205919091796E-06
 0.31470781785036E-06
 0.31736536316038E-06
 0.32003200854302E-06
 0.32270752334821E-06
 0.32539190936148E-06
 0.32808516759479E-06
 0.33078705724427E-06
 0.33349775530737E-06
 0.33621701577424E-06
 0.33894483097122E-06
 0.34168119263754E-06
 0.34442584415544E-06
 0.34717895735459E-06
 0.34994033257760E-06
 0.35270976536204E-06
 0.35548742403121E-06
 0.35827297388889E-06
 0.36106658070982E-06
 0.36386802999976E-06
 0.36667710220625E-06
 0.36949396003449E-06
 0.37231825008949E-06
 0.37515013243670E-06
 0.37798937686685E-06
 0.38083574905853E-06
 0.38368927304755E-06
 0.38654997265889E-06
 0.38941760571980E-06
 0.39229205879574E-06
 0.39517308157973E-06
 0.39806068852199E-06
 0.40095489379478E-06
 0.40385543961854E-06
 0.40676219957400E-06
 0.40967490793941E-06
 0.41259356910993E-06
 0.41551818735810E-06
 0.41844848920937E-06
 0.42138433528365E-06
 0.42432544415104E-06
 0.42727181013551E-06
 0.43022342750043E-06
 0.43318000683264E-06
 0.43614139596109E-06
 0.43910729742305E-06
 0.44207769561603E-06
 0.44505257447810E-06
 0.44803162868028E-06
 0.45101469319372E-06
 0.45400145465300E-06
 0.45699188708213E-06
 0.45998596412143E-06
 0.46298336456677E-06
 0.46598391019443E-06
 0.46898727168888E-06
 0.47199341275116E-06
 0.47500229630433E-06
 0.47801358535528E-06
 0.48102708809157E-06
 0.48404245942924E-06
 0.48705820471974E-06
 0.49007751876097E-06
 0.49310185237728E-06
 0.49612060682415E-06
 0.49914306202568E-06
 0.50216472999699E-06
 0.50519029943746E-06
 0.50821465276925E-06
 0.51123915337233E-06
 0.51426342312101E-06
 0.51728739207756E-06
 0.52031098971601E-06
 0.52333382901977E-06
 0.52635567640330E-06
 0.52937613654725E-06
 0.53239512732536E-06
 0.53541256563961E-06
 0.53842804714010E-06
 0.54144132285653E-06
 0.54445197975957E-06
 0.54745992281267E-06
 0.55046505557454E-06
 0.55346695530470E-06
 0.55646535723012E-06
 0.55945982980313E-06
 0.56245026394765E-06
 0.56543654905941E-06
 0.56841824342978E-06
 0.57139506539672E-06
 0.57436656419000E-06
 0.57733261575627E-06
 0.58029309436041E-06
 0.58324753851538E-06
 0.58619564893714E-06
 0.58913695473453E-06
 0.59207131611206E-06
 0.59499859132010E-06
 0.59791829857667E-06
 0.60083011992834E-06
 0.60373356426116E-06
 0.60662847524079E-06
 0.60951469435834E-06
 0.61239171919733E-06
 0.61525921311147E-06
 0.61811666428141E-06
 0.62096389963150E-06
 0.62380074386626E-06
 0.62662667406214E-06
 0.62944133503428E-06
 0.63224419477761E-06
 0.63503506389568E-06
 0.63781375083307E-06
 0.64057971304596E-06
 0.64333257807268E-06
 0.64607179481549E-06
 0.64879715892084E-06
 0.65150846422326E-06
 0.65420515054073E-06
 0.65688682992855E-06
 0.65955293513299E-06
 0.66220324915808E-06
 0.66483755388508E-06
 0.66745527481017E-06
 0.67005601221346E-06
 0.67263918616511E-06
 0.67520457121950E-06
 0.67775194139033E-06
 0.68028071273072E-06
 0.68279047849051E-06
 0.68528065185896E-06
 0.68775100410132E-06
 0.69020130734627E-06
 0.69263097446819E-06
 0.69503959838334E-06
 0.69742659238512E-06
 0.69979173153742E-06
 0.70213479329474E-06
 0.70445519555074E-06
 0.70675253894635E-06
 0.70902624519608E-06
 0.71127610187605E-06
 0.71350190051195E-06
 0.71570307318376E-06
 0.71787923765420E-06
 0.72002983395155E-06
 0.72215467159308E-06
 0.72425356595544E-06
 0.72632597350570E-06
 0.72837153928007E-06
 0.73038973207212E-06
 0.73238039338571E-06
 0.73434337266325E-06
 0.73627816131482E-06
 0.73818444186752E-06
 0.74006172228092E-06
 0.74190988613226E-06
 0.74372882673176E-06
 0.74551808041691E-06
 0.74727737699401E-06
 0.74900627327912E-06
 0.75070470395551E-06
 0.75237261491014E-06
 0.75400959634507E-06
 0.75561543366151E-06
 0.75718974063533E-06
 0.75873251043690E-06
 0.76024374856951E-06
 0.76172310598098E-06
 0.76317042996468E-06
 0.76458539728704E-06
 0.76596806468772E-06
 0.76731850192278E-06
 0.76863642517366E-06
 0.76992174729384E-06
 0.77117421146458E-06
 0.77239394051295E-06
 0.77358107032386E-06
 0.77473538398265E-06
 0.77585686104697E-06
 0.77694531159071E-06
 0.77800092428005E-06
 0.77902390022609E-06
 0.78001408851704E-06
 0.78097135152645E-06
 0.78189611032354E-06
 0.78278825207049E-06
 0.78364767666033E-06
 0.78447484069048E-06
 0.78526948642660E-06
 0.78603209294299E-06
 0.78676260665192E-06
 0.78746098570546E-06
 0.78812774081594E-06
 0.78876267076404E-06
 0.78936630592972E-06
 0.78993864542907E-06
 0.79047969880726E-06
 0.79099002338128E-06
 0.79146946733202E-06
 0.79191860429805E-06
 0.79233747853411E-06
 0.79272614310500E-06
 0.79308519348146E-06
 0.79341451938531E-06
 0.79371472909714E-06
 0.79398590377549E-06
 0.79422813177360E-06
 0.79444203801442E-06
 0.79462754557378E-06
 0.79478528873896E-06
 0.79491537728488E-06
 0.79501792668143E-06
 0.79509358278774E-06
 0.79514229412554E-06
 0.79516471261085E-06
 0.79516096882050E-06
 0.79513119737552E-06
 0.79507605788116E-06
 0.79499551595010E-06
 0.79489023339636E-06
 0.79476035577562E-06
 0.79460603066766E-06
 0.79442792066108E-06
 0.79422600324244E-06
 0.79400094413009E-06
 0.79375289673306E-06
 0.79348201414218E-06
 0.79318895942266E-06
 0.79287371623780E-06
 0.79253694830056E-06
 0.79217880826018E-06
 0.79179945076528E-06
 0.79139953430900E-06
 0.79097904405943E-06
 0.79053863497438E-06
 0.79007845808723E-06
 0.78959866469231E-06
 0.78909990336441E-06
 0.78858215662642E-06
 0.78804606809733E-06
 0.78749178285348E-06
 0.78691944570337E-06
 0.78632969192924E-06
 0.78572249852874E-06
 0.78509849473854E-06
 0.78445781702323E-06
 0.78380060117350E-06
 0.78312746667626E-06
 0.78243838280501E-06
 0.78173396217288E-06
 0.78101433071871E-06
 0.78027961337929E-06
 0.77953041201427E-06
 0.77876668668361E-06
 0.77798903180953E-06
 0.77719756144860E-06
 0.77639238850900E-06
 0.77557409598702E-06
 0.77474263373917E-06
 0.77389857700078E-06
 0.77304202716920E-06
 0.77217308433297E-06
 0.77129231194394E-06
 0.77039964915079E-06
 0.76949565143227E-06
 0.76858040709763E-06
 0.76765400317687E-06
 0.76671698319750E-06
 0.76576927542874E-06
 0.76481141543349E-06
 0.76384347838564E-06
 0.76286553818260E-06
 0.76187811848462E-06
 0.76088113677143E-06
 0.75987510880809E-06
 0.75886009678663E-06
 0.75783616174975E-06
 0.75680380770248E-06
 0.75576294167633E-06
 0.75471405992221E-06
 0.75365721209409E-06
 0.75259244673602E-06
 0.75152024865267E-06
 0.75044051487841E-06
 0.74935372266364E-06
 0.74825990960835E-06
 0.74715911233005E-06
 0.74605179697336E-06
 0.74493785115553E-06
 0.74381773373466E-06
 0.74269147086755E-06
 0.74155908787126E-06
 0.74042103288144E-06
 0.73927718473865E-06
 0.73812798460650E-06
 0.73697344786730E-06
 0.73581358918932E-06
 0.73464883945045E-06
 0.73347906939573E-06
 0.73230470318840E-06
 0.73112574617620E-06
 0.72994220308768E-06
 0.72875448826354E-06
 0.72756246507452E-06
 0.72636654146741E-06
 0.72516671341332E-06
 0.72396297645113E-06
 0.72275572915916E-06
 0.72154482821269E-06
 0.72033066609406E-06
 0.71911323015098E-06
 0.71789250742088E-06
 0.71666888148493E-06
 0.71544220300182E-06
 0.71421284976681E-06
 0.71298080119852E-06
 0.71174603650976E-06
 0.71050892504142E-06
 0.70926931211383E-06
 0.70802756156766E-06
 0.70678364556307E-06
 0.70553753617005E-06
 0.70428958921010E-06
 0.70303964530399E-06
 0.70178805505302E-06
 0.70053478401303E-06
 0.69927979773911E-06
 0.69802343926073E-06
 0.69676554507318E-06
 0.69550645325294E-06
 0.69424612333572E-06
 0.69298451500505E-06
 0.69172195914478E-06
 0.69045816542384E-06
 0.68919395273789E-06
 0.68792841437474E-06
 0.68666236382552E-06
 0.68539563032756E-06
 0.68412804504394E-06
 0.68286040733395E-06
 0.68159182010299E-06
 0.68032307756981E-06
 0.67905400635741E-06
 0.67778443508067E-06
 0.67651514427693E-06
 0.67524524677486E-06
 0.67397551821307E-06
 0.67270578307007E-06
 0.67143586785925E-06
 0.67016653499895E-06
 0.66889690747349E-06
 0.66762774303298E-06
 0.66635886442103E-06
 0.66509009647653E-06
 0.66382218415046E-06
 0.66255426080321E-06
 0.66128706694177E-06
 0.66002042397124E-06
 0.65875415542409E-06
 0.65748898941310E-06
 0.65622406987325E-06
 0.65496012065011E-06
 0.65369696219476E-06
 0.65243441708052E-06
 0.65117319717711E-06
 0.64991245712682E-06
 0.64865290473377E-06
 0.64739435978528E-06
 0.64613664422413E-06
 0.64488045425543E-06
 0.64362495533965E-06
 0.64237083979305E-06
 0.64111792703893E-06
 0.63986603869387E-06
 0.63861585582322E-06
 0.63736655479628E-06
 0.63611881297505E-06
 0.63487244969683E-06
 0.63362728649433E-06
 0.63238398981871E-06
 0.63114174701519E-06
 0.62990122099394E-06
 0.62866223125299E-06
 0.62742459947314E-06
 0.62618897799178E-06
 0.62495456516564E-06
 0.62372200992381E-06
 0.62249113213975E-06
 0.62126175388152E-06
 0.62003451383304E-06
 0.61880862135673E-06
 0.61758471189479E-06
 0.61636260587271E-06
