0.025917039897014136
0.026940870971450467
0.027995978855296606
0.02908304653985364
0.030202766709445956
0.03135584185946082
0.03254298438360581
0.03376491669554794
0.035022371331189794
0.03631609106968803
0.03764682903424007
0.03901534880528294
0.04042242452574835
0.04186884105298744
0.043355394012143014
0.04488288997724294
0.04645214656590482
0.04806399250971293
0.0497192678587705
0.05141882403296191
0.05316352395128735
0.05495424220451588
0.0567918650978832
0.058677290806740105
0.06061142952450536
0.06259520352845005
0.06462954733906973
0.06671540781379612
0.06885374429581882
0.07104552868024216
0.07329174560088808
0.07559339247162854
0.07795147968361474
0.08036703061421384
0.08284108188083746
0.08537468328409407
0.08796889806695478
0.09062480294665246
0.09334348821162082
0.09612605788632769
0.0989736297579612
0.10188733554784164
0.10486832094878198
0.10791774576261463
0.11103678395617017
0.11422662378850196
0.11748846785470103
0.12082353320058441
0.12423305137904628
0.12771826853830842
0.13128044550061319
0.13492085778878563
0.1386407957179592
0.14244156448022674
0.1463244841324765
0.15029088969854423
0.1543421311817494
0.15847957361590906
0.16270459709438254
0.1670185968015981
0.1714229830093294
0.17591918113267416
0.18050863168239167
0.1851927903424787
0.18997312788030543
0.1948511301909269
0.19982829825463347
0.2049061481329789
0.21008621086861415
0.21537003257328982
0.22075917421945587
0.2262552117025707
0.2318597357004714
0.23757435165487972
0.2434006796454187
0.24934035430434112
0.2553950247279067
0.26156635434704756
0.2678560208214925
0.2742657158918141
0.28079714524252264
0.2874520283533685
0.29423209833488145
0.3011391017316373
0.3081747983741816
0.31534096115759647
0.3226393758138618
0.33007184072939644
0.3376401666876304
0.34534617661008715
0.3531917053215456
0.3611785992710149
0.3693087162121219
0.377583924934139
0.3860061049487021
0.3945771461092535
0.40329894831811536
0.4121734211225981
0.42120248337937566
0.43038806278145847
0.43973209552567194
0.4492365258077296
0.45890330541312907
0.4687343932401526
0.47873175477557783
0.48889736160973496
0.49923319088193163
0.5097412247382902
0.5204234497312475
0.5312818562153315
0.5423184377323869
0.5535351903157503
0.5649341118489137
0.5765172013071426
0.5882864580322327
0.6002438809722669
0.6123914678358499
0.6247312142930144
0.6372651130714923
0.6499951530698655
0.6629233183823442
0.6760515873582967
0.6893819315321986
0.7029163146091869
0.7166566913245076
0.730605006324808
0.7447631929707359
0.7591331721258867
0.7737168508454586
0.7885161211068616
0.8035328584273763
0.8187689204373767
0.8342261454837144
0.8499063510726144
0.8658113323886563
0.8819428606829324
0.8983026816787066
0.9148925138859678
0.9317140469382013
0.9487689398427716
0.9660588192418558
0.9835852776171493
1.0013498714953168
1.0193541196129796
1.0375995010985826
1.0560874536327902
1.0748193715862897
1.093796604233683
1.1130204539004762
1.1324921741897547
1.1522129682504396
1.1721839870085564
1.1924063275627153
1.2128810315669314
1.2336090836829543
1.2545914101774454
1.2758288775335547
1.2973222912336613
1.319072394593375
1.3410798677830869
1.3633453269176612
1.3858693233478263
1.4086523430385733
1.4316948061430474
1.454997066745864
1.4785594127288095
1.5023820658266962
1.5264651818901271
1.5508088512608398
1.5754130993532156
1.600277887415145
1.6254031134298947
1.650788613194847
1.6764341615599858
1.702339473818678
1.7285042072284094
1.7549279626689267
1.7816102864326886
1.8085506721126312
1.8357485626064827
1.863203352192199
1.890914388687679
1.918880975685821
1.9471023748038532
1.9755778080104887
2.004306459962016
2.033287480341123
2.062519986235932
2.092003064437244
2.1217357738219174
2.1517171475896655
2.1819461955782926
2.2124219064235344
2.2431432497644503
2.2741091783315173
2.305318629975028
2.336770529646562
2.3684637913062434
2.4003973196901014
2.4325700121433496
2.4649807601971006
2.4976284511942333
2.5305119697905196
2.563630199338331
2.59698202326985
2.6305663263067567
2.6643819956766217
2.6984279221925136
2.732703001271666
2.7672061339026324
2.8019362275064394
2.836892196779002
2.872072964399982
2.9074774617412693
2.9431046294745635
2.978953418140714
3.0150227886700396
3.0513117128219673
3.087819173608659
3.124544165652729
3.161485695507353
3.1986427819396397
3.2360144561525583
3.2735997620236246
3.3113977562389536
3.349407508457469
3.38762810140375
3.426058630965961
3.4646982062597744
3.5035459496407833
3.542600996731559
3.581862496423886
3.6213296108412782
3.661001515318373
3.700877398323107
3.740956461404959
3.7812379191124084
3.8217209988940097
3.862404941011632
3.903288998406408
3.944372436606512
3.98565453358417
4.027134579621239
4.0688118771859525
4.110685740778884
4.15275549679108
4.195020483348907
4.237480050159144
4.2801335583658755
4.322980380379945
4.366019899722315
4.40925151086209
4.452674619054161
4.496288640189645
4.540093000613545
4.584087136972457
4.628270496061274
4.6726425346510405
4.717202719319388
4.761950526317864
4.806885441389706
4.852006959633448
4.897314585320696
4.942807831768169
4.988486221171121
5.034349284460235
5.080396561149565
5.1266275991912025
5.173041954826939
5.219639192451862
5.266418884476088
5.313380611169351
5.360523960548931
5.4078485282351725
5.455353917305518
5.503039738197444
5.550905608545242
5.598951153078364
5.647176003496679
5.695579798342876
5.744162182882066
5.7929228089923095
5.841861335056874
5.890977425826837
5.940270752343878
5.989740991810946
6.0393878274841475
6.089210948596665
6.139210050221845
6.189384833199473
6.239735004019225
6.290260274745693
6.340960362908541
6.391834991413261
6.442883888466205
6.494106787452694
6.545503426890352
6.597073550319752
6.648816906234291
6.700733247981385
6.752822333708355
6.80508392625866
6.857517793121752
6.9101237063248435
6.962901442402992
7.015850782290122
7.068971511267391
7.122263418889463
7.17572629891636
7.2293599492533955
7.28316417188079
7.33713877279509
7.391283561935188
7.445598353146333
7.500082964096716
7.554737216228195
7.609560934702797
7.664553948348483
7.719716089582804
7.77504719440149
7.830547102282623
7.886215656838652
7.94205270307057
7.9980580913269
8.054231674587667
8.110573309092823
8.167082854300665
8.223760172825903
8.280605130393736
8.337617595820605
8.39479744094891
8.452144540612755
8.509658772594502
8.567340017589274
8.625188159164614
8.683203083713192
8.741384680434567
8.799732841269522
8.85824746089398
8.916928436665263
8.975775668582369
9.034789059275429
9.093968513950962
9.15331394035824
9.212825248777376
9.272502351962718
9.332345165127714
9.392353605916233
9.452527594356518
9.512867052849275
9.573371906122736
9.634042081227937
9.694877507482632
9.755878116466683
9.81704384197875
9.878374620025491
9.939870388782465
10.00153108858023
10.06335666186561
10.125347053197737
10.187502209201373
10.249822078564794
10.312306611989285
10.37495576220527
10.437769483911113
10.500747733777603
10.563890470416164
10.627197654353292
10.690669248026829
10.754305215745504
10.818105523679868
10.882070139842558
10.946199034063724
11.01049217797986
11.074949545010334
11.139571110338288
11.204356850891264
11.269306745333393
11.334420774034108
11.399698919060699
11.465141164155359
11.530747494731692
11.596517897830298
11.662452362137989
11.728550877950452
11.794813437153984
11.861240033226618
11.92783066120908
11.994585317696341
12.06150400081963
12.128586710239349
12.195833447118021
12.263244214120038
12.330819015388824
12.398557856539641
12.466460744641333
12.534527688202306
12.60275869716718
12.671153782890716
12.73971295813844
12.80843623706406
12.877323635203616
12.946375169455639
13.015590858083865
13.084970720690562
13.154514778212302
13.22422305291078
13.294095568352953
13.364132349411411
13.434333422247624
13.50469881429667
13.575228554266872
13.64592267211955
13.716781199071898
13.787804167566426
13.858991611283887
13.930343565117827
14.001860065171474
14.073541148743974
14.145386854324547
14.217397221585662
14.289572291365788
14.361912105667159
14.434416707644473
14.507086141593605
14.579920452951479
14.652919688273476
14.726083895239025
14.799413122633599
14.872907420346609
14.946566839357999
15.020391431732532
15.094381250614337
15.168536350216598
15.242856785807035
15.31734261371461
15.391993891311772
15.466810677005776
15.541793030239168
15.616941011474406
15.6922546821941
15.767734104883639
15.843379343035908
15.919190461134402
15.995167524651498
16.071310600043727
16.14761975473639
16.224095057122195
16.30073657655914
16.377544383352767
16.45451854876212
16.53165914498088
16.608966245142568
16.686439923304928
16.7640802544468
16.841887314472228
16.919861180177566
16.998001929277418
17.07630964037386
17.15478439296785
17.233426267438894
17.312235345050095
17.391211707935042
17.470355439100008
17.549666622407095
17.629145342579424
17.70879168518788
17.788605736652578
17.868587584226862
17.94873731600649
18.02905502090891
18.109540788677588
18.19019470987743
18.271016875882008
18.352007378871413
18.433166311834523
18.514493768553358
18.595989843599465
18.677654632333685
18.75948823090292
18.8414907362276
18.923662246000927
19.00600285868368
19.088512673497007
19.171191790423283
19.25404031019471
19.337058334292195
19.420245964944833
19.503603305110207
19.587130458489003
19.670827529507154
19.75469462331981
19.838731845795817
19.92293930352392
20.007317103803466
20.091865354641797
20.176584164745915
20.26147364352536
20.34653390107643
20.431765048192247
20.517167196346985
20.6027404576955
20.688484945070975
20.774400771977962
20.860488052589034
20.946746901741196
21.03317743493078
21.11977976830985
21.20655401868261
21.293500303503034
21.38061874086396
21.467909449501654
21.555372548785797
21.64300815871907
21.730816399930607
21.818797393675112
21.90695126182591
21.995278126872215
22.08377811191665
22.17245134066793
22.26129793744221
22.350318027153804
22.43951173531601
22.528879188034214
22.618420512003976
22.708135834505985
22.798025283406144
22.8880889871427
22.978327074733162
23.068739675769102
23.159326920402382