0.03715538408043966
0.038563453529484475
0.040012872820742944
0.04150452398098137
0.043039302175603235
0.04461811581800031
0.0462418868010393
0.04791155062962366
0.04962805659160895
0.051392367973898435
0.05320546215615484
0.05506833087567573
0.05698198032321532
0.058947431377325936
0.06096571973679571
0.06303789615449357
0.06516502652028237
0.06734819214922921
0.06958848988301261
0.07188703226940231
0.07424494779461484
0.07666338096808843
0.07914349260970033
0.08168645990338727
0.08429347667381239
0.08696575347076789
0.0897045178197764
0.09251101431282382
0.09538650481018097
0.09833226861839385
0.10134960261229511
0.10443982141361499
0.10760425756164835
0.1108442616062218
0.11416120231249414
0.11755646678482976
0.12103146058161098
0.12458760789806908
0.12822635163753013
0.13194915357500714
0.13575749446816465
0.1396528741739931
0.14363681172055098
0.1477108454678264
0.15187653313256136
0.15613545193508757
0.16048919865034034
0.1649393896722777
0.16948766109679367
0.17413566876453998
0.1788850883087131
0.18373761518397436
0.1886949647298762
0.1937588721335015
0.19893109247625743
0.20421340072220803
0.20960759169250517
0.21511548003783362
0.2207389002415139
0.22647970649612575
0.2323397726943229
0.23832099235349144
0.24442527847462353
0.2506545635044604
0.25701079915129604
0.26349595628965167
0.270112024808227
0.276861013414533
0.28374494947775375
0.29076587879030935
0.2979258653966919
0.3052269913243705
0.3126713562965734
0.3202610775066356
0.3279982892636316
0.33588514270702
0.34392380543725776
0.35211646113400247
0.36046530920546893
0.36897256428350267
0.3776404558680961
0.3864712277643728
0.39546713762917207
0.40463045640083406
0.4139634677315924
0.42346846739315586
0.43314776261911253
0.4430036714180413
0.45303852186589494
0.4632546513558094
0.4736544057640073
0.48424013859683446
0.4950142101477266
0.5059789864689865
0.5171368384257296
0.5284901406101925
0.5400412702538088
0.5517926060228565
0.5637465267828289
0.5759054103126593
0.5882716319004099
0.6008475629191016
0.6136355692825173
0.6266380098384492
0.6398572347273154
0.6532955835395754
0.6669553835277597
0.6808389476132019
0.6949485723803583
0.7092865359317406
0.7238550956552163
0.7386564859237896
0.7536929156681553
0.7689665658536813
0.7844795869099751
0.8002340959899081
0.8162321742269016
0.8324758638387996
0.8489671651879254
0.8657080337707623
0.882700377120128
0.8999460516928275
0.9174468596684338
0.9352045457697911
0.95322079401674
0.971497224537559
0.9900353903459012
1.0088367742221154
1.0279027855822815
1.047234757492218
1.0668339437552183
1.0867015161538223
1.1068385618152121
1.127246080810826
1.147924983890768
1.1688760905385744
1.190100127174928
1.211597725750864
1.233369422530386
1.2554156572792068
1.2777367727110442
1.3003330143246477
1.323204530541946
1.346351373274787
1.369773498754192
1.3934707687986319
1.4174429523595864
1.441689727449525
1.4662106833770878
1.491005323252726
1.5160730668544213
1.5414132536543885
1.5670251461423061
1.5929079333468927
1.6190607345017118
1.645482602887355
1.6721725297672114
1.6991294484037918
1.7263522381621876
1.7538397285882081
1.7815907035097276
1.8096039051396475
1.8378780380477862
1.866411773152626
1.895203751519931
1.924252588162229
1.9535568756119008
1.98311518739745
2.0129260814078185
2.042988103031543
2.07329978816323
2.1038596660935966
2.1346662621231034
2.1657181001220813
2.1970137048458476
2.2285516041026137
2.2603303308018616
2.2923484247529897
2.3246044344200185
2.35709691843029
2.389824447010798
2.4227856032620516
2.455978984287951
2.489403202234687
2.5230568851996793
2.556938678012678
2.591047242957899
2.625381260373409
2.6599394291494725
2.6947204671925182
2.729723111753317
2.764946119729342
2.8003882678942675
2.8360483530520066
2.871925192147549
2.9080176223462773
2.9443245010213044
2.9808447057523573
3.017577134258131
3.054520704302081
3.0916743535723947
3.1290370395299467
3.1666077392347742
3.2043854491528205
3.242369184953616
3.280557981268616
3.3189508914579733
3.357546987363787
3.396345359024
3.4353451144267657
3.4745453792258343
3.51394529643658
3.5535440261762155
3.593340745354233
3.6333346473830743
3.6735249418835942
3.713910854387414
3.7544916260422583
3.795266513313567
3.836234787701497
3.877395735434096
3.9187486571888956
3.960292867810287
4.002027695998101
4.043952484069046
4.0860665876540985
4.128369375436859
4.170860228862603
4.213538541908418
4.256403720801193
4.299455183768008
4.3426923607845485
4.386114693333183
4.429721634161925
4.4735126470351965
4.5174872065190925
4.5616447977484125
4.60598491619405
4.6505070674662665
4.695210767085307
4.7400955402738765
4.78516092176574
4.830406455592232
4.875831694895461
4.921436201741375
4.96721954692998
5.013181309806806
5.059321078101295
5.105638447741984
5.152133022692542
5.198804414780981
5.245652243547355
5.2926761360871195
5.339875726883942
5.387250657675771
5.434800577307882
5.482525141573249
5.530424013094638
5.578496861177641
5.626743361685438
5.675163196892957
5.72375605539105
5.772521631930471
5.821459627331893
5.870569748341673
5.919851707539383
5.969305223213692
6.018930019264678
6.068725825086037
6.118692375465543
6.168829410501257
6.219136675462518
6.269613920744637
6.320260901733973
6.371077378745384
6.422063116911501
6.473217886108385
6.524541460865787
6.576033620294037
6.627694147981526
6.679522831934621
6.73151946450308
6.783683842288814
6.8360157660841985
6.888515040796367
6.941181475372359
6.994014882752078
7.047015079766764
7.100181887107464
7.15351512923914
7.2070146343502755
7.260680234288459
7.314511764497449
7.368509063971008
7.422671975176065
7.477000344016721
7.531494019780884
7.586152855061937
7.640976705746582
7.695965430923361
7.751118892861677
7.8064369569575565
7.861919491680396
7.917566368533252
7.97337746199983
8.029352649511228
8.085491811399514
8.141794830844969
8.198261593855865
8.254891989203538
8.311685908412219
8.368643245679838
8.425763897888581
8.483047764533017
8.540494748388996
8.598104752728847
8.655877685371479
8.713813455959018
8.771911976575803
8.83017316172953
8.888596928313998
8.947183195573128
9.005931885080978
9.064842920707102
9.123916228588138
9.183151737092556
9.242549376807496
9.30210908049284
9.361830783071051
9.421714421592647
9.481759935206794
9.54196726514691
9.602336354694419
9.662867149167822
9.723559595881126
9.784413644136393
9.845429245192337
9.906606352244959
9.967944920407195
10.029444906685328
10.091106269951563
10.152928970934965
10.21491297219278
10.277058238097782
10.339364734806372
10.401832430253116
10.464461294122072
10.527251297836617
10.590202414532381
10.65331461904521
10.716587887889943
10.78002219925185
10.8436175329546
10.907373870454188
10.971291194829995
11.035369490746552
11.099608744457653
11.164008943782875
11.228570078094313
11.293292138298076
11.358175116825237
11.423219007613696
11.488423806095534
11.553789509178882
11.619316115242343
11.685003624116364
11.750852037066739
11.816861356789387
11.883031587392853
11.949362734382301
12.01585480466038
12.0825078064947
12.149321749525159
12.21629664474148
12.283432504474142
12.350729342380118
12.418187173439136
12.485806013936442
12.553585881448262
12.62152679484579
12.689628774267373
12.757891841113425
12.826316018044814
12.894901328966855
12.963647799010557
13.032555454540578
13.101624323125924
13.17085443355038
13.24024581578545
13.309798500993956
13.379512521510428
13.449387910838869
13.519424703649898
13.589622935751713
13.659982644103735
13.730503866795388
13.80118664304039
13.872031013168064
13.943037018615764
14.01420470192689
14.085534106730663
14.157025277736404
14.228678260742726
14.300493102606008
14.372469851249077
14.444608555647067
14.51690926582133
14.589372032830873
14.661996908771243
14.734783946759139
14.807733200927188
14.880844726423955
14.954118579396935
15.027554816992305
15.10115349734996
15.174914679587497
15.24883842380494
15.322924791070207
15.397173843416143
15.471585643832814
15.546160256264532
15.620897745599308
15.695798177662516
15.770861619215534
15.846088137947794
15.921477802468592
15.997030682299522
16.07274684788154
16.14862637054419
16.224669322533163
16.300875776971928
16.377245807877138
16.453779490147458
16.530476899557343
16.607338112747996
16.68436320723394
16.76155226137844
16.838905354407157
16.916422566394118
16.994103978255154
17.071949671748374
17.149959729462758
17.22813423481605
17.306473272053513
17.384976926237865
17.46364528324384
17.54247842975518
17.621476453265046
17.700639442060954
17.779967485226553
17.859460672640726
17.939119094955142
18.01894284362094
18.098932010847765
18.179086689628832
18.259406973717237
18.339892957633523
18.420544736654243
18.501362406812984
18.582346064885687
18.663495808403965
18.744811735630112
18.82629394556906
18.90794253795507
18.98975761325261
19.071739272650525
19.153887618052224
19.236202752084747
19.31868477807915
19.401333800078945
19.484149922827573
19.567133251769132
19.650283893044666
19.733601953480743
19.81708754060075
19.900740762604904
19.984561728373492
20.06855054746425
20.15270733010194
20.237032187188913
20.321525230282383
20.406186571603854
20.491016324032184
20.576014601098745
20.661181516981316
20.746517186506356
20.83202172514015
20.917695248988476
21.00353787479459
21.089549719924214
21.17573090237697
21.262081540776183
21.348601754361688
21.43529166299294
21.522151387141683
21.609181047889226
21.6963807669237
21.783750666534736
21.87129086961097
21.959001499636706
22.046882680691898
22.134934537440866
22.223157195135652
22.311550779611785
22.40011541728147
22.488851235134067
22.577758360727053
22.66683692219407
22.75608704822892
22.845508868087553
22.935102511588685
23.0248681091035
23.114805791557878
23.20491569042508
23.295197937727096
23.385652666026232
23.476280008425086
23.56708009856681
23.658053070621943
23.749199059294376
23.840518199816273
23.932010627941708
24.0236764799472
24.115515892626714
24.207529003287853
24.29971594975343
24.39207687034945
24.484611903913677
24.57732118977936
24.67020486778853
24.763263078272008