0.02334039108234796
0.024274052717284195
0.025236598493573674
0.026228665292855443
0.02725089900228265
0.0283039545547379
0.029388496071200695
0.030505196886937046
0.03165473972750383
0.03283781673742086
0.03405512963073031
0.03530738974834089
0.036595318195678586
0.03791964589829314
0.039281113780965445
0.04068047276398384
0.04211848396794471
0.04359591875247839
0.045113558879344845
0.04667219654756008
0.048272634556988325
0.04991568639137935
0.051602176339883454
0.05333293959101145
0.05510882233851035
0.05693068190759498
0.058799386834509866
0.06071581702503244
0.06268086378537933
0.06469543001372587
0.06676043022813342
0.06887679074875988
0.07104544974378452
0.07326735734273106
0.07554347578814415
0.0778747794906993
0.08026225513842991
0.0827069018016099
0.08520973105277926
0.08777176703240436
0.09039404655276763
0.09307761922419924
0.09582354748796926
0.0986329067675918
0.10150678553734013
0.10444628534520917
0.1074525210172195
0.1105266206221669
0.11366972564936433
0.11688299098518302
0.12016758506125357
0.1235246898838827
0.12695550112193138
0.13046122812307467
0.13404309405604514
0.13770233586371475
0.1414402043890783
0.14525796438294902
0.14915689455311062
0.15313828759609238
0.15720345025649932
0.1613537033102558
0.16559038161388173
0.1699148340964246
0.1743284238102253
0.17883252789951543
0.1834285376243725
0.18811785831069922
0.19290190939453475
0.19778212436408996
0.20275995074187397
0.20783685008680416
0.21301429784674986
0.21829378345646408
0.2236768101914927
0.22916489512212518
0.23475956905828466
0.24046237646214647
0.24627487535740517
0.2521986372552982
0.2582352470363179
0.2643863028526523
0.27065341599748477
0.2770382107836034
0.2835423243929656
0.29016740677603564
0.29691512041620166
0.30378714025629616
0.3107851534411677
0.3179108592029924
0.3251659685972679
0.33255220435920424
0.34007130061787244
0.3477250027578086
0.3555150670925743
0.3634432606531297
0.3715113609258126
0.3797211555679761
0.3880744421236263
0.39657302771969677
0.4052187287471803
0.414013370536427
0.4229587870185407
0.4320568203691504
0.44130932063728623
0.4507181453398752
0.46028515909024476
0.47001223316059476
0.4799012450438484
0.489954078002346
0.5001726206249798
0.510558766281183
0.5211144126692515
0.5318414612571766
0.5427418167442054
0.5538173864820624
0.5650700798830138
0.5765018078155196
0.58811448195483
0.5999100141490962
0.6118903156588781
0.6240572965360401
0.6364128648136101
0.6489589257504992
0.6616973810711336
0.6746301280719038
0.6877590588122643
0.7010860592179555
0.7146130081432656
0.7283417764150462
0.742274225853642
0.7564122082457851
0.7707575642772734
0.7853121224671393
0.8000776979695045
0.8150560915021628
0.8302490880621705
0.8456584557056073
0.8612859443099607
0.8771332842180984
0.8932021849022236
0.9094943335958073
0.926011393873018
0.9427550042079185
0.9597267764893512
0.9769282945354525
0.9943611125665847
1.0120267536489764
1.0299267081576016
1.0480624321606127
1.0664353458755185
1.0850468320434388
1.1038982343527615
1.1229908558800519
1.1423259574590958
1.161904756193923
1.181728423892022
1.2017980855736394
1.2221148180355696
1.2426796484418803
1.2634935529505056
1.2845574554669428
1.3058722264196694
1.3274386816087913
1.3492575811964385
1.3713296287281904
1.3936554703354715
1.416235693978906
1.4390708288192697
1.462161344776487
1.485507652143984
1.5091101013528594
1.532968982919006
1.5570845274834537
1.581456905994701
1.6060862300748746
1.630972552480966
1.656115867756344
1.6815161129655547
1.707173168627344
1.733086859709862
1.7592569568329068
1.785683177524281
1.812365187620131
1.8393026027455934
1.8664949899451315
1.893941869334344
1.921642715882847
1.9495969612410955
1.9778039956120115
2.0062631697255093
2.034973796780873
2.0639351544886826
2.093146487059112
2.122607007259994
2.152315898463455
2.182272316643035
2.212475392418835
2.2429242330227352
2.273617924264355
2.304555532463129
2.335736106309386
2.3671586786999823
2.3988222685319807
2.430725882401008
2.4628685162759
2.4952491570994995
2.5278667843267684
2.560720371379121
2.593808887071946
2.627131296921356
2.6606865644427495
2.694473652329468
2.728491523582551
2.762739142595308
2.7972154761327634
2.831919494301045
2.866850171381109
2.90200648668133
2.937387425259144
2.972991978664785
3.0088191455335926
3.044867932228092
3.081137353353969
3.1176264322509697
3.1543342014649336
3.1912597031379097
3.228401989373321
3.2657601225718365
3.3033331757121367
3.3411202326164062
3.379120388158985
3.417332748463099
3.4557564310787283
3.4943905650949345
3.533234291257778
3.572286762089599
3.6115471419077587
3.651014606892038
3.6906883451279553
3.7305675565906324
3.770651453154598
3.8109392585669775
3.851430208429374
3.89212355012637
3.9330185427887927
3.9741144572135254
4.01541057580468
4.056906192464861
4.098600612519952
4.140493152618327
4.182583140608096
4.224869915452573
4.267352827094
4.310031236345799
4.35290451474984
4.395972044478628
4.4392332181782965
4.482687438853411
4.526334119726476
4.570172684105489
4.6142025652347485
4.658423206180417
4.702834059669654
4.7474345879691064
4.7922242627353375
4.837202564877055
4.88236898442044
4.927723020375091
4.973264180589924
5.018991981614526
5.064905948574042
5.111005615027425
5.157290522831651
5.203760222028767
5.250414270678202
5.297252234775963
5.344273688078511
5.391478212014257
5.438865395544797
5.486434835035576
5.534186134143065
5.5821189037008105
5.6302327615860115
5.678527332615377
5.72700224843379
5.775657147395274
5.8244916744444595
5.873505481037021
5.922698224998796
5.972069570437416
6.021619187640149
6.071346752980937
6.121251948790065
6.171334463288876
6.22159399048389
6.272030230059697
6.3226428873060865
6.373431673014661
6.424396303388846
6.47553649996942
6.5268519895349595
6.578342504019189
6.630007780437859
6.681847560804726
6.733861592034731
6.786049625896464
6.838411418912869
6.890946732292351
6.943655331860886
6.9965369879761266
7.0495914754840845
7.102818573614744
7.156218065933159
7.209789740287694
7.263533388702036
7.317448807368867
7.3715357965262385
7.425794160448759
7.480223707347551
7.534824249343068
7.589595602384916
7.644537586845521
7.699650024915565
7.75493274434253
7.810385575870065
7.866008353806219
7.9218009159688245
7.977763103637962
8.033894761515615
8.090195737657412
8.14666588344854
8.203305053530137
8.260113105782796
8.31708990127095
8.374235304174356
8.431549181796912
8.489031404471575
8.546681845547958
8.604500381353843
8.662486891144663
8.720641257058206
8.778963364098722
8.837453100079083
8.896110355596205
8.954935023984758
9.013927001293322
9.073086186241827
9.132412480185673
9.191905787089668
9.251566013496126
9.311393068478202
9.371386863626109
9.43154731301038
9.491874333140544
9.552367842950211
9.613027763765198
9.673854019265773
9.734846535463088
9.796005240679689
9.857330065513757
9.918820942806855
9.980477807631006
10.042300597255554
10.104289251121605
10.166443710821904
10.228763920071554
10.29124982468356
10.353901372551823
10.416718513613537
10.479701199850918
10.54284938524541
10.606163025765266
10.669642079347812
10.733286505869392
10.797096267132224
10.861071326835102
10.92521165057042
10.989517205780848
11.053987961760582
11.11862388961822
11.183424962282857
11.248391154450953
11.313522442604949
11.37881880496673
11.444280221491042
11.509906673854687
11.5756981454296
11.641654621269192
11.707776088089227
11.774062534262997
11.840513949785683
11.907130326276723
11.973911656959825
12.040857936639634
12.107969161694161
12.175245330059017
12.242686441211895
12.310292496159299
12.378063497418289
12.445999449012017
12.514100356445521
12.582366226697907
12.650797068206957
12.71939289086069
12.788153705975887
12.857079526293871
12.926170365963381
12.9954262405294
13.064847166921979
13.134433163442468
13.204184249750353
13.27410044685606
13.34418177710916
13.414428264180998
13.484839933059222
13.555416810039851
13.626158922701947
13.697066299914688
13.768138971817145
13.839376969808836
13.910780326538074
13.982349075895744
14.054083253009859
14.12598289421613
14.198048037073606
14.270278720333907
14.342674983948152
14.41523686904302
14.487964417923353
14.560857674057134
14.633916682067545
14.707141487725643
14.780532137933362
14.854088680728092
14.927811165266927
15.00169964181537
15.075754161741735
15.149974777519649
15.22436154269154
15.298914511893724
15.37363374082537
15.448519286254955
15.523571205998536
15.598789558920878
15.674174404932344
15.749725804968543
15.825443820993554
15.901328515986519
15.977379953937925
16.05359819984017
16.12998331967949
16.20653538043472
16.28325445006228
16.360140597493686
16.437193892631086
16.514414406331
16.59180221041064
16.669357377632792
16.747079981701066
16.824970097250368
16.903027799846257
16.98125316597926
17.05964627304759
17.138207199363126
17.216936024140736
17.295832827492795
17.374897690415814
17.454130694798728
17.53353192340702
17.613101459873405
17.692839388706663
17.772745795266037
17.85282076577578
17.933064387303183
18.013476747762788
18.09405793590534
18.174808041317917
18.25572715441065
18.336815366413987
18.41807276938316
18.499499456174735
18.581095520458646
18.662861056702056
18.74479616016812
18.826900926905072
18.909175453753146
18.99161983833046
19.074234179028284
19.157018575007314
19.239973126195196
19.323097933279065
19.406393097697133
19.48985872164313
19.573494908052535
19.65730176060171
19.741279383703308
19.825427882503043
19.909747362866906
19.994237931388362
20.078899695374577
20.1637327628484
20.248737242534844
20.333913243869134
20.41926087697997
20.50478025269224
20.59047148252046
20.676334678668642
20.762369954011422
20.848577422115294
20.93495719720558
21.0215093941837
21.108234128613013
21.195131516715843
21.282201675370484
21.369444722106756
21.456860775103756
21.544449953181417
21.632212375794307
21.720148163043792
21.80825743564949
21.89654031496664
21.984996922970346
22.073627382250734
22.16243181601966
22.251410348098286
22.340563102909393
22.42989020548979
22.51939178145929
22.609067957052847
22.698918859082454