0.2413663710184144
0.5306155174282199
0.7913648582449023
1.070348044481027
1.3668729194590736
1.6805329454863231
2.0110635520183373
2.3582926139079947
2.7221029648609267
3.1024170210731645
3.4991952099785695
3.9124028183493724
4.342034532908921
4.788094552909053
5.25058343673657
5.729508014766715
6.225059195041215
6.737088393625884
7.265716447354849
7.810993524322128
8.372995608269768
8.951777843191946
9.547426609646465
10.160019347173062
10.789647010497923
11.436404278896
12.100398544989403
12.78173729212465
13.480539806288627
14.19693085960696
14.931043000555931
15.683017555770512
16.452993594609392
17.241107131073345
18.047634227075193
18.87260432380717
19.716280001700355
20.578812733681787
21.460410034245424
22.361273705417315
23.281616777461437
24.22165764693445
25.181621546212963
26.161739165194856
27.162254651410294
28.183414961823118
29.22547492598944
30.28869641492443
31.373341379037605
32.47970319174803
33.608045996946515
34.75866311425611
35.93184833540038
37.12790132179603
38.34712741689926
39.58983745401949
40.85634755965791
42.14697895240085
43.462057737369754
44.801914696125166
46.16688507196248
47.557308350460644
48.97352803516522
50.415891418240804
51.884749345956344
53.38045597885722
54.903368546483456
56.45384709651016
58.03225423823153
59.63895488027165
61.27431596253188
62.93870618231941
64.63249571472602
66.35605592730889
68.10975908920905
69.89397807486188
71.70908606256637
73.55545622814337
75.43346143405151
77.34347391435082
79.28586495596173
81.26100457671822
83.26926120081889
85.31100133225422
87.38658922690682
89.49638656406141
91.64075211807048
93.82004143100278
96.03460648712438
98.2847953900894
100.57095204374701
102.893415837479
105.252521337003
107.64859798156796
110.08196978846327
112.55295506574835
115.06186613407252
117.60900905843833
120.19468339067754
122.81918192343662
125.48279045628477
128.18578757459474
130.92844444171578
133.71102460488083