5.266454434799993
5.298756699462973
5.331222357975235
5.363851173058845
5.396642909924635
5.429597336259658
5.462714222204974
5.495993340347831
5.529434465710246
5.563037375734233
5.596801850251765
5.630727671503272
5.6648146240913375
5.699062494975368
5.733471073465381
5.768040151193587
5.80276952210495
5.837658982441429
5.872708330722612
5.907917367731694
5.943285896500204
5.978813722288027
6.014500652564785
6.050346497006854
6.0863510674574
6.122514177931099
6.158835644583098
6.195315285702197
6.231952921685026
6.268748375020407
6.305701470278435
6.342812034085275
6.380079895115472
6.417504884058931
6.455086833624642
6.492825578501956
6.530720955364926
6.5687728028334575
6.606980961476539
6.6453452737786
6.683865584132067
6.722541738819118
6.761373585992194
6.80036097566171
6.839503759668504
6.878801791681844
6.918254927175358
6.957863023409772
6.9976259394138
7.037543535981291
7.0776156756382065
7.117842222633069
7.158223042930875
7.198758004172888
7.239446975694127
7.280289828474599
7.3212864351499665
7.362436669976049
7.403740408829074
7.445197529179487
7.48680791008537
7.528571432170353
7.5704879776128085
7.6125574301295975
7.65477967496527
7.69715459886972
7.739682090095954
7.782362038371668
7.825194334896263
7.86817887232174
7.911315544741892
7.954604247678157
7.998044878063611
8.041637334230302
8.085381515900936
8.129277324169387
8.173324661491643
8.21752343167227
8.26187353985312
8.306374892496574
8.351027397379212
8.395830963575056
8.440785501447131
8.48589092263344
8.531147140030571
8.576554067798307
8.622111620978927
8.667819716885521
8.713678273384755
8.759687208807014
8.80584644375299
8.85215589965723
8.898615499129454
8.94522516594104
8.991984825021545
9.038894402444551
9.08595382542147
9.133163022284519
9.180521922478674
9.22803045656923
9.275688556196746
9.323496154109566
9.371453184120872
9.419559581119609
9.467815281051243
9.516220220916892
9.564774338758067
9.613477573649957
9.662329865699078
9.71133115602441
9.760481386758874
9.8097805010383
9.859228442988135
9.90882515772258
9.958570591341237
10.008464690908502
10.058507404456428
10.108698680969198
10.159038470391573
10.20952672360246
10.260163392421845
10.31094842959852
10.361881788805986
10.41296342463152
10.464193292578049
10.515571349046269
10.567097551341224
10.61877185765903
10.670594227076318
10.722564619558929
10.774682995944529
10.826949317935915
10.879363548105728
10.931925649881926
10.984635587544691
11.03749332622642
11.09049883190031
11.143652071377506
11.196953012301629
11.250401623144818
11.30399787320536
11.357741732601616
11.411633172261096
11.465672163926785
11.519858680147344
11.574192694272638
11.628674180447407
11.683303113614363
11.738079469507003
11.793003224637934
11.848074356309047
11.903292842599612
11.958658662359815
12.01417179521498
12.06983222155738
12.125639922544995
12.18159488009257
12.23769707688006
12.293946496336126
12.35034312264396
12.406886940736321
12.463577936288345
12.520416095724114
12.577401406200153
12.634533855619699
12.691813432612227
12.749240126544864
12.806813927511596
12.864534826336492
12.922402814564014
12.980417884464872
13.038580029030417
13.09688924196719
13.155345517698287
13.213948851360252
13.272699238802089
13.331596676582157
13.390641161967796
13.449832692927385
13.509171268137663
13.568656886974797
13.62828954951723
13.688069256539729
13.747996009513507
13.808069810674118
13.868290662756205
13.92865856937295
13.989173534769181
14.049835563878112
14.110644662322446
14.171600836405574
14.232704093123727
14.293954440150848
14.35535188584627
14.416896439247658
14.478588110073602
14.540426908728342
14.602412846281782
14.664545934489846
14.726826185778712
14.789253613252512
14.851828230687746
14.914550052532032
14.977419093905612
15.040435370600964
15.103598899079708
15.166909696470366
15.23036778057073
15.293973169845238
15.357725883426358
15.421625941112472
15.485673363363523
15.549868171309342
15.614210386735245
15.678700032097174
15.743337130508301
15.8081217057451
15.873053782246476
15.938133385105838
16.003360540083367
16.068735273594484
16.134257612712084
16.199927585169885
16.265745219356962
16.331710544318504
16.397823589757905
16.464084386032944
16.53049296415625
16.5970493557983
16.663753593278365
16.730605709576775
16.79760573832041
16.86475371379189
16.93204967092783
16.999493645311638
17.06708567318606
17.13482579143791
17.20271403760811
17.27075044988738
17.338935067117063
17.40726792878544
17.475749075032546
17.544378546646207
17.613156385061295
17.682082632363578
17.75115733128227
17.820380525196473
17.889752258132976
17.959272574761005
18.02894152039734
18.098759141006663
18.168725482431526
18.23884059342936
18.309104521154794
18.379517314153137
18.450079021607667
18.520789693342884
18.59164937983231
18.662658132185726
18.733816002161184
18.80512304215362
18.876579305202895
18.94818484498338
19.019939715816374
19.091843972657806
19.163897671108035
19.23610086740145
19.308453618416248
19.3809559816629
19.453608016643535
19.52640977948926
19.59936133093213
19.672462731038152
19.745714040499536
19.819115320652422
19.892666633460646
19.966368041528753
20.040219608090087
20.11422139701325
20.188373472798986
20.26267590058492
20.33712874613089
20.411732075836206
20.4864859567265
20.561390456461417
20.63644564332357
20.711651586231433
20.787008354728325
20.86251601898065
20.938174649790803
21.013984318584033
21.08994509740978
21.166057058943082
21.24232027648514
21.318734823958284
21.395300775909778
21.4720182075121
21.54888719455088
21.625907813445263
21.703080141224337
21.78040425554263
21.857880234667217
21.93550815749408
22.013288103526552
22.091220152888557
22.169304386320903
22.24754088517782
22.325929731429163
22.40447100765796
22.48316479705767
22.56201118343788
22.641010251215135
22.720162085417414
22.79946677168522
22.878924396262423
22.958535046002822
23.038298808370143
23.118215771424648
23.198286023842115
23.27850965489622
23.358886754464727
23.43941741302728
23.520101721665743
23.6009397720589
23.68193165649037
23.76307746783558
23.844377299570088
23.925831245767718
24.007439401091503
24.08920186080385
24.171118720757867
24.25319007739897
24.335416027763635
24.417796669477426
24.50033210075499
24.583022420397317
24.665867727792616
24.748868122917685
24.832023706327355
24.915334579164917
24.998800843149585
25.082422600589773
25.166199954363876
25.25013300793488
25.33422186534122
25.418466631197862
25.5028674106926
25.587424309587778
25.672137434218442
25.757006891488988
25.842032788876995
25.927215234421332
26.012554336737157
26.098050204998543
26.183702948948543
26.269512678888134
26.35547950568665
26.441603540767122
26.527884896118337
26.614323684282034
26.70092001835838
26.787674012004477
26.87458577942654
26.961655435387335
27.04888309519926
27.136268874722557
27.2238128903676
27.31151525909287
27.399376098397276
27.487395526327354
27.575573661470433
27.663910622955264
27.75240653045152
27.841061504163086
27.929875664834032
28.018849133740904
28.107982032695347
28.197274484036132
28.286726610642095
28.376338535914254
28.466110383776293
28.556042278689716
28.646134345630646
28.73638671010209
28.826799498124522
28.917372836242706
29.008106851518118
29.09900167152276
29.19005742435241
29.281274238610763
29.372652243412396
29.464191568384006
29.555892343658837
29.64775469987704
29.73977876818829
29.83196468023539
29.924312568171292
30.016822564647782
30.109494802812023
30.202329416309396
30.295326539280783
30.388486306359695
30.48180885266956
30.575294313827925
30.66894282593505
30.76275452557974
30.85672954984033
30.95086803627042
31.045170122906814
31.139635948269895
31.2342656513553
31.329059371632205
31.424017249045153
31.51913942401483
31.614426037429116
31.709877230642576
31.80549314548579
31.90127392424127
31.997219709668393
32.09333064497846
32.18960687384837
32.28604854041164
32.38265578925634
32.47942876542618
32.57636761442028
32.67347248218334
32.77074351511288
32.868180860052874
32.965784664292
33.06355507556371
33.16149224204118
33.259596312337614
33.35786743550733
33.45630576103674
33.554911438846034
33.65368461929431
33.75262545316292
33.851734091667275
33.95101068644653
34.05045538956807
34.15006835351557
34.24984973120255
34.34979967595523
34.44991834152011
34.55020588205749
34.650662452141646
34.751288206757295
34.85208330130325
34.953047891580965
35.0541821337985
35.15548618457019
35.25696020090952
35.35860434023352
35.460418760353654
35.56240361947884
35.664559076212576
35.76688528955107
35.869382418880406
35.97205062397641
36.07489006499732
36.17790090248938
36.28108329738112
36.38443741098241
36.48796340497828
36.59166144143349
36.69553168278701
36.79957429185069
36.90378943180648
37.008177266205735
37.11273795896671
37.21747167437159
37.32237857706746
37.42745883206063
37.53271260471699
37.638140060760264
37.74374136626792
37.84951668767168
37.955466191754894
38.06159004564634
38.167888416825576
38.274361473116215
38.38100938268655
38.4878323140425
38.59483043603317
38.70200391784019
38.809352928987636
38.91687763932504
39.02457821903655
39.13245483863575
39.24050766896564
39.348736881188955
39.457142646796214
39.565725137596594
39.674484525722704
39.78342098361883
39.89253468404739
40.00182580008395
40.11129450511624
40.22094097283945
40.33076537725584
40.440767892674124
40.55094869370862
40.66130795527039
40.77184585257176
40.88256256112182
40.99345825672746
41.1045331154846
41.2157873137836
41.32722102830378
41.438834436009195
41.55062771415258
41.662601040266864
41.77475459216966
41.88708854795402
41.999603085993414
42.11229838493509
42.225174623697264
42.338231981474706
42.4514706377268
42.56489077218277
42.67849256483611
42.79227619594233
42.906241846019675
43.02038969584746
43.134719926458935
43.249232719142654
43.3639282554419
43.47880671715176
43.5938682863161
43.7091131452239
43.82454147641227