0.00039161682600174667
0.0004165441710583534
0.00044277988931869206
0.00047037731009820434
0.000499391270789023
0.0005298780972487687
0.0005618956641236178
0.0005955034000614069
0.0006307622966483836
0.0006677349431632372
0.0007064855131719728
0.0007470798424762368
0.000789585370652073
0.0008340712297968224
0.0008806082040655013
0.0009292687963240676
0.0009801271892993792
0.0010332593304783273
0.0010887428941266433
0.00114665730698206
0.001207083791324483
0.0012701053448683033
0.001335806785818515
0.001404274742320384
0.0014755976991291475
0.0015498659674484793
0.0016271717594034132
0.0017076091472043571
0.001791274098149366
0.0018782644974625064
0.0019686801573547273
0.002062622815534402
0.002160196178153381
0.0022615058887766075
0.002366659597021326
0.0024757669393182477
0.0025889395199209515
0.002706291001390487
0.002827937053705544
0.0029539953970843832
0.0030845857849801837
0.0032198300485165574
0.0033598520844477556
0.003504777894877564
0.0036547355638003316
0.003809855291234393
0.003970269389126057
0.004136112317965463
0.004307520661341663
0.004484633160448411
0.004667590750079407
0.004856536502649485
0.005051615687897075
0.0052529757746219
0.0054607664334156494
0.005675139558259135
0.005896249269377076
0.006124251906163178
0.006359306078690569
0.006601572636184928
0.006851214706619257
0.007108397691252534
0.007373289257058298
0.007646059404867373
0.007926880402962846
0.008215926861056504
0.008513375708443443
0.008819406185065316
0.009134199920699875
0.009457940847207046
0.009790815294598998
0.010133011956782595
0.01048472190285446
0.010846138596712181
0.011217457903136257
0.011598878081956393
0.011990599853960036
0.012392826330391342
0.012805763066695794
0.013229618090571682
0.013664601842888244
0.014110927271273305
0.014568809791387357
0.015038467292384911
0.015520120173282108
0.016013991319373616
0.016520306145426943
0.017039292591834652
0.017571181123124908
0.018116204757626538
0.018674599053319158
0.01924660214569025
0.019832454726013894
0.02043240009124762
0.021046684109402514
0.02167555526174452
0.022319264634354196
0.022978065945061063
0.023652215531279722
0.024341972380419616
0.02504759813820117
0.025769357082466155
0.026507516210435126
0.027262345150953497
0.02803411625572086
0.02882310458253459
0.029629587872575608
0.030453846616937508
0.03129616402770625
0.03215682605918494
0.033036121420430116
0.03393434159188401
0.034851780808494034
0.035788736111967964
0.036745507318998796
0.03772239705862533
0.03871971077074276
0.039737756743959664
0.04077684605490265
0.04183729267520906
0.042919413404004896
0.04402352790737545
0.04514995874157603
0.04629903133379313
0.04747107402397339
0.0486664180483154
0.04988539756794185
0.05112834966232099
0.052395614344781904
0.05368753460446754
0.055004456345142824
0.056346728480892345
0.057714702868970603
0.05910873437620705
0.06052918085827777
0.06197640315610598
0.06345076518125763
0.06495263381043809
0.0664823789980704
0.06804037370691134
0.06962699398922688
0.07124261895017635
0.07288763074346821
0.07456241462783528
0.07626735893736977
0.07800285512372455
0.07976929770720932
0.0815670843729847
0.08339661589423111
0.08525829617012992
0.08715253226707176
0.08907973437409693
0.0910403158506822
0.09303469320464718
0.09506328611859212
0.09712651745386994
0.09922481324413178
0.10135860272387506
0.103528318302502
0.10573439562240854
0.10797727350064719
0.11025739398565061
0.11257520234668127
0.11493114706141923
0.11732567985332285
0.11975925566469428
0.12223233266710579
0.12474537231055179
0.12729883925567856
0.1298932014214469
0.1325289299682515
0.1352064993439702
0.13792638722724032
0.140689074558365
0.14349504554775336
0.14634478766785278
0.14923879165091453
0.152177551503516
0.15516156448955626
0.15819133115408715
0.16126735529066938
0.16439014397054125
0.16756020753281278
0.17077805958223177
0.17404421697962627
0.1773591998384293
0.18072353156861773
0.18413773879218573
0.18760235141091486
0.19111790256764835
0.19468492864293982
0.19830396929278607
0.20197556736621053
0.20570026897141994
0.20947862344005744
0.2133111833180175
0.21719850435874336
0.22114114554246597
0.22513966902854116
0.22919464016997199
0.2333066275342611
0.2374762028198769
0.2417039409135979
0.24599041986159206
0.2503362208411174
0.2547419281755404
0.2592081293134841
0.2637354148094644
0.2683243783333239
0.27297561661934183
0.2776897295026017
0.28246731985792345
0.2873089936225778
0.29221535976165625
0.29718703026608506
0.30222462012370527
0.3073287473107078
0.31250003278046307
0.3177391004276493
0.3230465771001687
0.32842309255334634
0.333869279440621
0.33938577331218
0.3449732125804534
0.3506322384825049
0.3563634950854936
0.36216762927426155
0.36804529070081643
0.3739971317653409
0.3800238076289769
0.38612597614667654
0.3923042978824682
0.398559436037715
0.40489205650101123
0.41130282772356447
0.4177924208008676
0.4243615093594999
0.4310107695856749
0.43774088017658513
0.44455252231483244
0.4514463796377707
0.4584231382123084
0.4654834865280827
0.4726281154350257
0.47985771812213995
0.4871729900911847
0.4945746291502214
0.5020633353390167
0.5096398109275534
0.517304760377676
0.5250588903094549
0.5329029094620868
0.5408375286691962
0.5488634608374847
0.5569814208797065
0.5651921257121857
0.5734962942031817
0.5818946471336669
0.5903879071892584
0.5989767988878558
0.6076620485623878
0.6164443843331331
0.6253245360569553
0.6343032352713229
0.643381215198531
0.6525592106817772
0.6618379581429614
0.6712181955574884
0.6807006623941935
0.6902860996138526
0.6999752495777053
0.7097688560495644
0.7196676641251909
0.7296724202114419
0.7397838719756281
0.7500027682973559
0.7603298592388614
0.7707658959943693
0.7813116308357272
0.7919678170960222
0.8027352091005687
0.8136145621433258
0.8246066324129205
0.8357121769716715
0.8469319537025888
0.8582667212746202
0.8697172390720259
0.8812842671531702
0.8929685662356268
0.9047708976194718
0.9166920231228647
0.9287327050697601
0.9408937062319432
0.9531757897777677
0.9655797192028955
0.9781062583137891
0.9907561711583268
1.0035302219771487
1.0164291751571088
1.0294537951821254
1.042604846573973
1.0558830938431314
1.069289301434544
1.0828242336911267
1.0964886547770598
1.1102833286390632
1.1242090189483067
1.1382664890440592
1.1524565018888808
1.1667798199948942
1.1812372053961064
1.1958294195676051
1.2105572233647384
1.2254213770059879
1.2404226399771447
1.2555617709812903
1.270839527897463
1.2862566676956346
1.301813946408536
1.317512119052466
1.3333519395589015
1.3493341607520313
1.3654595342380391
1.3817288103872312
1.3981427382423088
1.4147020654762932
1.431407538316685
1.4482599014891155
1.4652598981564007
1.4824082698425802
1.4997057563861234
1.517153095855526
1.5347510244955664
1.5525002766546943
1.5704015847336434
1.5884556790924662
1.6066632880161507
1.6250251376102347
1.6435419517519028
1.6622144520359916
1.681043357660924
1.700029385404753
1.7191732495386483
1.7384756617299582
1.757937331014282
1.7775589637027516
1.7973412632889394
1.8172849304134848
1.8373906627683951
1.8576591550205888
1.8780910987562862
1.8986871823818394
1.9194480910711025
1.9403745066715963
1.96146710764009
1.9827265689481437
2.004153562045245
2.025748754728605
2.0475128111190792
2.0694463915266197
2.0915501524233395
2.113824746343597
2.136270821787304
2.158889023178841
2.1816799907662716
2.204644360534208
2.227782764140387
2.2510958288357323
2.274584177375115
2.298248427940395
2.322089194081714
2.3461070846041703
2.3703027034930995
2.3946766498860224
2.4192295179222083
2.4439618967065586
2.4688743702324003
2.4939675172847973
2.519241911372903
2.544698120658094
2.57033670786237
2.5961582302153503
2.622163239364911
2.648352281295634
2.674725896267988
2.701284618748199
2.7280289773247195
2.7549594946481513
2.782076687344732
2.8093810659772385
2.8368731349501584
2.8645533924460143
2.8924223303842793
2.920480434322454
2.9487281834276415
2.977166050393013
3.005794501388657
3.0346139959962906
3.0636249871690437
3.092827921161208
3.122223237485909
3.15181136885553
3.181592741155645
3.2115677733583827
3.241736877535583
3.272100458759376
3.302658915095354
3.333412637568317
3.3643620101079037
3.3955074099050715
3.4268492058955777
3.4583877609380655
3.490123430319888
3.522056562127611
3.554187497185823
3.586516569085059
3.6190441041302934
3.6517704213498754
3.6846958324812538
3.717820641982647
3.751145146984758
3.784669637351842
3.818394395645837
3.8523196971340576
3.886445809824321
3.9207729944474488
3.9553015044923896
3.990031586216648
4.024963478669495
4.060097413719024
4.095433616080827
4.130972303329658
4.1667136859619935
4.20265796742259
4.238805344128944
4.275156005520559
4.311710134120391
4.348467905559052
4.385429488641835
4.422595045392402
4.459964731115471
4.497538694445217
4.53531707741454
4.573300015517239
4.61148763777753
4.649880066807013
4.688477418881504
4.727279804017246
4.766287326048731
4.805500082679844
4.844918165605989
4.8845416605575425
4.92437064739666
4.964405200203792
5.0046453873654375
5.045091271651224
5.085742910314943
5.126600355178576
5.167663652720675
5.208932844181614
5.250407965647001
5.292089048152431
5.333976117762809
5.376069195697704
5.418368298399743
5.46087343765191
5.503584620678822
5.546501850226296
5.589625124682614
5.632954438172359
5.676489780667006
5.720231138049593
5.764178492277689
5.808331821427335
5.852691099827464
5.8972562981376075
5.942027383487652
5.987004319540271
6.032187066598667
6.077575581731807
6.12316981884033
6.168969728787
6.214975259468949
6.261186355929131
6.307602960460961
6.354225012689113
6.401052449667339
6.4480852059988525
6.495323213894552
6.542766403279265
6.590414701903954
6.638268035406909
6.6863263274199936
6.734589499665093
6.783057472018402
6.831730162624496
6.880607487959759
6.929689362930311
6.978975700954678
7.028466414034908
7.078161412854135
7.128060606836528
7.178163904245224
7.228471212242526
7.278982436983985
7.329697483664827
7.380616256621602
7.431738659383203
7.483064594757749
7.5345939648901785
7.5863266713251765
7.638262615083014
7.690401696724963
7.742743816407409
7.7952888739485084
7.848036768896079
7.9009874005667
7.954140668124283
8.007496470631205
8.061054707092753
8.114815276519295
8.168778077976317
8.222943010643489
8.277309973853653
8.33187886713576
8.386649590288108
8.441622043392856
8.496796126886535
8.552171741579029
8.607748788720484
8.663527170019798