0.0004056250532379473
0.00043135598198630235
0.0004584321058339586
0.00048690801380585054
0.000516839795680433
0.0005482850434791394
0.0005813029655340758
0.0006159543048160484
0.0006523014172552544
0.0006904082765820223
0.0007303404475165584
0.0007721651997125209
0.0008159514366353769
0.0008617697538995258
0.0009096924472120783
0.0009597935466304
0.0010121487826769329
0.0010668356783132534
0.0011239335001603094
0.001183523308891764
0.0012456879664330452
0.0013105121458910683
0.001378082362212257
0.001448486958405051
0.0015218161744273613
0.0015981620786714803
0.0016776186764463066
0.0017602818520125866
0.001846249427416523
0.0019356211370448605
0.0020284986832313345
0.0021249857229756657
0.0022251878869341568
0.002329212774703074
0.0024371700409589934
0.002549171287845428
0.002665330186487813
0.002785762436902252
0.002910585776684019
0.003039920040089417
0.0031738870956026385
0.0033126109262424054
0.003456217601758742
0.0036048353029607965
0.003758594337976763
0.003917627144984556
0.004082068304003356
0.004252054560724943
0.004427724805909526
0.004609220123172528
0.00479668377719305
0.00499026124375127
0.005190100193592657
0.005396350513032135
0.0056091643305160995
0.005828695998748913
0.006055102145955098
0.0062885416244930275
0.006529175588430879
0.006777167455689567
0.0070326829370871875
0.007295890044158668
0.007566959094741243
0.007846062729606737
0.008133375905510755
0.008429075952536842
0.008733342502230106
0.0090463575751029
0.009368305558168834
0.009699373200474386
0.010039749647728823
0.010389626436966967
0.010749197513802095
0.011118659230936473
0.011498210390114444
0.01188805220538245
0.012288388325555025
0.012699424886966456
0.013121370449796431
0.013554436084706873
0.013998835309167589
0.01445478414939292
0.014922501146547818
0.01540220732174557
0.01589412623835682
0.01639848398115712
0.016915509181771895
0.017445433018428158
0.017988489221167626
0.018544914090464965
0.019114946530988827
0.019698827994381832
0.02029680255596769
0.020909116913261715
0.021536020340418245
0.02217776477399861
0.02283460477772063
0.023506797575723163
0.02419460301346785
0.024898283656043355
0.025618104709224068
0.02635433407619365
0.027107242383114072
0.02787710293605544
0.028664191760218404
0.029468787629102707
0.030291172056191064
0.031131629274593207
0.03199044631685605
0.03286791297065229
0.03376432179553681
0.03467996815434946
0.03561515021383563
0.03657016893546125
0.03754532814082489
0.03854093442986162
0.039557297303475084
0.04059472907987964
0.04165354495306155
0.04273406299824034
0.04383660416454565
0.04496149229276659
0.04610905415358117
0.04727961942384914
0.04847352068847372
0.04969109349451869
0.05093267632539103
0.052198610618217976
0.05348924077675567
0.054804914210983886
0.05614598128323733
0.057512795362694956
0.05890571284350176
0.060325093111628265
0.06177129860966201
0.06324469478455239
0.0647456501643177
0.06627453629859102
0.06783172783706494
0.06941760248257363
0.07103254102932235
0.07267692735953608
0.07435114846766325
0.07605559445652797
0.07779065853733005
0.07955673707159808
0.08135422953358055
0.08318353857379615
0.08504506996727502
0.08693923265724962
0.08886643877203514
0.09082710359598518
0.09282164562311218
0.0948504865078112
0.09691405112443821
0.09901276755142262
0.10114706708603766
0.10331738421982437
0.10552415669109498
0.10776782546817652
0.11004883473923285
0.11236763195632779
0.11472466780923549
0.11712039623499779
0.11955527443902488
0.1220297628773459
0.1245443252813092
0.12709942864616303
0.12969554324309543
0.13233314261935833
0.1350127036006259
0.1377347062990623
0.1404996341120806
0.14330797371464732
0.14616021507020485
0.1490568514536342
0.15199837940830885
0.1549852987740221
0.1580181126953031
0.1610973275784711
0.16422345316238432
0.16739700244570513
0.17061849172314325
0.17388844059538555
0.17720737191808222
0.18057581186514857
0.18399428986037417
0.18746333862545791
0.19098349414736393
0.19455529570116006
0.19817928578659172
0.20185601022514493
0.20558601803009102
0.20936986152465048
0.21320809622767684
0.21710128093346692
0.22104997763133014
0.22505475157224156
0.2291161711935004
0.23323480814715358
0.2374112372935417
0.24164603666952364
0.24593978749728937
0.25029307416648644
0.25470648423024794
0.25918060837043866
0.26371604041863156
0.26831337734903277
0.2729732192046294
0.277696169154037
0.2824828334396171
0.28733382137598745
0.2922497453390993
0.297231220722547
0.30227886597914816
0.30739330254709196
0.3125751548449736
0.317825050291158
0.3231436192459384
0.3285314950192325
0.33398931382974634
0.3395177147975266
0.3451173399347763
0.3507888340989362
0.3565328450032355
0.362350023170891
0.36824102192604596
0.3742064973623677
0.3802471083509911
0.38636351645251654
0.3925563859671551
0.39882638386050356
0.40517417976677195
0.411600445942486
0.4181058572535786
0.4246910911459728
0.4313568276293221
0.4381037492267411
0.44493254096375895
0.4518438903559066
0.45883848733325167
0.46591702426013315
0.47308019586590183
0.4803286992646558
0.48766323387158217
0.49508450139191046
0.5025932058230227
0.5101900533501913
0.5178757523867942
0.5256510135084068
0.5335165494144481
0.5414730749075763
0.5495213068558324
0.5576619641513071
0.5658957676951222
0.5742234403340047
0.5826457068504814
0.5911632939033
0.5997769300142726
0.6084873455155235
0.6172952725111369
0.6262014448479868
0.6352065980798669
0.644311469414987
0.6535167976916447
0.6628233233253504
0.6722317882785409
0.681742936009566
0.6913575114626344
0.701076260964048
0.710899932268127
0.7208292744211728
0.7308650378018076
0.7410079740271378
0.7512588359229658
0.7616183774869251
0.7720873538310127
0.7826665211653285
0.7933566367216172
0.8041584587121832
0.8150727463166102
0.8261002596028202
0.8372417594799061
0.848498007675667
0.8598697666882
0.8713577997106833
0.8829628706050611
0.8946857438588509
0.9065271845199786
0.9184879581617766
0.9305688308303565
0.9427705689888779
0.9550939394767128
0.9675397094615351
0.980108646373163
0.9928015178717843
1.0056190917731112
1.0185621360367125
1.0316314186607596
1.0448277076851276
1.058151771082046
1.0716043767615597
1.085186292460191
1.0988982857440437
1.1127411239028029
1.1267155739309926
1.1408224024511449
1.1550623756807827
1.1694362593475216
1.1839448186459993
1.1985888182110653
1.2133690219908044
1.2282861932637905
1.243341094534699
1.2585344874871414
1.2738671329273143
1.2893397907274
1.3049532197479896
1.3207081778087915
1.3366054215969045
1.3526457066315685
1.368829787170948
1.3851584161817236
1.4016323452666035
1.418252324577688
1.435019102792389
1.4519334270183542
1.4689960427387274
1.486207693753441
1.5035691220948124
1.5210810679883215
1.5387442697662228
1.5565594637929479
1.5745273844269996
1.5926487639251314
1.610924332385251
1.6293548176646229
1.6479409453364284
1.6666834385893494
1.6855830181796578
1.7046404023386217
1.7238563067274475
1.7432314443249521
1.762766525406709
1.7824622574159625
1.80231934494203
1.8223384896032562
1.842520389991902
1.862865741598432
1.8833752367398946
1.9040495644575233
1.9248894104832224
1.9458954571204117
1.9670683831945008
1.9884088639599231
2.009917571022808
2.0315951722907095
2.0534423318257744
2.0754597098453598
2.097647962594685
2.1200077422794346
2.1425396969773827
2.1652444705799314
2.1881227026777976
2.2111750285216627
2.2344020789126997
2.2578044801207775
2.281382853821529
2.3051378170100882
2.3290699819065104
2.353179955901902
2.3774683414486972
2.401935736011382
2.426582731947959
2.451409916477798
2.4764178715560266
2.5016071738389
2.526978394571223
2.552532099514978
2.5782688488948393
2.6041891972985005
2.630293693605554
2.6565828809214582
2.683057296496238
2.7097174716459165
2.736563931701002
2.7635971959075674
2.7908177773842997
2.818226183033508
2.8458229134875017
2.8736084630176095
2.9015833195264835
2.9297479644000237
2.958102872526739
2.9866485121912523
3.0153853450141015
3.044313825933244
3.073434403100913
3.102747517869096
3.132253604716176
3.1619530912008873
3.191846397938105
3.221933938510602
3.2522161194681747
3.2826933402542893
3.3133659932093087
3.3442344634893173
3.375299129055323
3.4065603610160777
3.438018522138748
3.4696739689779674
3.501527050440994
3.53357810810335
3.565827476213168
3.5982754816538285
3.6309224439520276
3.663768675255809
3.696814480345487
3.730060156615398
3.7635059940801083
3.7971522753761535
3.830999275773081
3.8650472631828885
3.8992964981633698
3.933747233951881
3.968399716470798
4.003254184335835
4.038310868918226
4.07356999434709
4.109031777532635
4.144696428226481
4.1805641490392915
4.216635135484211
4.252909576015839
4.289387652101852
4.326069538228335
4.362955401986177
4.400045404113389
4.437339698539546
4.47483843247304
4.512541746442416
4.550449774356815
4.588562643592615
4.626880475050402
4.665403383219011
4.704131476274833
4.743064856125995
4.78220361853003
4.821547853124781
4.861097643553024
4.900853067526384
4.940814196917314
4.980981097848089
5.0213538307708605
5.061932450568327
5.102717006649674
5.143707543018591
5.184904098403359
5.226306706333424
5.26791539524081
5.309730188545018
5.351751104777642
5.393978157653367
5.436411356212213
5.479050704861983
5.521896203526841
5.564947847742008
5.6082056287343285
5.6516695335477465
5.695339545137644
5.7392156424672836
5.783297800636765
5.827585990938268
5.872080181014549
5.916780334923607
5.961686413258098
6.006798373231093
6.05211616880914
6.0976397507753175
6.143369066855716
6.189304061819107
6.235444677562708
6.28179085321409
6.328342525243007
6.375099627548535
6.422062091554767
6.469229846296452
6.51660281854598
6.564180932869355
6.611964111739765
6.659952275627703
6.708145343085358
6.7565432308425715
6.805145853881424
6.853953125540631
6.902964957587155
6.952181260310046
7.001601942597267
7.051226912023328
7.101056074914944
7.151089336452074
7.2013266007292325
7.251767770839521
7.302412748937931
7.353261436337909
7.404313733560014
7.455569540407631
7.507028756048147
7.558691279072029
7.610557007556877
7.662625839137052
7.714897671070453
7.767372400289285
7.8200499234709335
7.87293013709729
7.926012937507382
7.979298220955092
8.032785883671338
8.086475821904042
8.140367931991737
8.194462110392482
8.24875825374494
8.303256258921856
8.357956023066198
8.412857443641531
8.46796041848367
8.523264845836659
8.57877062438964
8.634477653332347
8.690385832382765
8.746495061833814