0.00028107745702505617
0.000299545849622991
0.00031901989416354104
0.00033954249648359964
0.00036115780475253775
0.0003839112798491159
0.00040784971522093045
0.00043302121292895665
0.00045947524744601945
0.0004872626528722748
0.0005164356631505885
0.0005470479113218065
0.0005791544683747968
0.0006128118412605045
0.0006480779797186367
0.0006850123410691053
0.0007236758632776535
0.0007641309819605059
0.0008064416926933816
0.0008506734940397075
0.0008968934837448107
0.0009451702954339339
0.0009955741882279863
0.0010481770100035678
0.001103052232519365
0.0011602749660624924
0.0012199219750878055
0.0012820716922436362
0.0013468042242055034
0.001414201367191307
0.0014843466489144065
0.0015573253017733691
0.001633224302694984
0.001712132368541765
0.0017941400056364438
0.0018793394648299747
0.0019678248053000037
0.0020596918995157308
0.002155038414743801
0.0022539638402309203
0.0023565695503817196
0.0024629587084404403
0.0025732363929707827
0.0026875095397670256
0.002805886966926576
0.0029284794060044778
0.003055399491214835
0.003186761765264526
0.0033226827539502477
0.0034632808542008867
0.003608676485009313
0.0037589919794466377
0.003914351689420794
0.0040748819181544195
0.004240710997140211
0.004411969246173787
0.004588789001405157
0.00477130463867357
0.0049596525716456945
0.005153971240520551
0.00535440116937367
0.0055610849407121766
0.005774167200439644
0.0059937947071323555
0.006220116286114326
0.006453282881340109
0.00669344757413715
0.006940765523130959
0.007195394050633704
0.007457492618068143
0.007727222829691275
0.008004748462259383
0.008290235450381694
0.008583851914944212
0.00888576815504182
0.009196156680001632
0.009515192182076257
0.009843051587457753
0.010179914054043435
0.010525960939412524
0.010881375865741706
0.011246344698828596
0.01162105555404957
0.012005698825652446
0.012400467179060954
0.012805555563038641
0.013221161225576433
0.013647483700859869
0.014084724841788946
0.014533088838596352
0.014992782178756204
0.015464013717360966
0.015946994617294864
0.016441938432395317
0.016949061058176684
0.017468580782595982
0.01800071824397567
0.01854569649430565
0.019103740985838127
0.0196750795594202
0.020259942491535895
0.0208585624631517
0.021471174624259737
0.022098016518039505
0.022739328192319025
0.02339535211566869
0.0240663332508812
0.024752519024934153
0.025454159381369343
0.02617150671500482
0.02690481597284571
0.027654344582217837
0.028420352517545117
0.029203102281234836
0.030002858917579263
0.030819890027401993
0.03165446576867855
0.03250685887354106
0.03337734465225009
0.034266200993070595
0.03517370840050128
0.03610014999676413
0.037045811486802076
0.03801098122393931
0.038995950199951585
0.04000101203625355
0.041026463019273415
0.04207260210132177
0.04313973090133637
0.044228153718535425
0.0453381775515324
0.046470112094115834
0.04762426973500109
0.048800965607851375
0.05000051755776488
0.05122324616870567
0.052469474775667595
0.05373952946045414
0.05503373906855896
0.056352435222943385
0.05769595233049072
0.05906462757182829
0.06045880095904395
0.06187881527437005
0.06332501612914118
0.0647977519752133
0.06629737408262193
0.06782423655013242
0.06937869635017202
0.07096111330760502
0.07257185010084988
0.07421127229179252
0.07587974832342799
0.07757764952296359
0.0793053501183269
0.08106322723444223
0.0828516609335701
0.08467103415982492
0.08652173282270877
0.08840414571283282
0.0903186646190882
0.09226568424039548
0.0942456022364704
0.09625881923117513
0.09830573880656053
0.10038676753861302
0.10250231494053114
0.10465279354117032
0.10683861884147623
0.10906020934824583
0.11131798655836392
0.11361237498449635
0.11594380212281837
0.1183126985057663
0.12071949765958798
0.12316463616615525
0.1256485536079782
0.1281716925830996
0.13073449874133858
0.13333742076567223
0.13598091036454021
0.13866542228860101
0.1413914143384276
0.1441593473483716
0.14696968519587236
0.14982289480642186
0.15271944616250144
0.15565981228434297
0.15864446922843942
0.1616738961262707
0.16474857513093152
0.16786892642510784
0.17103563337904376
0.17424899218073914
0.1775095622185365
0.18081784087276084
0.18417432859127686
0.18757952881464363
0.1910339480706953
0.19453809587152013
0.19809248478036207
0.2016976303694194
0.20535405126514902
0.20906226906560169
0.212822808402855
0.21663619690056382
0.2205029651956817
0.2244236468955146
0.22839877861917776
0.2324288999352864
0.2365145534132181
0.2406562845631621
0.24485464185734393
0.2491101767207165
0.2534234435077492
0.2577949995016833
0.26222540492048957
0.26671522285493204
0.271265019331373
0.275875363244003
0.28054682636576345
0.28527998332985244
0.29007541163183487
0.29493369158955113
0.2998554063491992
0.30484114187552896
0.3098914869422847
0.31500703308143957
0.32018837461124716
0.32543610860037003
0.33075083484392453
0.3361331558771342
0.34158367691885416
0.3471030059098009
0.35269175342554293
0.3583505327101375
0.3640799596418735
0.3698806527297958
0.3757532330453142
0.3816983242727211
0.3877165526293812
0.3938085468991202
0.39997493834074743
0.4062163607467651
0.41253345036306166
0.4189268458987176
0.4253971884809492
0.43194512164815774
0.4385712913280841
0.4452763458131086
0.45206093569459066
0.45892571392989445
0.4658713357241013
0.4728984585492479
0.4800077421346456
0.4871998483857044
0.49447544141186056
0.5018351874880986
0.5092797549822167
0.5168098144033573
0.524426038298863
0.532129101293002
0.5399196800002072
0.5477984530358749
0.5557661009659713
0.5638233062913933
0.5719707533934791
0.5802091285474134
0.5885391198334802
0.5969614171611428
0.6054767121904748
0.6140856983337734
0.6227890707169575
0.6315875261300441
0.640481763002571
0.6494724813901925
0.658560382899834
0.6677461706960219
0.6770305494517318
0.686414225281735
0.6958979057824416
0.7054822999095166
0.7151681180116414
0.7249560717453654
0.7348468740785827
0.744841239226112
0.7549398826148188
0.7651435208668593
0.7754528717407222
0.7858686540944889
0.7963915878605127
0.8070223940044586
0.8177617944741659
0.8286105121667545
0.8395692708980927
0.850638795351534
0.8618198110426667
0.8731130442757474
0.8845192221041062
0.8960390722984958
0.9076733232896229
0.9194227041388561
0.9312879444878316
0.9432697745320165
0.9553689249545512
0.9675861268949708
0.9799221119112245
0.9923776119455413
1.0049533592413937
1.0176500863484617
1.0304685260381063
1.0434094112945573
1.0564734752269105
1.069661451079678
1.0829740721288996
1.0964120716822654
1.1099761830043955
1.1236671392787347
1.137485673581983
1.151432518798204
1.1655084075931312
1.1797140723750703
1.194050245233459
1.2085176578908312
1.2231170416511832
1.2378491273740322
1.2527146453905098
1.2677143254805239
1.282848896806602
1.29811908789006
1.3135256265104625
1.3290692397026458
1.3447506536909322
1.360570593822229
1.3765297845377287
1.3926289492902433
1.408868810532911
1.4252500896233724
1.4417735067996924
1.4584397811050176
1.475249630353443
1.4922037710698137
1.5093029184117752
1.526547786149171
1.5439390865937883
1.5614775305191761
1.5791638271431445
1.5969986840547803
1.614982807147298
1.6331169005673976
1.6514016666537008
1.6698378058979009
1.688426016847824
1.7071669960777636
1.7260614381236887
1.7451100354106341
1.7643134781965963
1.7836724545238782
1.80318765014623
1.8228597484547482
1.8426894304397705
1.862677374622361
1.8828242569713962
1.9031307508557793
1.9235975269895775
1.9442252533396764
1.9650145950923903
1.9859662145623582
2.0070807711427703
2.0283589212338735
2.0498013181768164
2.07140861219109
2.0931814502897543
2.115120476252999
2.137226330518297
2.1594996501307553
2.181941068671373
2.2045512162050347
2.2273307191774885
2.2502802003918876
2.2734002788952203
2.2966915699549726
2.3201546849499035
2.3437902313165484
2.3675988124871568
2.3915810278245293
2.4157374725322787
2.4400687376080348
2.464575409757429
2.489258071334019
2.5141173002799593
2.539153670032164
2.5643677494875554
2.5897601029091
2.615331289873185
2.6410818651876955
2.667012378847084
2.693123375945236
2.719415396630911
2.745888976012292
2.7725446441379975
2.799382925881272
2.8264043409147934
2.853609403639053
2.8809986231044067
2.908572502980294
2.936331541467482
2.96427623125773
2.992407059460306
3.0207245075653706
3.049229051360073
3.0779211609173798
3.1068013004911905
3.1358699285023133
3.165127497473798
3.1945744543357772
3.2242112389795747
3.254038286289453
3.2840560247231565
3.314264876624451
3.3446652581548575
3.375257579279873
3.4060422437072835
3.437019648877234
3.4681901859063733
3.4995542395687393
3.531112188251945
3.562864403954323
3.5948112522314286
3.626953092184746
3.659290276440835
3.6918231511277484
3.7245520558687004
3.7574773237481844
3.7905992813135834
3.823918248556057
3.857434538912775
3.89114845925674
3.925060309885492
3.959170384532652
3.9934789703668025
4.027986347981315
4.062692791430215
4.097598568208078
4.132703939268897
4.168009159061202
4.203514475516775
4.239220130073232
4.275126357725289
4.311233387008005
4.347541440051768
4.384050732598927
4.420761474041646
4.457673867436309
4.49478810958258
4.532104391011489
4.569622896056801
4.607343802893245
4.645267283580459
4.683393504100465
4.721722624430162
4.7602547985713635
4.798990174614594
4.837928894789855
4.87707109553961
4.91641690755577
4.955966455862238
4.995719859861823
5.035677233421639
5.075838684909843
5.116204317304365
5.156774228222078
5.197548510028523
5.238527249876381
5.279710529812845
5.321098426829015
5.362691012950386
5.404488355312808
5.4464905162452775
5.488697553343291
5.531109519557842
5.573726463273367
5.616548428390786
5.65957545441426
5.702807576536343
5.74624482571729
5.78988722878175
5.833734808493367
5.877787583649851
5.922045569163536
5.966508776161047
6.01117721204785
6.056050880627648
6.101129782158119
6.146413913461874
6.191903268004163
6.237597835978764
6.28349760440852
6.329602557216716
6.375912675315195
6.422427936715704
6.469148316575315
6.516073787311617
6.563204318694686
6.61053987790033
6.658080429617589
6.705825936131136
6.753776357393161
6.801931651126748
6.8502917728804995
6.8988566761294425
6.947626312344291
6.996600631080438
7.0457795800453535
7.095163105191432
7.144751150769609
7.194543659428782
7.244540572279612
7.2947418289611745
7.345147367730077
7.3957571255153285
7.446571038005338
7.497589039698687
7.548811063994862
7.6002370432434025
7.651866908812299
7.703700591162335
7.755738019909895
7.807979123872022
7.86042383116472
7.913072069219463