5.06908803586803
5.101232359261843
5.133539239347983
5.166008443774655
5.198639742679442
5.2314329086824864
5.264387716864886
5.297503944760006
5.33078137233437
5.364219781974871
5.39781895847437
5.431578689007749
5.465498763126566
5.499578972737588
5.533819112088015
5.568218977742646
5.602778368578292
5.637497085755102
5.672374932710735
5.707411715130562
5.742607240943454
5.777961320290872
5.813473765525254
5.84914439117588
5.884973013943663
5.920959452674954
5.957103528351866
5.993405064065708
6.0298638850102835
6.066479818448254
6.103252693710147
6.140182342166921
6.177268597211726
6.214511294247113
6.251910270664187
6.289465365828823
6.327176421058214
6.365043279600261
6.403065786633082
6.441243789227149
6.479577136340202
6.518065678795904
6.556709269271544
6.595507762267264
6.634461014106549
6.673568882908798
6.712831228574433
6.752247912767267
6.791818798902347
6.831543752122242
6.871422639285997
6.9114553289481595
6.951641691354058
6.991981598404556
7.032474923660021
7.073121542306938
7.113921331157285
7.154874168619867
7.195979934696835
7.237238510963456
7.27864978054267
7.320213628111047
7.3619299398614215
7.403798603511466
7.44581950826471
7.487992544816126
7.530317605325447
7.572794583408722
7.615423374123674
7.658203873952072
7.701135980791908
7.744219593938539
7.78745461407438
7.830840943256487
7.874378484897453
7.918067143760931
7.961906825940785
8.005897438855133
8.05003889122611
8.0943310930805
8.138773955721668
8.1833673917261
8.228111314607768
8.273005640093611
8.318050284527574
8.363245164788689
8.40859019996833
8.454085310030324
8.499730416131925
8.54552544060644
8.59147030696347
8.637564939862985
8.68380926512548
8.730203209700965
8.77674670167131
8.823439670236967
8.87028204570717
8.917273759489252
8.964414744075617
9.011704933051316
9.05914426105742
9.106732663805676
9.154470078054917
9.202356441612558
9.250391693314981
9.298575773032747
9.346908621644534
9.395390181046317
9.444020394129407
9.492799204784907
9.541726557884239
9.590802399274665
9.64002667577867
9.689399335179436
9.738920326210925
9.78858959855774
9.838407102845077
9.88837279063289
9.93848661440249
9.988748527558036
10.039158484416092
10.08971644020081
10.140422351032619
10.19127617393332
10.242277866799396
10.293427388418525
10.344724698454186
10.396169757430641
10.447762526744604
10.49950296864339
10.551391046235965
10.60342672346664
10.65560996513194
10.707940736858017
10.760419005106362
10.813044737159903
10.865817901125489
10.918738465932888
10.971806401312088
11.025021677807558
11.07838426676373
11.131894140326114
11.185551271430883
11.23935563380262
11.293307201955205
11.347405951184355
11.401651857558317
11.456044897922718
11.510585049890624
11.565272291844158
11.620106602921345
11.675087963028398
11.730216352817003
11.785491753696855
11.840914147824119
11.896483518100434
11.952199848168192
12.008063122415512
12.064073325955007
12.120230444640423
12.176534465052358
12.232985374502611
12.289583161022643
12.346327813368404
12.403219321013642
12.460257674150775
12.517442863686776
12.574774881237117
12.63225371913034
12.689879370399254
12.747651828785402
12.80557108872864
12.86363714537345
12.921849994559908
12.980209632827126
13.038716057406328
13.097369266223813
13.15616925789749
13.215116031728307
13.274209587714028
13.33344992653124
13.392837049538949
13.452370958787272
13.512051657001047
13.571879147581456
13.631853434616438
13.691974522931593
13.752242417827903
13.812657125479419
13.873218652666656
13.933927006842366
13.994782196127325
14.055784229312811
14.116933115857883
14.178228865885146
14.239671490187588
14.301261000216662
14.362997408092342
14.424880726594925
14.486910969165532
14.549088149905982
14.611412283578053
14.67388338560099
14.736501472055977
14.799266559676338
14.862178665852742
14.925237808634195
14.988444006721844
15.051797279472071
15.115297646893637
15.17894512964645
15.24273974904851
15.306681527062873
15.370770486303986
15.43500665004253
15.499390042191262
15.563920687315695
15.628598610629012
15.693423837997646
15.75839639592353
15.823516311567062
15.888783612731341
15.954198327862546
16.019760486056626
16.08547011705372
16.151327251237042
16.21733191963673
16.28348415392302
16.349783986413925
16.416231450070672
16.482826578491963
16.54956940592107
16.616459967251412
16.683498298004835
16.750684434352838
16.818018413107144
16.885500271717447
16.95313004827963
17.020907781518744
17.088833510811977
17.1569072761668
17.22512911823376
17.293499078303878
17.36201719830007
17.430683520788822
17.49949808897474
17.568460946697538
17.63757213843469
17.706831709300776
17.77623970504848
17.845796172065125
17.91550115662533
17.98535470786025
18.055356873339214
18.12550770199391
18.195807243386568
18.266255547719016
18.336852665821745
18.40759864916449
18.478493549844533
18.549537420598757
18.62073031479024
18.692072286421656
18.76356339012088
18.835203681153523
18.906993215409525
18.978932049419676
19.051020240337095
19.123257845949176
19.19564492467099
19.268181536903924
19.340867739657373
19.41370359455036
19.486689162510668
19.559824505102956
19.633109684513727
19.706544763561638
19.78012980568297
19.85386487494951
19.92775003605577
20.001785354322184
20.075970895689203
20.15030672672903
20.224792914633998
20.299429527220514
20.374216632926217
20.44915430081543
20.524242600569863
20.59948160249419
20.674871377516673
20.750411997181086
20.826103533653306
20.901946059718952
20.977939648783
21.054084374865457
21.13038031260284
21.206827537255865
21.283426124692337
21.360176151401657
21.437077694483534
21.514130831655674
21.59133564124969
21.66869220220514
21.74620059407823
21.82386089703458
21.901673191851383
21.979637559917734
22.05775408322571
22.13602284438366
22.214443926602787
22.29301741370137
22.37174339010788
22.45062194085152
22.529653151569825
22.60883710850058
22.68817389848765
22.767663608974164
22.847306328007846
22.927102144234933
23.007051146901166
23.087153425851927
23.167409071529235
23.24781817497277
23.328380827817618
23.409097122294515
23.489967151226764
23.57099100803419
23.652168786726083
23.733500581901414
23.81498648875247
23.896626603061115
23.97842102119456
24.06036984010725
24.142473157344554
24.224731071030764
24.307143679878617
24.38971108318187
24.472433380814422
24.555310673235653
24.63834306148099
24.721530647164645
24.804873532481835
24.88837182019775
24.97202561365821
25.055835016783735
25.139800134060074
25.22392107055512
25.308197931899535
25.39263082429654
25.477219854516232
25.561965129897175
25.646866758341204
25.73192484831652
25.81713950885272
25.902510849545894
25.98803898054572
26.073724012566622
26.159566056878845
26.24556522530819
26.33172163024275
26.41803538461351
26.5045066019141
26.59113539618515
26.67792188201754
26.764866174550615
26.851968389472855
26.939228643018744
27.026647051964304
27.114223733632443
27.201958805884875
27.289852387126228
27.37790459629981
27.466115552882908
27.554485376894842
27.643014188881082
27.7317021099315
27.8205492616579
27.909555766207166
27.998721746254446
28.088047325000304
28.17753262617132
28.267177774020475
28.356982893321568
28.446948109370826
28.537073547981684
28.627359335487032
28.717805598739577
28.808412465100304
28.89918006244866
28.990108519174225
29.081197964177836
29.172448526866372
29.263860337157357
29.355433525470996
29.447168222730937
29.539064560366498
29.631122670303235
29.7233426849689
29.81572473728612
29.908268960676484
30.000975489052365
30.093844456817028
30.186875998869485
30.280070250595436
30.37342734786414
30.466947427036892
30.560630624957437
30.65447707894292
30.748486926803757
30.84266030682337
30.93699735775971
31.0314982188491
31.126163029801994
31.220991930797904
31.31598506248987
31.411142565997626
31.506464582905
31.601951255266357
31.697602725592965
31.793419136859796
31.88940063250543
31.985547356419495
32.081859452950624
32.178337066903595
32.274980343529776
32.371789428537674
32.46876446808314
32.56590560876152
32.66321299762432
32.76068678216033
32.85832711029895
32.9561341304131
33.05410799130885
33.152248842232666
33.25055683286198
33.349032113309256
33.44767483411268
33.546485146245146
33.64546320110165
33.744609150504935
33.843923146697016
33.943405342344285
34.043055890532415
34.142874944762504
34.24286265895222
34.34301918743019
34.443344684943064
34.54383930664129
34.644503208084146
34.745336545241905
34.84633947447877
34.947512152572166
35.048854736694466
35.15036738441597
35.252050253702706
35.35390350291871
35.4559272908193
35.55812177654962
35.66048711964272
35.76302348002188
35.86573101799155
35.968609894240096
36.07166026983918
36.174882306236405
36.27827616525907
36.381842009108475
36.48558000035937
36.589490301957646
36.69357307721845
36.797828489825825
36.90225670382511
37.00685788363181
37.111632194016515
37.216579800113244
37.3217008674135
37.42699556176078
37.53246404935905
37.63810649675743
37.74392307085708
37.84991393890791
37.956079268504034
38.06241922758687
38.16893398443469
38.2756237076713
38.38248856625109
38.48952872947185
38.596744366960806
38.704135648680186
38.81170274491842
38.919445826294826
39.027365063753315
39.135460628565475
39.24373269232089
39.352181426929256
39.460807004620506
39.569609597940456
39.678589379747585
39.78774652321366
39.89708120182038
40.006593589358495
40.11628385992236
40.22615218791231
40.33619874803089
40.44642371528239
40.556827264965904
40.66740957268063
40.778170814313874
40.88911116605292
41.00023080436956
41.111529906025645
41.22300864807248
41.33466720784065
41.44650576294274
41.558524491277424
41.67072357101597
41.783103180608904
41.89566349878093
42.00840470452785
42.121326977115295
42.23443049607924
42.34771544122153
42.461181992606015
42.574830330562556
42.68866063567892
42.80267308880181
42.916867871034235
43.0312451637329
43.14580514850959
43.26054800722295
43.37547392198349
43.49058307514276