5.217211687538131
5.249475031133786
5.2819015607768
5.3144910403945875
5.347243236397983
5.380157917673428
5.413234855567452
5.4464738238755
5.4798745988224535
5.513436959058894
5.5471606856289695
5.581045561975472
5.615091373909931
5.649297909602682
5.683664959566604
5.718192316642728
5.752879775977017
5.7877271350196295
5.822734193491527
5.857900753371937
5.893226618893763
5.928711596513546
5.964355494892721
6.000158124896377
6.036119299560737
6.072238834080872
6.108516545798159
6.1449522541776975
6.181545780787452
6.218296949293663
6.255205585429939
6.29227151698832
6.329494573799293
6.366874587712433
6.40441139258175
6.442104824250056
6.479954720526248
6.517960921173763
6.556123267886377
6.594441604280634
6.6329157758694075
6.671545630052463
6.710331016091764
6.749271785103402
6.788367790032149
6.827618885641905
6.867024928495584
6.906585776933028
6.946301291068146
6.98617133276558
7.026195765611168
7.066374454925345
7.106707267713496
7.147194072679114
7.187834740191029
7.228629142269508
7.26957715257521
7.310678646393172
7.351933500613446
7.393341593718189
7.434902805771367
7.476617018393056
7.51848411475423
7.560503979558515
7.602676499026802
7.645001560885572
7.687479054347293
7.7301088701047025
7.772890900307356
7.815825038551692
7.858911179878304
7.902149220733957
7.945539058978045
7.989080593866949
8.032773726033309
8.076618357480687
8.120614391562347
8.16476173297665
8.209060287749447
8.253509963228971
8.298110668060902
8.34286231218625
8.387764806830809
8.432818064478594
8.478021998883753
8.523376524693736
8.568881558816623
8.614537018726113
8.660342822373769
8.706298889977996
8.75240514259141
8.798661502446778
8.845067892947831
8.891624238656478
8.938330465281881
8.985186499673134
9.03219226980884
9.07934770478246
9.12665273480182
9.17410729117148
9.221711306281941
9.269464713614363
9.317367447714616
9.36541944419366
9.413620639716866
9.461970971993592
9.510470379772839
9.559118802828849
9.607916181960116
9.656862458972755
9.705957576683598
9.755201478894017
9.804594110404553
9.854135416995817
9.903825345414331
9.9536638433806
10.003650859568008
10.0537863436027
10.104070246058361
10.154502518444803
10.205083113198402
10.255811983687071
10.306689084189895
10.357714369901728
10.40888779691669
10.460209322236471
10.511678903748619
10.563296500223185
10.615062071323527
10.66697557757986
10.71903698039275
10.771246242022665
10.823603325599306
10.876108195093044
10.92876081533193
10.9815611519837
11.034509171549065
11.087604841367805
11.140848129604105
11.19423900524819
11.247777438107246
11.301463398800461
11.355296858760275
11.409277790223053
11.463406166225626
11.517681960600942
11.572105147979427
11.626675703771609
11.681393604184631
11.736258826194943
11.791271347560956
11.84643114682094
11.901738203271545
11.957192496984563
12.012794008791532
12.06854272028684
12.124438613816436
12.180481672483031
12.236671880137298
12.293009221381089
12.349493681558755
12.406125246750687
12.462903903784733
12.51982964021895
12.576902444341975
12.63412230518072
12.691489212483365
12.749003156725445
12.806664129103641
12.86447212153888
12.922427126667898
12.98052913784362
13.038778149128687
13.097174155305032
13.155717151859099
13.214407134984826
13.273244101580786
13.332228049252926
13.391358976304748
13.450636881742664
13.510061765268034
13.5696336272778
13.629352468868081
13.689218291824487
13.749231098623989
13.80939089250045
13.869697677179126
13.930151457264804
13.990752237986355
14.051500025254567
14.112394825663648
14.173436646488854
14.234625495685261
14.2959613818854
14.357444314403471
14.419074303225054
14.480851359014423
14.542775493106232
14.604846717513833
14.667065044918106
14.72943048867266
14.79194306279976
14.85460278199589
14.917409661616745
14.980363717694111
15.043464966921345
15.106713426656716
15.17010911492615
15.233652050420613
15.297342252487175
15.361179741144655
15.425164537068103
15.489296661593265
15.553576136720562
15.618002985103042
15.682577230060037
15.747298895564384
15.812168006249987
15.877184587403384
15.94234866497367
16.00766026556344
16.07311941642669
16.138726145477346
16.204480481285344
16.270382453068642
16.336432090699567
16.402629424708053
16.46897448627355
16.535467307226277
16.60210792005059
16.668896357880474
16.735832654497223
16.802916844339233
16.87014896249106
16.93752904468482
17.005057127306245
17.072733247383887
17.140557442598443
17.208529751276537
17.2766502123922
17.344918865567514
17.413335751074086
17.481900909821135
17.55061438337249
17.61947621393047
17.68848644434878
17.757645118121967
17.826952279388642
17.896407972932725
17.9660122441827
18.035765139209875
18.105666703964413
18.175716987298074
18.245916036475467
18.31626390013511
18.386760627558463
18.45740626866696
18.52820087402238
18.59914449482983
18.670237182930148
18.74147899080714
18.812869971582586
18.884410179013777
18.95609966750132
19.027938492081326
19.099926708426523
19.172064372846386
19.244351542291103
19.31678827434041
19.389374628553902
19.462110661149573
19.534996432916568
19.608032003976508
19.681217435089863
19.75455278764429
19.828038123665927
19.90167350581009
19.975458997368957
20.04939466225804
20.12348056503221
20.1977167708698
20.272103345586252
20.346640355619854
20.421327868041665
20.49616595055055
20.571154671473806
20.646294099762933
20.72158430499984
20.79702535738904
20.87261732776272
20.948360287577398
21.024254308919147
21.10029946448483
21.176495827606573
21.252843472234993
21.32934247293821
21.40599290491204
21.48279484396917
21.559748366542895
21.636853549685263
21.714110471063712
21.79151920897026
21.86907984230525
21.94679245059359
22.02465711396878
22.102673913183533
22.18084292959903
22.25916424519866
22.33763794256719
22.41626410490763
22.49504281603317
22.5739741603652
22.65305822293504
22.73229508937861
22.811684845947468
22.89122757948983
22.97092337746645
23.050772327939566
23.130774519575528
23.210930041645156
23.291238984017276
23.37170143716595
23.452317492164973
23.53308724068233
23.61401077498997
23.69508818795339
23.776319573035742
23.857705024293097
23.939244636380668
24.020938504540627
24.1027867246107
24.184789393019532
24.2669466067845
24.349258463512296
24.431725061395348
24.51434649921739
24.59712287634404
24.680054292726414
24.7631408488996
24.84638264597809
24.92977978566124
25.013332370225697
25.097040502527996
25.180904286003337
25.26492382465725
25.3490992230805
25.433430586428486
25.517918020434756
25.6025616314006
25.687361526201236
25.772317812279496
25.85743059764334
25.942699990870313
26.028126101104213
26.113709038047123
26.199448911970983
26.285345833701307
26.37139991462786
26.45761126670319
26.54398000242795
26.630506234863834
26.717190077628835
26.804031644887345
26.89103105136403
26.978188412327587
27.0655038435983
27.152977461543713
27.24060938307639
27.32839972565626
27.416348607282945
27.50445614650132
27.592722462396573
27.681147674590214
27.769731903240455
27.858475269045194
27.94737789323393
28.036439897573377
28.125661404354897
28.21504253640594
28.304583417080963
28.39428417025774
28.484144920343663
28.574165792267546
28.664346911481395
28.754688403958514
28.845190396189427
28.93585301518609
29.02667638847147
29.117660644084744
29.208805910579716
29.300112317019824
29.391579992977896
29.483209068534546
29.574999674278043
29.666951941300592
29.759066001195357
29.85134198605967
29.943780028489968
30.036380261580906
30.129142818921398
30.222067834597823
30.315155443186857
30.40840577975991
30.501818979874216
30.595395179578766
30.689134515403907
30.78303712436765
30.877103143972953
30.971332712199274
31.065725967508538
31.160283048835442
31.255004095598014
31.349889247681972
31.444938645448794
31.540152429727023
31.635530741818357
31.73107372348945
31.826781516971057
31.92265426495776
32.01869211060762
32.1148951975367
32.2112636698192
32.30779767198634
32.404497349022755
32.50136284636648
32.59839430990626
32.6955918859789
32.79295572136966
32.890485963311015
32.988182759469
33.08604625796541
33.18407660735175
33.28227395662216
33.38063845520247
33.47917025295975
33.57786950018569
33.67673634760728
33.775770946377634
33.874973448078926
33.97434400471436
34.073882768716
34.173589892932185
34.273465530630176
34.37350983549888
34.47372296163581
34.57410506355887
34.67465629619483
34.77537681487844
34.87626677535419
34.97732633377168
35.07855564668603
35.17995487105079
35.28152416422364
35.38326368395624
35.48517358840126
35.58725403610338
35.68950518599562
35.791927197409834
35.8945202300599
35.9972844440482
36.10021999986115
36.20332705836898
36.30660578082192
36.41005632885031
36.51367886445831
36.617473550027206
36.721440548311094
36.825580022433726
36.92989213589012
37.03437705253993
37.13903493660874
37.24386595268581
37.34887026572183
37.45404804102324
37.55939944426014
37.6649246414503
37.77062379897045
37.87649708354586
37.98254466225093
38.08876670251037
38.19516337208883
38.30173483910173
38.408481271998255
38.51540283957167
38.62249971094935
38.7297720555999
38.83722004331687
38.944843844232146
39.05264362880447
39.16061956782034
39.26877183239061
39.37710059395196
39.48560602426054
39.59428829539199
39.70314757974022
39.8121840500145
39.92139787923753
40.03078924074318
40.14035830817724
40.25010525548697
40.36003025693058
40.470133487068864
40.58041512076352
40.69087533317485
40.801514299761564
40.91233219627715
41.02332919877262
41.134505483581236
41.24586122733714
41.35739660695149
41.46911179963038
41.581006982856444
41.69308233439617
41.80533803229732
41.91777425488182
42.030391180748914
42.143188988771
42.25616785809432
42.369327968128864
42.482669498559915
42.59619262932957
42.70989754065139
42.823784412995224
42.93785342709333
43.05210476393415
43.16653860476022
43.28115513107134
43.39595452461669
43.510936967392354
43.6261026416451
43.741451729870825