 0.64722897866667E-06
 0.66349056604561E-06
 0.68013287918476E-06
 0.69716550271044E-06
 0.71459798052309E-06
 0.73244201806716E-06
 0.75070647252880E-06
 0.76940336739503E-06
 0.78854324548477E-06
 0.80813649875238E-06
 0.82819644867820E-06
 0.84873269758525E-06
 0.86975790955680E-06
 0.89128554884766E-06
 0.91332630777498E-06
 0.93589367081249E-06
 0.95899980388965E-06
 0.98265954741738E-06
 0.10068844274284E-05
 0.10316894384586E-05
 0.10570878656110E-05
 0.10830932634539E-05
 0.11097211420643E-05
 0.11369863091703E-05
 0.11649023220234E-05
 0.11934860930344E-05
 0.12227516823193E-05
 0.12527159029669E-05
 0.12833936381471E-05
 0.13148010027413E-05
 0.13469549565688E-05
 0.13798721073187E-05
 0.14135698325203E-05
 0.14480643830855E-05
 0.14833731409575E-05
 0.15195142074859E-05
 0.15565046117476E-05
 0.15943633241743E-05
 0.16331077700612E-05
 0.16727564963489E-05
 0.17133285288558E-05
 0.17548419222303E-05
 0.17973162501617E-05
 0.18407707357183E-05
 0.18852233637082E-05
 0.19306944359500E-05
 0.19772042302656E-05
 0.20247711085805E-05
 0.20734152003056E-05
 0.21231564277921E-05
 0.21740139914786E-05
 0.22260091386249E-05
 0.22791601122157E-05
 0.23334882339930E-05
 0.23890127179199E-05
 0.24457535151346E-05
 0.25037305344409E-05
 0.25629627333663E-05
 0.26234704692331E-05
 0.26852727123791E-05
 0.27483881580436E-05
 0.28128359133571E-05
 0.28786348450690E-05
 0.29458031365119E-05
 0.30143576042142E-05
 0.30843164154675E-05
 0.31556955457541E-05
 0.32285118860744E-05
 0.33027808194367E-05
 0.33785167137969E-05
 0.34557330412524E-05
 0.35344434858786E-05
 0.36146593791151E-05
 0.36963923004598E-05
 0.37796504350560E-05
 0.38644429131635E-05
 0.39507755672995E-05
 0.40386527015125E-05
 0.41280784929173E-05
 0.42190529078904E-05
 0.43115742636781E-05
 0.44056393441544E-05
 0.45012410289266E-05
 0.45983697320507E-05
 0.46970117664633E-05
 0.47971523907311E-05
 0.48987699749844E-05
 0.50018402602092E-05
 0.51063349795827E-05
 0.52122181863464E-05
 0.53194522063333E-05
 0.54279909690967E-05
 0.55377822543616E-05
 0.56487685272771E-05
 0.57608821352245E-05
 0.58740509040990E-05
 0.59881912351889E-05
 0.61032109892965E-05
 0.62190084736325E-05
 0.63354709612612E-05
 0.64524757096747E-05
 0.65698850708159E-05
 0.66875508056751E-05
 0.68053112010302E-05
 0.69229875618106E-05
 0.70403893443403E-05
 0.71573065463990E-05
 0.72735155670045E-05
 0.73887734655247E-05
 0.75028188939103E-05
 0.76153740513240E-05
 0.77261396536964E-05
 0.78347976395694E-05
 0.79410110932164E-05
 0.80444210868693E-05
 0.81446522477673E-05
 0.82413067398597E-05
 0.83339693094925E-05
 0.84222074358506E-05
 0.85055689499629E-05
 0.85835914281674E-05
 0.86557941424438E-05
 0.87216879777780E-05
 0.87807755684044E-05
 0.88325516983926E-05
 0.88765141498986E-05
 0.89121583992017E-05
 0.89389892868787E-05
 0.89565230535153E-05
 0.89642911866318E-05
 0.89618511604686E-05
 0.89487848335067E-05
 0.89247113197290E-05
 0.88892887949319E-05
 0.88422221268196E-05
 0.87832710776720E-05
 0.87122506139759E-05
 0.86290428844036E-05
 0.85335971095775E-05
 0.84259352037346E-05
 0.83061581020348E-05
 0.81744431774678E-05
 0.80310493230545E-05
 0.78763164266330E-05
 0.77106623701788E-05
 0.75345859792836E-05
 0.73486568455239E-05
 0.71535160583364E-05
 0.69498682435192E-05
 0.67384733188359E-05
 0.65201434708740E-05
 0.62957286667293E-05
 0.60661107820823E-05
 0.58321959723070E-05
 0.55948993635439E-05
 0.53551418604336E-05
 0.51138354839294E-05
 0.48718762636266E-05
 0.46301377577569E-05
 0.43894590137497E-05
 0.41506414346123E-05
 0.39144403608688E-05
 0.36815602724574E-05
 0.34526526719039E-05
 0.32283106063120E-05
 0.30090674990368E-05
 0.27953959249079E-05
 0.25877079349859E-05
 0.23863549332576E-05
 0.21916299302723E-05
 0.20037682808679E-05
 0.18229509889878E-05
 0.16493073323255E-05
 0.14829187423130E-05
 0.13238220793370E-05
 0.11720122614188E-05
 0.10274479305674E-05
 0.89005344391433E-06
 0.75972480165720E-06
 0.63633099650590E-06
 0.51971898039641E-06
 0.40971657791233E-06
 0.30613610358902E-06
 0.20877666810463E-06
 0.11742747364316E-06
 0.31869929476119E-07
-0.48119585691897E-07
-0.12276848541687E-06
-0.19230497322462E-06
-0.25695825805284E-06
-0.31695452285340E-06
-0.37251812515999E-06
-0.42386951039833E-06
-0.47122423849738E-06
-0.51479275110123E-06
-0.55477947542455E-06
-0.59138208556314E-06
-0.62479148841914E-06
-0.65519212553193E-06
-0.68276059833051E-06
-0.70766642688667E-06
-0.73007190678566E-06
-0.75013161919793E-06
-0.76799320178103E-06
-0.78379720056456E-06
-0.79767701015299E-06
-0.80975905660815E-06
-0.82016337257998E-06
-0.82900353099496E-06
-0.83638707809475E-06
-0.84241492916113E-06
-0.84718327278939E-06
-0.85078156585309E-06
-0.85329517573874E-06
-0.85480389206699E-06
-0.85538246785968E-06
-0.85510176533354E-06
-0.85402766836655E-06
-0.85222256530849E-06
-0.84974446519572E-06
-0.84664815086153E-06
-0.84298451937260E-06
-0.83880121221266E-06
-0.83414309018057E-06
-0.82905200006859E-06
-0.82356678920073E-06
-0.81772408522778E-06
-0.81155743588773E-06
-0.80509901718130E-06
-0.79837814555084E-06
-0.79142235239076E-06
-0.78425744126441E-06
-0.77690687906308E-06
-0.76939306478895E-06
-0.76173665657769E-06
-0.75395668882188E-06
-0.74607096824955E-06
-0.73809592471307E-06
-0.73004669378257E-06
-0.72193774958463E-06
-0.71378194123769E-06
-0.70559138884376E-06
-0.69737721109518E-06
-0.68914989601059E-06
-0.68091890933182E-06
-0.67269285616223E-06
-0.66447995228693E-06
-0.65628744870202E-06
-0.64812223814708E-06
-0.63999065281978E-06
-0.63189821718995E-06
-0.62385012541701E-06
-0.61585121897041E-06
-0.60790563134342E-06
-0.60001745534343E-06
-0.59219002435812E-06
-0.58442673361323E-06
-0.57673026933427E-06
-0.56910314370694E-06
-0.56154784319311E-06
-0.55406628995193E-06
-0.54666014462629E-06
-0.53933107149568E-06
-0.53208037395812E-06
-0.52490913849151E-06
-0.51781859199160E-06
-0.51080929395487E-06
-0.50388196811496E-06
-0.49703711063835E-06
-0.49027515810757E-06
-0.48359637376418E-06
-0.47700090865587E-06
-0.47048859443088E-06
-0.46405963590875E-06
-0.45771387700458E-06
-0.45145108796288E-06
-0.44527092475365E-06
-0.43917308214455E-06
-0.43315702394147E-06
-0.42722242611553E-06
-0.42136876288977E-06
-0.41559538656625E-06
-0.40990174546593E-06
-0.40428711631591E-06
-0.39875099490998E-06
-0.39329251050759E-06
-0.38791097525498E-06
-0.38260554084332E-06
-0.37737549783697E-06
-0.37222005189705E-06
-0.36713845675664E-06
-0.36212971341417E-06
-0.35719307204200E-06
-0.35232765893499E-06
-0.34753263008496E-06
-0.34280710881584E-06
                  NaN
-0.33356093080613E-06
-0.32903853782122E-06
                  NaN
-0.32019091937017E-06
-0.31586377424354E-06
-0.31160000045874E-06
-0.30739859663180E-06
-0.30325874274014E-06
-0.29917966132445E-06
-0.29516031095061E-06
-0.29119989860506E-06
-0.28729756726726E-06
-0.28345256794406E-06
-0.27966771194050E-06
-0.27593231545164E-06
-0.27225537157977E-06
-0.26861863196899E-06
-0.26505564532333E-06
-0.26154891537720E-06
-0.25807486038782E-06
-0.25464453038302E-06
-0.25128546877847E-06
-0.24797225671835E-06
-0.24469596498311E-06
-0.24147761966792E-06
-0.23830285754703E-06
-0.23517420431296E-06
-0.23209116859546E-06
-0.22905282997253E-06
-0.22605852771227E-06
-0.22310764870674E-06
-0.22019943032322E-06
-0.21733322279937E-06
-0.21450832894898E-06
-0.21172417648285E-06
-0.20898008569622E-06
-0.20627540102242E-06
-0.20360954284701E-06
-0.20098182318452E-06
-0.19839175459727E-06
-0.19583860089705E-06
-0.19332186253640E-06
-0.19084097546515E-06
-0.18839528345513E-06
-0.18598437535369E-06
-0.18360761332326E-06
-0.18126440075069E-06
-0.17895426303796E-06
-0.17667670305199E-06
-0.17443116171114E-06
-0.17221717448547E-06
-0.17003424126143E-06
-0.16788181803554E-06
-0.16575945134798E-06
-0.16366664464357E-06
-0.16160295644202E-06
-0.15956796413115E-06
-0.15756116741271E-06
-0.15558212607885E-06
-0.15363039393624E-06
-0.15170562394909E-06
-0.14980724971124E-06
-0.14793499682605E-06
-0.14608836986437E-06
-0.14426697674350E-06
-0.14247052780392E-06
-0.14069849367432E-06
-0.13895053799332E-06
-0.13722629731503E-06
-0.13552541131876E-06
-0.13384752622509E-06
-0.13219226109686E-06
-0.13055930442360E-06
-0.12894821991227E-06
-0.12735877581762E-06
-0.12579057365559E-06
-0.12424335229377E-06
-0.12271670809223E-06
-0.12121035759697E-06
-0.11972404406197E-06
-0.11825739790504E-06
-0.11681012745257E-06
-0.11538196610502E-06
-0.11397256820725E-06
-0.11258172667525E-06
-0.11120907535467E-06
-0.10985439189592E-06
-0.10851742134658E-06
-0.10719788806821E-06
-0.10589549282056E-06
-0.10460997795573E-06
-0.10334111715415E-06
-0.10208863090441E-06
-0.10085239027767E-06
-0.99631976840991E-07
-0.98427267388496E-07
-0.97238026777947E-07
-0.96063990685249E-07
-0.94904904178821E-07
-0.93760654615485E-07
-0.92630902498451E-07
-0.91515499151099E-07
-0.90414186806363E-07
-0.89326874026620E-07
-0.88253210901808E-07
-0.87193105812967E-07
-0.86146322255483E-07
-0.85112665539173E-07
-0.84091885594112E-07
-0.83083919606688E-07
-0.82088442023257E-07
-0.81105407043959E-07
-0.80134562057268E-07
-0.79175725031399E-07
-0.78228769053654E-07
-0.77293487215194E-07
-0.76369753225757E-07
-0.75457322700258E-07
-0.74556111526510E-07
-0.73665924508341E-07
-0.72786628135689E-07
-0.71918051840340E-07
-0.71060073520119E-07
-0.70212475431435E-07
-0.69375199766064E-07
-0.68548004204413E-07
-0.67730830595661E-07
-0.66923490775432E-07
-0.66125860726805E-07
-0.65337828836697E-07
-0.64559213555673E-07
-0.63789953120267E-07
-0.63029880964996E-07
-0.62278812199006E-07
-0.61536713090008E-07
-0.60803434234273E-07
-0.60078818804509E-07
-0.59362785340772E-07
-0.58655236112452E-07
-0.57955956296493E-07
-0.57264988693470E-07
-0.56582047109363E-07
-0.55907190893542E-07
-0.55240160922862E-07
-0.54580934484555E-07
-0.53929399744296E-07
-0.53285459896422E-07
-0.52648993957458E-07
-0.52019894325294E-07
-0.51398070583093E-07
-0.50783419950415E-07
-0.50175886167067E-07
-0.49575288742891E-07
-0.48981672617526E-07
-0.48394803733654E-07
-0.47814692469030E-07
-0.47241165399668E-07
-0.46674214210588E-07
-0.46113684269463E-07
-0.45559551802526E-07
-0.45011692839368E-07
-0.44470046831115E-07
-0.43934551829920E-07
-0.43405073993368E-07
-0.42881548690455E-07
-0.42363968090230E-07
-0.41852138168206E-07
-0.41346052597745E-07
-0.40845667991079E-07
-0.40350874818378E-07
-0.39861580362790E-07
-0.39377729066509E-07
-0.38899258074211E-07
-0.38426119641097E-07
-0.37958221875842E-07
-0.37495501406057E-07
-0.37037907412193E-07
-0.36585330362514E-07
-0.36137717263038E-07
-0.35695052976785E-07
-0.35257277095659E-07
-0.34824243039913E-07
-0.34395970331723E-07
-0.33972380317235E-07
-0.33553376030056E-07
-0.33138976051146E-07
-0.32729051073170E-07
-0.32323611895926E-07
-0.31922533988627E-07
-0.31525793863963E-07
-0.31133365450927E-07
-0.30745137717590E-07
-0.30361110031637E-07
-0.29981245113762E-07
-0.29605389907420E-07
-0.29233610271888E-07
-0.28865799347482E-07
-0.28501941405414E-07
-0.28141936432713E-07
-0.27785782445442E-07
-0.27433410718937E-07
-0.27084772621962E-07
-0.26739878576799E-07
-0.26398610551095E-07
-0.26060970549764E-07
-0.25726881780643E-07
-0.25396301941285E-07
-0.25069231317202E-07
-0.24745616960522E-07
-0.24425357435135E-07
-0.24108466662206E-07
-0.23794922328339E-07
-0.23484635386903E-07
-0.23177602253991E-07
-0.22873756110341E-07
-0.22573067726417E-07
-0.22275553397817E-07
-0.21981114130417E-07
-0.21689708949591E-07
-0.21401327809433E-07
-0.21115978043659E-07
-0.20833519799260E-07
-0.20553994631359E-07
-0.20277360736620E-07
-0.20003550551724E-07
-0.19732604552302E-07
-0.19464389019821E-07
-0.19198943299662E-07
-0.18936238168661E-07
-0.18676182714809E-07
-0.18418806794122E-07
-0.18164059862772E-07
-0.17911911816730E-07
-0.17662324792679E-07
