5.638371905762358
5.971630269419003
6.32117217564486
6.686783945274262
7.0682741269862515
7.465471937207559
7.878225655560835
8.306401051391173
8.749879890741763
9.208558554148475
9.682346782052127
10.171166555004866
10.674951109084997
11.193644082243917
11.727198784089165
12.275577579537075
12.838751375473784
13.416699198901615
14.009407854902692
14.616871652984209
15.23909219027435
15.876078182365985
16.527845330803512
17.194416219626202
17.875820232864843
18.57209348560888
19.283278767285964
20.009425483439877
20.750589596834516
21.506833574949965
22.278226320227194
23.064843098285465
23.866765456120525
24.684081130485918
25.516883946052626
26.365273703208768
27.229356055654304
28.10924237813564
29.00504962479588
29.916900178775645
30.84492169373023
31.789246927970083
32.750013572018254
33.7273640702871
34.72144543763261
35.732409071504485
36.76041056034773
37.805609488921334
38.86816924112597
39.94825680090603
41.046042551743156
42.16170007522163
43.295405949107725
44.44733954536682
45.617682828446824
46.80662015424407
48.01433806999347
49.24102511545101
50.48687162559175
51.752069535125266
53.03681218504397
54.34129413150794
55.665710957127686
57.01025908514264
58.37513559644288
59.76053804980874
61.16666430551771
62.59371235256372
64.04188013966197
65.51136541027076
67.00236554192864
68.51507738977232
70.0496971350448
71.6064201382004
73.18544079715791
74.7869524108216
76.41114704804563
78.05821542227264
79.72834677202673
81.42172874744226
83.13854730301793
84.87898659676895
86.64322889593052
88.43145448937716
90.24384160689817
92.08056634546227
93.94180260258986
95.82772201694722
97.73849391624437
99.6742852725443
101.63526066502185
103.62158225024668
105.6334097400307
107.67090038685306
109.73420897689809
111.82348783068787
113.9388868113105
116.08055334021331
118.24863242052726
120.44326666788217
122.66459634864326
124.91275942551609
127.18789161043927
129.49012642468466