5.851247903594191
6.186099906533287
6.537318030946332
6.904684058866213
7.288002019942344
7.687096707154971
8.101812127763226
8.532009968758777
8.977568129573863
9.438379355318208
9.914349989875776
10.405398857959696
10.911456278156127
11.432463203883682
11.96837048568762
12.519138246003408
13.084735356006409
13.665139003422421
14.26033433983894
14.870314196312666
15.495078855852995
16.134635873678018
16.788999934317854
17.458192737999646
18.14224290830732
18.84118591368888
19.555064001639334
20.283926131589315
21.02782790753126
21.786831517651326
22.561005656837164
23.350425447740633
24.15517235215686
24.975334073040845
25.811004446680965
26.66228332492341
27.529276447576088
28.412095305312562
29.310856993565714
30.22568405801457
31.156704332295487
32.10405076867309
33.067861262391915
34.04827847044354
35.04544962545743
36.05952634541735
37.09066443987544
38.139023713258865
39.20476776590748
40.28806379333591
41.38908238426487
42.507997317872295
43.644985360688764
44.80022606356535
45.97390155902478
47.16619635939006
48.37729715596147
49.60739261954614
50.856673202616534
52.12533094333914
53.413559271738514
54.7215528181984
56.04950722456039
57.39761895800105
58.766085127940414
60.15510330616155
61.564871350367554
62.99558723137907
64.44744886417918
65.92065394300282
67.41539978078983
68.93188315286146
70.47030014560576
72.03084600980766
73.61371501916342
75.21910033408615
76.84719387098195
78.49818617724587
80.17226631211904
81.8696217336222
83.59043819173169
85.33489962797714
87.10318808161287
88.89548360252273
90.71196417100589
92.55280562455339
94.41818159175978
96.30826343345969
98.2232201911929
100.16321854306965
102.12842276710414
104.11899471208059
106.13509377597396
108.17687689196444
110.24449852204766
112.33811065825375
114.45786283144432
116.6039021276753
118.77637321208329
120.97541836024841
123.20117749697376
125.45378824241787
127.73338596549942
130.04010384450055