0.03749869915774226
0.053874305229974655
0.07544102969767107
0.10334899844941607
0.13891381363830022
0.18361796831520044
0.2391004696486022
0.3071320049937852
0.3895752639066633
0.4883330382709367
0.6052890113409393
0.7422458519713405
0.9008614541524449
1.0825784913771843
1.2885399137781868
1.5194913243900596
1.7756944225694988
2.05689970564697
2.3624170135291407
2.691268823214999
3.042363031600075
3.4146270483379477
3.80708416240514
4.218883129724127
4.649299912747054
5.097726445966683
5.5636551497149185
6.04666343474543
6.5463999006671685
7.062572686224698
7.5949398913162085
8.143301798170603
8.707494581374213
9.287385220242154
9.882867370618122
10.493857998231077
11.12029461582142
11.76213299933895
12.41934528533642
13.091918372659844
13.779852567915736
14.483160427162087
15.201865756191163
15.936002739532439
16.685615174541145
17.45075579154986
18.23148564498757
19.02787356325028
19.839995647520496
20.667934811607438
21.51178035633021
22.371627573286585
23.247577373669667
24.139735938717557
25.048214388914175
25.97312846958285
26.914598251024284
27.872747841534565
28.84770511207315
29.839601431477764
30.848571411314808
31.87475265971919
32.91828554352356
33.979312958285576
35.05798010572456
36.15443427830474
37.26882465068053
38.40130207778898
39.552018899430415
40.72112875123709
41.90878638190078
43.11514747661514
44.34036848671722
45.58460646545361
46.84801890993125
48.13076360923649
49.43299849874174
50.754881520662096
52.096570490887956
53.45822297216086
54.83999615364323
56.242046736938725
57.66453082864318
59.107603839475054
60.57142039009105
62.0561342235953
63.56189812485419
65.08886384668224
66.63718204291233
68.20700220848332
69.79847262652977
71.41174032257742
73.0469510258502
74.70424913777087
76.38377770764345
78.08567841562103
79.81009156288741
81.55715606916753
83.32700947753837
85.11978796653595
86.93562636960289
88.774658201855
90.63701569416529
92.52282983455663