-0.18548536063921E-30
-0.18548536063921E-30
-0.18548536063921E-30
-0.18548536063921E-30
-0.18548536063921E-30
-0.18548536063921E-30
-0.18548536063921E-30
-0.18548536063921E-30
-0.18548536063921E-30
-0.18548536063921E-30
-0.18548536063921E-30
-0.18548536063921E-30
-0.18548536063921E-30
-0.18548536063921E-30
-0.12835538809342E-15
 0.14614230615689E-15
 0.10705070497642E-16
-0.20626263566156E-15
-0.57412378643768E-15
-0.37586422723472E-15
 0.65405130930281E-16
 0.84546630386616E-16
 0.24341798139405E-15
 0.64597710197500E-15
 0.18579771393858E-14
 0.33135502105506E-14
 0.70630169597288E-14
 0.14502247755410E-13
 0.27718840899163E-13
 0.49688060775611E-13
 0.85282376537805E-13
 0.14497727042963E-12
 0.23668713640132E-12
 0.37290581496809E-12
 0.56845149300965E-12
 0.85235176453278E-12
 0.12454293951858E-11
 0.17860200811977E-11
 0.25119563506194E-11
 0.34654827895401E-11
 0.47050265333076E-11
 0.62897401204827E-11
 0.82943560237791E-11
 0.10787405048232E-10
 0.13860000074476E-10
 0.17600077877574E-10
 0.22114214221328E-10
 0.27506639403894E-10
 0.33893808430676E-10
 0.41395640921774E-10
 0.50136535469305E-10
 0.60256545495279E-10
 0.71884811472456E-10
 0.85165396868967E-10
 0.10024050021411E-09
 0.11726200720731E-09
 0.13637863723010E-09
 0.15774431865007E-09
 0.18151266411689E-09
 0.20783838278797E-09
 0.23687603627596E-09
 0.26878871777354E-09
 0.30373186146889E-09
 0.34186378300334E-09
 0.38334853271882E-09
 0.42834027692864E-09
 0.47700354011050E-09
 0.52950442533251E-09
 0.58600015162304E-09
 0.64665678951074E-09
 0.71164712396955E-09
 0.78112727765105E-09
 0.85527967287119E-09
 0.93427092113673E-09
 0.10182761391213E-08
 0.11074729281325E-08
 0.12020361626916E-08
 0.13021497475697E-08
 0.14079966852779E-08
 0.15197609160537E-08
 0.16376219091967E-08
 0.17617594694627E-08
 0.18923629955286E-08
 0.20296127857210E-08
 0.21736732159810E-08
 0.23247249087805E-08
 0.24829294272406E-08
 0.26484435130075E-08
 0.28214115550991E-08
 0.30019691023393E-08
 0.31902397408371E-08
 0.33863273172192E-08
 0.35903284327483E-08
 0.38023120205141E-08
 0.40223327876801E-08
 0.42504190476278E-08
 0.44865852997122E-08
 0.47308232059010E-08
 0.49830926636331E-08
 0.52433371041047E-08
 0.55114714703040E-08
 0.57873944844109E-08
 0.60709646691864E-08
 0.63620378592758E-08
 0.66604393151725E-08
 0.69659611129750E-08
 0.72783932513254E-08
 0.75974992986903E-08
 0.79230203465734E-08
 0.82546968146963E-08
 0.85922375662743E-08
 0.89353522731878E-08
 0.92837369722887E-08
 0.96370770769816E-08
 0.99950463364131E-08
 0.10357333396177E-07
 0.10723594546190E-07
 0.11093506407366E-07
 0.11466723918315E-07
 0.11842921526024E-07
