3.971889227456797e-12
3.971889227456797e-12
3.971889227456797e-12
3.971889227456797e-12
3.971889227456797e-12
3.971889227456797e-12
3.971889227456797e-12
3.971889227456797e-12
3.971889227456797e-12
3.971889227456797e-12
3.971889227456797e-12
3.971889227456797e-12
3.971889227456797e-12
3.971889227456797e-12
3.971889227456797e-12
3.971889227456797e-12
3.971889227456797e-12
3.971889227456797e-12
3.971889227456797e-12
3.971889227456797e-12
5.9578338411851955e-12
3.971889227456797e-12
3.971889227456797e-12
6.206076917901245e-12
4.716618457604946e-12
6.454319994617295e-12
1.3901612296098789e-11
2.6562009208617328e-11
6.4791443022889e-11
1.5664138140782742e-10
3.664067812328895e-10
8.214363408534088e-10
1.7657530046812624e-9
3.633037427739389e-9
7.2005386832257405e-9
1.3775504813127037e-8
2.5484882498746388e-8
4.574673066338709e-8
7.983497347188161e-8
1.3573062584065098e-7
2.2523218471985558e-7
3.654038792029567e-7
5.804791984389751e-7
9.042236692366744e-7
1.3829167519020744e-6
2.0790015099523304e-6
3.075515997278191e-6
4.481390268914966e-6
6.437697141714235e-6
9.125024268993087e-6
0.000012771922348920915
0.00001766468217809589
0.000024158388171021874
0.00003268942906644571
0.0000437894655723117
0.00005810093761427791
0.00007639421495340034
0.00009958634276558496
0.0001287614986088107
0.0001651931488624555
0.000210367915064935
0.00026601117000909943
0.0003341143755110573
0.00041696408613828626
0.0005171726851779338
0.0006377107686909041
0.0007819411448836451
0.0009536544217391399
0.001157106156593338
0.0013970554708422247
0.0016788050774002388
0.002008242771055144
0.0023918841548251774
0.0028369166437750707
0.00335124470061422
0.003943536154875882
0.004623269657560209
0.005400783096229737
0.006287323003573682
0.007295094868087564
0.008437314254769995
0.009728258784988755
0.011183320835258826
0.01281906094053426
0.014653261879423795
0.016704983413030488
0.018994617571912054
0.02154394458847322
0.02437618933105731
0.027516078288889252
0.030989897119040887
0.0348255486337795
0.03905261139387769
0.043702398715248024
0.04880801828526257
0.054404432261160623
0.060528517949593345
0.06721912902113233
0.07451715737194786
0.0824655955775468
0.09110960005251395
0.10049655491551186
0.11067613660521602
0.1217003793328292
0.13362374145408812
0.14650317273544172
0.16039818269934208
0.1753709100483997
0.1914861933431664
0.2088116429362764
0.2274177143280272
0.24737778307472094
0.2687682213061175
0.2916684760500969
0.3161611495020584
0.3423320813443106
0.3702704333425951
0.40006877638532273
0.4318231801484761
0.46563330560984656