 0.39718892274568E-11
 0.24824307671605E-12
 0.49035669474775E-13
 0.15515192294753E-13
 0.63550227639309E-14
 0.30647293421735E-14
 0.16542645678704E-14
 0.96969951842207E-15
 0.60537863549105E-15
 0.39718892274568E-15
 0.27128537855726E-15
 0.19154558388584E-15
 0.13906688237305E-15
 0.10339153549190E-15
 0.78457071159640E-16
 0.60606219901379E-16
 0.47555575573291E-16
 0.37836164718191E-16
 0.30477737490173E-16
 0.24699381670442E-16
 0.31613520471088E-16
 0.62191183404598E-17
 0.19938347375640E-16
 0.12793681619740E-16
 0.11929534397321E-16
 0.16200663092965E-16
 0.20548139060869E-16
 0.32879934853616E-16
 0.59149958565080E-16
 0.12765234698190E-15
 0.26827977749182E-15
 0.52846827348948E-15
 0.10170196908485E-14
 0.18669410307937E-14
 0.33326944321665E-14
 0.57476891422832E-14
 0.96247156486409E-14
 0.15669938687000E-13
 0.24860226377100E-13
 0.38509169515720E-13
 0.58344585665329E-13
 0.86597960963900E-13
 0.12610224085638E-12
 0.18038969414107E-12
 0.25380755817545E-12
 0.35161884704467E-12
 0.48012205618883E-12
 0.64675691556880E-12
 0.86021996497218E-12
 0.11305585717642E-11
 0.14692725452210E-11
 0.18894006929212E-11
 0.24055969598331E-11
 0.30341974148684E-11
 0.37932717158938E-11
 0.47026640382369E-11
 0.57840173228276E-11
 0.70607871560326E-11
 0.85582363359705E-11
 0.10303419664514E-10
 0.12325154427563E-10
 0.14653976003496E-10
 0.17322082996799E-10
 0.20363272241598E-10
 0.23812860664450E-10
 0.27707600783153E-10
 0.32085586438046E-10
 0.36986153444400E-10
 0.42449773440504E-10
 0.48517942619140E-10
 0.55233069474887E-10
 0.62638359586035E-10
 0.70777697056544E-10
 0.79695529076887E-10
 0.89436749250276E-10
 0.10004658325807E-09
 0.11157047696793E-09
 0.12405398681511E-09
 0.13754267549276E-09
 0.15208201031139E-09
 0.16771726683906E-09
 0.18449343796121E-09
 0.20245514755303E-09
 0.22164657086786E-09
 0.24211135908140E-09
 0.26389257163532E-09
 0.28703261316416E-09
 0.31157317672631E-09
 0.33755519390521E-09
 0.36501878937270E-09
 0.39400324241817E-09
 0.42454695373740E-09
 0.45668741727119E-09
 0.49046119855532E-09
 0.52590391695716E-09
 0.56305023364816E-09
 0.60193384390000E-09
 0.64258747376721E-09
 0.68504288124287E-09
 0.72933086135490E-09
 0.77548125437882E-09
 0.82352295828883E-09
 0.87348394369576E-09
 0.92539127198597E-09
 0.97927111628445E-09
 0.10351487843493E-08
 0.10930487440526E-08
 0.11529946505417E-08
 0.12150093752644E-08
 0.12791150365223E-08
 0.13453330309562E-08
 0.14136840666618E-08
 0.14841881966938E-08
 0.15568648538686E-08
 0.16317328855517E-08
 0.17088105895039E-08
 0.17881157495769E-08
 0.18696656720119E-08
 0.19534772214935E-08
 0.20395668576783E-08
