0.002683857767558408
0.0043587373229454236
0.006782664495642769
0.01017579054514377
0.014793092250723228
0.02092579750018125
0.028902959278546553
0.03909325260041159
0.05190703089364342
0.06779864167199523
0.08726896601399436
0.11086811411386618
0.13919817935601167
0.17291592733900019
0.21273527281954405
0.25942937756335355
0.3138321817214267
0.37683915790091455
0.44940704278258015
0.5325522466334882
0.627347551823775
0.7349165756521199
0.8564252782589058
0.9930695569175175
1.1460577382373205
1.3165867040326789
1.5058107306868367
1.714803250906841
1.9445139332489938
2.195726475657428
2.4690251242766563
2.764778207246876
3.0831435880733715
3.424094857511877
3.7874614185480153
4.172973247042417
4.580302456021437
5.009097111608607
5.45900599546566
5.929695115966955
6.420857678223322
6.9322193310083025
7.463540235965725
8.01461512706566
8.585272179822944
9.175371235949957
9.784801731474726
10.413480541425638
11.061349865419922
11.728375221715114
12.414543582179045
13.119861659222092
13.844354343560054
14.588063284810133
15.351045603668284
16.133372723228355
16.935129306792902
17.756412290363425
18.597329998667863
19.458001334926987
20.33855503542573
21.23912898110758
22.1598695593435
23.100931069879163
24.062475169731783
25.044670352548422
26.04769145840772
27.071719210724392
28.116939777251115
29.183544352600684
30.27172876013039
31.381693071183207
32.51364124012453
33.66778075368344
34.844322293440435
36.04347941038472
37.26546821069767
38.51050705201478
39.77881624957201
41.070617791726555
42.38613506447253
43.72559258463731
45.08921574152834
46.47723054689552
47.88986339307442
49.327340819320945
50.789889286300074
52.27773495880194
53.79110349679183
55.330219854861944
56.895308090269
58.48659117971399
60.10429084502357
61.748627387947664
63.41981953426139
65.1180842873701
66.84363679162135
68.5966902055323
70.37745558510326
72.18614177742134
74.02295532470472
75.8881003789646
77.78177862739338
79.70418922864316