1.9859446137283985e-12
3.971889227456797e-12
5.213104611037046e-12
1.729261272404003e-9
8.511820675209094e-8
1.2458811122071272e-6
8.99931087190562e-6
0.000041495355106186455
0.00014117545406874246
0.00038699169864715927
0.0009046288940360564
0.0018737481676011514
0.00353264233943964
0.00618132366012887
0.010184189760028706
0.015973210886206627
0.02405233462034998
0.035003563404620165
0.049494971563358504
0.06829078474912584
0.09226352807215277
0.12240814397182621
0.15985787252887326
0.20590153412837864
0.26200160729241884
0.3298120386524586
0.41119354904935734
0.5082218937961772
0.6231787365581698
0.7585059698237473
0.9166855585417425
1.100002332551155
1.3101847866463343
1.548052198050019
1.8134095761967608
2.105291577362925
2.422367608909925
2.7632673238523267
3.1267496790657723
3.5117575736718227
3.9174158593411503
4.343008771424157
4.787953474545085
5.251775978240185
5.7340910984313735
6.234586402061104
6.753009537220139
7.289158276080634
7.842872676571335
8.414028881580299
9.002534180363806
9.60832304428217
10.231353917261016
10.871606593729137
11.529080056225293
12.203790674656844
12.89577069169401
13.605066935776481
14.331739716132102
15.075861864277206
15.837517893649505
16.616803255588216
17.413823673700293
18.228694542845187
19.061540381033254
19.9124943257429
20.781697667227846
21.669299412404513
22.575455874969105
23.500330287594497
24.444092432999064
25.40691829116621
26.388989699995353
27.39049403074071
28.411623868561833
29.452576707752197
30.513554652425732
31.59476412497516
32.69641558101251
33.818723230125414
34.9619047619249
36.126181076928134
37.31177602191395
38.51891612943493
39.74783036130088
40.99874985578508
42.27190767853136
43.56753857698609
44.885878738416885
46.22716555148472
47.591637371446915
48.97953328908171
50.39109290345706
51.82655609871336
53.286162825053076
54.77015288414167
56.278765719175915
57.81224020987442
59.37081447268677
60.95472566651183
62.56420980423663
64.19950157043613
65.86083414554908
67.54843903688766
69.26254591679879
71.003382468326
72.77117423872538
74.56614450113493
76.388514124624
78.23850145332838
80.11632219424455
82.0221893146753
83.95631294916576
85.9189003162674
87.91015564535263
89.93028011364476
91.97947179361152
94.05792561087218
96.16583331270466
98.30338344722456