1.9859446137283985e-12
3.971889227456797e-12
1.9648439522075343e-10
3.747005824259727e-8
9.987196305763292e-7
9.6987697498546e-6
0.00005227105073726293
0.000193599810917556
0.0005559068470640276
0.0013319408929094128
0.002792532596066889
0.005290763566625677
0.009265434818868592
0.015246010343976588
0.023860550741299662
0.03584766631699919
0.052076505301068166
0.07355279031800062
0.10147977919747614
0.13726167252999452
0.18256427406123615
0.23936642501828428
0.3100262923978294
0.3973574444516583
0.5046985625063004
0.6359093858761258
0.7950852402949659
0.9856142465983789
1.2086993424388268
1.4628962458982704
1.745416688332567
2.0535144681322817
2.3849903757315762
2.7381902336429786
3.1118809509984584
3.505134743266287
3.917243690246067
4.347660247774664
4.795956159619704
5.261793810683171
5.744905945491407
6.245081065212332
6.762152737979151
7.295991650932597
7.846499614670775
8.413604979262393
8.997259084838323
9.597433479833558
10.214117715127902
10.847317573493806
11.497053632095307
12.163360080186193
12.846283734336907
13.545883207053723
14.262228195076885
14.9953988614213
15.745485291141321
16.51258700517685
17.29681252022866
18.098278945146923
18.91711160642228
19.75344369698904
20.607415943728263
21.479176290140753
22.368879591301262
23.276687318909698
24.202767274641626
25.1472933104327
26.110445054573436
27.09240764271562
28.0933714531273
29.113531845588337
30.153088903501466
31.21224717882442
32.291215439577904
33.39020641962838
34.509436570593664
35.64912581574061
36.809497305720846
37.99077717611053
39.19319430665141
40.41698008224242
41.662368155624634
42.92959421183319
44.2188957344433
45.53051177373719
46.86468271685281
48.22165006008352
49.60165618347709
51.00494412791902
52.43175737491409
53.88233962928706
55.356934605057496
56.855785814785875
58.37913636265075
59.92722874159227
61.50030463484736
63.09860472220586
64.72236849135825
66.37183405468582
68.04723797187044
69.74881507868336
71.47679832236864
73.23141860385805
75.01290462752912
76.82148275832631
78.65737688711404
80.52080830432205
82.41199558226803
84.3311544664732
86.27849777623994
88.25423531479052
90.2585737891434
92.29171674001005
94.3538644818518
96.4452140532648
98.56595917783622
100.71629023555526
102.89639424485387
105.1064548553207