0.0430699271840892
0.06123314843857133
0.08491504883550817
0.11530606059618966
0.15378971289451832
0.20198670895637325
0.2617959502005769
0.3354427129283175
0.4255281008649398
0.535063272020694
0.6674367975096979
0.8261842607141134
1.0143513451157928
1.233488583583611
1.4830863359059514
1.761178893854586
2.0654193343891225
2.39371529204396
2.744392192420485
3.1161555387204114
3.508009664224518
3.9191841358064625
4.349077373998509
4.79721556324153
5.263223036457655
5.746800842068347
6.247711082216065
6.765765302972882
7.300815810079999
7.852749057326652
8.421480567762144
9.006950981739417
9.609122941372956
10.227978614624039
10.863517695916363
11.515755779406355
12.184723016373662
12.870462994612298
13.573031790937959
14.29249715991476
15.028937829806582
15.782442883964642
16.553111209827524
17.341051002267843
18.146379310501086
18.969221620195697
19.80971146410692
20.66799005600092
21.54420594367068
22.438514677729433
23.351078493482728
24.282066003769064
25.23165190105813
26.20001666737458
27.187346290967632
28.193831988781778
29.219669933988033
30.26506098796308
31.33021043619017
32.415327727692144
33.520626217655725
34.64632291294031
35.79263822026391
36.95979569690253
38.14802180374211
39.357545660626215
40.58859880387338
41.84141494601736
43.11622973771919
44.41328053191693
45.732806150262405
47.07504665195925
48.440243105117766
49.828637360780846
51.24047182980485
52.6759892627885
54.13543253329052
55.619044424607736
57.12706742032575
58.659743499009316
60.21731393329024
61.800019093724835
63.40809825769553
65.04178942378634
66.70132913192487
68.38695228969608
70.09889200517674
71.83737942664757
73.60264358959319
75.39491127127079
77.21440685326256
79.06135219234629
80.93596649993829
82.83846623050907
84.76906497919413
86.72797338888306
88.7153990672353
90.73154651254104
92.7766170524141
94.85080878921475
96.95431655857922
99.08733189743297
101.25004302279464
103.44263482126739