1.9859446137283985e-12
1.9859446137283985e-12
1.9859446137283985e-12
1.9859446137283985e-12
1.9859446137283985e-12
1.9859446137283985e-12
1.9859446137283985e-12
1.9859446137283985e-12
1.9859446137283985e-12
1.9859446137283985e-12
1.9859446137283985e-12
1.9859446137283985e-12
1.9859446137283985e-12
1.9859446137283985e-12
1.9859446137283985e-12
1.9859446137283985e-12
1.9859446137283985e-12
1.9859446137283985e-12
1.9859446137283985e-12
1.9859446137283985e-12
3.971889227456797e-12
3.971889227456797e-12
2.2341876904444484e-12
4.840739995962971e-12
8.936750761777794e-12
1.365336921938274e-11
3.4505787663530926e-11
8.204433685465446e-11
2.0206986444686453e-10
4.870529165168897e-10
1.1072882436919402e-9
2.411681490296424e-9
5.017240823508083e-9
1.0032992188555869e-8
1.932113102542523e-8
3.596074033616369e-8
6.484978014591727e-8
1.1358759164065605e-7
1.9366125083080015e-7
3.220463640314232e-7
5.232565627036201e-7
8.320383061737979e-7
1.2967144676339644e-6
1.9833287523075033e-6
2.9807724134695117e-6
4.406879240587875e-6
6.415723781657176e-6
9.20617431016387e-6
0.00001303187815460412
0.000018212687706697332
0.000025147746182810627
0.00003433021985758965
0.00004636380076721247
0.00006198106949801738
0.00008206372538367521
0.00010766479234488779
0.00014003269350296778
0.00018063744516868621
0.00023119869254650585
0.00029371583924504537
0.00037049999889172665
0.00046420802776913397
0.0005778782816236626
0.0007149683009505092
0.0008793942286429722
0.001075571956654783
0.0013084598404415862
0.0015836030840783281
0.0019071795381279937
0.002286047283122794
0.002727791711718462
0.003240777447244288
0.003834197963646387
0.004518127922947931
0.005303576322230045
0.006202540442934338
0.007228060817217311
0.008394276973043303
0.009716483901292417
0.011211189325562445
0.01289617158401409
0.014790538213619982
0.01691478504182253
0.01929085594931695
0.02194220316879108
0.024893848059174804
0.028172442546670413
0.031806330961730626
0.035825612464372755
0.04026220404665796
0.04514990399305492
0.05052445600572256
0.05642361379797921
0.0628872064117727
0.06995720401239781
0.07767778449496851
0.0860954006340461
0.09525884798122376
0.1052193335410772
0.11603054512990793
0.12774872156510791
0.14043272368328363
0.1541441061552405
0.16894719021810126
0.18490913726820737
0.20210002337711216
0.22059291476182036
0.2404639441573913
0.26179238825798035
0.28466074604683855
0.309154818218458
0.33536378827350305
0.3633803013125281
0.3933005505387602
0.4252243580808317
0.45925526074797873
0.4955005956863149
0.5340715874859613
0.5750834363804467
0.6186554082584057