0.021216402548956667
0.0310848085680452
0.04421785055521446
0.0613357669702288
0.08325914715154278
0.1109186153847237
0.14536396904500176
0.18777165789195205
0.2394492881562554
0.3018356993860737
0.37649510214695
0.4651037233520643
0.5694272153764225
0.6912864599495762
0.8325080809548787
0.9948542598480284
1.1799262357771994
1.3890417888566118
1.6231043468474868
1.8825061705472876
2.1671166016018946
2.476373609404978
2.8094411817131317
3.1653688831397417
3.5432100086136438
3.942089392320633
4.361232371556661
4.799970311977887
5.257734436585237
5.734045035256323
6.228499734307811
6.740762497945027
7.270553978775657
7.817643330025848
8.38184136979957
8.96299492675557
9.560982162555053
10.175708704715888
10.807104435800783
11.455120814556619
12.119728627271055
12.800916087311672
13.49868721696675
14.213060458861383
14.94406747466317
15.691752097194085
16.45616940867661
17.237384923170133
18.035473855458196
18.850520461994925
19.68261744221346
20.531865390701537
21.39837229239694
22.282253054449725
23.183629069444237
24.10262780568756
25.039382420904435
25.994031396417466
26.966718189273777
27.957590900294996
28.96680195628616
29.99450780497599
31.04086862147628
32.106048025256385
33.19021280673012
34.293532662880295
35.41617994117716
36.558329391399575
37.720157924961676
38.901844381373024
40.10356930162109
41.325514708262894
42.56786389205036
43.83080120502872
45.114511859994785
46.419181736297745
47.74499719198052
49.092144882261145
50.460811585108665
51.851184029059716
53.263448738064625
54.697791868929166
56.15439906596476
57.63345531825379
59.13514482453275
60.65965086510989
62.20715568094968
63.77784036003529
65.37188473112778
66.98946726503753
68.63076498352473
70.29595337594131
71.98520632370439
73.69869603269868
75.43659297371117
77.19906583094603
78.98628145871942
80.79840484636038
82.63559909140072
84.49802538106063
86.38584298207262
88.29920923885491
90.23827958004416
92.20320753337242