0.0016501995596079273
0.0027516726322724403
0.004383472904817764
0.0067154528668182615
0.009947466051775468
0.014310748943024186
0.02006930289887742
0.027521349543944525
0.03700090027183388
0.04887944581546037
0.06356773547443605
0.08151758154794565
0.10322359301871768
0.12922471632121862
0.16010544236490393
0.19649652898114964
0.23907508900883273
0.288563906683043
0.3457298674574073
0.4113814184606586
0.48636501234157836
0.571560522823469
0.6678756479032523
0.7762393295612698
0.8975942122198983
1.03288813222615
1.1830645826856545
1.3490520443065008
1.5317520399888083
1.732025799033371
1.950679555462778
2.188448801793632
2.4459822842335646
2.723827093152276
3.0224166991314436
3.3420639512843833
3.6829606628528326
4.04518442604081
4.428711986896805
4.833437332041959
5.259192019086563
5.705765327131149
6.172922395554469
6.660419301187086
7.16801474833938
7.695478556429322
8.242597407847231
8.809178413437579
9.395051033610445
10.00006781683054
10.624104324084916
11.267058518565056
11.928849824190126
12.609417996563568
13.308721904901551
14.026738290364285
14.763460542779063
15.518897521474225
16.293072434652185
17.086021784383064
17.89779437944422
18.728450415026956
19.578060616634396
20.44670544437727
21.334474353372144
22.241465105859255
23.167783130680597
24.113540926018036
25.07885750149764
26.06385785619394
27.06867248928114
28.093436940476597
29.138291357685656
30.203380089551118
31.288851300887703
32.39485660920592
33.521550740719896
34.66909120450052
35.837637983512494
37.02735324153585
38.238401044992386
39.470947099478416
40.72515849647027
42.00120348107863
43.299251221244425
44.61947159704621
45.962034998296694
47.32711213392333
48.714873852347175
50.12549097262747
51.55913412619985
53.01597360905369
54.496179244235925
55.99992025456211
57.52736514546863
59.07868159794308
60.654036371445734
62.253595216817935
63.87752279909609
65.52598263022678
67.19913701161711
68.89714698651568
70.62017230215845
72.36837138167311