0.0009743717701322746
0.0016719759344393588
0.0027321528501862207
0.004281743185775208
0.006472642397199514
0.009483142054522371
0.013519158800258717
0.018815426400465674
0.025636710123560086
0.034279081308028286
0.04507126559142818
0.05837605303991959
0.07459173286577482
0.09415349211066898
0.11753469754611794
0.14524796379765292
0.17784590163435302
0.2159214371799007
0.26010759818720863
0.311076676147907
0.3695386923999861
0.43623912084535593
0.5119558461705797
0.597495361471672
0.6936882285110687
0.8013838336768382
0.9214444698106373
1.054738757396669
1.2021343892343848
1.36449014753258
1.5426471132917563
1.737418983522966
1.9495814575494061
2.179860775963411
2.4289217128648084
2.697355627134211
2.9856695199448477
3.294277320161303
3.623494688159375
3.973538380760211
4.344530638854821
4.736508290863968
5.149435514230335
5.583218736656912
6.037722059093494
6.512781827976908
7.008219419810776
7.523851768613478
8.059499553409003
8.614993222381774
9.19017716680534
9.784912401610956
10.399078094577723
11.032572241792435
11.68531173253574
12.357231993471599
13.048286355399444
13.758445247738772
14.487695296004206
15.236038374970533
16.00349065333727
16.790081653638712
17.59585334239185
18.420859259373973
19.265163690730812
20.128840887712126
21.01197433100213
21.914656039369195
22.83698592063385
23.779071162615068
24.74102566144481
25.722969484696836
26.725028366846313
27.747333234583106
28.79001975986949
29.853227938580304
30.937101692970813
32.041788496175194
33.16743901730444
34.31420678576462
35.48224787357613
36.67172059514094
37.88278522012887
39.11560370880133
40.370339452159506
41.64715703318864
42.94622199851403
44.26770064337518
45.611759809043605
46.97856669231177
48.36828866678613
49.781093115709176
51.21714727607969
52.67661809393125
54.15967209056319
55.666475239612645
57.197192854857235
58.751989488627544
60.33102884076063
61.93447367801297
63.56248576384407
65.21522579853216
66.89285336953932
68.59552691206758