                  NaN
 0.96377507805656E-05
 0.84708599500667E-05
 0.74876238404664E-05
 0.66524361744202E-05
 0.59390311154715E-05
 0.53250742162454E-05
 0.47944883512136E-05
 0.43335315811312E-05
 0.39327495276165E-05
 0.35785482598210E-05
 0.32670036399946E-05
 0.29925628805762E-05
 0.27487756528518E-05
 0.25314476258944E-05
 0.23370231002202E-05
 0.21633198584172E-05
 0.20068806422270E-05
 0.18660932411757E-05
 0.17391637742570E-05
 0.16225128017818E-05
 0.15176339440250E-05
 0.14217252394469E-05
 0.13342505645147E-05
 0.12517618346224E-05
 0.11809366897571E-05
 0.11135135686143E-05
 0.10513869673951E-05
                  NaN
 0.94135708683642E-06
 0.89248481200113E-06
 0.84716537772414E-06
 0.80507095820570E-06
 0.76611381268326E-06
 0.72936950969908E-06
 0.69555524189963E-06
 0.66384427035491E-06
 0.63420227590897E-06
 0.60248023241879E-06
 0.58028599317269E-06
 0.55630354168139E-06
 0.53325565449161E-06
 0.51148488091268E-06
 0.49130966816686E-06
 0.47223569256366E-06
 0.45423588142683E-06
 0.43720801903089E-06
 0.42113412960621E-06
 0.40586461928708E-06
 0.39144145276170E-06
 0.37780080324906E-06
 0.36467720523148E-06
 0.35254160652573E-06
 0.34093091313878E-06
 0.32975369020826E-06
 0.31923939353266E-06
 0.30916583578506E-06
 0.29957662188763E-06
 0.29037035886743E-06
 0.28165994461829E-06
 0.27332476494270E-06
 0.26537043304796E-06
 0.25776389819926E-06
 0.25047980650337E-06
 0.24350557008517E-06
 0.23682431388628E-06
 0.23041999281923E-06
 0.22427753639016E-06
 0.21838286283167E-06
 0.21272280382052E-06
 0.20728503598678E-06
 0.20205801817330E-06
 0.19703093395466E-06
 0.19219363893090E-06
 0.18753661248366E-06
 0.18305091337158E-06
 0.17872813889586E-06
 0.17456038747086E-06
 0.17054022395070E-06
 0.16666064787065E-06
 0.16291506398425E-06
 0.15929725516402E-06
 0.15580135736656E-06
 0.15242183629243E-06
 0.14915346615787E-06
 0.14599130953810E-06
 0.14293069916615E-06
 0.13996722068844E-06
 0.13709669681334E-06
 0.13431517259487E-06
 0.13161890169066E-06
 0.12900433356083E-06
 0.12646810166887E-06
 0.12400701230807E-06
 0.12161803436527E-06
 0.11929828964702E-06
 0.11704504388348E-06
 0.11485569836149E-06
 0.11272778206439E-06
 0.11065894434123E-06
 0.10864694803732E-06
 0.10668966306304E-06
 0.10478506040938E-06
 0.10293120646515E-06
