 0.59886549383042E-05
 0.61997963342207E-05
 0.59588165892833E-05
 0.60862448398732E-05
 0.59549347065903E-05
 0.60327140511151E-05
 0.58989538856520E-05
 0.61610939670847E-05
 0.61378632164157E-05
 0.61636906436873E-05
 0.58956775778610E-05
 0.61202220981165E-05
 0.61098059537425E-05
 0.62889707592009E-05
 0.60913147854634E-05
 0.60525274980395E-05
 0.61230531097240E-05
 0.63722901561091E-05
 0.64140465613946E-05
 0.59081903232659E-05
 0.60420484690654E-05
 0.64421222792475E-05
 0.60922230355168E-05
 0.62923313771618E-05
 0.61297596000734E-05
 0.62566188215889E-05
 0.63186133428103E-05
 0.61030653579141E-05
 0.60986862397621E-05
 0.63432053587089E-05
 0.61060770707681E-05
 0.62411166689204E-05
 0.65898438410622E-05
 0.66204110807532E-05
 0.63964426770837E-05
 0.68011182818172E-05
 0.61521270683516E-05
 0.62403582750571E-05
 0.58418788421592E-05
 0.60478623305014E-05
 0.60803607076854E-05
 0.54897513521001E-05
 0.62095067899644E-05
 0.53235351227705E-05
 0.56371190261691E-05
 0.58467799242055E-05
 0.67694959539705E-05
 0.58005552017403E-05
 0.60310023429143E-05
 0.60764984714398E-05
 0.60624996409104E-05
 0.57173116057294E-05
 0.53401513801182E-05
 0.63671953546097E-05
 0.60474019606696E-05
 0.51793673995074E-05
 0.59983012014313E-05
 0.60623543984886E-05
 0.52185392093234E-05
 0.56129195483792E-05
 0.56276876351888E-05
 0.57954924762023E-05
 0.49139818815866E-05
 0.58536032843262E-05
 0.54923578198836E-05
 0.50550760066696E-05
 0.59017436910110E-05
 0.47031041989124E-05
 0.44840832468890E-05
 0.45322519813963E-05
 0.54010631677116E-05
 0.46299294400303E-05
 0.55407250743423E-05
 0.40064762579081E-05
 0.48925273295243E-05
 0.43075079633666E-05
 0.54034194925440E-05
 0.58433363677878E-05
 0.59299005671304E-05
 0.46656658433161E-05
 0.38881833521116E-05
 0.40843717002648E-05
 0.40896470505159E-05
 0.33707090323204E-05
 0.47367328988301E-05
 0.42570886084355E-05
 0.27904792590762E-05
 0.43946784665370E-05
 0.51923241208775E-05
 0.41884144871358E-05
 0.43246562802450E-05
 0.54521489607365E-05
 0.37328147503166E-05
 0.35224275133311E-05
 0.35096527472557E-05
 0.45304658111038E-05
 0.30205024247555E-05
 0.31995583500768E-05
 0.50088312073647E-05
 0.42383122964349E-05
 0.45822227423408E-05
 0.49694742700909E-05
 0.26818063742743E-05
 0.35961426998486E-05
 0.23455967548254E-05
 0.22081754150372E-05
 0.36049988900259E-05
 0.33627480886825E-05
 0.35658823867905E-05
 0.57721130123782E-05
 0.26050527825984E-05
 0.33728158659856E-05
 0.36233250516912E-05
 0.44894776146829E-05
 0.35309477999746E-05
 0.52552430006194E-05
 0.39452497040837E-05
 0.33266121429137E-05
 0.36428870895340E-05
 0.23473008850735E-05
-0.40825402990184E-03
 0.35961956986725E-03
 0.54976550967194E-03
 0.22388557453772E-04
-0.30734281183965E-03
-0.45483357270644E-03
-0.24083440987544E-03
-0.22604788398606E-03
 0.19502958705282E-04
 0.27708993032338E-03
 0.48433083708689E-03
 0.58491140849525E-03
 0.54693376462440E-03
 0.37443718569019E-03
 0.98294724675590E-04
-0.21417681369199E-03
-0.18980526568688E-03
-0.30933084203719E-03
-0.36262968360384E-03
-0.32684694667954E-03
-0.21075718492414E-03
-0.32532594905775E-04
 0.16198226545905E-03
 0.32721733619535E-03
 0.42442441256259E-03
 0.42203910436353E-03
 0.31815209279257E-03
 0.13155801682101E-03
-0.41115347468320E-03
-0.77791274804880E-03
-0.97477904006455E-03
-0.65477486992200E-03
-0.22136485690720E-03
 0.74248295227372E-03
 0.14140477029064E-02
-0.74186094227995E-03
 0.28275742172380E-05
 0.29903322056910E-05
 0.41666367409133E-05
-0.37640806341623E-04
-0.18914867619169E-04
 0.64046027569339E-04
 0.83221544860310E-05
-0.49337714596150E-04
-0.40960787483331E-04
 0.44200696731012E-04
 0.70628342191727E-04
 0.14901094516482E-05
-0.69315671168519E-04
-0.69839004234988E-05
 0.73736762359191E-04
-0.64951277650565E-04
-0.10885409100845E-05
 0.16837849455146E-05
 0.91464763753567E-06
-0.14164038479236E-05
-0.22742948889131E-05
 0.25753638186726E-06
 0.62773479714886E-06
-0.15886083973593E-05
 0.26805861002331E-05
 0.56928092431251E-05
 0.23025445272688E-05
 0.12054533717177E-05
-0.40946050246788E-06
-0.59913496905996E-06
 0.57593486832825E-05
 0.22762956742841E-05
 0.16141043732554E-05
 0.26280007323967E-05
 0.51101432155516E-05
-0.14446407163996E-05
-0.11094649879652E-07
 0.31388225976198E-05
 0.24078097697090E-05
 0.43249012303664E-05
 0.15573144892250E-04
-0.38991891913834E-05
-0.16168468492240E-05
-0.13836654159084E-07
-0.68553752227839E-05
-0.18737060593138E-05
-0.34821551105947E-05
 0.12319965590031E-05
 0.35777543722225E-05
-0.13395237920642E-05
-0.16182984150369E-05
 0.33931815963003E-05
 0.60993028546372E-06
 0.28015745662741E-05
-0.27525103518787E-05
 0.25736981873595E-05
 0.19183381316404E-05
 0.28158009859380E-06
 0.29384561288643E-05
 0.29642730175169E-05
 0.64790702930391E-06
-0.77129636378929E-06
 0.89668464424552E-05
 0.23628478311409E-05
 0.39260241548071E-05
-0.41749346059830E-05
-0.25838019042701E-05
 0.42868371947135E-05
 0.50940119946909E-06
-0.57390973793714E-06
-0.21424871097965E-05
-0.35963371711044E-05
 0.10703293632622E-04
 0.49413084448511E-05
-0.14090797207893E-05
-0.30226558441537E-05
 0.67068780774878E-05
-0.17597285072781E-05
-0.28174096744868E-05
 0.29178099577362E-05
 0.14201165839464E-05
 0.68456230043649E-05
-0.91639319679238E-05
 0.65442826362501E-06
-0.17730512385353E-05
 0.37800229000519E-05
 0.56954062113531E-06
 0.65523212416961E-05
 0.22252534578909E-05
-0.66372811493713E-03
 0.26017831421814E-02
 0.15884735312147E-02
 0.40364182445919E-05
 0.19819477460554E-05
-0.35434993386088E-05
-0.82407394388437E-06
-0.21378164137786E-05
 0.18560502176377E-05
-0.97993221841137E-05
 0.71281340003875E-05
 0.23560139501557E-05
 0.50457949868721E-05
-0.98420647850387E-06
 0.65072289862157E-03
-0.45753791603271E-02
 0.37920455779449E-02
-0.29061460420255E-02
 0.54557234011059E-02
 0.53104161765256E-05
-0.79760065144515E-06
 0.82022162533181E-05
 0.60608492258692E-05
 0.42252313160776E-05
-0.52837282634496E-05
-0.24803596677709E-05
-0.29451323423262E+02
 0.13068672958035E-04
 0.17561025185765E-05
 0.28473789651195E-05
 0.14214737144654E-05
-0.38950234984417E-05
-0.20773534533255E-05
-0.90819278276495E-05
 0.99623962394892E-05
-0.73710453188457E-05
 0.11760808456710E-05
 0.16069370939841E-04
 0.13748426632207E-04
 0.80193905407112E-05
 0.29809611034934E-06
 0.77453859901842E-05
 0.50116998417065E-05
-0.27413616634339E-05
 0.15890705274766E-04
 0.62427981758876E-05
 0.50333660059834E-05
-0.37281399421366E-05
 0.69171768306035E-05
 0.37733818797482E-07
-0.13259181676359E-05
 0.13643341285780E-04
-0.14379453393748E-04
 0.42513018969105E-06
-0.11920409203658E-05
-0.10599822697751E-05
 0.18767878364899E-05
-0.94315631301025E-05
-0.81437656094919E-05
 0.66389078811109E-05
 0.84185076105096E-05
-0.50404303541271E-05
 0.12470737896579E-04
 0.12819746306386E-05
 0.36101344201491E-05
 0.61466949951975E-05
 0.40637908262745E-05
-0.55665526397908E-09
-0.58542489945849E-05
 0.61275724371929E-05
 0.38639469523124E-05
 0.25184828940341E-05
-0.73649484029709E-05
 0.52196891216156E-05
 0.53940003659352E-05
 0.89330913236406E-06
-0.14689046366903E-04
 0.63546955123057E-05
-0.15020878702885E-04
-0.10557006314528E-04
-0.90942681916759E-05
 0.32080560081839E-05
 0.16890863695464E-05
 0.19875934403432E-05
-0.42687291434047E-05
-0.57298137365551E-06
 0.58217551415504E-05
 0.36541354410003E-05
-0.67165052577794E-05
-0.11212709516223E-04
 0.11608117971334E-04
 0.75981361151551E-05
 0.42591917440883E-05
 0.73753790544386E-05
-0.82121813361909E-05
-0.71414762939918E-05
 0.25497374735423E-07
-0.49294251041720E-05
-0.25052699679402E-05
 0.33259333837907E-05
-0.48963886523858E-05
-0.61603163636393E-05
 0.54673655128559E-05
-0.44380807939432E-06
 0.11587746002995E-04
-0.23592570541367E-05
-0.19376888245837E-05
-0.30036235174752E-06
-0.12253382489499E-04
 0.27556730583961E-05
-0.15263668603082E-05
 0.28793039712143E-05
 0.10939027458329E-04
-0.57825063582804E-05
 0.12110430645554E-04
-0.12557053802042E-04
 0.11541609431070E-05
-0.19168717900910E-04
 0.16319342420360E-04
-0.10496889935666E-04
 0.17038784446770E-04
-0.39689296086163E-05
 0.99685470917429E-05
-0.15915084225107E-05
-0.74568286197511E-05
 0.20337685674045E-05
-0.47802697434690E-05
 0.33632225248824E-05
-0.72896274382293E-05
-0.66766574999786E-05
-0.10504325657277E-04
 0.95335526182916E-05
-0.52844088097220E-05
-0.58704475117791E-05
 0.11629123945847E-04
 0.65908451686844E-06
-0.31378634331420E-05
-0.18222380759684E-04
 0.86328538951328E-05
-0.12120174363205E-04
-0.23266442490543E-04
-0.20054609902693E-04
 0.65519084895833E-05
-0.42090425411215E-05
-0.18745917136626E-04
-0.13610584536754E-04
 0.47110715595681E-05
 0.11188344133007E-04
 0.10535981251293E-04
-0.62964541203080E-05
 0.73819448377783E-05
 0.11963346857736E-04
-0.66747389694219E-05
-0.23118898141898E-05
-0.25030673648194E-05
 0.14893127313013E-04
 0.13618406585443E-04
-0.13532099207874E-05
-0.75007819558284E-05
 0.26017584345708E-04
-0.69731506163214E-06
-0.93573767421574E-05
-0.21645957369370E-04
-0.83488323355912E-05
-0.14610232968049E-05
-0.20060973201348E-04
 0.62573077062616E-05
-0.47752903751235E-05
 0.17818439827819E-05
 0.84651980509952E-05
 0.40850280976109E-04
 0.32637835269560E-04
 0.17090832922262E-04
-0.23571404736235E-05
 0.18247122652226E-04
-0.67096893979356E-05
-0.23758250012795E-04
-0.36692101641003E-04
-0.16703808601269E-04
 0.48420135610231E-06
-0.17310737761895E-05
 0.25107785606393E-04
 0.23629175111733E-04
 0.28833600912781E-04
 0.62855981324724E-05
 0.27308164949954E-04
 0.11025336634963E-04
 0.17661735464026E-04
-0.26412118964108E-05
-0.13074660470313E-04
-0.28075474003134E-04
-0.20886148174688E-04
-0.27181472160334E-04
-0.25282554394402E-04
-0.25521467345987E-04
-0.38797500773190E-04
 0.12676995513180E-04
 0.33720429920791E-04
 0.18995491446841E-04
 0.41010482797171E-04
-0.27593677863328E-04
 0.32048893047813E-04
 0.16342695184988E-04
 0.26764336671053E-04
-0.56873315349941E-04
-0.43973916007030E-06
 0.11118295358530E-05
 0.55703596973989E-04
 0.26033658332099E-04
-0.13869376276528E-04
-0.18031066932746E-04
 0.50805230997262E-05
-0.35305998555104E-04
 0.26675505153520E-05
-0.67885104160909E-05
 0.13047344119468E-04
-0.12176717398713E-04
-0.41201968463274E-05
-0.45275068023496E-04
-0.55016472871345E-05
 0.11666624679277E-05
 0.36405198048031E-04
-0.43790005214114E-04
-0.38289993178988E-04
 0.17968935344423E-04
 0.11083939810151E-04
-0.27448795564520E-04
-0.12775211746640E-04
 0.55633904022880E-04
-0.21512301842555E-05
 0.29540030760745E-04
-0.36198609401146E-05
 0.73964736382188E-05
 0.84944244031105E-05
-0.78240407237363E-05
-0.39692377362560E-04
-0.24595550450292E-04
 0.42061569792090E-04
 0.65978622607329E-05
-0.19871699923555E-04
-0.29127352075038E-04
-0.39004652599022E-04
 0.31062680556813E-05
-0.90595540214591E-05
 0.19263508914534E-04
-0.18673718376409E-04
 0.90755877732552E-05
-0.89863354723580E-05
-0.15467191755778E-04
 0.54950233886835E-04
 0.26516197821541E-04
 0.42324681004355E-04
 0.47213542970878E-04
-0.18390185788689E-04
-0.49065459241656E-05
 0.36230530543578E-04
 0.12148658951552E-04
 0.19814233971025E-04
 0.96525158992823E-05
-0.86363017909609E-05
 0.23849134899713E-04
 0.13030254474000E-04
-0.15887963884728E-04
 0.11859461419472E-04
 0.16975898076668E-04
 0.27761730189914E-04
-0.14176323209321E-04
 0.15294342920135E-04
-0.14531252017913E-04
 0.31530175410727E-04
-0.25166760158187E-04
-0.17594944000809E-04
-0.17660506785747E-04
-0.13960817381943E-04
-0.44527761309683E-04
 0.20779623470753E-04
-0.24099175867720E-04
 0.24977744285968E-04
-0.40635311353140E-04
 0.25286592092430E-05
 0.87283548516245E-05
-0.15736241318374E-04
 0.19019020854900E-04
-0.57360987196950E-04
-0.33273237769918E-04
-0.23028260177427E-04
