0.0827947699976273
0.11581447496648814
0.1587556231508316
0.21392442143881393
0.2840670052043969
0.37241215913761344
0.48266967306761616
0.6188992987310028
0.7850312344138722
0.9837368113001906
1.2150852891525072
1.4766604038599573
1.765210158927336
2.077885968195683
2.412531216959842
2.767571248411459
3.1418513371758707
3.5345102765383065
3.9448934560562288
4.372494591094659
4.8169164139008895
5.27784370547792
5.75502442559637
6.2482562482210735
6.757376776364157
7.282256311315312
7.822792427782366
8.378905847668095
8.950537261514356
9.537644850691123
10.140202333508622
10.758197406884694
11.391630488982692
12.040513692389242
12.704869974768307
13.38473242675855
14.080143666321652
14.79115531560368
15.51782754240343
16.260228651646244
17.01843471597759
17.79252923678999
18.582602829044532
19.388752924642656
20.211083490293998
21.049704756757457
21.904732957042036
22.77629007174161
23.66450358004524
24.569506215424298
25.49143572518806
26.43043463333003
27.386650006250754
28.360233221110924
29.35133973659913
30.360128866009244
31.386763552600826
32.431410147227155
33.494238188259835
34.57542018385949
35.67513139669811
36.79354963119357
37.93085502338245
39.087229833542935
40.262858241690154
41.45792614608646
42.672620964893696
43.90713144113575
45.16164745109244
46.43635981632022
47.731460119443746
49.047140523889354
50.38359359773933
51.741012141888596
53.119589022681026
54.51951700922341
55.940988615551646
57.384195947850344
58.84933055692708
60.336583296102994
61.84614418476285
63.37820227769862
64.93294554048651
66.51056073103825
68.11123328754434
69.73514722295252
71.3824850261663
73.05342757012538
74.74815402690959
76.46684178999804
78.20966640386331
79.97680150095842
81.76841874624728
83.58468778937372
85.42577622453796
87.29184955816812
89.18307118445422
91.09960236877701
93.04160223906999
95.00922778515859
97.0026338660717
99.02197322531283
101.06739651412381
103.13905232266426