0.13602053917089169
0.18956526797954693
0.26012179070253355
0.3525349046585175
0.47299661350828326
0.6286721352038499
0.8242880261300765
1.05703812821762
1.320178447105373
1.608529569118641
1.918907472632505
2.249329581243709
2.598492307002093
2.965493486757489
3.3496824030159082
3.750574321391468
4.167799103243415
4.601068812723639
5.050156463668709
5.5148815996813525
5.995100232122871
6.490697652417561
7.001583195660421
7.527686362014444
8.068953903243727
8.625347607195154
9.196842594624488
9.783425996410177
10.385095915886861
11.001860606030299
11.633737809459205
12.280754221788326
12.94294504852238
13.62035363255117
14.313031134694395
15.021036253696726
15.744434975205294
16.483300341690047
17.23771223711696
18.00775718161702
18.793528132658388
19.59512429000768
20.412650902631075
21.246219075776835
22.095945578029713
22.961952646969284
23.844367793431257
24.743323604154867
25.65895754276266
26.5914117491847
27.540832837662656
28.507371693577262
29.491183269315044
30.49242637947933
31.51126349568607
32.54786054126569
33.60238668613216
34.67501414209325
35.765917958891215
36.875275821221734
38.00326784697583
39.15007638697376
40.31588582640305
41.50088238821979
42.70525393870545
43.92918979542709
45.17288053780265
46.436517820504484
47.720294189878594
49.02440290363981
50.34903775401611
51.69439289457399
53.060662670920905
54.448041455528596
55.85672348684865
57.28690271296226
58.73877263997937
60.21252618536504
61.70835553645402
63.22645201431312
64.76700594319009
66.33020652573343
67.91624172419306
69.52529814777414
71.1575609463497
72.81321371070027
74.49243837944677
76.19541515283872
77.92232241356145
79.67333665468242
81.44863241486775
83.24838222101803
85.07275653838458
86.92192372828005
88.79605001346566
90.69529945128745
92.61983391458979
94.56981308047806
96.54539442694151
98.5467332373596
100.57398261288658
102.62729349272611
104.70681468224558
106.81269288894154