0.05852095139689931
0.08254430019367
0.11380877178007255
0.15390874916500955
0.20470612923731665
0.2683558283482585
0.34731938829710274
0.44435579327668023
0.5624689696416608
0.704769104296117
0.8741680902398264
1.0728334227772534
1.3015415789010676
1.5594573615976302
1.8446656962279704
2.1549731135086714
2.4884062888156477
2.8433606507431732
3.2185789315465234
3.6130838564594465
4.026112605904855
4.457064684860671
4.905463059831616
5.370925743664095
5.853145039640317
6.351872273851253
6.8669064477993045
7.398085706198367
7.945280845300817
8.508390315825825
9.087336332592153
9.682061811970387
10.292527934595654
10.918712184397272
11.560606753348761
12.218217228933591
12.891561501533815
13.580668843801131
14.28557912514392
15.006342132901095
15.74301697799182
16.495671567824587
17.264382132868498
18.049232796238748
18.850315177945028
19.6677280271343
20.501576877113223
21.351973719027548
22.21903669088107
23.102889779355948
24.003662532342165
24.921489780567775
25.85651136707453
26.808871883523274
27.778720412514797
28.766210275354613
29.77149878476315
30.794747002160545
31.836119499259826
32.89578412376146
33.97391169145643
35.07067614736696
36.18625356776323
37.32082271647704
38.47456444209112
39.64766154407344
40.84029856522702
42.05266158803838
43.28493803501339
44.53731647307971
45.8099864221887
47.10313816820946
48.416962580268404
49.751650932659
51.10739473148139
52.48438554615433
53.882814845981
55.302873841914185
56.74475333371372
58.20864356265146
59.6947340699563
61.20321356116578
62.73426977656521
64.2880893678888
65.86485778145573
67.46475914789788
69.08797617866283
70.73469006942875
72.40508041059122
74.09932510495047
75.81760029275954
77.56008028421742
79.32693749954461
81.11834241673336
82.93446352706758
84.775467298487
86.64151814684315
88.53277841514742
90.44940836079708
92.39156615084164
94.35940786531278
96.35308750858339
98.37275702880181
100.41856634534298