 0.31124088731809E+00
 0.38914799077502E-01
 0.11535108398525E-01
 0.48692194725296E-02
 0.24949246072083E-02
 0.14451651730488E-02
 0.91108435027257E-03
 0.61114526469207E-03
 0.42986477378702E-03
 0.31389968581644E-03
 0.23628384115752E-03
 0.18238204240688E-03
 0.14378193375707E-03
 0.11541314666053E-03
 0.94095306517390E-04
 0.77764545362717E-04
 0.65041662078889E-04
 0.54981107602120E-04
 0.46919877780616E-04
 0.40383711588937E-04
 0.35027258671921E-04
 0.30594979416372E-04
 0.26895032760801E-04
 0.23781492802238E-04
 0.21142020696788E-04
 0.18889179038431E-04
 0.16954221304495E-04
 0.15282590327793E-04
 0.13830614300228E-04
 0.12563054117375E-04
 0.11451261315312E-04
 0.10471783396930E-04
 0.96052955113943E-05
 0.88357763727929E-05
 0.81498669415739E-05
 0.75363675628558E-05
 0.69858408201269E-05
 0.64902957480186E-05
 0.60429351234018E-05
 0.56379520074578E-05
 0.52703649981386E-05
 0.49358841004102E-05
 0.46308009583031E-05
 0.43518985813327E-05
 0.40963767546959E-05
 0.38617901324979E-05
 0.36459966377887E-05
 0.34471142776825E-05
 0.32634848598191E-05
 0.30936433930404E-05
 0.29362921890442E-05
 0.27902788671725E-05
 0.26545776121813E-05
 0.25282731529809E-05
 0.24105470253083E-05
 0.23006657579374E-05
 0.21979706841678E-05
 0.21018691308486E-05
 0.20118267785118E-05
 0.19273610199829E-05
 0.18480351727161E-05
 0.17734534230413E-05
 0.17032563995644E-05
 0.16371172887496E-05
 0.15747384188902E-05
 0.15158482496954E-05
 0.14601987139277E-05
 0.14075628653008E-05
 0.13577327933733E-05
 0.13105177717071E-05
 0.12657426106984E-05
 0.12232461790260E-05
 0.11828801434682E-05
 0.11445076777404E-05
 0.11080025612896E-05
 0.10732481359589E-05
 0.10401364910573E-05
 0.10085677013810E-05
 0.97844913950405E-06
 0.94969485654171E-06
 0.92222502263214E-06
 0.89596542070870E-06
 0.87084698789058E-06
 0.84680539949916E-06
 0.82378069126419E-06
 0.80171691580994E-06
 0.78056182993344E-06
 0.76026660959984E-06
 0.74078558990151E-06
 0.72207602753036E-06
 0.70409788359074E-06
 0.68681362480036E-06
 0.67018804134015E-06
 0.65418807978942E-06
 0.63878268975470E-06
 0.62394268292568E-06
 0.60964060343017E-06
 0.59585060846015E-06
 0.58254835826125E-06
 0.56971091471437E-06
 0.55731664766965E-06
 0.54534514842664E-06
 0.53377714972883E-06
 0.52259445172364E-06
 0.51177985338971E-06
 0.50131708897543E-06
 0.49119076903897E-06
 0.48138632571395E-06
 0.47188996186167E-06
 0.46268860379667E-06
 0.45376985730881E-06
 0.44512196671285E-06
 0.43673377670579E-06
 0.42859469680132E-06
 0.42069466815458E-06
 0.41302413259313E-06
 0.40557400368926E-06
 0.39833563972393E-06
 0.39130081840170E-06
 0.38446171319055E-06
