 0.10681863108184E-13
 0.26704657770460E-14
 0.16700560865383E-14
 0.30691394981963E-12
 0.11753668127970E-10
 0.12517730685867E-09
 0.65328539151624E-09
 0.21974498924600E-08
 0.55309657563076E-08
 0.11398555114141E-07
 0.20356077728761E-07
 0.32714102336180E-07
 0.48573236273663E-07
 0.67892784308781E-07
 0.90589046445675E-07
 0.11654460621466E-06
 0.14577672627979E-06
 0.17831781146535E-06
 0.21439665511121E-06
 0.25427300234036E-06
 0.29845818787201E-06
 0.34744829322336E-06
 0.40048500132819E-06
 0.46263018245427E-06
 0.53049135747220E-06
 0.60646123697680E-06
 0.69159889717897E-06
 0.78735850477291E-06
 0.89412301972338E-06
 0.10137126487121E-05
 0.11455856125860E-05
 0.12879069712659E-05
 0.14390781628260E-05
 0.15970550350159E-05
 0.17538586645607E-05
 0.18927173186460E-05
 0.19932312067197E-05
 0.20405655908628E-05
 0.20315035817036E-05
 0.19741452019863E-05
 0.18830278171249E-05
 0.17734408238091E-05
 0.17648721858795E-05
 0.15438062081765E-05
 0.14362760620781E-05
 0.13370007084898E-05
 0.12464377891788E-05
 0.11642940283208E-05
 0.10899402285894E-05
 0.10226313114317E-05
 0.96161767045866E-06
 0.90619624344844E-06
 0.85573109945036E-06
 0.80965820997816E-06
 0.76748260425530E-06
 0.72877222396661E-06
 0.69315072384529E-06
 0.66029030315953E-06
 0.62990509270506E-06
 0.60174541240174E-06
 0.57559190319811E-06
 0.55125316496978E-06
 0.52855927812562E-06
 0.50736065849928E-06
 0.48752477473452E-06
 0.46893297687863E-06
 0.45148044469925E-06
 0.43507422486318E-06
 0.41962844046096E-06
 0.40506757161287E-06
 0.39132368683909E-06
 0.37833500702995E-06
 0.36604548717184E-06
 0.35440442034927E-06
 0.34336570459887E-06
 0.33288730308855E-06
 0.32293084475462E-06
 0.31346122407299E-06
 0.30444627615609E-06
 0.29585647461854E-06
 0.28766467672371E-06
 0.27984588865803E-06
 0.27237706150453E-06
 0.26523690885605E-06
 0.25840574688319E-06
 0.25186534538005E-06
 0.24559880217969E-06
 0.23959042666436E-06
 0.23382563520254E-06
 0.22829085697344E-06
 0.22297345032287E-06
 0.21786162769483E-06
 0.21294438487523E-06
 0.20821144049988E-06
 0.20365317842141E-06
 0.19926059699963E-06
 0.19502526234420E-06
 0.19093922699002E-06
 0.18699518578574E-06
 0.18318605102993E-06
 0.17950530971955E-06
 0.17594679914895E-06
 0.17250472924248E-06
 0.16917360508041E-06
 0.16594830913966E-06
 0.16282397506414E-06
 0.15979601494629E-06
 0.15686012069489E-06
 0.15401218787458E-06
 0.15124836017458E-06
 0.14856498540949E-06
 0.14595860826883E-06
 0.14342595849843E-06
 0.14096394009723E-06
 0.13856961693700E-06
 0.13624021051355E-06
 0.13397308693650E-06
 0.13176574396879E-06
 0.12961580885729E-06
 0.12752103211761E-06
