0.
0.
0.
1.9859446137283985e-12
2.9789169205925978e-12
2.4253348595158067e-10
5.941449798121936e-9
6.837197703990295e-8
4.7382453944484486e-7
2.293346125692035e-6
8.528156559115471e-6
0.000025975907800976888
0.00006776345506230274
0.0001563396284188314
0.00032665407005925127
0.000629262720420888
0.0011331691131204547
0.0019282960287445234
0.0031275644768723946
0.004868608068845856
0.0073152072205477595
0.010658522520821948
0.015118227000914242
0.020943619109716777
0.028414785063194965
0.037843859463691155
0.049576411927041694
0.0639929654005361
0.08151066511192043
0.10258482619245156
0.12771101657756131
0.15742642323881864
0.19231160130216585
0.23299180754096332
0.28013804637401063
0.3344676949929999
0.3967445910926121
0.4677784599757654
0.5484235470463037
0.6395761980102064
0.7421715295062202
0.85717827074555
0.9855921144104155
1.1284267215779586
1.2867020214432734
1.4614292859378901
1.6535926701562618
1.8641272754004297
2.093894625328147
2.343657447492049
2.6140567792323703
2.9055950471417433
3.2186284113679937
3.5533701258829433
3.9099042453812776
4.2882072472301855
4.688173256711074
5.109639556742384
5.552409418813109
6.016270855461164
6.501010939929638
7.006426043707175
7.532328681951463
8.078551733565808
8.644950735406164
9.23140482509469
9.837816773610465
10.464112431292977
11.110239816339234
11.776168003547596
12.461885918863674
13.167401108558748
13.89273852628891
14.637939363818042
15.40305993982817
16.188170653255792
16.993355030414307
17.81870867345308
18.664338680375987
19.530362577299037
20.41690771380073
21.324110543716312
22.252115977974047
23.20107677806425
24.171153353755958
25.162511388794485
26.17532500974382
27.20977263110486
28.26603833810832
29.344311086636193
30.44478429092641
31.567655429856682
32.713125670201386
33.88139950558237
35.07268440992001
36.287190504423265
37.5251302372497
38.78671807513226
40.072170206395235
41.381704254832314
42.715539004117495
44.07389413236964
45.45698995669906
46.86504718753304
48.29828669263071
49.75692927073518
51.2411954348234
52.751305205035486
54.287477911275886
55.84993200562107
57.438884884625516
59.054552721635375
60.69715030926781
62.36689091216501
64.06398613020353
65.78864577228619
67.54107774082757
69.3214879271349
71.13008011774423
72.96705591185648