0.001947279906159159
0.003218146398930583
0.005086101013876764
0.007737098107840088
0.01138883904080895
0.016292206965046484
0.02273274740464073
0.031032261240512934
0.04155053923667733
0.05468722667528998
0.07088376767747702
0.09062534127119756
0.1144426687773431
0.14291354584796742
0.17666393594873972
0.21636845577804947
0.2627500903986425
0.3165789949912523
0.37867027062319447
0.4498806401766309
0.5311039904296834
0.6232657815437772
0.7273163465668212
0.8442231033271171
0.9749616751327487
1.1205058661151468
1.2818163744637696
1.459828079606582
1.6554357523505525
1.8694781710714765
2.1027209431111045
2.3558388542996815
2.629399237067618
2.923848461210294
3.2395038942496734
3.57655325553449
3.9350621402591477
4.314988931177961
4.716204924834035
5.138516782447773
5.581688545609819
6.045461171211565
6.5295684997688115
7.0337493932885975
7.55775634024806
8.10136110606549
8.664358081827189
9.246565937357245
9.847828083961856
10.468012339900689
11.10701008976197
11.764735145109293
12.441122449407686
13.136126722893927
13.849721109005863
14.581895860547972
15.332657087523254
16.102025578022552
16.890035696403867
17.69673435869151
18.522180082462494
19.36644210689479
20.229599577999718
21.11174079380108
22.012962504191304
22.933369260557274
23.873072810498424
24.83219153340142
25.810849913018945
26.809178043575336
27.82731116632083
28.86538923377473
29.92355649924779
31.00196112946236
32.100754838433566
33.220092540928555
34.36013202407467
35.521033635853875
36.702959989397044
37.9060756821095
39.13054702883861
40.37654180834774
41.64422902250702
42.93377866766836
44.245361517815155
45.579148919066036
46.93531259525838
48.31402446433303
49.715456465303475
51.13978039562951
52.587167758858584
54.05778962238748
55.55181648528739
57.06941815609023
58.61076364047372
60.176021038809296
61.76535745351882
63.378938906225564
65.01693026464797
66.67949517922011
68.36679602942465
70.07899387978658
71.81624844552572
73.57871806781282