1.9859446137283985e-12
1.9859446137283985e-12
1.9859446137283985e-12
1.9859446137283985e-12
1.9859446137283985e-12
1.9859446137283985e-12
1.9859446137283985e-12
1.9859446137283985e-12
1.9859446137283985e-12
1.9859446137283985e-12
5.9578338411851955e-12
4.096010765814822e-12
4.840739995962971e-12
9.309115376851867e-12
5.287577534051861e-11
2.4600888902560536e-10
1.0401384914402486e-9
3.82021270758329e-9
1.2351086038930342e-8
3.5746754804034455e-8
9.406401838616887e-8
2.279717953144939e-7
5.141922150004102e-7
1.0888660008473038e-6
2.1808916395750494e-6
4.157439383998977e-6
7.583530336170953e-6
0.000013297415705867287
0.000022502876565428674
0.00003687924418838845
0.00005870931809332438
0.00009102484951957575
0.00013776888867576958
0.00020397366406117067
0.0002959525214060462
0.0004215040726960016
0.000590126645173934
0.0008132408656399743
0.0011044183062267551
0.001479614331316387
0.0019574029950693707
0.0025592125094160982
0.003309559523460506
0.004236281012799379
0.005370762630757213
0.00674816258739792
0.008407630538478327
0.010392520797206647
0.012750599800414913
0.015534247690005179
0.018800653830189713
0.022612006678566537
0.027035678012643876
0.032144401846817564
0.03801644821357159
0.04473579221738567
0.052392278369045496
0.06108178049924028
0.07090635717287859
0.08197440265935672
0.09440079315753643
0.1083070281456011
0.12382136626373046
0.14107895520604924
0.16022195510686954
0.18139965443284714
0.20476857768758444
0.2304925839682281
0.2587429553987137
0.28969847459513504
0.3235454900555769
0.3604779688612517
0.40069753564309085
0.4444134973161885
0.49184285299599545
0.543210288656128
0.5987481563368933
0.6586964379958841
0.7233026934667971
0.7928219943500667
0.8675168423998512
0.9476570745304677
1.0335197545861343
1.1253890530140764
1.2235561154492327
1.3283189213765643
1.439982134055578
1.5588569429456756
1.6852608997820642
1.8195177495580932
1.96195725741071
2.1129150324233588
2.272732348969284
2.4417559663630617
2.620337946888616
2.8088354723324453
3.00761065855349
3.217030362376332
3.4374660083700306
3.669293370183955
3.9128923571667222
4.168646829968633
4.436944346454706
4.718175918749303
5.012735742316293
5.321020897803977
5.643431020594204
5.980367932738943
6.332235231911697
6.6994378324351
7.082381453998236
7.481472054724315
7.89711520655596
8.329715413050968
8.77967537177802
9.247395186426177
9.733271536682272
10.237696817280957
10.761058260713316
11.303737061013566