1.9859446137283985e-12
1.9859446137283985e-12
1.9859446137283985e-12
1.9859446137283985e-12
1.9859446137283985e-12
1.9859446137283985e-12
1.9859446137283985e-12
1.9859446137283985e-12
1.9859446137283985e-12
1.9859446137283985e-12
5.9578338411851955e-12
4.096010765814822e-12
5.213104611037046e-12
1.2536275374160516e-11
7.261109993944457e-11
3.398447720242722e-10
1.415482023434916e-9
5.117158661886293e-9
1.6278787998731682e-8
4.6468621530477365e-8
1.207629336515951e-7
2.893747203402088e-7
6.459561647182154e-7
1.35494472201771e-6
2.690214814868751e-6
5.0871277039236456e-6
9.210265231946613e-6
0.000016038139422461607
0.000026966134291169533
0.00004392825318752057
0.00006953755226152166
0.0001072447782159673
0.0001615142131516544
0.000238015020082672
0.0003438266208880884
0.00048765570656184856
0.000680063060635616
0.0009336976803274617
0.0012635361238279264
0.001687125035593951
0.002224824825104261
0.002900052781854728
0.0037395241001470193
0.0047734895697244895
0.006035968852397924
0.007564978548173219
0.009402754568420588
0.011595968291299429
0.01419593650527255
0.01725882504786687
0.020845846210926316
0.025023450193119898
0.029863510792589774
0.035443505687651984
0.0418466915094816
0.04916227407232014
0.057485573723224104
0.06691818619141478
0.07756813862779433
0.08955004089321343
0.10298523168489665
0.1180019191837706
0.1347353155819797
0.15332776490361885
0.1739288631720076
0.19669557021651032
0.22179231205468347
0.2493910727794505
0.279671475131233
0.31282084857849063
0.34903428399027964
0.3885146741359937
0.43147273918601015
0.47812703655018324
0.5287039547490956
0.5834376908882323
0.6425702117618913
0.7063511987768566
0.7750379762488753
0.8488954253954921
0.9281958823597798
1.0132190228134277
1.1042517335010031
1.2015879718520377
1.3055286149846927
1.4163812992782996
1.5344602519219366
1.6600861155222568
1.793585767316618
1.9352921338066273
2.085544002080617
2.2446858284649043
2.4130675452850467
2.59104436577819
2.778976587427082
2.977229393126801
3.186172649364498
3.406180694920107
3.637632155346223
3.8809096692753937
4.13639970979582
4.404492311173962
4.685580808668108
4.980061549647914
5.288333576287988
5.610798274714904
5.947858985055063
6.299920567208274
6.667388917334783
7.050670430981711
7.45017140972041
7.866297409973223
8.299452534566967
8.750038670293046
9.218454677409195
9.705095540518084
10.21035149323579
10.73460713250406
11.278240541093863
11.84162243898122