1.9859446137283985e-12
1.9859446137283985e-12
1.9859446137283985e-12
1.9859446137283985e-12
1.9859446137283985e-12
1.9859446137283985e-12
1.9859446137283985e-12
1.9859446137283985e-12
1.9859446137283985e-12
1.9859446137283985e-12
5.9578338411851955e-12
0.
3.971889227456797e-12
2.1100661520864233e-12
6.57844153297532e-12
7.943778454913594e-12
2.3458970749666705e-11
9.805601530283968e-11
3.8452852583316114e-10
1.3238803281266936e-9
4.076151319677538e-9
1.1400066812031156e-8
2.927356833558674e-8
6.986180786481432e-8
1.561677336174532e-7
3.2947280391446053e-7
6.601454907402281e-7
1.2629890320820905e-6
2.3180500354714327e-6
4.0979516543101264e-6
7.002752128946073e-6
0.000011603084468544922
0.00001869241497002033
0.000029348949828262338
0.00004500741946250981
0.00006754106538493282
0.00009935359824887753
0.00014348101896691353
0.0002037026455510167
0.00028466105386515064
0.00039198988892459553
0.0005324488515372879
0.0007140651012839639
0.0009462798409519224
0.0012400993137377182
0.0016082492587241586
0.0020653317606617737
0.0026279837936369205
0.003315036484644812
0.004147674544354254
0.005149594949419511
0.006347164570131455
0.0077695761278892975
0.0094490020658169
0.011420746082791117
0.01372339215847737
0.01639895075658616
0.01949300228057522
0.0230548376596617
0.027137596099650135
0.031798400004658264
0.037098487318480096
0.04310334103411618
0.0498828163528142
0.05751126519472839
0.06606765838465836
0.07563570542089336
0.08630397182865138
0.09816599398528668
0.11132039150179238
0.12587097677321504
0.14192686167551485
0.1596025610283153
0.17901809267260996
0.2002990736369033
0.22357681219455616
0.24898839528308173
0.2766767708911819
0.3067908250828645
0.33948545300998173
0.3749216237786429
0.41326643856602135
0.4546931817014569
0.49938136449414294
0.5475167615991241
0.5992914387687616
0.6549037744569565
0.7145584718912096
0.7784665639808849
0.8468454104370918
0.9199186872785831
0.9979163690482398
1.0810747041678725
1.1696361836779627
1.263849504023171
1.3639695242549823
1.4702572183229867
1.582979622955748
1.70240977966514
1.828826684516097
1.9625152141193947
2.1037660739680466
2.2528757183795314
2.41014630451497
2.575885613947345
2.750406989584922
2.9340292697625876
3.1270767222822995
3.3298789784891576
3.542770966844785
3.7660928455257316
4.000189933169739
4.24541263652182
4.5021163736351735
4.770661490670159
5.05141317008594
5.344741327661435
5.651020495231617
5.970629685677792
6.303952236522533