0.007558909656213223
0.007906193629304134
0.008265969034146855
0.00863855686120349
0.009024282928891625
0.009423477937701305
0.009836477497874155
0.010263622122576681
0.010705257307089822
0.011161733496661462
0.011633406166813074
0.012120635816388907
0.01262378801273623
0.013143233408213497
0.013679347794307333
0.014232512091330451
0.014803112422149845
0.015391540106353074
0.01599819172144019
0.016623469122062563
0.01726777946894321
0.017931535254569947
0.01861515437543413
0.019319060113040055
0.020043681203040654
0.020789451865274918
0.021556811838273664
0.02234620640731103
0.023158086450825902
0.023992908470086984
0.024851134637600185
0.025733232828014884
0.026639676649402567
0.02757094550283515
0.02852752459368006
0.02950990500545252
0.030518583701677402
0.031554063598872674
0.03261685360602006
0.03370746864107319
0.034826429670428274
0.03597426379394732
0.03715150424073803
0.03835869045889367
0.039596368101467314
0.040865089098090016
0.042165411723982325
0.0434979005933759
0.04486312671524404
0.04626166758477929
0.04769410715832085
0.049161035934902474
0.050663050990261735
0.05220075602872284
0.05377476141658533
0.0553856842191123
0.057034148261225805
0.05872078416263329
0.06044622937394692
0.062211128215657795
0.06401613193734187
0.06586189875377937
0.06774909385823576
0.06967838952275193
0.07165046506761037
0.07366600695380565
0.0757257087919812
0.07783027141715047
0.07998040287045104
0.08217681847398996
0.08442024089042204
0.08671140008248626
0.08905103342756991
0.09143988571758455
0.09387870917609466
0.09636826350908347
0.09890931595298791
0.10150264125893521
0.10414902176063741
0.10684924739598844
0.10960411570855363
0.11241443191248526
0.11528100887663499
0.11820466718078095
0.12118623509055512
0.1242265486470592
0.1273264516282627
0.13048679556203574
0.13370843979342295
0.13699225145832963
0.1403391054855078
0.1437498846339167
0.14722547949781178
0.15076678850190406
0.1543747178838588
0.15805018176963748
0.1617941020735798
0.16560740859931464
0.1694910389453034
0.1734459385533717
0.17747306069443522
0.18157336644715097
0.1857478246603083
0.1899974120178688
0.19432311292589127
0.19872591955374042
0.2032068317968501
0.20776685724110064
0.2124070111567368
0.21712831645281513
0.22193180363959525
0.22681851082295426
0.23178948363314109
0.23684577520504105
0.24198844612467962
0.24721856439508885
0.25253720539075486
0.25794545178761324
0.26344439352184074
0.2690351277189819
0.27471875866378737
0.28049639772077634
0.28636916326410766
0.29233818060645833
0.29840458194912667
0.30456950628670676
0.31083409933410533
0.31719951345703334
0.32366690758847244
0.3302374471190755
0.3369123038085439
0.3436926557588173
0.3505796872282636
0.35757458859109137
0.3646785561913827
0.3718927922862456
0.3792185049179691
0.3866569077877911
0.3942092201467961
0.4018766667017066
0.4096604774597311
0.41756188762666085
0.42558213747616924
0.43372247220967897
0.4419841418213176
0.45036840097975406
0.45887650887267417
0.46750972904045796
0.47626932927204135
0.4851565814327602
0.4941727612952961
0.5033191484028947
0.5125970259025467
0.5220076803581845
0.5315524016165066
0.5412324826148385
0.5510492191896117
0.5610039099421896
0.571097855989755
0.5813323608493806
0.59170873017576
0.6022282716111452
0.6128922945934547
0.6237021100884187
0.6346590304732775
0.6457643692362837
0.6570194408185704
0.6684255603692605
0.6799840435277565
0.6916962061889033
0.7035633642650468
0.7155868334561613
0.7277679289883244
0.7401079653935267
0.75260825622295
0.7652701138054275
0.7780948489905116
0.7910837708404048
0.8042381864034375
0.817559400413694
0.8310487149777298
0.8447074293234738
0.8585368394739123
0.8725382379581349
0.8867129134915966
0.9010621506556366
0.9155872295892836
0.9302894256490403
0.9451700090792147
0.9602302446493625
0.9754713913412518
0.9908947019683071
1.0065014228063467
1.0222927932671446
1.0382700454569282
1.0544344038602431
1.070787084901057
1.0873292965914974
1.1040622380721044
1.1209870992721112
1.1381050604365397
1.1554172917380732
1.1729249528448653
1.190629192478791
1.2085311479868555
1.2266319448852945
1.2449326964227925
1.263434503134761
1.2821384523484656
1.3010456177749161
1.32015705899947
1.3394738210366088
1.3589969338580294
1.3787274119150221
1.3986662536702863
1.418814441112986
1.4391729393131547
1.4597426959185056
1.4805246407099537
1.5015196851091002
1.52272872175622
1.5441526239935435
1.56579224546993
1.5876484196620055
1.6097219594418495
1.632013656649518
1.6545242816890298
1.67725458308128
1.7002052871097963
1.7233770974278966
1.746770694673413
1.7703867361328207
1.7942258554212525
1.818288662123042
1.8425757415413715
1.8670876544018689
1.891824936591332
1.916788098948212
1.9419776270271545
1.9673939809535286
1.993037595213166
2.018908878576646
2.0450082139708297
2.071335958387756
2.0978924428660224
2.124677972454292
2.1516928262307835
2.1789372573365333
2.2064114930512355
2.2341157349053224
2.262050158779882
2.290214915097559
2.3186101289999224
2.347235900558969
2.3760923050518064
2.4051793931980936
2.434497191499021
2.4640457025448805
2.4938249053990993
2.5238347559373397
2.5540751872975633
2.5845461102811913
2.6152474138097492
2.6461789654068295
2.677340611669879
2.708732178786169
2.740353473067391
2.7722042814722054
2.8042843721646653
2.836593495083313
2.8691313825144986
2.901897749678481
2.9348922953069665
2.9681147022603627
3.0015646381277854
3.035241755829666
3.0691456942094404
3.1032760786812146
3.1376325218018404
3.1722146238885456
3.2070219736311
3.2420541486894603
3.277310716269821
3.312791233731317
3.348495249161949
3.384422301944082
3.420571923322176
3.4569436369617055
3.493536959481766
3.5303514009881742
3.5673864656021044
3.604641651976182
3.6421164537518753
3.6798103600907335
3.7177228561137765
3.7558534233695586
3.7942015402647464
3.8327666825094653
3.871548323531866
3.910545934855951
3.9497589865078235
3.989186947390537
4.028829285632749
4.068685468938992
4.108754964914133
4.149037241389062
4.1895317667226815
4.230238010089498
4.271155441762741
4.312283533364966
4.353621758151298
4.395169591205669
4.436926509706563
4.478891993128215
4.521065523444917
4.563446585324644
4.606034666312264
4.6488292570149685
4.691829851250105
4.735035946188786
4.778447042532016
4.822062644611478
4.865882260538232
4.909905402303253
4.954131585894851
4.99856033139536
5.043191163082548
5.088023609502221
5.133057203560829
5.178291482589007
5.223725988403888
5.269360267383698
5.315193870510209
5.361226353413045
5.407457276433983
5.453886204634148
5.500512707860419
5.547336360736491
5.594356742731147
5.64157343813566
5.68898603610985
5.73659413068034
5.784397320755825
5.832395210127322
5.880587407477354
5.928973526905853
5.977553185809045
6.026326008029905
6.075291621771551
6.124449660080568
6.173799760866878
6.223341566847497
6.2730747255749755
6.322998889382154
6.373113715378564
6.42341886542834
6.473914006118068
6.524598808742512
6.575472949270603
6.626536108315283
6.677787971121953
6.729228227518587
6.780856571894125
6.832672703170551
6.884676324765034
6.936867144560265
6.989244874879258
7.041809232419195
7.09455993826793
7.147496717824187
7.200619300788739
7.253927421112778
7.30742081697483
7.361099230741772
7.414962408915223
7.469010102125827
7.5232420650679686
7.577658056490585
7.632257839123812
7.68704117967464
7.742007848786078
7.79715762097025
7.852490274618328
7.908005591923946
7.963703358865576
8.019583365162964
8.075645404247705
8.131889273223539
8.188314772822888
8.244921707385403
8.301709884808302
8.358679116518324
8.415829217437224
8.47316000593485
8.530671303814504
8.588362936262293
8.646234731811758
8.704286522324512
8.762518142946798
8.820929432064801
8.879520231294226
8.938290385432877
8.997239742429887
9.056368153355793
9.115675472367665
9.175161556681791
9.23482626652615
9.294669465146985
9.35469101872613
9.414890796395673
9.475268670180098
9.535824514983391
9.596558208542485
9.657469631413733
9.718558666936294
9.779825201208055
9.84126912304851
9.902890323974818
9.964688698181183
10.026664142502998
10.08881655639772
10.151145841904906
10.21365190363455
10.276334648730831
10.339193986856108
10.402229830146482
10.465442093216014
10.52883069310038
10.59239554925761
10.656136583533833
10.720053720128771
10.784146885589157
10.848416008783174
10.91286102086209
10.977481855250469
11.042278447630265
11.107250735896148
11.17239866016109
11.237722162704603
11.303221187974481
11.368895682566315
11.434745595177567
11.50077087661118
11.566971479755082
11.633347359544718
11.699898472953851
11.76662477897856
11.833526238614146
11.900602814824607
11.967854472546225
12.03528117865047
12.102882901936285
12.170659613099074
12.238611284729078
12.30673789128618
12.375039409075079
12.443515816239094
12.512167092733339
12.580993220324483
12.649994182548303
12.719169964717494
12.788520553888045
12.858045938855504
12.927746110131894
12.997621059932563
13.067670782160285
13.137895272382808
13.208294527839545
13.278868547392173
13.34961733154885
13.420540882413436
13.491639203695422
13.56291230069195
13.634360180257502
13.7059828508141
13.777780322317037
13.849752606253015
13.92189971562426
13.994221664931892
14.066718470165375
14.139390148797169
14.212236719745883
14.285258203394134
14.358454621556778
14.431825997470856
14.505372355792742
14.57909372257058
14.652990125247145
14.727061592639984
14.801308154928629
14.87572984365174
14.950326691685392
15.025098733238348
15.100046003836674
15.17516854031505
15.250466380808085
15.325939564733547
15.401588132787788
15.477412126930592
15.553411590377351
15.629586567586543
15.70593710425599
15.782463247297306
15.859165044842962
15.936042546232262
16.013095801993344
16.09032486384108
16.16772978466415
16.24531061851736
16.32306742061419
16.401000247305326
16.479109156094907
16.557394205597223
16.635855455562517
16.71449296683827
16.79330680138248
16.872297022239707
16.951463693545037
17.030806880503235
17.110326649385645
17.190023067525846
17.26989620331096
17.349946126160546
17.430172906536168
17.510576615921774
17.591157326816887
17.671915112734595
17.752850048189895
17.833962208689027
17.91525167072871
17.996718511777175