4.84323015858521
4.8751870689637355
4.907305564265095
4.939585418168061
4.972026406850222
5.004628308962533
5.037390905630691
5.070313980424463
5.103397319349753
5.136640710829484
5.17004394567989
5.203606817105425
5.237329120675435
5.271210654303299
5.305251218235879
5.339450615030689
5.37380864953863
5.408325128885137
5.442999862459739
5.477832661884047
5.512823341009517
5.547971715880702
5.583277604736755
5.618740827976291
5.654361208145974
5.690138569927483
5.726072740107224
5.762163547566157
5.798410823256827
5.834814400190957
5.871374113414252
5.908089799990256
5.94496129898348
5.981988451441275
6.019171100372361
6.056509090728086
6.094002269394723
6.131650485158853
6.1694535887018915
6.207411432578498
6.245523871196963
6.283790760805058
6.322211959467072
6.360787327055128
6.399516725216406
6.438400017377248
6.477437068708274
6.516627746108746
6.555971918204704
6.595469455316322
6.635120229442893
6.674924114256989
6.714880985076912
6.754990718856637
6.795253194163593
6.835668291174449
6.876235891641344
6.916955878892639
6.957828137812187
6.998852554815869
7.040029017849122
7.081357416364832
7.122837641306094
7.164469585100494
7.206253141632929
7.2481882062413865
7.290274675697956
7.3325124481940565
7.374901423333235
7.417441502104734
7.460132586884109
7.502974581404185
7.545967390757909
7.589110921370798
7.632405080996719
7.675849778703735
7.719444924858099
7.763190431113697
7.807086210095796
7.851132176595703
7.8953282460772165
7.9396743345889975
7.984170360349847
8.028816242480804
8.07361190130664
8.118557258344563
8.163652236287207
8.208896759004505
8.254290751522456
8.299834140011457
8.345526851778738
8.391368815265746
8.437359960021597
8.483500216708523
8.529789517080776
8.576227793979049
8.62281498132364
8.669551014097701
8.716435828342027
8.763469361152811
8.810651550656338
8.857982336016795
8.905461657408962
8.953089456032995
9.000865674081146
9.048790254752422
9.096863142224526
9.145084281653487
9.19345361917391
9.241971101878864
9.290636677815293
9.339450295976693
9.388411906304722
9.43752145966314
9.486778907849596
9.536184203573905
9.585737300458803
9.635438153036581
9.685286716728495
9.735282947855305
9.785426803614692
9.835718242085598
9.886157222219667
9.936743703838385
9.987477647609248
10.038359015065007
10.089387768586903
10.140563871392764
10.191887287534632
10.24335798190572
10.294975920215473
10.34674106899737
10.398653395600494
10.450712868182459
10.502919455708783
10.555273127940358
10.60777385544052
10.66042160955817
10.71321636242951
10.766158086973332
10.819246756885057
10.872482346636108
10.92586483146275
10.979394187370305
11.033070391122227
11.086893420240353
11.140863252997953
11.194979868422458
11.249243246278583
11.3036533670826
11.358210212083959
11.412913763266051
11.46776400335215
11.522760915788165
11.577904484742891
11.633194695116943
11.68863153252116
11.744214983288643
11.799945034462468
11.855821673801522
11.911844889767464
11.96801467153119
12.024331008965497
12.080793892642113
12.137403313832442
12.194159264502341
12.251061737314243
12.308110725615855
12.365306223448597
12.422648225534699
12.480136727289977
12.53777172480535
12.595553214854899
12.65348119488991
12.71155566304124
12.769776618112108
12.828144059577975
12.886657987590393
12.945318402967326
13.0041253071955
13.063078702427058
13.12217859148316
13.18142497784504
13.240817865657863
13.300357259726995
13.360043165517878
13.419875589156531
13.479854537488007
13.539980017817484
13.600252038302722
13.660670607687338
13.721235735368204
13.78194743139482
13.842805706467825
13.903810571934537
13.964962039791303
14.026260122684617
14.087704833907026
14.149296187392169
14.211034197722709
14.272918880128485
14.33495025047558
14.397128325278493
14.459453121691807
14.521924657510707
14.584542951171212
14.64730802175192
14.71021988896482
14.773278573166715
14.836484095350528
14.899836477145925
14.96333574082056
15.026981909279696
15.090775006063481
15.15471505534471
15.218802081940362
15.283036111289153
15.347417169478074
15.411945283217337
15.476620479857123
15.54144278737629
15.606412234391307
15.671528850145329
15.736792664520122
15.802203708022775
15.86776201179861
15.933467607617274
15.999320527886038
16.06532080563637
16.131468474535748
16.197763568877452
16.264206123586188
16.330796174218555
16.397533756957348
16.464418908612668
16.531451666631487
16.59863206907965
16.665960154657625
16.733435962694198
16.801059533140737
16.868830906583746
16.936750124229466
17.00481722791852
17.07303226011636
17.141395263912404
17.209906283027713
17.278565361804468
17.347372545214377
17.41632787885957
17.485431408957197
17.554683182360165
17.62408324582009
17.693631648857366
17.76332843949785
17.833173667091145
17.903167381614292
17.973309633663327
18.043600474464448
18.1140399558626
18.18462813033166
18.255365050962997
18.326250771474673
18.3972853462107
18.468468830135325
18.539801278834016
18.611282748511986
18.68291329600548
18.75469297876428
18.82662185486311
18.89869998299408
18.970927423792062
19.043304234605664
19.115830477264048
19.188506212946223
19.261331503448456
19.334306411186628
19.407430999196112
19.48070533113077
19.554129471261614
19.62770348447938
19.701427436292683
19.775301392824787
19.849325420816474
19.923499587627624
19.99782396122993
20.07229861021307
20.14692360378226
20.22169901175486
20.296624904566006
20.371701353261617
20.446928429501778
20.5223062055601
20.59783475432063
20.67351414928231
20.74934446455115
20.825325774848825
20.90145815550208
20.977741682451086
21.05417643224333
21.130762482036733
21.207499909592695
21.28438879328627
21.361429212093633
21.43862124560214
21.5159649739979
21.593460478079816
21.67110783924394
21.748907139496996
21.826858461438892
21.90496188828195
21.98321750383166
22.061625392500854
22.140185639299748
22.218898329835095
22.29776355031414
22.376781387546995
22.455951928932844
22.535275262470137
22.61475147675298
22.694380660972996
22.77416290491065
22.85409829894169
22.934186934034166
23.014428901747575
23.094824294230737
23.1753732042233
23.256075725052863
23.336931950633133
23.417941975469635
23.499105894646412
23.580423803838087
23.66189579930513
23.743521977883198
23.82530243699516
23.907237274646885
23.989326589418305
24.071570480473344
24.153969047554213
24.23652239097593
24.319230611632687
24.40209381099358
24.48511209110154
24.568285554569457
24.651614304583905
24.73509844490503
24.81873807985711
24.9025333143365
24.986484253805298
25.07059100429197
25.154853672388988
25.239272365256063
25.323847190609715
25.40857825673295
25.49346567246497
25.578509547208732
25.663709990920655
25.749067114116066
25.8345810278624
25.920251843787117
26.00607967406283
26.092064631419937
26.17820682913561
26.26450638103811
26.350963401500593
26.43757800544446
26.52435030833725
26.611280426186426
26.6983684755441
26.785614573503178
26.873018837698982
26.960581386294592
27.048302338003698
27.136181812068124
27.22421992826379
27.31241680689959
27.40077256881802
27.489287335384876
27.577961228503888
27.66679437059663
27.75578688461541
27.84493889403721
27.934250522855468
28.023721895591027
28.11335313727908
28.203144373478867
28.293095730260262
28.383207334210105
28.473479312432328
28.563911792534423
28.654504902642582
28.74525877139029
28.836173527912596
28.927249301857188
29.018486223371447
29.109884423107445
29.201444032218703
29.293165182354855
29.38504800566711
29.477092634801053
29.569299202896765
29.661667843587473
29.75419869099866
29.846891879744103
29.939747544924266
30.032765822129893
30.125946847433685
30.21929075739279
30.312797689044345
30.406467779905448
30.50030116797108
30.59429799171446
30.688458390081077
30.782782502490207
30.877270468832158
30.971922429468407
31.066738525225265
31.161718897397975
31.256863687742644
31.35217303848046
31.447647092295462
31.543285992325973
31.639089882169444
31.7350589058817
31.831193207967896
31.927492933388955
32.02395822755474
32.12058923632061
32.21738610599457
32.314348983325154
32.41147801550485
32.508773350167544
32.606235135388374
32.7038635196769
32.80165865198021
32.89962068168155
32.997749758592384
33.09604603295602
33.19450965544767
33.29314077716309
33.391939549629
33.490906124790754
33.590040655017596
33.68934329309645
33.788814192232245
33.88845350604651
33.98826138857269
34.0882379942587
34.1883834779572
34.28869799493866
34.389181700868235
34.48983475182367
34.590657304282765
34.69164951512434
34.79281154162229
34.89414354145505
34.99564567268766
35.09731809378436
35.19916096359601
35.30117444136534
35.40335868672195
35.50571385968122
35.60824012064083
35.710937630380855
35.813806550062075
35.916847041219235
36.0200592657669
36.12344338599137
36.22699956455293
36.33072796447865
36.43462874916558
36.5387020823792
36.642948128243304
36.74736705124995
36.85195901624708
36.95672418844579
37.06166273340708
37.166774817052044
37.27206060565189
37.377520265829865
37.48315396455389
37.58896186914526
37.69494414726387
37.801100966912685
37.90743249644272
38.01393890453267
38.12062036020789
38.227477032822776
38.33450909206761
38.44171670796248
38.54910005085573
38.656659291422315
38.764394600667565
38.872306149911495
38.98039411080188
39.08865865530293
39.19709995569545
39.30571818457739
39.41451351485837
39.52348611976031
39.63263617281391
39.741963847854635
39.85146931903082
39.96115276078351
40.07101434786391
40.18105425531814
40.2912726584912
40.40166973302303
40.512245654847455
40.623000600189634
40.73393474556132
40.84504826776781
40.956341343894785
41.0678141513133
41.17946686767441
41.29129967091229
41.40331273923495
41.51550625112853
41.62788038535127
41.74043532093258
41.85317123717387
41.966088313640874
42.07918673016834
42.19246666685227
42.30592830405193
42.41957182238403
42.533397402726656
42.64740522621063
42.7615954742207
42.875968328396326
42.990523970623485
43.10526258303699