1.9859446137283985e-12
1.9859446137283985e-12
1.9859446137283985e-12
1.9859446137283985e-12
1.9859446137283985e-12
1.9859446137283985e-12
1.9859446137283985e-12
1.9859446137283985e-12
1.9859446137283985e-12
1.9859446137283985e-12
1.9859446137283985e-12
1.9859446137283985e-12
1.9859446137283985e-12
1.9859446137283985e-12
1.9859446137283985e-12
1.9859446137283985e-12
1.9859446137283985e-12
1.9859446137283985e-12
1.9859446137283985e-12
3.971889227456797e-12
3.971889227456797e-12
1.9859446137283985e-12
3.971889227456797e-12
5.9578338411851955e-12
5.9578338411851955e-12
2.1100661520864233e-12
2.606552305518523e-12
3.7236461507407475e-12
9.184993838493843e-12
1.625992152490126e-11
4.269780919516057e-11
9.085696607807423e-11
2.0864830597983987e-10
4.5366422269858105e-10
9.486609176703844e-10
1.920160198398645e-9
3.743133232262957e-9
7.070459311026531e-9
1.2937684429210368e-8
2.3022187056184816e-8
3.990010972057069e-8
6.74663862960428e-8
1.1149130297932737e-7
1.803503329357472e-7
2.859607574276713e-7
4.4501208262425817e-7
6.804823083140371e-7
1.0235489031094685e-6
1.515917448628079e-6
2.2126605473177857e-6
3.1855846191848584e-6
4.527261369359787e-6
6.3557491231733465e-6
8.820063234716646e-6
0.000012106480343895875
0.000016445801844735476
0.000022121529522866707
0.00002947909697082149
0.00003893625719545605
0.00005099452699615213
0.00006625193921166791
0.00008541700242131407
0.00010932398663652406
0.0001389495720951588
0.0001754308540836176
0.00022008475616604528
0.0002744288936495932
0.0003402039020561973
0.0004193972097484556
0.0005142682399391406
0.0006273752174680822
0.0007616032822064831
0.0009201942183995447
0.0011067775509595922
0.0013254031298523252
0.001580575103154838
0.0018772873846610845
0.0022210604010562806
0.002617979276046358
0.0030747333451944282
0.0035986569996024394
0.00419777174623215
0.004880829642748018
0.005657357883214994
0.006537704643381688
0.007533086069495268
0.008655634472212367
0.009918447664289983
0.011335639357281324
0.012922390736145069
0.01469500310651295
0.016670951562360516
0.01886893976642747
0.021308955822535197
0.024012329100785323
0.027001788242781766
0.030301520090813487
0.033937229804756254
0.037936201982993564
0.04232736286195365
0.047141343693808235
0.05241054516294435
0.0581692030276399
0.0644534548943483
0.07130140821408368
0.07875320956904959
0.08685111517938233
0.09563956276195033
0.10516524479917401
0.1154771831821195
0.1266268053544699
0.13866802191008396
0.15165730593905463
0.16565377377336254
0.18071926763704985
0.19691843995627173
0.2143188395080843
0.23299099949497815
0.25300852753721376
0.2744481977717477