1.9859446137283985e-12
1.9859446137283985e-12
1.9859446137283985e-12
1.9859446137283985e-12
1.9859446137283985e-12
1.9859446137283985e-12
1.9859446137283985e-12
1.9859446137283985e-12
1.9859446137283985e-12
1.9859446137283985e-12
1.9859446137283985e-12
1.9859446137283985e-12
1.9859446137283985e-12
1.9859446137283985e-12
1.9859446137283985e-12
1.9859446137283985e-12
1.9859446137283985e-12
1.9859446137283985e-12
1.9859446137283985e-12
3.971889227456797e-12
3.971889227456797e-12
1.9859446137283985e-12
3.971889227456797e-12
5.9578338411851955e-12
6.08195537954322e-12
2.482430767160498e-12
3.5995246123827223e-12
6.702563071333345e-12
1.7377015370123485e-11
3.748470458412352e-11
9.42082476137409e-11
2.1001364290177814e-10
4.706688734536305e-10
1.0048879745465696e-9
2.0652582767391764e-9
4.082853882748871e-9
7.805755304259471e-9
1.4454946114098864e-8
2.5975783182952378e-8
4.542302169134936e-8
7.741783063389744e-8
1.2883592262793942e-7
2.0969614000665832e-7
3.343242183627223e-7
5.227870109240116e-7
8.028008572058733e-7
1.212005117229225e-6
1.8008314891227772e-6
2.6358726676740706e-6
3.804014102098338e-6
5.417252394157562e-6
7.618337987415771e-6
0.000010587395065365822
0.000014549365120084738
0.000019782684537223385
0.000026628935542099976
0.00003550378763742785
0.000046909106031746935
0.00006144643396916325
0.00007983178367246736
0.00010291186548251773
0.0001316817055452738
0.00016730380657779375
0.00021112872510922818
0.0002647171844776078
0.00032986377074860986
0.00040862207080247866
0.0005033313743523294
0.0006166449237580355
0.0007515596434929746
0.0009114473557179532
0.00110008754005119
0.0013217014424153
0.001580987700152991
0.0018831593306178583
0.0022339820824955506
0.002639814095365948
0.0031076469520331254
0.003645147863588469
0.0042607032136046455
0.0049634632101142944
0.0057633877194740125
0.006671293274418091
0.007698901146330317
0.008858886465473935
0.010164928484877453
0.011631761729455256
0.01327522825564364
0.015112330844803169
0.017161287191827516
0.019441584997977733
0.0219740380802719
0.024780843380880074
0.027885638914133294
0.03131356268602489
0.035091312564731005
0.039247207041827215
0.043811247091112046
0.0488151789355035
0.05429255777960131
0.06027881273840833
0.06681131263031027
0.07392943306700137
0.08167462446079236
0.09009048138149191
0.09922281296422511
0.10911971467861706
0.119831641312878
0.13141148124589772
0.14391463223684978
0.1573990784896482
0.17192546927078506
0.18755719902457046
0.20436048911560578
0.22240447111023987
0.2417612718404106
0.26250610019612713
0.284717335669555
0.30847661884867866
0.33386894382963467