1.9859446137283985e-12
1.9859446137283985e-12
1.9859446137283985e-12
1.9859446137283985e-12
1.9859446137283985e-12
1.9859446137283985e-12
1.9859446137283985e-12
1.9859446137283985e-12
1.9859446137283985e-12
1.9859446137283985e-12
1.9859446137283985e-12
1.9859446137283985e-12
1.9859446137283985e-12
1.9859446137283985e-12
1.9859446137283985e-12
1.9859446137283985e-12
1.9859446137283985e-12
1.9859446137283985e-12
1.9859446137283985e-12
1.9859446137283985e-12
3.971889227456797e-12
1.9859446137283985e-12
1.9859446137283985e-12
0.
3.971889227456797e-12
1.9859446137283985e-12
2.1100661520864233e-12
3.723646150740747e-13
1.241215383580249e-12
5.337226149395071e-12
1.315688306595064e-11
2.5196672286679057e-11
5.759239379812356e-11
1.310723445060743e-10
2.795217043822721e-10
5.854812964348035e-10
1.1753068467121378e-9
2.29190420578093e-9
4.3139681871715135e-9
7.895991662645755e-9
1.4053537059049012e-8
2.4386655127354584e-8
4.1310378639394565e-8
6.842683875985719e-8
1.1098575595359513e-7
1.7651609449432945e-7
2.756229227409082e-7
4.22998631310309e-7
6.387372560473127e-7
9.498754469232176e-7
1.3923853634557164e-6
2.013525536645397e-6
2.874620943191885e-6
4.054479202594073e-6
5.653300405608398e-6
7.797278920283463e-6
0.000010643883646323327
0.0000143879847783424
0.000019268759804138137
0.000025577539847738346
0.00003366659921201847
0.000043959027137011826
0.00005695962505036973
0.00007326695938934375
0.000093586635902827
0.00011874579183392965
0.0001497088516598151
0.00018759466281479949
0.00023369490676225792
0.00028949398326506934
0.00035669023963705125
0.00043721867393766226
0.000533275074377025
0.0006473416231068585
0.0007822139956759483
0.0009410298628107561
0.001127299000066438
0.0013449347065877272
0.0015982868622741238
0.0018921762764296907
0.0022319306054332153
0.0026234216830356006
0.0030731041611324578
0.0035880556993252532
0.004176018435292612
0.004845441851777169
0.005605526913335758
0.006466271662262407
0.007438517969462249
0.008533999660964431
0.00976539180397846
0.011146361400364636
0.0126916191512734
0.014416972514138109
0.016339379983754437
0.018477006510561302
0.020849280162247266
0.023476949965504482
0.026382144975468806
0.02958843445170342
0.03312088934614712
0.03700614495706028
0.041272464816366684
0.04594980583471869
0.051069884786578756
0.05666624599518369
0.06277433044689264
0.06943154624890246
0.07667734048084798
0.08455327257731725
0.0931030891505491
0.10237280038637114
0.11241075810634528
0.12326773543828017
0.13499700832337005
0.14765443871486192
0.16129855973970478
0.1759906627956261
0.1917948866839257
0.2087783088340896