                  NaN
 0.83657803857116E-05
 0.74449155195115E-05
 0.66684689260460E-05
 0.60018071171542E-05
                  NaN
 0.49240969140588E-05
 0.44857719268904E-05
                  NaN
 0.37600205314593E-05
 0.34597384839989E-05
 0.31893480656804E-05
 0.29485151118252E-05
 0.27334856566375E-05
 0.25379345189750E-05
 0.23643002452014E-05
 0.22052541693543E-05
 0.20614814079048E-05
 0.19304108950613E-05
 0.18108425716211E-05
 0.17009569050015E-05
 0.16015659454239E-05
                  NaN
 0.14251200272213E-05
 0.13472565897937E-05
 0.12754337941740E-05
 0.12084421597440E-05
 0.11465956559914E-05
 0.10906951565684E-05
 0.10374514934992E-05
 0.98531028981028E-06
 0.94178466659229E-06
 0.89923433031318E-06
 0.85326676651929E-06
 0.82056828814487E-06
 0.78563121588965E-06
                  NaN
 0.72175160186021E-06
 0.69261845302796E-06
 0.66518125320926E-06
 0.63937114493492E-06
                  NaN
 0.59204612417227E-06
 0.57022722627554E-06
 0.55002695393525E-06
 0.53056624978783E-06
                  NaN
 0.49484279104358E-06
 0.47821416844858E-06
 0.46258043832114E-06
                  NaN
 0.43369392275023E-06
 0.42065230110370E-06
 0.40723455304864E-06
                  NaN
 0.38298390645523E-06
 0.37306246934741E-06
 0.36124861832643E-06
 0.35159040210026E-06
 0.34179058774986E-06
 0.33250024966436E-06
 0.32276089103387E-06
 0.31512810609905E-06
 0.30715841295599E-06
 0.29904651704890E-06
 0.29154295069038E-06
 0.28457828903610E-06
 0.27735623791518E-06
 0.27069641494526E-06
 0.26427637797931E-06
 0.25809178397217E-06
 0.25214356716461E-06
 0.24640797223423E-06
 0.24087899033015E-06
 0.23554646086012E-06
 0.23040081780069E-06
 0.22543304988522E-06
 0.22063466375258E-06
 0.21599765001431E-06
 0.21151445183537E-06
 0.20717793590858E-06
 0.20298136554802E-06
 0.19891837580757E-06
 0.19498295034790E-06
 0.19116939999653E-06
 0.18747234284257E-06
 0.18388668563602E-06
 0.18040760657958E-06
 0.17703053935995E-06
 0.17375115771042E-06
 0.17056536205302E-06
 0.16746926596984E-06
 0.16445918397520E-06
 0.16153162022305E-06
 0.15868325771073E-06
 0.15591094809994E-06
 0.15321170238246E-06
 0.15058268192790E-06
 0.14802119013548E-06
 0.14552466457264E-06
 0.14309066956759E-06
 0.14071688921116E-06
 0.13840112079853E-06
 0.13614126861154E-06
