0.1303632091221799
0.18163721453855497
0.24904999284470533
0.337070327215511
0.45135833266081304
0.5986149574589065
0.7843822161624865
1.0081352926008678
1.2639819000710077
1.5463612590733307
1.851658933898466
2.1776119532880647
2.5227422473692616
2.8860355279217274
3.2667658387123457
3.6643958785766144
4.078517475358118
4.508814342959311
4.95503781902092
5.416990507748219
5.894514929069817
6.387485448372169
6.895802420192427
7.41938786444813
7.958182226784253
8.512141920015345
9.081237436985154
9.665451886652855
10.264779846769416
10.87922645503934
11.508806681835095
12.153544735488008
12.813473580043444
13.488634524057192
14.179076872655614
14.884857623530099
15.606041196084998
16.34269918486274
17.094910130415233
17.8627593024269
18.64633849109196
19.445745803816877
20.261085464992576
21.092467617267417
21.94000812320831
22.803828366535342
23.684055052527487
24.58082000727046
25.494259975679658
26.424516418321037
27.371735307117493
28.336066920125553
29.31766563558485
30.316689725490985
31.333301148919126
32.36766534539753
33.419951028565166
34.490329980372344
35.57897684611687
36.686068930512725
37.81178599507615
38.95631005705298
40.11982519010432
41.30251732699172
42.504574064472294
43.7261844706446
44.96753889489495
46.22882878069276
47.51024648153216
48.81198508004077
50.134238210622804
51.47719988578498
52.84106432635078
54.22602579580268
55.63227843892593
57.06001612500156
58.509432295736445
59.98071981815091
61.47407084262599
62.98967666632753
64.52772760220884
66.08841285377873
67.67192039585872
69.2784368614959
70.90814743522509
72.56123575286594
74.23788380800795
75.93827186535957
77.6625783811032
79.41097993039868
81.18365114216611
82.9807646412674
84.80249099818126
86.64899868628603
88.52045404680942
90.41702126152632
92.33886233325309
94.28613707418579
96.25900310210665
98.2576158444784
100.282128550431
102.33269231063386
104.40945608503077
106.51256673842083