 0.79104603075678E-29
 0.19776150768920E-29
 0.87894003417420E-30
 0.49440376922299E-30
 0.31641841230271E-30
 0.21973500854355E-30
 0.16143796546057E-30
 0.12360094230575E-30
 0.97660003797134E-31
 0.79104603075678E-31
 0.65375705021222E-31
 0.54933752135888E-31
 0.46807457441230E-31
 0.40359491365142E-31
 0.40503764961558E-16
-0.35599012173244E-16
 0.42887899362976E-31
-0.18965105423696E-16
 0.76095292357741E-17
 0.10007252804256E-16
 0.57627010329481E-16
 0.14695962426420E-15
 0.39215622138009E-15
 0.98905182551855E-15
 0.23234900619105E-14
 0.51025547880978E-14
 0.10559215019164E-13
 0.20716162488062E-13
 0.38727149734692E-13
 0.69261557979660E-13
 0.11922807180278E-12
 0.19813569258141E-12
 0.31881605864416E-12
 0.49816823501994E-12
 0.75808413446996E-12
 0.11256965236126E-11
 0.16345746183350E-11
 0.23251125040606E-11
 0.32451898427260E-11
 0.44506027066069E-11
 0.60054842851555E-11
 0.79825412582046E-11
 0.10463224960436E-10
 0.13537494660959E-10
 0.17304084678008E-10
 0.21869816139914E-10
 0.27349465768316E-10
 0.33865168107196E-10
 0.41545869093435E-10
 0.50526664090109E-10
 0.60948001332133E-10
 0.72954944757454E-10
 0.86696466613327E-10
 0.10232425091775E-09
 0.11999243278893E-09
 0.13985622924690E-09
 0.16207131868876E-09
 0.18679315255869E-09
 0.21417604591856E-09
 0.24437257138513E-09
 0.27753286223428E-09
 0.31380401661409E-09
 0.35332959124051E-09
 0.39624904947664E-09
 0.44269746321580E-09
 0.49280500875201E-09
 0.54669679191991E-09
 0.60449261711029E-09
 0.66630676827516E-09
 0.73224790024410E-09
 0.80241902784169E-09
 0.87691747564473E-09
 0.95583494915459E-09
 0.10392576261571E-08
 0.11272662860036E-08
 0.12199364236674E-08
 0.13173385842110E-08
 0.14195384479617E-08
 0.15265972236927E-08
 0.16385718772969E-08
 0.17555154368919E-08
 0.18774773961771E-08
 0.20045039638912E-08
 0.21366385705898E-08
 0.22739221512158E-08
 0.24163935732211E-08
 0.25640900783409E-08
 0.27170476784268E-08
 0.28753016078088E-08
 0.30388867551880E-08
 0.32078381311013E-08
 0.33821913200924E-08
 0.35619830093001E-08
 0.37472513729485E-08
 0.39380367033625E-08
 0.41343818053661E-08
 0.43363325984114E-08
 0.45439386570462E-08
 0.47572537319711E-08
 0.49763363535268E-08
 0.52012504192777E-08
 0.54320658422907E-08
 0.56688591599367E-08
 0.59117142143674E-08
 0.61607278220779E-08
 0.64159838627939E-08
 0.66776126296343E-08
 0.69457240470552E-08
 0.72204511605077E-08
 0.75019370861887E-08
 0.77903375677019E-08
 0.80858218197596E-08
 0.83885733066521E-08
 0.86987905626693E-08
 0.90166878815732E-08
 0.93424959720378E-08
 0.96764624578982E-08
 0.10018852227390E-07
 0.10369947509066E-07
 0.10730047653371E-07
