-0.25299387690157E-33
-0.40479020304251E-32
-0.20492504029027E-31
-0.64766432486801E-31
-0.15812117306348E-30
-0.32788006446443E-30
-0.60743829844066E-30
-0.10362629197888E-29
-0.16598928263512E-29
-0.25299387690157E-29
-0.37040833517158E-29
-0.52460810314309E-29
-0.72257581181856E-29
-0.97190127750506E-29
-0.12807815018142E-28
-0.16580206716621E-28
-0.21130301592696E-28
-0.40906718562232E-14
 0.97053858002137E-14
-0.14387402319289E-13
-0.94730932935884E-15
-0.22540013847819E-13
 0.14218275199905E-13
 0.61791086878916E-14
-0.31918017123298E-13
 0.70578657895535E-13
-0.19267578910776E-13
 0.73362474445790E-13
-0.72195498025800E-13
-0.10802775610543E-12
-0.14789465120337E-12
-0.27014420961468E-12
-0.16987874507084E-12
 0.24170940317373E-12
-0.67354605804329E-13
-0.27272912708152E-12
-0.54697529748876E-12
 0.10301443299764E-11
 0.28107546526518E-12
 0.80347108164049E-12
 0.31167453166896E-12
 0.32838521911498E-12
 0.14061898603365E-11
-0.12841188833985E-11
 0.27365716155509E-11
 0.22425543695578E-11
-0.56855657704066E-12
 0.63909877807852E-11
 0.14973654233447E-11
 0.40568547735239E-11
 0.24955676013376E-11
 0.25542910893139E-11
 0.75725249496758E-11
 0.18758159334438E-10
 0.95372871940595E-11
 0.20423685468777E-10
 0.17624320943418E-10
 0.20725141305729E-10
 0.25157589052837E-10
 0.31175587050316E-10
 0.40199053401795E-10
 0.47734811463724E-10
 0.53662143311065E-10
 0.31950214668593E-10
 0.86369164978409E-10
 0.79609955242703E-10
 0.87519713716875E-10
 0.11782510125407E-09
 0.10603922701556E-09
 0.12801545378447E-09
 0.15235864806761E-09
 0.18054408117860E-09
 0.17114686033745E-09
 0.20355410631708E-09
 0.24746035049056E-09
 0.24965309847298E-09
 0.32461218646070E-09
 0.33939329698422E-09
 0.36332788275090E-09
 0.37425349010240E-09
 0.47498010391970E-09
 0.53261226518231E-09
 0.56793718635682E-09
 0.64334344738532E-09
 0.67028861285612E-09
 0.74879253643458E-09
 0.79128811395632E-09
 0.88411640866348E-09
 0.98010012609745E-09
 0.10927993862874E-08
 0.11370675626441E-08
 0.13195308186827E-08
 0.14017342460390E-08
 0.15864427943388E-08
 0.17489380116571E-08
 0.19129030862075E-08
 0.21323563817278E-08
 0.23040341097975E-08
 0.24940079032474E-08
 0.28463476062776E-08
 0.31730882698002E-08
 0.34086015285951E-08
 0.37465171541332E-08
 0.40814393472314E-08
 0.44614362235661E-08
 0.49541015397748E-08
 0.55083255842127E-08
 0.61255092866542E-08
 0.66379655696034E-08
 0.67028862853755E-07
 0.75898118465853E-09
 0.88941802974297E-08
 0.10052480927289E-07
 0.11170556943339E-07
-0.10030419142662E-07
 0.99125101263485E-08
 0.15131171641475E-07
 0.16955263212647E-07
 0.18658237893473E-07
 0.20653198101855E-07
