0.015354327570265159
0.022828375183618976
0.03288351132177118
0.04610653457820244
0.06316422186547163
0.08481049376308464
0.11189365057951363
0.14536300788852058
0.18627410734893904
0.2357915675821599
0.29518859001710485
0.3658421541824644
0.4492230007462957
0.546879531592746
0.6604146186901917
0.7914538524792113
0.9416029506619463
1.1123913064575617
1.305199302551143
1.5211714089490171
1.7611270826544132
2.0254941299706735
2.314293431664857
2.6271886197518444
2.9635854656946936
3.322746220478513
3.7038875594901963
4.106248017132207
4.5291260275497045
4.971896462020929
5.43401396521717
5.915009289216166
6.414482522631097
6.932095401120427
7.467563802592447
8.020650924651312
8.5911612960302
9.178935628521192
9.783846434316342
10.405794311719314
11.044704799575303
11.700525708399793
12.373224848112857
13.062788084194837
13.769217665467973
14.492530776602072
15.232758276743153
15.989943592704064
16.764141740857337
17.555418456556787
18.3638494137793
19.18951952069316
20.032522279485203
20.892959200776126
21.770939264638468
22.666578421589925
23.579999128103733
24.51132991200643
25.46070496397648
26.42826375192347
27.41415065556937
28.41851461896317
29.44150881904438
30.483290348620468
31.54401991246919
32.62386153535134
33.722982281014126
34.84155198138862
35.97974297527434
37.13772985596365
38.31568922733874
39.51379946805023
40.732240503467466
41.97119358516143
43.23084107769996
44.511366252654845
45.81295308965943
47.13578608450655
48.48005006421211
49.84593000904225
51.23361088154342
52.643277462582006
54.075114194460554
55.52930503117471
57.006033295890504
58.50548154572018
60.027831443909115
61.573263639498286
63.14195765460018
64.7340917793602
66.34984297470878
67.98938678301192
69.65289724669483
71.3405468349353
73.0525063785193
74.78894501288741
76.55003012949948
78.33592733552527
80.14680042192506
81.98281133995535
83.84412018613044
85.73088519565447
87.64326274431741
89.581407358879