0.011621358662569886
0.012127765200910811
0.012651337172330955
0.013192487578216444
0.013751635319326001
0.014329205249411446
0.014925628189119314
0.015541340999222567
0.016176786614133392
0.01683241406089382
0.017508678530669713
0.01820604141561487
0.0189249703312129
0.019665939211106077
0.020429428296296778
0.021215924226004428
0.022025920053056588
0.022859915346413337
0.02371841615765446
0.024601935140012007
0.02551099157654587
0.02644611143748795
0.027407827405687056
0.02839667897454081
0.029413212457304765
0.030457981080555904
0.031531545009761706
0.032634471408734336
0.033767334509635205
0.034930715669450274
0.036125203399282727
0.03735139344776266
0.03860988885516404
0.03990130002204396
0.04122624471321449
0.04258534818211249
0.04397924320344353
0.045408570134994476
0.04687397695437341
0.04837611934390881
0.049915660766115394
0.05149327245860519
0.05310963356118793
0.054765431156583
0.05646136028518982
0.05819812408224217
0.059976433749880875
0.06179700869108091
0.06366057652454599
0.06556787314962416
0.06751964282251836
0.06951663815616241
0.07155962027040792
0.07364935875193318
0.07578663177464097
0.07797222610710587
0.08020693721100265
0.0824915692437128
0.08482693516953746
0.08721385673872084
0.08965316458513392
0.09214569827964667
0.09469230633509292
0.09729384628806648
0.0999511847185323
0.10266519731672803
0.10543676889421079
0.10826679346279848
0.11115617423097028
0.1141058236411031
0.11711666347261654
0.1201896247609216
0.12332564791881147
0.12652568273819928
0.12979068839682067
0.13312163350341394
0.13651949610616046
0.13998526372954864
0.14351993336481664
0.14712451150681644
0.1508000141681637
0.15454746685838533
0.15836790462711386
0.16226237203454638
0.16623192318483337
0.17027762168884214
0.1744005407036275
0.17860176286168253
0.18288238033101337
0.18724349475072014
0.19168621723409995
0.19621166832098433
0.20082097800641116
0.2055152856361145
0.21029573997826664
0.21516349907651844
0.2201197302847531
0.22516561021433476
0.23030232464250658
0.23553106853088498
0.24085304593497509
0.24626946991939552
0.2517815625570098
0.2573905548232986
0.2630976865172947
0.2689042062185126
0.27481137120875176
0.28082044734822387
0.286932709031365
0.2931494390645761
0.29947192860217636
0.30590147702948084
0.3124393918391749
0.3190869885644133
0.3258455906286328
0.33271652923334627
0.33970114326778245
0.3468007791296541
0.3540167906206482
0.36135053881510465
0.36880339191789774
0.37637672508930026
0.3840719203225999
0.3918903662746732
0.3998334580950703
0.40790259728836414
0.4160991915071155
0.4244246543933702
0.43288040539557954
0.4414678695585868
0.450188477380515
0.4590436645445402
0.4680348717735455
0.47716354457157556
0.4864311330515559
0.49583909167426554
0.5053888790553278
0.5150819577053001
0.5249197937877603
0.5349038569004817
0.5450356197724511
0.5553165580647785
0.5657481500733021
0.5763318764248623
0.5870692198649301
0.5979616649091979
0.6090106975859032
0.6202178051261452
0.6315844756288811
0.6431121977814039
0.6548024605157746
0.6666567526687288
0.6786765626505202
0.6908633780958915
0.7032186855063555
0.7157439698407184
0.7284407142207878
0.7413103994717505
0.754354503740995
0.767574502135553
0.7809718662346734
0.7945480637205617
0.808304557915654
0.822242807348068
0.8363642652712524
0.8506703792172737
0.8651625905190724
0.8798423337841872
0.8947110364247074
0.9097701181245429
0.9250209903249405
0.9404650556845549
0.9561037075124623
0.9719383292227695
0.9879702937558357
1.00420096298795
1.020631687147961
1.0372638041883522
1.0540986391905753
1.0711375037103108
1.0883816951620715
1.1058324961365356
1.1234911737774549
1.141358979097995
1.1594371462872677
1.1777268920629125
1.1962294149289745
1.2149458945525662
1.2338774909938164
1.2530253440424424
1.2723905724810867
1.2919742734314459
1.3117775215785115
1.3318013685355625
1.3520468420846674
1.3725149455153631
1.3932066569388852
1.4141229285848935
1.4352646861564138
1.4566328281674001
1.478228225292463
1.500051719781512
1.5221041248005454
1.5443862238990458
1.5668987704277253
1.589642487020815
1.6126180650825739
1.635826164324067
1.6592674123251419
1.6829424041147711
1.7068517018277352
1.7309958343677538
1.7553752971001635
1.7799905516530727
1.8048420256688722
1.829930112681105
1.8552551719946906
1.8808175286342892
1.906617473320347
1.9326552625211024
1.9589311185408373
1.98544522964375
2.012197750262727
2.0391888012426227
2.066418470103147
2.093886811394227
2.121593847086615
2.14953956700247
2.177723929288878
2.2061468609458665
2.234808258378496
2.2637079880322397
2.2928458870075086
2.3222217637544826
2.3518353987748957
2.3816865453908447
2.411774930486909
2.4421002553269986
2.472662196390309
2.503460406166695
2.5344945140706994
2.5657641272919105
2.597268831670268
2.6290081926210154
2.6609817560147224
2.693189049087717
2.725629581350032
2.7583028455240166
2.791208318390095
2.8243454617268675
2.857713723200067
2.891312537222473
2.925141325843739
2.9591994996011226
2.9934864583494845
3.028001592102833
3.0627442818295725
3.0977139002616485
3.13290981263444
3.1683313774543227
3.2039779472204404
3.239848869130704
3.27594348577067
3.312261135761079
3.348801154393112
3.3855628742585546
3.4225456258197635
3.459748737981494
3.4971715386355453
3.5348133551728873
3.572673514981261
3.6107513459260288
3.6490461767737985
3.6875573376551496
3.7262841604280617
3.765225979106753
3.8043821301848944
3.843751953001021
3.8833347900578996
3.923129987307262
3.963136894470783
4.00335486526859
4.04378325769456
4.084421434233291
4.125268762083639
4.166324613359053
4.20758836527599
4.249059400314159
4.290737106382218
4.33262087696151
4.3747101112439655
4.417004214229405
4.459502596861088
4.502204676109987
4.545109875058199
4.588217622986202
4.63152735542387
4.6750385142379765
4.718750547652181
4.762662910311199
4.806775063295444
4.851086474178505
4.895596617018448
4.940304972393323
4.985211027395447
5.030314275649532
5.075614217300394
5.121110359020896
5.166802213971364
5.212689301820184
5.258771148708934
5.305047287218862
5.351517256364064
5.398180601550523
5.445036874549422
5.492085633452711
5.539326442652251
5.586758872778995
5.6343825006854935
5.682196909385312
5.730201688004757
5.778396431745013
5.826780741836719
5.875354225480881
5.924116495795009
5.973067171779849
6.022205878240196
6.071532245755347
6.121045910607988
6.170746514733173
6.220633705668183
6.270707136492821
6.320966465769962
6.3714113574867115
6.4220414810159365
6.472856511031858
6.523856128059289
6.5750400160867795
6.626407865961711
6.677959373046757
6.729694237750505
6.781612165434366
6.833712866388863
6.885996055760899
6.938461453507956
6.991108784329579
7.043937777621823
7.096948167414946
7.150139692331579
7.2035120955246645
7.257065124612664
7.310798531655979
7.364712073067207
7.4188055095952565
7.473078606246777
7.527531132244702
7.582162860982325
7.636973569966823
7.6919630407746995
7.747131058990216
7.802477414181192
7.858001899827013
7.913704313285367
7.969584455745198
8.025642132163414
8.081877151248117
8.138289325392208
8.194878470633915
8.251644406618686
8.308586956548794
8.365705947145482
8.423001208603536
8.480472574551312
8.538119882010902
8.595942971360518
8.653941686285219
8.7121158737429
8.770465383933507
8.828990070247661
8.887689789232887
8.94656440056507
9.005613766999918
9.064837754344179
9.124236231420996
9.183809070027344
9.243556144906465
9.30347733371313
9.36357251697427
9.423841578064918
9.484284403170589
9.54490088125799
9.60569090403492
9.66665436592795
9.727791164050997
9.78910119817182
9.850584370688692
9.912240586587318
9.974069753427562
10.036071781306829
10.098246582832509
10.16059407309405
10.223114169639999
10.285806792443735
10.348671863888462
10.411709308727238
10.47491905406807
10.538301029338685
10.601855166280176
10.665581398893524
10.729479663443188
10.793549898422972
10.85779204452202
10.922206044619601
10.986791843750105
11.051549389086535
11.11647862990998
11.181579517602524
11.246852005611643
11.312296049433309
11.377911606598968
11.443698636644005
11.509657101087265
11.57578696342473
11.642088189091405
11.70856074546058
11.775204601805223
11.842019729297363
11.909006100974322
11.976163691728427
12.043492478297688
12.110992439220125
12.178663554845683
12.246505807302103
12.314519180490947
12.382703660052593
12.451059233362145
12.519585889510433
12.588283619293474
12.65715241518218
12.726192271321862
12.795403183500209
12.864785149155722
12.93433816733813
13.004062238702168
13.073957365507848
13.144023551577737
13.214260802306656
13.284669124634982
13.355248527035998
13.425999019508314
13.496920613556878
13.568013322175355
13.639277159846992
13.710712142517185
13.782318287589883
13.854095613901894
13.926044141731081
13.998163892767433
14.070454890103017
14.142917158227139
14.215550723004613
14.288355611671928
14.361331852825819
14.434479476400176
14.50779851366941
14.581288997227837
14.654950960984467
14.72878444014588
14.802789471209515
14.876966091949653
14.951314341412944
15.025834259902027
15.100525888964969
15.175389271392795
15.250424451195903
15.325631473608647
15.401010385070233
15.476561233213292
15.552284066865006
15.628178936026865
15.704245891871203
15.780484986726544
15.856896274074124
15.93347980853574
16.010235645863187
16.087163842934288
16.164264457740988
16.241537549378045
16.318983178037453
16.396601405001622
16.474392292629826
16.552355904354133
16.63049230466946
16.708801559125256
16.78728373431695
16.865938897880355
16.94476711848
17.023768465804295
17.102943010554856
17.182290824444763
17.261811980182802
17.341506551467496
17.42137461298861
17.5014162404053
17.581631510353805
17.662020500427953
17.742583289177194
17.823319956104104
17.904230581640682
17.985315247165722
18.06657403497603
18.148007028294966
18.22961431125497
18.31139596889344
18.39335208715474
18.4754827528702
18.557788053760735
18.640268078423922
18.72292291633476
18.80575265783486
18.888757394125257
18.971937217263417
19.055292220152825
19.13882249654223
19.222528141014973
19.306409248984522
19.390465916688267
19.4746982411813
19.559106320331107
19.643690252811943
19.728450138100147