0.011765277939670036
0.012277176498737394
0.01280639750413351
0.013353356965826475
0.013918476867257537
0.014502185155659621
0.01510491581528903
0.01572710888393362
0.016369210498217154
0.01703167297067877
0.017714954779843285
0.018419520665050017
0.01914584163017645
0.019894395012153322
0.020665664551838023
0.02146014037949237
0.022278319112093898
0.023120703902984468
0.02398780446309506
0.024880137134798083
0.025798224937584106
0.026742597619324043
0.027713791716468112
0.028712350582842015
0.02973882446560934
0.030793770587564124
0.03187775312280305
0.03299134333574153
0.034135119586078636
0.03530966741791629
0.036515579585204225
0.03775345613204661
0.039023904459479425
0.040327539334903725
0.04166498301955843
0.043036865285524986
0.044443823464010664
0.04588650254328042
0.04736555520353508
0.048881641876241395
0.050435430818232645
0.052027598151055135
0.05365882793941302
0.055329812254097915
0.0570412511903589
0.058793852995995946
0.06058833405361049
0.062425419013787925
0.06430584078454721
0.066230340642802
0.06819966825372369
0.07021458177537576
0.07227584784468814
0.07438424169413138
0.07654054719019439
0.07874555686093936
0.0810000719899618
0.08330490264220787
0.08566086770940272
0.0880687949915985
0.09052952121368242
0.09304389209414013
0.0956127623796856
0.0982369958978887
0.10091746559217742
0.10365505357446539
0.10645065115543764
0.10930515890077754
0.11221948663464223
0.11519455353548454
0.11823128809186559
0.12133062819542188
0.12449352114756788
0.127720923677866
0.13101380199715057
0.13437313179057706
0.1377998982589546
0.14129509612991684
0.14485972967840205
0.1484948127290114
0.15220136867214484
0.1559804304906871
0.15983304074374782
0.16376025155015353
0.16776312464889453
0.1718427313463736
0.17600015251876397
0.1802364786074171
0.18455280962904047
0.1889502550996111
0.19342993408998216
0.19799297514520367
0.20264051628737761
0.20737370496576088
0.2121936980671915
0.2171016618154261
0.22209877178541396
0.227186212826838
0.23236517903606346
0.23763687368774675
0.24300250918593175
0.2484633070168835
0.25402049764594326
0.25967532050089626
0.26542902387341905
0.2712828648321946
0.27723810915402475
0.28329603124873665
0.28945791404772175
0.2957250489418749
0.30209873563997175
0.3085802821008983
0.31517100441151535
0.3218722266760664
0.3286852809085639
0.3356115068951388
0.3426522520705394
0.3498088714170966
0.3570827272724594
0.3644751892348905
0.37198763402189144
0.3796214452657749
0.3873780134174701
0.3952587355600925
0.40326501522400265
0.4113982622559819
0.41965989262498266
0.4280513282095076
0.43657399666591706
0.4452293311999215
0.45401877037071703
0.46294375789586717
0.47200574243086235
0.4812061773773525
0.4905465206099553
0.500028234334758
0.5096527847550575
0.519421641914099
0.5293362793918469
0.5393981740941021
0.5496088059630504
0.5599696577355987
0.5704822146365456
0.581147964149826
0.5919683956809003
0.6029450002927479
0.6140792703985424
0.6253726994462585
0.6368267815963286
0.6484430114187862
0.660222883542871
0.6721678923114737
0.6842795314438989
0.69655929366561
0.7090086703546067
0.7216291511400167
0.7344222235315919
0.7473893725331948
0.7605320802185506
0.7738518253113443
0.7873500827702822
0.801028323341882
0.8148880131280335
0.8289306131138404
0.843157578697075
0.857570359194051
0.8721703973813663
0.8869591289569674
0.9019379820400641
0.9171083766396405
0.9324717241022388
0.9480294265930064
0.9637828764773234
0.9797334557921681
0.9958825356402804
1.0122314755824624
1.028781623039933
1.0455343126626737
1.0624908656974021
1.079652589344994
1.0970207760996606
1.114596703098924
1.1323816314254334
1.150376805448873
1.1685834521308818
1.1870027803111047
1.2056359800271332
1.224484221794226
1.2435486558969482
1.2628304116758446
1.282330596802695
1.3020502965818321
1.3219905732347073
1.342152465161117
1.3625369862719272
1.3831451252665607
1.403977844962369
1.4250360815818022
1.4463207441272088
1.4678327136876166
1.489572842851142
1.5115419550362232
1.5337408439371676
1.5561702729482305
1.578830974597743
1.6017236500404552
1.6248489685960534
1.648207567268933
1.6718000503361148
1.6956269889772393
1.7196889209142414
1.7439863501459791
1.7685197466392941
1.7932895461648002
1.8182961501041215
1.8435399253479892
1.8690212041957026
1.8947402843706453
1.9206974290207803
1.946892866817204
1.9733267920812456
1.9999993649586096
2.026910711653346
2.0540609247252437
2.0814500634023703
2.1090781539885626
2.1369451902721575
2.16505113400982
2.193395915460761
2.2219794339434222
2.2508015584190955
2.2798621281804268
2.309160953510747
2.338697816394547
2.3684724712908745
2.398484645883282
2.428734041918758
2.459220336000994
2.4899431804653123
2.5209022042464015
2.552097013746176
2.583527193748052
2.6151923083169555
2.64709190171062
2.6792254992939935
2.711592608479579
2.7441927196074603
2.7770253069055033
2.8100898293605665
2.843385731662816
2.876912445053603
2.9106693882288175
2.9446559682238744
2.9788715812403663
3.0133156134817707
3.047987441998594
3.0828864354638856
3.1180119549650045
3.1533633547595237
3.188939983013875
3.224741182515064
3.260766291367982
3.2970146436552388
3.333485570097364
3.370178398648838
3.407092455123914
3.444227063742753
3.4815815477115657
3.5191552297102886
3.5569474324183608
3.59495747899458
3.6331846935162426
3.671628401420272
3.7102879299143092
3.7491626083561544
3.788251768647849
3.827554745539653
3.867070876991856
3.9067995044566604
3.946739973199281
3.9868916325206216
4.027253836052681
4.067825941963482
4.108607313193271
4.149597317643681
4.190795328387247
4.232200723800839
4.273812887763883
4.3156312097836
4.357655085131539
4.399883914958886
4.442317106425428
4.484954072761733
4.527794233389678
4.570837013986495
4.614081846551543
4.657528169460678
4.701175427530919
4.74502307205148
4.789070560821997
4.833317358179089
4.8777629350165945
4.922406768804806
4.967248343597175
5.012287150023609
5.057522685310205
5.1029544532514475
5.148581964201894
5.194404735074934
5.240422289298346
5.286634156823742
5.333039874067353
5.3796389838945196
5.426431035591263
5.473415584816254
5.520592193575366
5.567960430168054
5.615519869149624
5.663270091299084
5.711210683549635
5.759341238954788
5.807661356640204
5.856170641748956
5.904868705383687
5.953755164567019
6.002829642173656
6.052091766885325
6.101541173127979
6.15117750102698
6.2010003963399525
6.251009510403291
6.301204500072079
6.351585027669328
6.402150760917956
6.452901372899332
6.503836541975079
6.554955952330851
6.606259291593077
6.657746254210896
6.709416539136206
6.761269850319277
6.813305896654391
6.865524391928451
6.917925054751972
6.970507608517624
7.023271781335438
7.076217305976956
7.129343919824338
7.182651364812148
7.236139387376468
7.289807738400282
7.343656173158242
7.397684451266893
7.451892336628577
7.506279597384881
7.56084600586066
7.615591338522704
7.670515375910978
7.725617902614039
7.78089870719929
7.836357582177221
7.891994323943702
7.947808732749072
8.00380061263273
8.059969771382793
8.116316020504813
8.172839175162958
8.229539054130472
8.286415479762868
8.343468277944194
8.400697278044692
8.458102312886679
8.515683218699104
8.573439835064317
8.631372004900548
8.689479574407066
8.747762393030028
8.806220313424383
8.86485319141018
8.923660885945138
8.982643259084176
9.041800175929277
9.101131504621414
9.160637116278242
9.220316884982928
9.28017068772619
9.340198404385934
9.40039991769796
9.46077511322308
9.521323879284308
9.582046106991307
9.642941690157476
9.704010525298969
9.765252511586647
9.826667550835284
9.888255547454165
9.950016408429342
10.011950043296071
10.074056364101335
10.136335285385965
10.198786724153114
10.261410599836983
10.324206834284073
10.387175351730844
10.450316078756055
10.513628944274183
10.57711387951321
10.640770817977751
10.704599695429074
10.768600449862143
10.832773021484636
10.897117352685909
10.96163338802385
11.026321074195089
11.091180360014754
11.156211196396006
11.22141353632384
11.286787334842305
11.352332549025206
11.418049137962209
11.483937062727435
11.54999628637561
11.616226773904957
11.682628492256699
11.74920141027521
11.815945498704053
11.882860730162513
11.949947079125986
12.017204521907988
12.084633036641657
12.15223260327143
12.220003203519301
12.287944820873996
12.356057440591366
12.424341049641756
12.492795636726877
12.561421192254864
12.630217708300187
12.699185178632561
12.76832359866123
12.837632965436322
12.907113277636686
12.976764535547677
13.04658674104862
13.116579897605856
13.186744010238117
13.2570790855267
13.32758513158493
13.398262158051965
13.469110176076525
13.540129198301381
13.611319238855783
13.682680313336968
13.754212438797998
13.825915633738811
13.897789918090846
13.96983531319891
14.042051841823172
14.114439528114454
14.18699839760406
14.25972847719273
14.332629795151128
14.405702381082735
14.478946265936019
14.552361481982704
14.625948062804863
14.699706043291695
14.773635459619666
14.847736349249399
14.922008750908677
14.996452704588839
15.071068251525045
15.145855434199257
15.22081429631169
15.295944882793101
15.371247239775615
15.44672141458926
15.522367455760715
15.598185412991224
15.674175337152496
15.750337280278513
15.826671295556347
15.903177437313872
15.979855761008467
16.056706323231857
16.133729181683186
16.21092439517235
16.288292023604992
16.365832127976926
16.44354477036903
16.521430013931358
16.59948792287521
16.67771856247722
16.756121999053544
16.834698299963573
16.913447533597033
16.992369769373365
17.071465077722973
17.150733530085006
17.230175198903243
17.309790157609232
17.389578480628852
17.469540243355016
17.54967552216095
17.629984394380447
17.710466938302677
17.791123233170055
17.871953359160873
17.95295739739601
18.034135429920664
18.115487539699537
18.197013810616696
18.278714327463284
18.36058917592512
18.442638442591
18.524862214933965
18.607260581309934
18.68983363094876
18.772581453946547
18.85550414126415
18.93860178471973
19.02187447697995
19.105322311554744
19.18894538278977
19.272743785865384
19.356717616785385
19.440866972372767
19.525191950262766
19.609692648902133
19.694369167535598
19.77922160620835