0.2452434516452148
0.3525646514624358
0.5119887284311444
0.7254546301514471
0.9714232378193383
1.2410637453408233
1.530974154314486
1.8393746927355281
2.1652252997547516
2.5078406266784756
2.866725535112221
3.2415358793018685
3.63200746502037
4.0379259857802605
4.4591315033985195
4.895494699967981
5.346911744932011
5.813302652027503
6.294600326865626
6.79075579676516
7.301730800049983
7.827497974242148
8.36802445815246
8.923352501334486
9.49343138229622
10.078285305005995
10.677935891951387
11.292398846005897
11.921707130438877
12.565895729070622
13.225014671009935
13.899106567372828
14.58823045929386
15.292450352644629
16.011828704833878
16.746458121568836
17.496403377018414
18.26175780106901
19.04261451243695
19.83907300133907
20.651238070407835
21.47922200431173
22.323137869919403
23.1831050475804
24.059259885229476
24.951722395468327
25.860634898331586
26.786135405463835
27.728370011901518
28.68748818551408
29.66364349063638
30.656993402189023
31.667699117070423
32.695925363402395
33.741840208060324
34.805614863006326
35.88742349082398
36.98744300987288
38.105852899464686
39.24283500537966
40.398573346082415
41.57325391995719
42.76706451385225
43.98019451321065
45.21283471408237
46.465177137261826
47.737414844818886
49.0297417592518
50.34235248553389
51.675442136270746
53.029206160203984
54.40384017431501
55.799539799733616
57.21650050169656
58.65491743378877
60.11498528667385
61.59689814156353
63.10084932862001
64.62703129053303
66.17563545147468
67.74685209164818
69.34087022762267
70.95787749868238
72.59806005934158
74.26160247825753
75.94868764367044
77.6594966755775
79.3942088447678
81.15300149888546
82.93604999565748
84.74352764337551
86.5756056487918
88.4324530724831
90.3142367918052
92.22112147147413
94.15326954186288
96.11084118503827
98.09399432858555
100.10288464721644
102.1376655722131
104.19848830864193
106.28550186037977
108.39885306287348
110.53868662364542