-0.37097072127841E-30
-0.37097072127841E-30
-0.37097072127841E-30
-0.37097072127841E-30
-0.37097072127841E-30
-0.37097072127841E-30
-0.21328468971603E-15
-0.12504665180192E-15
 0.44253058741090E-15
 0.34225463840252E-14
 0.24606073228091E-13
 0.12182274321159E-12
 0.46780650241521E-12
 0.14755261097835E-11
 0.39609331149097E-11
 0.93455942456506E-11
 0.19834870970926E-10
 0.38539655862235E-10
 0.69551361666899E-10
 0.11788002172399E-09
 0.18937979121943E-09
 0.29055784619468E-09
 0.42835561394300E-09
 0.60997742240963E-09
 0.84257793638219E-09
 0.11332906131749E-08
 0.14888484560233E-08
 0.19156164883432E-08
 0.24195264310331E-08
 0.30061029843072E-08
 0.36804288998712E-08
 0.44473468651996E-08
 0.53114616379152E-08
 0.62773152800581E-08
 0.73495460208387E-08
 0.85330314834971E-08
 0.98330672213321E-08
 0.11255561626879E-07
 0.12807221807123E-07
 0.14495748888750E-07
 0.16330064474646E-07
 0.18320540125673E-07
 0.20479254985741E-07
 0.22820276784659E-07
 0.25359978110237E-07
 0.28117404051608E-07
 0.31114684022369E-07
 0.34377509090620E-07
 0.37935681147093E-07
 0.41823744203765E-07
 0.46081710910267E-07
 0.50755872404800E-07
 0.55899706363329E-07
 0.61574863194318E-07
 0.67852174898692E-07
 0.74812634197982E-07
 0.82548191835951E-07
 0.91162173985496E-07
 0.10076895790732E-06
 0.11149241911785E-06
 0.12346245897341E-06
 0.13680866783255E-06
 0.15165004604606E-06
 0.16807952940818E-06
 0.18614166475108E-06
 0.20580063059111E-06
 0.22689239844291E-06
 0.24904883836946E-06
 0.27157678253638E-06
 0.29328482523469E-06
 0.31229254089748E-06
 0.32593057816339E-06
 0.33089883335770E-06
 0.32381359928218E-06
 0.30210465842147E-06
 0.26499256019595E-06
 0.21413913405678E-06
 0.15363730158365E-06
 0.89269041880749E-07
 0.27269366686719E-07
-0.26975406772758E-07
-0.69878774454592E-07
-0.10001991949805E-06
-0.11793200232636E-06
-0.12550774649503E-06
-0.12528614599259E-06
-0.11983989800865E-06
-0.11137819592350E-06
-0.10157463072357E-06
-0.91564001432237E-07
-0.82032210560872E-07
-0.73336085390273E-07
-0.65614668425871E-07
-0.58875890799562E-07
-0.53056779091034E-07
-0.48061849210415E-07
-0.43785820223936E-07
-0.40126076362289E-07
-0.36988770045056E-07
-0.34291250374189E-07
-0.31962431552199E-07
-0.29942123449861E-07
-0.28179886911430E-07
-0.26633740833976E-07
-0.25268897145108E-07
-0.24056599798684E-07
-0.22973110872699E-07
-0.21998833245944E-07
-0.21117582669334E-07
-0.20315973720380E-07
-0.19582917218337E-07
-0.18909209817780E-07
-0.18287189433826E-07
-0.17710464115255E-07
-0.17173686494652E-07
-0.16672366545122E-07
-0.16202724736046E-07
-0.15761570679764E-07
-0.15346197759167E-07
-0.14954308310037E-07
