0.191674233160183
0.1984200263240131
0.20537680174668235
0.21255127108291655
0.21995041790012318
0.22758151327041498
0.23545213242610682
0.24357017260566216
0.25194387196025825
0.2605818296484425
0.26949302698160205
0.27868684940973554
0.28817310917301386
0.29796206808205383
0.3080644597221446
0.3184915101318958
0.32925495523697657
0.3403670529597851
0.35184058684416986
0.3636888566255442
0.3759256500294797
0.3885651875582257
0.4016220299554961
0.4151109354282225
0.4290466516217106
0.44344362663131026
0.45831562587137414
0.473675249421705
0.48953336056466984
0.5058984601565436
0.5227760719726865
0.5401682300520777
0.5580731677800609
0.5764852871294132
0.5953954340381282
0.6147914402924014
0.6346588381387619
0.6549816322609591
0.6757430269595247
0.6969260407462721
0.7185139792226576
0.7404907673583515
0.7628411599625176
0.7855508563687623
0.8086065449191784
0.8319958993774791
0.8557075445254881
0.8797310035307657
0.9040566360059894
0.9286755726278094
0.9535796500780482
0.978761348614166
1.0042137335360253
1.0299304011328236
1.0559054292936432
1.082133332724028
1.1086090225080545
1.135327769705845
1.16228517269334
1.1894771277965104
1.2168998030032825
1.2445496143520232
1.2724232047021635
1.300517424718035
1.3288293157011228
1.357356094170943
1.3860951379175068
1.4150439734192422
1.4442002644836414
1.4735618018988734
1.50312649409302
1.5328923586138752
1.5628575143706045
1.5930201745972958
1.6233786403626436
1.6539312946930418
1.6846765971531907
1.7156130788961284
1.7467393380924559
1.7780540357406143
1.8095558918157666
1.8412436816918694
1.8731162328562996
1.9051724218693744
1.9374111715291666
1.969831448278853
2.0024322597626387
2.03521265257717
2.0681717101829427
2.1013085509233203
2.1346223262399167
2.1681122189257085
2.201777441588534
2.23561723511025
2.2696308672950467
2.3038176315608356
2.338176845687358
2.372707850711133
2.4074100098036455
2.442282707292276
2.4773253476876844
2.5125373547892655
2.54791817084162
2.5834672557290053
2.619184086213228
2.655068155244895
2.6911189712745403
2.727336057612277
2.763718951831151
2.800267205182649
2.8369803820783677
2.8738580595551744
2.910899826801187
2.94810528467319
2.9854740452875266
3.0230057315767422
3.0606999768880456
3.098556424629195
3.1365747278822274
3.1747545490790086
3.2130955596656063
3.251597439779947
3.2902598779708057
3.329082570911208
3.368065223104759
3.407207546647952
3.4465092609765846
3.485970092633159
3.5255897750170226
3.565368048195705
3.6053046586797604
3.6453993592205736
3.6856519086341075
3.726062071600573
3.766629618498722
3.8073543252387854
3.8482359730858446
3.889274348519575
3.93046924307897
3.9718204532227035
4.0133277801738565
4.054991029814286
4.096810012538289
4.13878454313121
4.180914440656489
4.223199528336631
4.2656396334544056
4.308234587229719
4.350984224734834
4.393888384786143
4.436946909848712
4.480159645952008
4.523526442602761
4.567047152683312
4.610721632397741
4.654549741166739
4.698531341564179
4.742666299246991
4.786954482862563
4.831395764017466
4.8759900171728185
4.920737119593395
4.965636951306916
5.010689395000157
5.055894336014732
5.101251662227681
5.1467612640636435
5.192423034385871
5.238236868486302
5.2842026640005395
5.3303203209006496
5.37658974140989
5.423010829981735
5.4695834932461285
5.516307639968776
5.563183181022842
5.610210029326764
5.657388099823527
5.704717309438339
5.7521975770360525
5.799828823401432
5.847610971188391
5.895543944900498
5.943627670845432
5.9918620771231845
6.040247093571077
6.088782651759789
6.137468684945445
6.186305128053979
6.2352919176494765
6.284428991909731
6.333716290602161
6.383153755050417
6.432741328124831
6.482478954214487
6.5323665791891115
6.582404150404541
6.6325916166695755
6.682928928207757
6.733416036668161
6.784052895083568
6.83483945786091
6.885775680761906
6.936861520878858
6.988096936628443
7.039481887728505
7.091016335176458
7.142700241244567
7.194533569456367
7.246516284574001
7.29864835258159
7.350929740674678
7.403360417241125
7.455940351854894
7.5086695152578065
7.561547879340555
7.614575417145307
7.667752102835916
7.721077911710705
7.774552820160022
7.828176805675416
7.8819498468352505
7.935871923292032
7.9899430157613685
8.044163106013283
8.098532176869353
8.153050212169203
8.207717196792721
8.262533116632873
8.317497958585774
8.37261171054461
8.427874361402491
8.483285901029857
8.53884632026629
8.594555610922251
8.650413765769645
8.706420778527802
8.762576643860235
8.818881357369696
8.875334915587853
8.931937315968355
8.988688556887192
9.045588637625332
9.10263755837206
9.159835320211078
9.217181925126845
9.274677375978992
9.332321676520836
9.390114831371434
9.448056846027134
9.506147726845319
9.56438748104589
9.622776116702456
9.681313642739854
9.740000068930668
9.798835405887289
9.857819665052109
9.916952858712913
9.976234999976066
10.035666102772847
10.09524618185423
10.154975252792504
10.214853331961658
10.274880436552525
10.335056584555407
10.39538179476193
10.455856086762568
10.516479480940438
10.577251998466949
10.6381736613033
10.699244492190912
10.76046451465268
10.821833752994209
10.883352232286681
10.945019978373445
11.006837017876583
11.068803378170976
11.130919087398205
11.193184174462823
11.255598669023923
11.318162601494011
11.380876003041744
11.44373890557889
11.506751341767538
11.56991334501972
11.633224949479898
11.696686190035416
11.760297102312503
11.824057722674926
11.88796808821243
11.952028236754035
12.016238206848168
12.080598037778055
12.145107770469544
12.209767443830641
12.274577100203922
12.339536781752727
12.404646531361047
12.469906392620368
12.535316409842824
12.600876628043943
12.666587092956187
12.73244785101143
12.798458949350294
12.864620435818773
12.930932358957081
12.997394768016765
13.064007712936887
13.130771244362013
13.197685413624837
13.264750272756988
13.331965874477845
13.399332272197155
13.466849520016892
13.534517672721693
13.602336785783585
13.670306915358877
13.738428118285674
13.806700452085748
13.875123974953105
13.943698745766289
14.01242482407683
14.081302270114453
14.15033114477815
14.219511509641267
14.28884342694765
14.358326959610165
14.427962171209572
14.497749125991923
14.567687888870179
14.637778525416504
14.708021101870967
14.778415685132716
14.848962342752541
14.919661142951238
14.990512154598887
15.061515447222536
15.132671091001747
15.203979156773176
15.27543971601395
15.347052840864999
15.418818604106844
15.490737079167184
15.562808340121503
15.635032461690471
15.70740951923597
15.779939588761465
15.852622746910269
15.925459070969513
15.998448638854132
16.071591529126483
16.14488782097462
16.21833759422557
16.29194092933988
16.3656979074028
16.43960861013235
16.513673119876096
16.587891519603826
16.66226389292108
16.736790324044065
16.811470897819667
16.88630569971363
16.961294815817276
17.036438332829494
17.11173633807848
17.187188919499
17.26279616564334
17.33855816568289
17.414475009390415
17.490546787155814
17.566773589975192
17.643155509456328
17.719692637807867
17.796385067845787
17.873232892990167
17.950236207260588
18.027395105280235
18.10470968226833
18.18218003404694
18.25980625702611
18.337588448217126
18.4155267052273
18.493621126245586
18.57187181006056
18.650278856044427
18.728842364164546
18.8075624349652
18.886439169581106
18.965472669727518
19.04466303770317
19.124010376387435
19.203514789236618
19.28317638028603
19.36299525414407
19.442971515997286
19.523105271602066
19.603396627288248
19.683845689949674
19.764452567059205
19.845217366646896
19.92614019731214
20.00722116821499
20.088460389082485
20.16985797019922
20.251414022405605
20.333128657104442
20.415001986255966
20.497034122366546
20.579225178502217
20.661575268278867
20.74408450585865
20.826753005955556
20.909580883828227
20.992568255280073
21.07571523665865
21.159021944850704
21.242488497285507
21.32611501192768
21.409901607281263
21.493848402383154
21.577955516805844
21.66222307065119
21.746651184553663
21.831239979672265
21.915989577697243
22.000900100839285
22.085971671836965
22.17120441394881
22.25659845094819
22.34215390713923
22.42787090732763
22.5137495768461
22.599790041534767
22.685992427746875
22.77235686234233
22.858883472695528
22.94557238668082
23.03242373268034
23.11943763957941
23.206614236764306
23.293953654117672
23.381456022025706
23.46912147136402
23.55695013350881
23.644942140322822
23.733097624161573
23.821416717871973
23.909899554786122
23.998546268720318
24.08735699397481
24.176331865332937
24.26547101805812
24.354774587888436
24.444242711045163
24.53387552421541
24.623673164567872
24.713635769734225
24.803763477822635
24.894056427401523
24.98451475751035
25.07513860765092
25.165928117784674
25.256883428334767
25.348004680181386
25.439292014663586
25.53074557357322
25.622365499155183
25.714151934103946
25.80610502156217
25.898224905125815
25.99051172882651
26.08296563714955
26.175586775011038
26.268375287774806
26.3613313212391
26.45445502163982
26.547746535644063
26.64120601035398
26.734833593298934
26.828629432440618
26.922593676162354
27.016726473276933
27.11102797301568
27.205498325033297
27.300137679402905
27.39494618661169
27.489923997566617
27.585071263583885
27.680388136394
27.775874768134603
27.871531311350683
27.967357918993493
28.063354744418664
28.159521941381016
28.255859664038994
28.35236806694452
28.449047305047703
28.545897533691107
28.642918908610028
28.740111585931988
28.837475722170268
28.935011474222943
29.03271899937682
29.130598455294177
29.228650000025304
29.326873791993226
29.42526998999878
29.523838753221025
29.62258024120615
29.721494613872224
29.820582031509925
29.919842654770136
30.019276644675845
30.118884162604175
30.21866537030249
30.31862042986905
30.418749503762943
30.51905275479873
30.61953034614125
30.720182441306726
30.821009204164262
30.922010798925538
31.023187390148777
31.124539142735276
31.226066221927546
31.32776879330918
31.42964702279716
31.531701076645703
31.633931121443425
31.736337324108717
31.838919851887532