3.971889227456797e-12
3.971889227456797e-12
3.971889227456797e-12
3.971889227456797e-12
3.971889227456797e-12
3.971889227456797e-12
3.971889227456797e-12
3.971889227456797e-12
3.971889227456797e-12
3.971889227456797e-12
3.971889227456797e-12
3.971889227456797e-12
3.971889227456797e-12
3.971889227456797e-12
3.971889227456797e-12
3.971889227456797e-12
3.971889227456797e-12
3.971889227456797e-12
5.9578338411851955e-12
3.971889227456797e-12
5.9578338411851955e-12
5.9578338411851955e-12
3.971889227456797e-12
5.9578338411851955e-12
3.971889227456797e-12
5.9578338411851955e-12
5.9578338411851955e-12
5.9578338411851955e-12
4.096010765814822e-12
4.344253842530871e-12
6.950806148049394e-12
6.57844153297532e-12
1.0922695375506191e-11
2.097653998250621e-11
4.3939024578740817e-11
9.56977060740372e-11
1.9487081522209909e-10
4.0153317658821054e-10
8.044316900983594e-10
1.5444443017889038e-9
2.901837445272264e-9
5.293411246354688e-9
9.395503967549054e-9
1.628089806488377e-8
2.757186204469822e-8
4.570837710803446e-8
7.425360025653632e-8
1.1837570410435521e-7
1.8537266274232797e-7
2.8546662958346803e-7
4.3270766628375044e-7
6.461670472118858e-7
9.514622166695866e-7
1.38240835008096e-6
1.9833561831674803e-6
2.811698770536668e-6
3.9409855709579545e-6
5.464618042045753e-6
7.500070517292863e-6
0.000010193804301895603
0.000013727032373481306
0.000018322126163553754
0.000024250006126251622
0.00003183842784400619
0.00004148127289705204
0.00005364887428596002
0.00006889954310241835
0.00008789213980688065
0.00011139997224133737
0.00014032596266069553
0.00017571908092797105
0.0002187922026247417
0.00027094133113318475
0.0003337662535701261
0.0004090927247813477
0.0004989959992958018
0.0006058260328386381
0.0007322340591108746
0.0008812008094417516
0.0010560662035295578
0.0012605605883504033
0.0014988375009071216
0.0017755080368626315
0.002095676625594453
0.0024649784285107005
0.002889618180899567
0.0033764104924551277
0.003932821689144407
0.004567013074776601
0.005287885560639892
0.006105125813392931
0.007029253719637586
0.008071671236308673
0.009244712602304602
0.010561695896091973
0.012036975893607417
0.01368599823241451
0.01552535486064272
0.017572840790940215
0.01984751212741716
0.02236974531704802
0.02516129774121405
0.028245369501170948
0.03164666655147633
0.0353914650778598
0.0395076771928914
0.04402491796843898
0.04897457376842283
0.054389872021380195
0.060305952349802246
0.06675993914933481
0.07379101572284959
0.0814404998544493
0.08975192104061959
0.0987710993885813
0.10854622618482226
0.11912794624713151
0.13056944222745148
0.1429265207583078
0.15625770067628852