22.901192901712783
22.937807795541765
22.99880422400715
23.084139036343135
23.19375093579602
23.32755927304595
23.485462170307677
23.667333398103143
23.87303961056169
24.102342548609016
24.355089373067006
24.631024978586826
24.92988933101715
25.251403052926893
25.595275412556315
25.96120166718218
26.34887503254385
26.75798754084557
27.188232595320596
27.639311050779163
28.110925285268156
28.602795104583258
29.11464932065499
29.646224278397195
30.197272896118903
30.767564086370385
31.35687496896791
31.96500131136639
32.59175293136277
33.236953956708774
33.900443023310174
34.58207398158594
35.281714694940234
35.999248820725015
36.73456885000747
37.48759789833899
38.25824865048812
39.04646345289508
39.852194660014824
40.675405773816884
41.51607438718893
42.37418902341153
43.249750360170545
44.14277158974154
45.053275377900924
45.981294734268886
46.92687578308541
47.89006852356897
48.87094194275756
49.86956061300715
50.88601542663488
51.920386888013574
52.9727748367153
54.04328219776839
55.132023075928025
56.2391130713425
57.36493644080953
58.50884683066307
59.671756764745936
60.8535488343806
62.054368704647224
63.27436746982384
64.51370048884763
65.77252683493475
67.05100841901127
68.34931226518343
69.66760436096753
71.00606839278966
72.36486375856913
73.744178003272
75.1441770062209
76.56506450877652
78.00700829637904
79.4701884022669
80.95479196966704
82.46101141065598
83.98902474567952
85.53902170379247
87.11118920899905
88.70570941930526
90.3227776836152
91.96257300409721
93.62528158814492
95.31079150959303
97.02017913400068
98.75273437911498
100.50893513907212
102.28895982281827
104.09299436215271
105.92120834817372
107.77377806872697
109.65087825406748
111.55267937023237
113.47935081521561
115.43105885265265
117.40796888544149
119.41024277369992
121.43803996791894
123.49151848919277
125.57083303513878
127.67613591524793
129.80757683483066
131.96530286687482
134.14945843182312
136.36018528518488
138.59762251292312
140.8619065345279
143.15317111368745
145.47154737643268
147.81716383670081
150.1901464290369
152.59061854855003
155.01870109773265
157.47451254016318
159.9581689608634
162.46978413319377
165.0094695921101
167.5773347136347
170.17348680038788
172.7980311730065