0.0002710959123452989
0.0004990919729240557
0.0008683190025431655
0.001439355432525757
0.002288433973734315
0.0035089046323025642
0.005212516961957943
0.007530548537453584
0.010614815265288745
0.014638601915186348
0.019797548797569193
0.026310524285843552
0.03442050355630303
0.04439546343466379
0.05652929100842315
0.07114269165324043
0.08858407066114893
0.1092303519505672
0.13348768909901396
0.16179201792760445
0.19460939675865052
0.23243608125163934
0.2757982844556954
0.32525157983289205
0.3813799153463501
0.44479421805487307
0.5161305819949626
0.5960480442471807
0.6852259649589827
0.7843610348625535
0.8941639374742367
1.0153556915903932
1.1486636934447596
1.2948174664457657
1.4545441122751943
1.6285634427492255
1.817582761586116
2.0222912651602276
2.243354048369462
2.4814057423845273
2.7370438812290123
3.010822191965009
3.303244120814046
3.614757019246518
3.9457475014848833
4.296538481795529
4.6673883236045945
5.058492337588962
5.469986610134108
5.9019538710271595
6.354430887581487
6.827416748616287
7.320881391510934
7.834773811766635
8.369029539404597
8.923577128744459
9.498343554821998
10.093258523986316
10.70825778181963
11.34328554338561
11.99829618639363
12.673255345627016
13.368140534799291
14.082941404707848
14.817659728333908
15.57230918609389
16.346915008971123
17.14151352442179
17.956151639073955
18.790886283833306
19.64578384033762
20.520919562479037
21.416377002762697
22.332247450388575
23.2686293856153
24.225627953368395
25.20335445789596
26.201925879348284
27.22146441258392
28.262097028109476
29.323955054704555
30.407173783196143
31.511892090664638
32.638252084796925
33.78639876455756
34.95647970567611
36.14864475482109
37.36304574722956
38.59983623788223
39.85917124876938
41.141207031247156
42.4461008430339
43.77401073940429
45.125095378180994
46.49951383822012
47.89742545101264
49.318989645197576
50.76436580368239
52.23371313316289
53.72719054587094
55.244956553309564
56.787169171877935
58.35398584016826
59.94556334784225