1.9859446137283985e-12
1.9859446137283985e-12
1.9859446137283985e-12
1.9859446137283985e-12
1.9859446137283985e-12
1.9859446137283985e-12
1.9859446137283985e-12
1.9859446137283985e-12
1.9859446137283985e-12
1.9859446137283985e-12
1.9859446137283985e-12
1.9859446137283985e-12
1.9859446137283985e-12
1.9859446137283985e-12
3.971889227456797e-12
1.9859446137283985e-12
2.1100661520864233e-12
4.716618457604946e-12
3.5995246123827223e-12
1.9611203060567936e-11
6.355022763930875e-11
2.0790357674969173e-10
6.242072164025072e-10
1.734350255476682e-9
4.49394441779065e-9
1.0860138120173748e-8
2.469112526094682e-8
5.311508166647288e-8
1.0874139029700532e-7
2.1287216193016344e-7
4.001790106047245e-7
7.251023877737484e-7
1.2705115420358169e-6
2.158979347314862e-6
3.5671242983743584e-6
5.74355500986082e-6
9.030712752259431e-6
0.000013891017778070702
0.000020937777819049305
0.00003097095023207887
0.0000450180848539363
0.00006438051992780246
0.00009068497297243767
0.0001259404186082834
0.0001726002169728798
0.00023362940484754948
0.000312576801830919
0.0004136518065688886
0.0005418055415826985
0.0007028159982859331
0.0009033765355172486
0.0011511882223653874
0.0014550544428609845
0.0018249782248878994
0.002272261508617705
0.00280960619261285
0.0034512163487823468
0.004212901518063695
0.00511218046547862
0.006168385438749885
0.007402766341522497
0.00883859484924075
0.010501268041447766
0.012418409374284577
0.014619979577126819
0.017138369275303815
0.02000849552128078
0.023267916992355052
0.026956921754016948
0.031118627738693384
0.03579907958239318
0.04104734438348091
0.046915606547047455
0.05345926166584905
0.06073700942999541
0.06881094565239597
0.07774665340847478
0.08761329325639317
0.09848369258134658
0.11043443405959148
0.12354594320260771
0.13790257479993012
0.15359269848965432
0.17070878308735457
0.1893474796971211
0.2096097034969794
0.23160071405458654
0.25543019393538713
0.2812123256829159
0.30906586665539626
0.33911422193547736
0.3714855147908036
0.40631265481363665
0.4437334033862781
0.48389043637063844
0.5269314039602636
0.573008987501065
0.622280953194489
0.6749102026923111
0.7310648204367141
0.7909181178089547
0.8546486741059791
0.9224403743590142
0.9944824441684015
1.0709694833579118
1.1521014881222464
1.238083887773096
1.3291275624613366
1.4254488669289282
1.5272696509099022
1.6348172781289017
1.7483246440897828
1.868030193203643
1.9941779354443172
2.127017463105159
2.266803967920737
2.413798259025235
2.568266782124391
2.7304816402690966
2.9007206166200317