1.9859446137283985e-12
1.9859446137283985e-12
1.9859446137283985e-12
1.9859446137283985e-12
1.9859446137283985e-12
1.9859446137283985e-12
1.9859446137283985e-12
1.9859446137283985e-12
1.9859446137283985e-12
1.9859446137283985e-12
1.9859446137283985e-12
1.9859446137283985e-12
1.9859446137283985e-12
1.9859446137283985e-12
3.971889227456797e-12
2.1100661520864233e-12
2.482430767160498e-12
6.454319994617295e-12
1.7749379985197562e-11
5.237928918708651e-11
1.8022447369585216e-10
5.68228402603038e-10
1.6526782832371015e-9
4.433869593225366e-9
1.1062083863082253e-8
2.5832795170763935e-8
5.687757785871969e-8
1.1876916938095016e-7
2.364993173643053e-7
4.5114505195606653e-7
8.277964526004124e-7
1.4662441330987358e-6
2.5149030716611093e-6
4.188589669994537e-6
6.79071294665983e-6
0.000010740189796178396
0.000016603755935532978
0.000025133831041266847
0.000037312365675881094
0.0000544007160526207
0.0000779957848278816
0.00011009234053967559
0.00015315146207164868
0.00021017486548504521
0.00028478504358643494
0.0003813106368459171
0.0005048769019869051
0.0006615007575576379
0.0008581896250152131
0.0011030445901080055
0.0014053660028739495
0.0017757621455508858
0.0022262598702957213
0.0027704170818461356
0.0034234363264775574
0.004202279354941855
0.005125781994716899
0.006214769234379833
0.007492170007978586
0.008983131558755497
0.010715133073284524
0.012718098419326846
0.015024507757035236
0.01766950495609167
0.020691018960133957
0.024129858723100292
0.028029813939691343
0.0324377821928676
0.03740385714667076
0.0429814349646794
0.04922731563749572
0.056201803137656006
0.06396880420908015
0.07259592610074327
0.08215457305056764
0.09272004157452067
0.10437161459045984
0.11719265425309963
0.13127069352852422
0.14669752635495584
0.1635692963326829
0.18198658379569163
0.20205449108353504
0.2238827259521241
0.24758568276634235
0.2732825214602109
0.3010972439261239
0.33115876765280583
0.3636009964564667
0.39856288799149975
0.43618851793881797
0.4766271406361224
0.5200332459570937
0.5665666124267218
0.6163923562414946
0.6696809763730539
0.7266083954651261
0.7873559967179745
0.852110656593432
0.9210647736582638
0.9944162933750867
1.0723687293260353
1.1551311807310267
1.242918346778835
1.3359505401846363
1.4344536866935251
1.5386593442554284
1.6488046986480844
1.76513256794939
1.8878914036619414
2.0173352910685183
2.1537239491258364
2.297322730361029
2.448402621227381
2.607240243845379
2.774117855116984
2.9493233569169983
3.1331502952485457
3.325897870958358
3.5278709487636397