116.93325458571441
116.9893041860575
117.0593526642123
117.15739525167638
117.28340643904575
117.43735327012799
117.61919473673497
117.82888281087884
118.06635961910288
118.33155933144897
118.62440621321512
118.94481431301485
119.29268675188311
119.66791543696118
120.07038140382159
120.49995292386419
120.95649160009964
121.43984855906699
121.94986805656225
122.48638979185543
123.04924993160085
123.63828387852976
124.25332771007669
124.89421980575946
125.56080264819181
126.25292444318586
126.9704398336013
127.71321125505693
128.4811178836357
129.27401337661664
130.091812881638
130.93440700330902
131.80170415081398
132.6936227890913
133.61008789145373
134.55104736876228
135.51643950928798
136.50622473787539
137.5203675626736
138.55884284177642
139.6216322173661
140.70872880331603
141.8201281076471
142.9558361766635
144.11586455610322
145.3002324640003
146.50896288899858
147.74208585814307
148.99963875434844
150.28165883344272
151.58818993950868
152.9192864236484
154.2749954774092
155.65537394025853
157.0604813626679
158.49038603250514
159.94514486639204
161.42482986429565
162.92950771252768
164.45925218061143
166.0141351327198
167.5942324179635
169.19961917921418
170.83037112541703
172.48656573472744
174.16828192014535
175.8756028683812
177.60859008571438
179.36733907196324
181.15192222714467
182.96241769125334
184.79890520989858
186.661458505137
188.5501565711708
190.4650739250282
192.40628600159107
194.3741417783754
196.36788794341354
198.38842261766212
200.43554162622405
202.50931305704646
204.60980510605685
206.73708495409485
208.89121701605606
211.07226590300192
213.28029330077325
215.51536139578388
217.77752726837574
220.066850628638
222.38338749024788
224.72719147310136
227.09831906566424
229.4968188716214
231.92274317916164
234.37614082870851
236.85705982141238
239.36554511449168
241.90164315659536
244.4653982129763
247.05679820281384
249.67604401482635
252.32301615345506
254.9978110769387
257.7004615137755
260.4310073181899
263.18948364641034
265.97592904189275
268.79037485013225
271.6328553738558
274.5034084349928
277.4020624448255
280.32885238890293
283.28380817316173
286.26696555384376
289.2783549651734
292.3180072965838
295.3859551494195
298.48223110261176
301.60686598424945
304.7598934402904