 0.79104603075678E-29
 0.19776150768920E-29
 0.87894003417420E-30
 0.49440376922299E-30
 0.31641841230271E-30
 0.21973500854355E-30
 0.16143796546057E-30
 0.12360094230575E-30
 0.97660003797134E-31
 0.79104603075678E-31
 0.65375705021222E-31
 0.54933752135888E-31
 0.46807457441230E-31
-0.31355448842523E-16
 0.27314079880598E-16
-0.13203248496712E-16
 0.24718494230701E-17
 0.33377014210620E-17
 0.23745035783939E-16
 0.76247937380938E-16
 0.30573104177835E-15
 0.86844615963423E-15
 0.22127455792364E-14
 0.52128362481480E-14
 0.11497287050234E-13
 0.23766637638293E-13
 0.46455594764411E-13
 0.86404275609885E-13
 0.15374646582298E-12
 0.26283142995709E-12
 0.43333408110930E-12
 0.69151003476329E-12
 0.10713270806783E-11
 0.16156074776517E-11
 0.23770551805773E-11
 0.34196088179697E-11
 0.48185154243353E-11
 0.66619771930515E-11
 0.90505388085030E-11
 0.12098144310233E-10
 0.15931527507363E-10
 0.20690212896840E-10
 0.26526057847798E-10
 0.33602295294969E-10
 0.42093023449362E-10
 0.52181964506050E-10
 0.64061412034215E-10
 0.77930807402990E-10
 0.93995777263831E-10
 0.11246638173591E-09
 0.13355595750048E-09
 0.15747977502236E-09
 0.18445356017828E-09
 0.21469238960443E-09
 0.24840929906727E-09
 0.28581427980822E-09
 0.32711311134176E-09
 0.37250654442434E-09
 0.42218943741023E-09
 0.47634993623530E-09
 0.53516894367921E-09
 0.59881953159074E-09
 0.66746669418055E-09
 0.74126682649432E-09
 0.82036771934031E-09
 0.90490835007865E-09
 0.99501891204146E-09
 0.10908209064727E-08
 0.11924272171469E-08
 0.12999424096880E-08
 0.14134629902388E-08
 0.15330777101845E-08
 0.16588680491704E-08
 0.17909085482403E-08
 0.19292673658883E-08
 0.20740067343745E-08
 0.22251835905603E-08
 0.23828500702379E-08
 0.25470541089119E-08
 0.27178401185690E-08
 0.28952495864888E-08
 0.30793216505418E-08
 0.32700938955336E-08
 0.34676029396504E-08
 0.36718851086631E-08
 0.38829771789815E-08
 0.41009170677827E-08
 0.43257445307537E-08
 0.45575019245036E-08
 0.47962349360973E-08
 0.50419933373595E-08
 0.52948317773510E-08
 0.55548105754942E-08
 0.58219965433763E-08
 0.60964638136363E-08
 0.63782947475536E-08
 0.66675663748265E-08
 0.69644234266072E-08
 0.72689707002805E-08
 0.75812403059870E-08
 0.79014764321258E-08
 0.82297949752666E-08
 0.85663624928324E-08
 0.89113617567961E-08
 0.92649927646953E-08
 0.96274738595203E-08
 0.99990427198543E-08
 0.10379957303156E-07
 0.10770496725224E-07
 0.11170961895737E-07
 0.11581675964024E-07
 0.12002984391984E-07
 0.12435254660481E-07
 0.12878875286591E-07
 0.13334254148306E-07
 0.13801815787328E-07
 0.14281997496426E-07
 0.14775243787265E-07
 0.15281999006165E-07
 0.15802697554215E-07
