 0.79837547752856E-11
 0.48410561388147E-12
 0.98071338949551E-13
 0.31030384589506E-13
 0.25310753903857E-13
 0.62414975516370E-14
 0.53051575420720E-14
 0.11226016369902E-13
 0.83939978598007E-13
 0.51805146107780E-12
 0.22839507277260E-11
 0.77919844270459E-11
 0.21809313382527E-10
 0.52280998429367E-10
 0.11077347194389E-09
 0.21240412782630E-09
 0.37526648050796E-09
 0.61948289960868E-09
 0.96606319953774E-09
 0.14357511368119E-08
 0.20479893492028E-08
 0.28200962694914E-08
 0.37666887778799E-08
 0.48993653365821E-08
 0.62265710122230E-08
 0.77536872363061E-08
 0.94832339311154E-08
 0.11415169734892E-07
 0.13547243862529E-07
 0.15875369539948E-07
 0.18393992293114E-07
 0.21096434867701E-07
 0.23975206247005E-07
 0.27022266876706E-07
 0.30229246826068E-07
 0.33587616380850E-07
 0.37088811226589E-07
 0.40724316080586E-07
 0.44485711870105E-07
 0.48364692403291E-07
 0.52353056838889E-07
 0.56442684402810E-07
 0.60625497577725E-07
 0.64893419563082E-07
 0.69238331230855E-07
 0.73652031944355E-07
 0.78126207823554E-07
 0.82652410061982E-07
 0.87222044990089E-07
 0.91826376697807E-07
 0.96456542188797E-07
 0.10110357832609E-06
 0.10575845922718E-06
 0.11041214227088E-06
 0.11505562055440E-06
 0.11967997942623E-06
 0.12427645465749E-06
 0.12883648984901E-06
 0.13335179084929E-06
 0.13781437518555E-06
 0.14221661485709E-06
 0.14655127120317E-06
 0.15081152098561E-06
 0.15499097328704E-06
 0.15908367725533E-06
 0.16308412119584E-06
 0.16698722390356E-06
 0.17078831950224E-06
 0.17448313737536E-06
 0.17806777906054E-06
 0.18153869423024E-06
 0.18489265805442E-06
 0.18812675229044E-06
 0.19123835225810E-06
 0.19422512138074E-06
 0.19708501419264E-06
 0.19981628770306E-06
 0.20241751991399E-06
 0.20488763330920E-06
 0.20722592041927E-06
 0.20943206825606E-06
 0.21150617852581E-06
 0.21344878103009E-06
 0.21526083843741E-06
 0.21694374151730E-06
 0.21849929482697E-06
 0.21992969361943E-06
 0.22123749332133E-06
 0.22242557327889E-06
 0.22349709660783E-06
 0.22445546793402E-06
 0.22530429063361E-06
 0.22604732492492E-06
 0.22668844787282E-06
 0.22723161607851E-06
 0.22768083156455E-06
 0.22804011114056E-06
 0.22831345935280E-06
 0.22850484498236E-06
 0.22861818095452E-06
 0.22865730745271E-06
 0.22862597798838E-06
 0.22852784815458E-06
 0.22836646678470E-06
 0.22814526924108E-06
 0.22786757257065E-06
 0.22753657228015E-06
 0.22715534050346E-06
 0.22672682535412E-06
 0.22625385127663E-06
 0.22573912023066E-06
 0.22518521356199E-06
 0.22459459443101E-06
 0.22396961068747E-06
 0.22331249809395E-06
 0.22262538381499E-06
 0.22191029010013E-06
 0.22116913810028E-06
 0.22040375176409E-06
 0.21961586178407E-06
