0.008029450089195447
0.012320036180043832
0.018238413839389442
0.02618701743867595
0.036623726473672
0.05006571212160295
0.0670936898338439
0.0883563585351676
0.11457470759060809
0.1465457866363669
0.185145468184171
0.23132969864014785
0.286133737167969
0.35066892812533385
0.42611663069918315
0.5137190189620423
0.614766522953775
0.7305816577784124
0.8624988361061556
1.0118394874174617
1.1798815306015022
1.3678222816059675
1.5767347639317824
1.8075197198017556
2.0608594364948956
2.337183399319627
2.6366567347465977
2.95919777737419
3.304521968254392
3.672200919974497
4.061722837323748
4.472543861523082
4.904125750650646
5.355960105300481
5.827581802425305
6.31857484799237
6.828573414144894
7.3572601050621955
7.904362794935947
8.469650884132678
9.052931456476838
9.654045599468828
10.272865012432474
10.9092889485878
11.563241493492173
12.234669159883508
12.92353876901696
13.629835585612833
14.353561673995886
15.094734445605852
15.853385371160147
16.62955883411541
17.423311105278632
18.23470942129446
19.06383115232615
19.910763046480437
20.77560054039894
21.6584471271038
22.5594137735041
23.478618381204114
24.41618528512052
25.372244785390073
26.346932708534673
27.34038999469095
28.352762307950197
29.38419966746036
30.434856097201443
31.504889292686563
32.594460303087786
33.703733227488904
34.832874924213115
35.98205473224691
37.151444204040864
38.34121684895681
39.551547886862316
40.78261401137236
42.0345931623724
43.30766430749622
44.602007232341116
45.917802339779065
47.255230453889844
48.6144726415717
49.995710029708945
51.3991236399265
52.824894227644315
54.2732021298524
55.74422712100269
57.23814827701742
58.755143847478955
60.295391136041374
61.85906638911188
63.44634469286388
65.05739987864486
66.69240443682634
68.35152943916907
70.03494446973951
71.74281756444027
73.47531515919205
75.23260204680248
77.01484134255354
78.82219445853598
80.6548210867282
82.51287919083896
84.39652500689995