0.014373708945317743
0.021436597780863265
0.030961087787973
0.043510897253409335
0.05972640524267618
0.08033138217955574
0.10613986712414665
0.1380625864133777
0.1771121632437944
0.22440625915083046
0.2811677359305681
0.3487209405089451
0.42848328177215783
0.5219513308547901
0.6306806258478513
0.7562580590457602
0.9002650929838065
1.0642292979254986
1.2495616756601944
1.4574796995805306
1.688922996633483
1.944479625418924
2.224349070422888
2.5283622045106515
2.8560561756892033
3.206778684003315
3.5797896097568045
3.974339151571552
4.38971731565015
4.825279527537799
5.280456073657242
5.754752107988367
6.247742886428565
6.759067049061764
7.28841949451778
7.835544604479527
8.400230151390799
8.982301966464691
9.581619354224381
10.198071177878482
10.83157252828386
11.482061889298771
12.149498720109408
12.83386138540296
13.535145374742358
14.253361762044221
14.98853586458328
15.740706067951152
16.509922789501985
17.29624755756005
18.099752187844167
18.920518041797074
19.75863535416867
20.61420261947505
21.487326028696234
22.378118949055136
23.286701440947198
24.213199807030175
25.15774616936789
26.120478071118484
27.10153809987384
28.10107353018
29.119235983204835
30.156181101726922
31.212068239106703
32.28706016085734
33.3813227578532
34.495024770254936
35.628337521423
36.78143466119747
37.954491918000315
39.14768685936824
40.361198660553626
41.595207880879414
42.849896247682395
44.125446447623546
45.42204192526785
46.73986668882523
48.07910512302795
49.43994180908806
50.82256135175553
52.22714821350266
53.65388655586611
55.1029600880078
56.57455192257595
58.068844438909586
59.586019153730255
61.126256599355266
62.68973620956651
64.27663621320998
65.88713353562987
67.52140370802779
69.17962078484616
70.86195726923248
72.56858404669975
74.29967032703317
76.05538359450293
77.83588956645495
79.64135216031195
81.4719334690287
83.3277937450215
85.20909139259852
87.115982968885
89.04862319325707