 0.16146890741259E+01
 0.31971315049720E+00
 0.10149665623328E+00
 0.41750565439414E-01
 0.20238863372520E-01
 0.10991019647337E-01
 0.64876949186883E-02
 0.40819850488532E-02
 0.27014184209422E-02
 0.18625941830163E-02
 0.13286000953442E-02
 0.97520280153645E-03
 0.73351523475447E-03
 0.56350481526986E-03
 0.44095770140593E-03
 0.35071346391774E-03
 0.28298977345851E-03
 0.23130491339215E-03
 0.19126187705146E-03
 0.15981448233730E-03
 0.13481210113792E-03
 0.11471019519775E-03
 0.98382142560363E-04
 0.84994423372822E-04
 0.73922299043607E-04
 0.64691883303321E-04
 0.56939726187657E-04
 0.50384212688299E-04
 0.44805054350531E-04
 0.40028403296356E-04
 0.35915923877850E-04
 0.32356684333679E-04
 0.29261080871388E-04
 0.26556242264101E-04
 0.24182523767269E-04
 0.22090810097739E-04
 0.20240424664276E-04
 0.18597496888496E-04
 0.17133678406086E-04
 0.15825126966039E-04
 0.14651697195613E-04
 0.13596292300268E-04
 0.12644341768165E-04
 0.11783378331802E-04
 0.11002693571636E-04
 0.10293056173279E-04
 0.96464803647270E-05
 0.90560347466718E-05
 0.85156837952529E-05
 0.80201559148510E-05
 0.75648331617507E-05
 0.71456587316399E-05
 0.67590590679992E-05
 0.64018780519321E-05
 0.60713212128977E-05
 0.57649082815723E-05
 0.54804327117240E-05
 0.52159270437349E-05
 0.49696331807919E-05
 0.47399768095396E-05
 0.45255453277808E-05
 0.43250687485897E-05
 0.41374031376906E-05
 0.39615162128803E-05
 0.37964747935990E-05
 0.36414338378411E-05
 0.34956268443434E-05
 0.33583574319061E-05
 0.32289919360225E-05
 0.31069528867039E-05
 0.29917132512924E-05
 0.28827913428115E-05
 0.27797463085455E-05
 0.26821741255057E-05
 0.25897040395860E-05
 0.25019953938396E-05
 0.24187347986592E-05
 0.23396336029189E-05
 0.22644256305114E-05
 0.21928651513199E-05
 0.21247250596257E-05
 0.20597952363640E-05
 0.19978810745809E-05
 0.19388021499928E-05
 0.18823910207496E-05
 0.18284921424187E-05
 0.17769608858667E-05
 0.17276626471658E-05
 0.16804720399120E-05
 0.16352721614491E-05
 0.15919539254560E-05
 0.15504154541974E-05
 0.15105615244919E-05
 0.14723030620937E-05
 0.14355566797653E-05
 0.14002442548239E-05
 0.13662925423928E-05
 0.13336328209863E-05
 0.13022005674051E-05
 0.12719351582338E-05
 0.12427795955040E-05
 0.12146802543366E-05
 0.11875866505905E-05
 0.11614512267439E-05
 0.11362291544055E-05
 0.11118781520085E-05
 0.10883583163825E-05
 0.10656319670187E-05
 0.10436635019541E-05
 0.10224192643068E-05
 0.10018674185770E-05
 0.98197783591435E-06
 0.96272198762143E-06
 0.94407284623158E-06
 0.92600479355574E-06
 0.90849353514803E-06
 0.89151602068718E-06
 0.87505036981532E-06
 0.85907580301255E-06
*********************
