3.971889227456797e-12
3.971889227456797e-12
3.971889227456797e-12
3.971889227456797e-12
3.971889227456797e-12
3.971889227456797e-12
3.971889227456797e-12
3.971889227456797e-12
3.971889227456797e-12
3.971889227456797e-12
3.971889227456797e-12
3.971889227456797e-12
3.971889227456797e-12
3.971889227456797e-12
5.9578338411851955e-12
3.971889227456797e-12
3.971889227456797e-12
4.2201323041728465e-12
5.709590764469145e-12
1.141918152893829e-11
3.5747003047111175e-11
1.0972343990849402e-10
3.311562643392104e-10
9.453096361347177e-10
2.5037796717580783e-9
6.1869622009941096e-9
1.4357883071102888e-8
3.148764833681719e-8
6.563671069910715e-8
1.3067043896487102e-7
2.495418844934282e-7
4.5888105095576883e-7
8.152650179662479e-7
1.4035658592663922e-6
2.3477246404974544e-6
3.824332053198317e-6
6.079523838606787e-6
9.449380410731814e-6
0.000014384337342816211
0.000021477762365598975
0.00003149906081578306
0.00004543140759072391
0.00006451431711244012
0.00009029099544625393
0.00012466063394611686
0.0001699354155465037
0.00022890225852518253
0.0003048890269036642
0.0004018350429001711
0.0005243655697823752
0.0006778701062443356
0.0008685839459246246
0.0011036728953211182
0.0013913206203517274
0.0017408183187045125
0.0021626563463573003
0.0026686173913963965
0.0032718709243012
0.003987068486297442
0.004830439531540734
0.005819887546835866
0.006975086103834001
0.00831757462575032
0.009870853647665798
0.011660479296104496
0.013714156923591429
0.016061833668566148
0.018735789777804587
0.02177072876284318
0.02520386612751583
0.029075016783277955
0.03342668102298303
0.038304129147195665
0.04375548469637158
0.04983180644008452
0.05658716904460696
0.06407874268520959
0.07236687160367587
0.08151515172497543
0.09159050757215413
0.10266326852983448
0.11480724471176823
0.1280998025652513
0.14262194043110327
0.15845836431639113
0.17569756400749428
0.1944318898717959
0.21475763052052943
0.23677509168181016
0.2605886764692894
0.286306967444613
0.314042810719445
0.34391340244782426
0.3760403781020699
0.41054990482119236
0.44757277730967565
0.48724451763591153
0.5297054794282586
0.5751009568904931
0.6235812991713663
0.6753020305656399
0.7304239771935208
0.7891134006547341
0.851542139357775
0.91788775818268
0.9883337071359092
1.06306948981331
1.1422908423771705
1.2261999239087613
1.3150055189076617
1.408923252834768
1.5081758215114867
1.6129932352047396
1.7236130781633636
1.8402807843233246
1.9632499297532064
2.0927825422225106
2.229149427974694
2.37263051561731
2.5235152162546934