2.6878796611731315
2.7175006348624957
2.7472736894548646
2.7771986850682437
2.807275483781386
2.837503949600155
2.867883948429599
2.8984153480637715
2.929098018149364
2.9599318301649777
2.9909166574028783
3.0220523749361026
3.053338859604309
3.0847759899825005
3.116363646374071
3.14810171076302
3.179990066823139
3.21202859986712
3.2442171968490365
3.2765557463318276
3.309044138456512
3.341682264943681
3.3744700190679247
3.4074072956183663
3.4404939909052388
3.473730002723764
3.507115230339135
3.540649574473361
3.574332937278702
3.6081652223252587
3.6421463345804934
3.6762761803880015
3.710554667328128
3.744981704714325
3.7795572028005138
3.8142810734255246
3.849153229298031
3.8841735848225785
3.9193420555335914
3.9546585582113023
3.990123010865491
4.02573533272357
4.061495444217054
4.0974032669630684
4.133458723751314
4.169661738527187
4.20601223638433
4.242510143544779
4.279155387344681
4.315947896226977
4.352887599719056
4.389974428435365
4.42720831404588
4.464589189272756
4.502116987879029
4.53979164465683
4.577613095408389
4.615581276942685
4.653696127056954
4.691957584531475
4.730365589114799
4.768920081512079
4.807621003375147
4.846468297293944
4.88546190678113
4.924601776269352
4.963887851088288
5.003320077472458
5.042898402535041
5.08262277426787
5.12249314152617
5.16250945402607
5.20267166232897
5.242979717832101
5.283433572767663
5.324033180188049
5.364778493955545
5.4056694687362485
5.446706059994731
5.4878882239831155
5.52921591773487
5.570689099047801
5.612307726494112
5.654071759394087
5.695981157824155
5.738035882601259
5.780235895273536
5.822581158120082
5.865071634142374
5.907707287054597
5.95048808127781
5.993413981935474
6.036484954849605
6.07970096652514
6.12306198415154
6.1665679755977125
6.210218909400336
6.254014754758155
6.29795548154228
6.3420410602598185
6.386271462080565
6.430646658811926
6.475166622897927
6.519831327418592
6.564640746082745
6.609594853217831
6.654693623774015
6.699937033312758
6.745325058005828
6.790857674633809
6.836534860569221
6.882356593787067
6.928322852852305
6.97443361692021
7.020688865728315
7.067088579593052
7.113632739408394
7.160321326647587
7.207154323341929
7.254131712094297
7.301253476073686
7.348519599000812
7.395930065157047
7.443484859378089
7.4911839670434155
7.539027374082734
7.587015066971262
7.6351470327235305
7.683423258891018
7.731843733565131
7.7804084453661595
7.829117383447121
7.877970537487683
7.9269678976978835
7.976109454806214
8.025395200062853
8.074825125245617
8.12439922263998
8.174117485050367
8.223979905795192
8.273986478704995
8.324137198116357
8.374432058881215
8.424871056351837
8.475454186388147
8.526181445351153
8.577052830110507
8.628068338027262
8.679227966969757
8.730531715299088
8.781979581876815
8.833571566057254
8.88530766769196
8.937187887124374
8.989212225189835
9.041380683219423
9.093693263030028
9.146149966933663
9.198750797725049
9.251495758694647
9.30438485361513
9.357418086746103
9.41059546284204
9.463916987133175
9.517382665343249
9.570992503673498
9.624746508817921
9.67864468795186
9.732687048729266
9.786873599296614
9.841204348281092
9.89567930479074
9.950298478419532
10.00506187924266
10.059969517819516
10.115021405195181
10.170217552892105
10.22555797292339
10.281042677774174
10.33667168042695
10.392444994331775
10.448362633438917
10.504424612167329
10.560630945432072
10.616981648625336
10.673476737624997
10.730116228793623
10.786900138981458
10.843828485520712
10.900901286232754
10.958118559421413
11.015480323881423
11.07298659889283
11.130637404221991
11.188432760124916
11.246372687347158
11.304457207121567
11.362686341172143
11.421060111711181
11.479578541444853
11.538241653569242
11.597049471770955
11.656002020236194
11.715099323632748
11.774341407226796
11.833728296501858
11.893260017706286
11.952936597494684
12.012758063018019
12.072724441930072
12.132835762380616
12.19309205301442
12.2534933429813
12.31403966193129
12.374731040016114
12.435567507891186
12.496549096707042
12.557675838127707
12.618947764319772
12.680364907952773
12.741927302204273
12.803634980761103
12.865487977815647
12.927486328070547
12.989630066738464
13.051919229538473
13.11435385271121
13.176933972999505
13.239659627663524
13.302530854480777
13.365547691736303
13.428710178239308
13.492018353308143
13.555472256782348
13.619071929024262
13.682817410904002
13.746708743824792
13.810745969702845
13.874929130973705
13.939258270604025
14.003733432079787
14.068354659410021
14.13312199712755
14.19803549029631
14.263095184501799
14.32830112586311
14.393653361018417
14.459151937143337
14.524796901941626
14.590588303643313
14.656526191014757
14.722610613351325
14.7888416204862
14.855219262234819
14.921743590563887
14.988414656385082
15.05523251166226
15.122197208905284
15.189308801152654
15.25656734198801
15.323972885529708
15.391525486437148
15.459225199907182
15.527072081680059
15.595066188037949
15.66320757579922
15.731496302333221
15.799932425543147
15.868516003885277
15.937247096353461
16.00612576248545
16.075152062371338
16.144326056640764
16.21364780647362
16.283117373593548
16.352734820273078
16.422500209331357
16.492413605316305
16.56247506982745
16.632684668474326
16.703042466268688
16.77354852878171
16.844202922128346
16.915005712977127
16.985956968545455
17.05705675660418
17.128305145477995
17.19970220403908
17.27124800171334
17.342942608485945
17.414786094882018
17.4867785319944
17.55891999146071
17.631210545472015
17.703650266779555
17.776239228683174
17.848977505039038
17.921865170256766
17.994902299303536
18.068088967699605
18.14142525151609
18.2149112273886
18.288546972498153
18.362332564585657
18.43626808194711
18.51035360343357
18.584589208449433
18.65897497695578
18.733510989470005
18.80819732706259
18.88303407136231
18.958021304548673
19.03315910935799
19.108447569083754
19.183886767570943
19.259476789220457
19.33521771898766
19.411109642382854
19.487152645469436
19.563346814864627
19.639692237741713
19.71618900182471
19.79283719539047
19.869636907271033
19.946588226850924
20.023691244066114
20.100946049403824
20.178352733906323
20.25591138916203
20.333622107314678
20.411484981058234
20.4895001036354
20.567667568839738
20.64598747101193
20.724459905045006
20.80308496638085
20.88186275100601
20.960793355454886
21.039876876810013
21.119113412703527
21.19850306130874
21.278045921347335
21.35774209208315
21.437591673328395
21.517594765433103
21.597751469296913
21.678061886358027
21.758526118597057
21.839144268535915
21.91991643923619
22.00084273430163
22.081923257872937
22.163158114629503
22.24454740978804
22.32609124910394
22.40778973886583
22.48964298589991
22.5716510975651
22.653814181757895
22.736132346903297
22.818605701959918
22.901234356417714
22.984018420297776
23.066958004149697
23.150053219053436
23.233304176611885
23.316710988961034
23.4002737687588
23.48399262918877
23.567867683959168
23.65189904730166
23.736086833966734
23.82043115922978
23.904932138884533
23.989589889245405
24.074404527140434
24.1593761699197
24.244504935446166
24.32979094209616
24.415234308766316
24.50083515485858
24.58659360028938
24.672509765486765
24.75858377138446
24.844815739430175
24.9312057915737
25.01775405026999
25.104460638483026
25.191325679678737
25.278349297820903
25.365531617379222
25.45287276332596
25.54037286112454
25.62803203673982
25.715850416631298
25.803828127755946
25.891965297561256
25.980262053989605
26.068718525473397
26.157334840933824
26.24611112977988
26.335047521910212
26.424144147708418
26.51340113804043
26.602818624257857
26.692396738193917
26.782135612159685
26.872035378944855
26.96209617182219
27.05231812453439
27.142701371300777
27.23324604681755
27.323952286245984
27.414820225223615
27.505849999853563
27.597041746710723
27.68839560282937
27.77991170571569
27.87159019333338
27.96343120410923
28.055434876933386
28.147601351150886
28.239930766565536
28.332423263436528
28.425078982477476
28.517898064852304
28.610880652179087
28.704026886526478
28.797336910405484
28.890810866778548
28.984448899051603
29.0782511510722
29.172217767130764
29.266348891958586
29.36064467072264
29.45510524903188
29.549730772926843
29.64452138888001
29.739477243798397
29.834598485020237
29.929885260310975
30.025337717863664
30.12095600629584
30.216740274651542
30.31269067239233
30.40880734940564
30.50509045599347
30.601540142876978
30.69815656119337
30.794939862490214
30.891890198730245
30.9890077222873
31.08629258594134
31.18374494288019
31.281364946698044
31.379152751390638
31.477108511357216
31.575232381393352
31.673524516700247
31.771985072869704
31.87061420589073
31.96941207214367
32.068378828399865
32.167514631824744
32.26681963996614
32.36629401076299
32.46593790253433
32.56575147398231
32.66573488419227
32.765888292626876
32.86621185912475
32.96670574390335
33.06737010755012
33.168205111025124
33.26921091566254
33.37038768315736
33.47173557557667
33.573254755351655
33.67494538527302
33.77680762849557
33.8788416485308
33.98104760924993
34.08342567487692
34.1859760099952
34.28869877953126
34.39159414876671
34.49466228333267
34.59790334920249
34.70131751269741
34.80490494048001
34.908665799551976
35.01260025725533
35.11670848127194
35.22099063961372
35.32544690062905
35.43007743299789
35.53488240572746
35.639861988154536
35.74501634994297
35.85034566107795
35.955850091867255
36.061529812941146
36.16738499524637
36.27341581004646
36.3796224289187
36.48600502375741
36.59256376676024
36.69929883044111
36.806210387615806
36.91329861140917
37.02056367524705
37.128005752858
37.23562501826752
37.343421645801556
37.451395810082
37.55954768602314
37.66787744883074
37.77638527400184
37.88507133732147
37.993935814859746
38.102978882973154
38.21220071830041
38.3216014977589
38.43118139854279
38.54094059813198
38.65087927426826
38.76099760497917
38.871295768554354
38.98177394355458
39.0924323088093
39.203271043414