 0.25528580962481E-32
 0.20422864769985E-31
 0.68927168598698E-31
 0.16338291815988E-30
 0.31910726203101E-30
 0.55141734878958E-30
 0.87563032701309E-30
 0.13070633452790E-29
 0.18610335521648E-29
 0.25528580962481E-29
 0.33978541261062E-29
 0.44113387903167E-29
 0.56086292374570E-29
 0.70050426161047E-29
 0.86158960748372E-29
-0.12052949513513E-13
 0.12542191826867E-28
 0.14888268417319E-28
 0.17971522503407E-13
-0.93285667813386E-14
 0.21278631066575E-13
-0.76102904530215E-13
-0.28375168007137E-13
 0.18389079429577E-13
-0.45978353551915E-13
 0.78514632597293E-13
-0.92972464328060E-13
 0.19887011775853E-12
-0.53904332719591E-13
 0.13700018682046E-12
-0.38133960730552E-13
-0.76132857108691E-13
 0.60162127773553E-13
 0.75140087040339E-14
-0.16360248404820E-12
-0.80515809991471E-13
 0.88679067424693E-13
-0.84653391366451E-13
-0.12768978036884E-13
 0.19311407809635E-12
 0.36141347521135E-12
 0.43727023097574E-13
-0.37213802102375E-12
 0.24405279412564E-12
 0.12427393599223E-12
 0.24320023872183E-12
-0.14408073508187E-12
 0.98243881373193E-12
-0.20200424230472E-12
-0.11724174766169E-11
 0.92780958533780E-12
-0.68262120665636E-12
 0.19829053472280E-11
-0.32263727976061E-12
-0.35432588305108E-11
 0.50335418803769E-11
-0.39356268246326E-11
-0.29681033516494E-11
 0.28785402597799E-11
 0.45845661550628E-12
-0.25150192929404E-11
 0.31842784381751E-12
 0.38392043432173E-11
-0.20674336633123E-11
 0.18619579610986E-11
-0.46063942552364E-11
 0.60319150466457E-11
-0.20009253243664E-12
-0.23670656353804E-12
-0.65253303667048E-11
-0.20079558105523E-11
-0.81420689621092E-11
 0.71135783121630E-11
 0.10840981619665E-10
-0.11289899587945E-10
-0.81467620733204E-11
 0.72853609106494E-12
-0.12254861882525E-10
-0.11944081259431E-10
-0.35528343124158E-12
-0.10712909076314E-10
-0.93691996481199E-12
 0.33979159853512E-11
-0.71797811605725E-11
 0.10177435261135E-10
-0.24617559155902E-10
-0.20534392895264E-10
 0.15718448104446E-11
-0.44585546101733E-11
-0.17534987925017E-10
-0.24822860096889E-10
-0.25144542944680E-10
-0.19863361783769E-10
 0.12314061721419E-10
-0.25566933649334E-10
-0.13898885164343E-10
-0.25440567061913E-10
-0.16304390126240E-10
 0.15215474138809E-10
-0.45381044488291E-10
-0.19155120931405E-10
-0.61380345000136E-12
-0.39267450708521E-10
-0.25413137666493E-10
-0.38390873219054E-10
-0.23356412970328E-10
-0.41976391326285E-10
-0.73459036098813E-10
-0.63381202783462E-10
-0.57739061473574E-10
-0.33501181605117E-10
-0.37558512841212E-11
-0.52828638882259E-10
-0.10305406191813E-10
-0.29294373722251E-10
-0.40340163274510E-10
-0.93948735551636E-10
-0.74941408251993E-10
-0.67637677693774E-10
 0.47805492718551E-07
