3.648639270746814
3.963806444977421
4.294442272681212
4.640390998081596
5.001516581707688
5.377700599697591
5.768840330023386
6.174847041398644
6.595644485429869
7.031167584039178
7.48136129964762
7.946179673651053
8.42558501806534
8.919547245237025
9.428043321017709
9.95105682724307
10.488577620086094
11.040601571403805
11.607130380959742
12.188171448046297
12.783737791972088
13.393848010984174
14.018526271859109
14.657802320581236
15.311711507892987
15.980294823099126
16.66359892993652
17.361676204537197
18.074584762528687
18.802388477330755
19.545156997788492
20.302965741746053
21.07589588191938
21.864034316525697
22.667473625438074
23.486312011918564
24.32065323024478
25.170606499714047
26.036286405722734
26.917812788680717
27.81531062164516
28.728909877559257
29.658745387045066
30.604956687665716
31.56768786557785
32.54708739044813
33.54330794449876
34.5565062464514
35.586842871161444
36.63448206561417
37.69959156195424
38.782342388156316
39.88290867687552
41.00146747301983
42.13819854049347
43.2932841685632
44.466908978243616
45.65925972909617
46.87052512670198
48.10089563128553
49.350563267642684
50.61972143673856
51.90856472924208
53.21728874122502
54.54608989232815
55.89516524659389
57.264712336228285
58.654928988540185
60.06601315623779
61.498162751453236
62.951575483397825
64.42644870038396
65.92297923593456
67.44136325950406
68.98179613194003
70.54447226695119
72.12958499143784
73.73732642703074
75.3678873561249
77.02145710954713
78.69822345386775
80.39837248596093
82.12208853391395
83.86955406446627
85.64094959713097
87.43645362515387
89.2562425434494
91.10049058362074
92.96936975621233
94.86304980025068
96.7816981401993
98.72547985037741
100.69455762690879
102.6890917672501
104.70924015732011
106.75515826626193
108.82699914883739
110.92491345543833
113.04904944971574
115.19955303377846
117.37656778092276
119.58023497585486
121.81069366232173
124.06808069810369