-0.63554851540000E-31
-0.12710970308000E-30
-0.19066455462000E-30
-0.25421940616000E-30
-0.31777425770000E-30
-0.38132910924000E-30
-0.44488396078000E-30
-0.50843881232000E-30
-0.57199366386000E-30
-0.63554851540000E-30
-0.69910336694000E-30
-0.76265821848000E-30
-0.34292766929353E-15
-0.54486358452638E-15
-0.65746222354286E-16
 0.66591193540067E-15
 0.55067364647255E-15
 0.95332413946697E-15
 0.15675141053304E-14
 0.39541045672628E-15
-0.14984324901161E-14
-0.98253419661906E-14
-0.11053852588091E-13
-0.15312101353891E-13
-0.45221770444166E-13
-0.77292349383805E-13
-0.14656937799187E-12
-0.26485609428496E-12
-0.43349121725451E-12
-0.70444143769020E-12
-0.11400135661574E-11
-0.17559553261847E-11
-0.26683312422055E-11
-0.38951219065172E-11
-0.56266191486135E-11
-0.78696408995579E-11
-0.10826286957452E-10
-0.14697142193822E-10
-0.19537483151827E-10
-0.25616707116248E-10
-0.33128036747235E-10
-0.42323969788929E-10
-0.53393688718602E-10
-0.66551524034723E-10
-0.82178264902746E-10
-0.10052983080677E-09
-0.12174797253565E-09
-0.14632207103627E-09
-0.17448483141387E-09
-0.20652109389843E-09
-0.24275797551780E-09
-0.28361856926546E-09
-0.32928474496931E-09
-0.38023822098103E-09
-0.43677875387002E-09
-0.49929132199217E-09
-0.56814731905552E-09
-0.64380590699706E-09
-0.72659633937238E-09
-0.81700397220929E-09
-0.91549385054425E-09
-0.10224323606503E-08
-0.11384758920598E-08
-0.12640083629563E-08
-0.13995466981505E-08
-0.15457904846908E-08
-0.17031726326443E-08
-0.18723919272082E-08
-0.20540363654333E-08
-0.22486476700927E-08
-0.24569019218075E-08
-0.26794261459618E-08
-0.29169313369259E-08
-0.31698080461332E-08
-0.34387427800130E-08
-0.37242136631362E-08
-0.40267856211605E-08
-0.43469338663481E-08
-0.46848855646000E-08
-0.50408618223852E-08
-0.54153050056985E-08
-0.58081304549969E-08
-0.62193556961271E-08
-0.66489841253841E-08
-0.70965997432865E-08
-0.75620858283858E-08
-0.80448526492057E-08
-0.85442300602403E-08
-0.90598373392114E-08
-0.95906798129884E-08
-0.10135678506574E-07
-0.10694276307760E-07
-0.11265026989591E-07
-0.11846910643329E-07
-0.12438698007824E-07
-0.13038969667279E-07
-0.13646549857627E-07
-0.14259946471126E-07
-0.14877677693622E-07
-0.15498216347847E-07
-0.16120397615104E-07
-0.16742446161815E-07
-0.17362790803792E-07
-0.17979905919825E-07
-0.18592320942497E-07
-0.19198212322396E-07
-0.19795841811615E-07
-0.20383411190000E-07
-0.20958761387688E-07
-0.21519746422835E-07
-0.22063623568646E-07
-0.22587563226588E-07
-0.23088074755801E-07
-0.23561059580593E-07
-0.24001795554103E-07
-0.24404296961445E-07
-0.24761866095630E-07
-0.25066217257582E-07
-0.25307396764562E-07
-0.25473845699648E-07
