3.971889227456797e-12
3.971889227456797e-12
3.971889227456797e-12
7.943778454913594e-12
7.943778454913594e-12
7.943778454913594e-12
1.1915667682370391e-11
1.1915667682370391e-11
7.943778454913594e-12
8.192021531629644e-12
1.6135799986543236e-11
5.113807380350626e-11
3.254466735747413e-10
1.7466382877741264e-9
7.776834985822051e-9
2.9108610811108928e-8
9.418751931683511e-8
2.6979938840422635e-7
6.970543955079088e-7
1.6489759859909585e-6
3.615896367413684e-6
7.424124643982354e-6
0.000014392214095640412
0.000026527303957641658
0.00004676200996900346
0.00007923080245068702
0.00012958246353606142
0.00020532458488703635
0.0003161942629985668
0.00047454949574156797
0.0006957748108055406
0.0009986953844267833
0.001405994125628401
0.0019446268647520563
0.0026462318364949685
0.0035475300563978856
0.004690714417043529
0.006123826121003332
0.007901117430874027
0.010083400919979852
0.012738385281084504
0.015940998512687394
0.019773699318490337
0.024326777498276816
0.029698644165914022
0.03599611230039718
0.04333466759890569
0.05183872956782437
0.06164190163000159
0.0728872091752135
0.08572732320582722
0.10032476734620607
0.11685210494215109
0.13549210292690075
0.15643786898821543
0.17989295797653085
0.20607144407393724
0.23519795504266305
0.2675076656381931
0.3032462472817084
0.3426697721361066
0.386044570225479
0.43364703931666077
0.48576340752872094
0.5426894502996116
0.6047301635286044
0.6721993958621378
0.7454194436972766
0.8247206131100095
0.9104407536379946
1.0029247689187342
1.1025241098540428
1.2095962559313358
1.3245041902426458
1.447615873843933
1.5793037245322552
1.7199441050315953
1.8699168245361564
2.029604657309815
2.1993928810510615
2.379668836701549
2.570821510561272
2.7732411384685762
2.987318830497591
3.213446213706276
3.4520150891697483
3.7034170981896595
3.9680433918740983
4.246284296785815
4.5385289687197155
4.845165025906087
5.166578152463757
5.503151662853025
5.855266018504808
6.223298288689928
6.607621549374173
7.008604216120015
7.426609310320539
7.861993662100107
8.315107057778127
8.78629134522471
9.275879515715774
9.78419478625498
10.311549710534221
10.858245350257016
11.42457053928224
12.010801272586697
12.617200248158339
13.2440165844527
13.891485728071292
14.55982955745907
15.2492566786919
15.959962900608577
16.69213186873603
17.4459358313852
18.221536508032248
19.01908602846297
19.83872791206825
20.680598059194132
21.544825730073832