0.
0.
0.
0.
0.
0.
0.
0.
2.606552305518523e-12
1.1295059990580266e-11
1.2784518450876564e-10
9.844079207174956e-10
5.6081834676306395e-9
2.531769078657813e-8
9.461623511032374e-8
3.031098856533695e-7
8.547658286979207e-7
2.166250387031875e-6
5.015615327841746e-6
0.000010750336607817625
0.000021560386225916223
0.00004081727045362888
0.00007347751916701431
0.00012654106917028555
0.00020955977971225356
0.00033518040885843753
0.0005197124573651419
0.0007837097151990039
0.0011525517759090626
0.0016570194119475397
0.002333853889160045
0.0032262946496223184
0.004384592448449789
0.005866494086882541
0.007737699278967823
0.010072289648240576
0.012953131730250799
0.016472256263036333
0.020731216623936004
0.025841429547184293
0.031924500983413165
0.03911254010554694
0.04754846363085892
0.05738629244116239
0.06879144135434753
0.08194100273886938
0.09702402313026354
0.11424177194720171
0.13380799988311784
0.1559491845215077
0.18090476114774906
0.20892732364614194
0.2402828249297549
0.2752507162356974
0.31412407681425414
0.3572096959016034
0.4048281140165426
0.4573136180713408
0.5150141868955401
0.5782913843738899
0.6475201977521016
0.7230888192981256
0.8053983714063331
0.8948625702714651
0.9919073234656286
1.0969702616503227
1.2105002882096287
1.332956896516833
1.4648095774176746
1.6065370834768384
1.758632010898108
1.9215730175941863
2.095877655198149
2.2820474971670115
2.4805938623184223
2.692031138613501
2.916875360394222
3.1556426522520744
3.4088475375949376
3.6770011161625935
3.9606091231995437
4.26016989420262
4.576172271128281
4.909093499250336
5.259397174834135
5.627531301937801
6.013926614918951
6.41899505985111
6.843128721663934
7.286699101130157
7.750056827479174
8.23353180534242
8.737433777343673
9.262053260443402
9.807662795516576
10.37451843772616
10.962861410206031
11.572919845202671
12.204910543680308
12.859040694883827
13.53550950961884
14.234509733700117
14.956229019859117
15.700851146673239
16.468557081445603
17.259525890430627
18.073935504294017
18.911963349729195
19.773786859831645
20.65958387648183
21.56953295860872
22.503813606641135
23.4626064181085
24.446093186590645
25.454456947193584
26.487881983197585
27.54655379978475
28.630659071492264
29.74038556923255
30.875922071963036