0.
0.
0.
0.
0.
0.
0.
0.
1.241215383580249e-13
1.8618230753703737e-12
2.4203699979814856e-11
2.137372890525189e-10
1.3717912419328912e-9
6.8472887850588015e-9
2.7922629512097997e-8
9.654272550717863e-8
2.9120129289868553e-7
7.834922624558223e-7
1.9137989695577964e-6
4.304416414187172e-6
9.017298317001388e-6
0.000017760885803560272
0.00003314978617073563
0.00005901359993454293
0.0001007550885477795
0.00016574963784996065
0.00026377954555254363
0.000407494981573894
0.0006128927869976231
0.0008998047651014504
0.001292387696682476
0.0018196081978842918
0.0025157167370006895
0.0034207065543766573
0.004580753505697783
0.0060486362901047055
0.007884134830062024
0.010154407574148771
0.01293434814925207
0.016306923190350108
0.02036349241570201
0.02520411415474519
0.030937837032469266
0.03768298088016459
0.045567408179917515
0.05472878767815369
0.06531485105135412
0.07748364341807364
0.09140376747508411
0.10725462087063158
0.12522662565762213
0.1455214481376907
0.16835220718132948
0.19394366949142408
0.222532420045336
0.25436703209660255
0.2897081874653399
0.32882879004267285
0.3720140416599016
0.4195614866852459
0.4717810213425181
0.5289948654547306
0.591537494730832
0.659755532106609
0.7340075969419828
0.8146641114197086
0.9021070635745202
0.9967297302804191
1.0989363472211848
1.2091417417794526
1.327770864808814
1.4552585113382617
1.5920485828840027
1.7385936607985495
1.8953543645511968
2.0627986801663276
2.2414012240143832
2.4316424351578507
2.6340076890075546
2.8489863216000106
3.0770705637983014
3.3187543664680588
3.574532123546977
3.844900797563478
4.130340862106069
4.431349844491917
4.748405530786664
5.081981815819781
5.432543460738871
5.800544392600815
6.186426093675992
6.590616130370972
7.013526860768439
7.455554413086952
7.917077941346289
8.39845920204536
8.90004246127412
9.422154726473542
9.965106280121377
10.529191478151768
11.114689765352471
11.72186685383841
12.350976009277634
13.002259391831894
13.675949404386518
14.372270008086055
15.09143797360535
15.833664045115666
16.599154001792307
17.38810960857481
18.20072945357374
19.03720967393607
19.89774457518471
20.782527151233655
21.691749513728826
22.625603240136773
23.584279648694093
24.567970011092687
25.57686571244522
26.611158362665716