74.14403046333284
74.18596283286179
74.25583340903587
74.35361700105351
74.47927806951844
74.63277042755401
74.8140368047415
75.02300821100384
75.2596030373941
75.52372591033071
75.81526645237282
76.13409819969071
76.48007793375541
76.85304560371492
77.25282491326794
77.67922454784939
78.13203995136591
78.61105552536833
79.11604711203331
79.64678462788522
80.20303473070229
80.78456342255402
81.39113851366841
82.02253189279996
82.6785215683909
83.35889346079955
84.0634429387624
84.79197610326817
85.54431082945214
86.32027758225242
87.11972002483246
87.94249544049585
88.78847498942726
89.6575438212657
90.5496010636057
91.46455970521477
92.40234639114237
93.36290114524853
94.34617703390859
95.3521397830044
96.38076735869784
97.43204952101817
98.50598735789455
99.60259280614285
100.72188816473378
101.8639056048031
103.02868668001669
104.21628184019134
105.42674995048743
106.66015781797032
107.91657972692681
109.19609698394451
110.49879747351139
111.82477522461537
113.17412998867093
114.54696682893028
115.94339572143443
117.3635311674683
118.80749181741693
120.2754001058886
121.76738189793528
123.28356614619037
124.8240845587392
126.38907127753943
127.97866256722945
129.59299651416472
131.2322127355459
132.89645209853427
134.58585644924182
136.30056835154647
138.0407308356574
139.80648715641127
141.59798056128093
143.4153540680929
145.25875025247407
147.12831104503616
149.02417753835016
150.94648980371997
152.89538671781804
154.8710057992006
156.87348305473947
158.90295283600383
160.9595477055977
163.0433983134607
165.15463328313362
167.29337910794877
169.45976005712208
171.65389809167357
173.875912790109
176.12592128376994
178.4040382017145
180.71037562501755
183.04504305032117
185.40814736245648
187.79979281595377
190.220081025222
192.66911096317307
195.14697896804898
197.65377875820602
200.18960145456117
202.7545356104714
205.34866724872657
207.97207990538746
210.6248546801692
213.30707029308724
216.01880314706472
218.7601273962259
221.53111501957855
224.3318358998145
227.16235790696103
230.02274698661301
232.91306725250388
235.8333810831726
238.7837492225003
241.76423088390254
244.77488385798037
247.81576462344805
250.88692846216085
253.9884295730972
257.12032119513583