0.0006725667299002738
0.0011777589276531035
0.0019596395723476714
0.0031210745025935195
0.004786930325699472
0.007105448124607388
0.010249457972002173
0.014417499531335181
0.01983490782909573
0.02675491042913534
0.035459765248231453
0.04626194909863436
0.05950538648335317
0.07556668831632413
0.09485635130722216
0.11781985254623747
0.1449385615753291
0.17673038409778977
0.21375004970488037
0.2565889594796535
0.3058745196693412
0.36226890205587237
0.42646719153661733
0.49919490188641125
0.5812048616854351
0.6732734894472405
0.7761964881392347
0.8907839917465405
1.0178551887663454
1.158232429886028
1.3127348021429752
1.48217112542549
1.6673323094436776
1.8689830139751096
2.087852600431982
2.3246254644519158
2.5799310074667363
2.8543337310934893
3.1483241824571717
3.4623116721893457
3.7966197360881737
4.151485146002697
4.527060879790039
4.923422913726832
5.340580151634643
5.778486410010906
6.2370532340303075
6.716162423183936
7.215677419980286
7.735453052426143
8.275343431883675
8.835208042589395
9.41491620498215
10.01435016489123
10.633407075724554
11.272000122922817
11.930059005889152
12.607529953735444
13.30437541380801
14.020573519281555
14.756117415173245
15.511014500734017
16.285285629691924
17.078964297310538
17.892095834177375
18.72473661967462
19.576953323443718
20.44882217960617
21.340428296153043
22.251865000263265
23.18323321919363
24.13464089575719
25.106202436860308
26.09803819347825
27.110273970200815
28.143040562615237
29.196473320730032
30.27071173679428
31.36589905596363
32.48218190837489
33.619709961324936
34.77863559036878
35.9591135682774
37.16130077089446
38.38535589907333
39.63143921589956
40.89971229859226
42.19033780445829
43.50347925041505
44.8393008056504
46.19796709700275
47.5796430267492
48.984493602514526
50.412683779050326
51.864378311626645
53.33974162093052
54.83893766922681
56.362129847680656
57.90948087471129
59.48115270525889
61.07730645085966
62.69810231044816
64.34369951179418
66.01425626348374