3.971889227456797e-12
3.971889227456797e-12
3.971889227456797e-12
4.096010765814822e-12
4.865564303634576e-11
2.3058058180770287e-9
4.086093454900016e-8
3.6968396221015643e-7
2.1238982563210417e-6
8.848042215407157e-6
0.00002910386936834365
0.00008003683679808866
0.00019151607429503684
0.00041037823839723867
0.000804380929478154
0.0014656247293858677
0.0025133623870007174
0.0040962391076164424
0.006394085767214618
0.009619421906999319
0.014018828131096887
0.01987432973502074
0.02750490366489619
0.03726818667323063
0.049562425723558894
0.06482873669399938
0.0835532228253336
0.10627015354050508
0.13356401325753695
0.16607240906317192
0.20448843515569115
0.2495627620024207
0.30210521388277933
0.36298563916793397
0.4331338543951103
0.5135383649615428
0.6052435677812292
0.7093450451758438
0.8269820392053934
0.9593266949336412
1.1075687188983525
1.2728943886678374
1.4564588890490346
1.6593517523387522
1.8825568771680454
2.1269111906377303
2.3930687279582608
2.681478121922309
2.9923796307445283
3.3258229165762123
3.6817008676311525
4.059791743821306
4.459800728733165
4.881395946793625
5.324236060679588
5.787989595843345
6.272347285161046
6.7770291409713375
7.30178784087795
7.846409693155236
8.410714105174588
8.994552189183452
9.597804921894198
10.220381120511037
10.862215394373244
11.523266163413632
12.203513791715299
12.902958857838152
13.621620567439228
14.359535304672184
15.1167553138166
15.893347500352302
16.689392339858294
17.504982883369287
18.340223848396555
19.195230785779604
20.070129313425603
20.965054409076007
21.88014975505083
22.815567128913944
23.77146583456025
24.748012169215084
25.745378922036576
26.763744900945852
27.80329448467687
28.864217197108417
29.94670730176106
31.05096341438785
32.17718813195844
33.3255876765355
34.496371552745835
35.68975221781692
36.90594476318516
38.14516660695219
39.40763719652171
40.69357772089383
42.00321083217855
43.336760376026824
44.694451130676526
46.076508554274255
47.483158541626715
48.914627187030945
50.37114055762857
51.85292447396348
53.36020429914978
54.89320473654799
56.45214963607577
58.03726180931161
59.64876285355278
61.28687298502896
62.95181088144622
64.64379353406898
66.36303610953725
68.10975182160378
69.88415181299371
71.68644504756111
73.51683821290885
75.37553563362
77.26273919526123
79.17864827925663