0.
0.
0.
0.
0.
0.
0.
0.
1.1170938452222242e-12
2.1969512289370408e-11
2.1460613982102507e-10
1.5820531279113855e-9
8.696203220439941e-9
3.80442444790415e-8
1.3837851061844273e-7
4.32901295883589e-7
1.1954373742891958e-6
2.9737041883461755e-6
6.7713060476514e-6
0.000014297335964084153
0.00002828739354477072
0.00005289602403180018
0.00009415440120797042
0.000160485343034074
0.0002632631773628543
0.0004174055348156658
0.0006419844469026031
0.0009608439473665102
0.0014032113280615848
0.0020042954856955065
0.0028058631707176067
0.0038567880729530953
0.005213571242609221
0.006940829465334417
0.009111753610787851
0.01180853788476209
0.015122782661291578
0.01915587386125173
0.024019342665141476
0.029835208685553723
0.036736309964020414
0.04486662256138368
0.054381571906000334
0.0654483373670205
0.07824615038488951
0.09296658615423233
0.10981384729481686
0.12900503749808945
0.1507704221421901
0.17535367421010853
0.20301208666660125
0.234016790140932
0.2686528982898253
0.3072196483025516
0.3500304880102915
0.39741311932755735
0.44970949163452906
0.5072757411300294
0.5704820728805637
0.6397125828295377
0.7153650175442557
0.7978504736276896
0.8875930175235307
0.9850292444196466
1.0906078199155225
1.2047888396888022
1.3280432204054553
1.460851967932202
1.6037116543271153
1.7571021239650442
1.9215483168379628
2.097556374470702
2.285643844166481
2.4863320755831166
2.7001447645989614
2.927606355532956
3.1692402967080087
3.4255736990185564
3.6971025683054104
3.9843551476181323
4.287824210204612
4.607997544230566
4.945349175559085
5.300337239259384
5.6734020227431206
6.064964373696769
6.475424285795137
6.905160060198184
7.354527856109915
7.8238617324540485
8.313474155184931
8.823656930390316
9.354682500332103
9.906805523921754
10.48026465529307
11.07528443445646
11.692077210625984
12.330845030168637
12.991781434952674
13.675073131348116
14.380901503959166
15.109443960088973
15.86087510085279
16.635367722303823
17.433093655392604
18.254224456874006
19.098931965495005
19.967388738344688
20.85976838205941
21.776245796536564
22.716997330738636
23.682200890472398
24.672035978665374
25.686683695278795
26.726326701014628
27.791149152269277
28.88133661356859
29.99707595301804
31.1385552253718
32.30596354676209