0.
0.
0.
0.
0.
1.9859446137283985e-12
1.9859446137283985e-12
4.468375380888897e-12
1.3777490757740765e-11
1.664469829381114e-10
1.455697401862916e-9
9.137827653917793e-9
4.393381147412978e-8
1.7120183082953062e-7
5.632995363148409e-7
1.61419787567227e-6
4.125486776379471e-6
9.579874845355294e-6
0.000020511603786423183
0.00004097527990263249
0.00007710740117700556
0.00013776707252942033
0.0002352389636807256
0.00038597899697353
0.0006113802603011799
0.0009385453618204573
0.0014010423756727845
0.0020396370886836238
0.0029029885382410303
0.004048304408772214
0.005541951500691587
0.007460022824332511
0.009888863092931875
0.012925556687095194
0.016678383059575634
0.021267245064801276
0.02682407597909256
0.03349323019964213
0.04143186221487821
0.050810297339363854
0.06181239630890023
0.07463591478577791
0.0894928570148008
0.10660982169068331
0.126228336532622
0.14860518033053544
0.1740126624079349
0.20273892502903398
0.2350881411186496
0.27138071960055876
0.3119534385878533
0.3571595226997352
0.40736865378450077
0.4629669085657202
0.5243566171173704
0.5919561378262724
0.6661995438758566
0.7475415986984907
0.8364303085550832
0.933360239648261
1.038817877398207
1.1533077876418252
1.277346296072693
1.4114604429829296
1.5561868088076987
1.7120701991792726
1.8796621763978218
2.0595194225372957
2.2522019190731064
2.458270929313831
2.678286773618952
2.912806394694812
3.162380721496661
3.4275518562501954
3.7088501287577524
4.006791085989769
4.321872508742432
4.65457156802602
5.005342237736787
5.374613047142721
5.762785704708691
6.170233711831031
6.597302233020929
7.044308412439916
7.511542405909021
7.999269003615797
8.507729730620882
9.03714529177787
9.587718222015
10.159635610685754
10.753071786038584
11.368190869209073
12.005149132198769
12.664097118187799
13.345181503481962
14.048546696917288
14.77433618432146
15.522693636583277
16.293763799380795
17.087693192057575
17.904630637920405
18.74472765028051
19.608138696133118
20.495021359588407
21.405536410590546
22.339847820528817
23.29812270846209
24.28053125771174
25.287246568833883
26.318444517121243
27.3743035735422
28.455004614494005
29.56073072182027
30.691666977035567
31.848000253397903
33.02991900604837
34.23761306867026
35.471273450363455
36.73109214029596
38.01726191907094