3.971889227456797e-12
3.971889227456797e-12
3.971889227456797e-12
3.971889227456797e-12
3.971889227456797e-12
3.971889227456797e-12
3.971889227456797e-12
3.971889227456797e-12
3.971889227456797e-12
3.971889227456797e-12
5.9578338411851955e-12
5.9578338411851955e-12
4.2201323041728465e-12
8.936750761777794e-12
2.581727997846918e-11
1.1245411375237057e-10
4.93507236511507e-10
1.8767176599733367e-9
6.283032271683221e-9
1.880193063047361e-8
5.1012462806687936e-8
1.271158463493739e-7
2.94085877450126e-7
6.374293873976342e-7
1.3043468251491378e-6
2.536123510466489e-6
4.711562490861471e-6
8.403149041216647e-6
0.000014447225754412996
0.000024029307232477218
0.000038785046255472924
0.00006091709147919086
0.00009332755614696153
0.00013976542507685222
0.0002049879235842279
0.00029493447034235676
0.00041691172447435763
0.0005797879660883454
0.0007941949414818934
0.0010727355179792207
0.0014301949832249874
0.001883754508412991
0.002453204931003702
0.003161159366479207
0.00403326329794849
0.00509840085770392
0.0063888963370493206
0.007940710071188153
0.009793627993913255
0.011991444422459628
0.014582137702141618
0.01761803861172547
0.0211559914170832
0.025257507785127305
0.029988913678424253
0.03542148965796132
0.041631604950792045
0.04870084581007689
0.056716138712412614
0.06576986909249588
0.07595999617068906
0.08739016473911186
0.10016981454002334
0.11441428812148097
0.13024493790706196
0.14778923344258207
0.1671808695394683
0.18855987636559857
0.21207273231100243
0.23787248057596688
0.2661188505832497
0.296978385061406
0.3306245739962559
0.3672379964623322
0.4070064715502028
0.45012521946232564
0.49679703417008064
0.5472324687912731
0.6016500350896893
0.6602764185054839
0.7233467100740398
0.7911046567247464
0.8638029313642532
0.9417034241343629
1.0250775561739025
1.1142066169023725
1.2093821257932702
1.3109062189481389
1.4190920603564048
1.534264276839589
1.656759414520181
1.786926413160537
1.9251270927178215
2.071736643899633
2.22714411120159
2.391752852963811
2.5659809581732764
2.7502615940110853
2.9450432521180283
3.150789854850569
3.3679806767106677
3.5971100313149855
3.8386866717746564
4.0932328546687
4.361283025576077
4.643382100228464
4.94008333962374
5.251945849893504
5.579531775688941
5.923403294434285
6.2841195514731165
6.662233696138364
7.058290180377357
7.472822462914699
7.906351225043638
8.359383155586915
8.832410310708656
9.325910007711766
9.840345177061744
10.376165076339495