7.943778454913594e-12
7.943778454913594e-12
7.943778454913594e-12
7.943778454913594e-12
1.1915667682370391e-11
1.1915667682370391e-11
8.440264608345693e-12
3.214747843472845e-11
3.5796651662454384e-10
3.4562883571175614e-9
2.316095493606909e-8
1.1538971225607621e-7
4.5654272529464197e-7
1.505129673364768e-6
4.28422568766401e-6
0.000010814907238623775
0.00002471504968746533
0.000051960378002155866
0.00010178737933083552
0.00018770585275068368
0.0003285826541382152
0.0005497575985718559
0.0008841551669300355
0.001373369699632201
0.0020686902540311834
0.003032069784482982
0.00433702298939609
0.00606945901234668
0.008328454911650966
0.011226979078051327
0.014892575233760176
0.01946801652342618
0.02511193789785699
0.03199945136810086
0.04032274520602082
0.05029166322919567
0.06213425599525505
0.07609729081119858
0.09244670350414445
0.1114679717321231
0.13346638722506024
0.15876720388374177
0.187715639172085
0.22067670861124525
0.2580348768404586
0.30019351342638906
0.3475741478739875
0.4006155242953828
0.45977246320345944
0.5255145444508905
0.5983246310617434
0.6786972592585767
0.767136923399803
0.8641562874500098
0.9702743550785855
1.0860146298396687
1.2119032944263517
1.3484674337088802
1.4962333212667291
1.6557247823606807
1.8274616394411318
2.01195823855969
2.2097220482105273
2.421252314705246
2.647038753207864
2.8875602489229433
3.1432835416036404
3.414661867112841
3.7021335345278525
4.0061204256811775
4.32702641648349
4.6652357367636315
5.021111304899765
5.394993095972541
5.787196622647294
6.19801162497799
6.627701073432125
7.076500586761085
7.544618350202558
8.032235590099083
8.53950762223166
9.066565447289436
9.613517825114736
10.180453725491914
10.767445031916479
11.374549367860897
12.001812921341786
12.64927316077017
13.31696135820322
14.004904862043993
14.713129085827076
15.441659201125518
16.190521539477544
16.959744720409052
17.74936053021114
18.5594045804412
19.38991677623427
20.240941623913162
21.112528405427025
22.004731244480066
22.91760908619735
23.851225609154262
24.805649085800123
25.78095220454993
26.777211864665578
27.794508952864636
28.832928109014528
29.892557486739292
30.973488513633676
32.07581565473289
33.199636182125566
34.34504995294023
35.51215919736676
36.70106831802556
37.91188370158244
39.14471354332346
40.39966768509676
41.67685746697104
42.97639559274518
44.29839600938462