7.943778454913594e-12
7.943778454913594e-12
7.943778454913594e-12
7.943778454913594e-12
1.1915667682370391e-11
1.1915667682370391e-11
7.943778454913594e-12
1.3032761527592615e-11
3.38851799717408e-11
3.428236889448648e-10
2.7877697515212394e-9
1.6538202013899953e-8
7.594897634896858e-8
2.8461441110110187e-7
9.052557398281213e-7
2.518316662209032e-6
6.270026320407913e-6
0.0000142251865962674
0.000029830856789920442
0.00005848755448499394
0.00010821600778059271
0.0001904009397082976
0.0003205902389067391
0.0005193253046617448
0.0008129821400028578
0.001234603344581028
0.0018247065323977922
0.0026320583986504734
0.003714408399414739
0.005139179488750294
0.006984116786052362
0.009337897405277327
0.01230070610457211
0.0159847822897696
0.02051494335436103
0.026029088889236246
0.03267868826870224
0.040629252644850504
0.050060789281911926
0.061168234153082535
0.07416185590089676
0.08926762175534218
0.1067275142001755
0.12679978540283726
0.149759135865561
0.17589680341617198
0.2055205496336593
0.23895453198176644
0.276539052598293
0.31863017710370006
0.36559922036284676
0.4178320997652292
0.4757285600134869
0.5397012775061966
0.6101748553699636
0.6875847234715106
0.7723759600348505
0.8650020531877319
0.9659236218967574
1.0756071158887253
1.1945235132908671
1.3231470336112643
1.4619538811816706
1.6114210314282218
1.7720250689930515
1.94424108245607
2.1285416171098785
2.3253956820178723
2.5352678045236345
2.758617120786112
2.995896488155835
3.2475516025620514
3.5140201026693676
3.795730642555934
4.093101916230481
4.406541621075603
4.736445352963625
5.0831954341290055
5.447159685265484
5.8286901653757095
6.228121916052997
6.645771759357404
7.081937208910757
7.536895560052135
8.01090322573762
8.504195378134515
9.016985942505253
9.549467969958654
10.101814391740481
10.674179132489948
11.26669853684291
11.87949304546981
12.512669045288192
13.166320814731183
13.840532488140154
14.535379971918507
15.25093275772854
15.98725559195368
16.74440997481373
17.522455475201706
18.321450858121704
19.141455029892565
19.982527812121855
20.84473055952579
21.7281266384462
22.632781783876695
23.558764352380777
24.506145487388096
25.474999211971326
26.46540246269225
27.477435076484095
28.511179740869235
29.566721916499795
30.64414973945139
31.743553909655372
32.86502757077426
34.00866618577647
35.17456741193091
36.36283097802035
37.57355856620741