 0.12868070600492E-31
 0.51472282401969E-31
 0.11581263540443E-30
 0.20588912960788E-30
 0.32170176501231E-30
 0.46325054161772E-30
 0.63053545942412E-30
 0.82355651843151E-30
 0.10423137186399E-29
 0.12868070600492E-29
 0.15570365426596E-29
 0.18530021664709E-29
 0.21747039314832E-29
 0.25221418376965E-29
 0.28953158851108E-29
 0.32942260737260E-29
 0.37188724035423E-29
 0.41692548745595E-29
 0.46453734867777E-29
 0.51472282401969E-29
 0.56748191348171E-29
 0.31665119346854E-14
-0.36923295957104E-14
 0.40328158508332E-14
 0.37960852492311E-14
 0.26655210028467E-14
 0.78767555434859E-14
 0.92844327997461E-14
 0.21567819049314E-13
 0.14179731871110E-13
 0.16162563034115E-13
 0.42911599734526E-14
-0.49874953066629E-14
 0.81777327883997E-14
-0.72435996107309E-14
 0.15018611679815E-13
 0.10924375631359E-13
 0.52770816881532E-14
 0.81503527632878E-14
 0.18138820483211E-13
-0.56295699935817E-14
-0.40914286024322E-14
 0.34334170794500E-13
 0.10627888872925E-13
 0.14831548454882E-13
 0.73550120400604E-13
-0.11798404374395E-13
 0.84007981516737E-13
 0.97074224976265E-13
 0.15104491721177E-12
 0.26970991330433E-13
 0.19114517273878E-12
 0.33584347687817E-12
 0.20792016467992E-12
 0.52133130142073E-12
 0.64832275849731E-12
 0.63719573840248E-12
 0.76405207579536E-12
 0.11024786280695E-11
 0.11579964097831E-11
 0.18576971991530E-11
 0.20103159266687E-11
 0.23971507364110E-11
 0.29352415250994E-11
 0.34465143314776E-11
 0.43170571149878E-11
 0.51478018991048E-11
 0.61093696308096E-11
 0.72258847205501E-11
 0.86404943305887E-11
 0.10372120482826E-10
 0.11580000884335E-10
 0.13656094198321E-10
 0.15879114877883E-10
 0.18300419985193E-10
 0.20933333687192E-10
 0.24501943491933E-10
 0.27521878610207E-10
 0.30768878328103E-10
 0.35014138485973E-10
 0.39205907985784E-10
 0.44649485069349E-10
 0.49719587586091E-10
 0.55913630103896E-10
 0.62536951531186E-10
 0.69137819375248E-10
 0.77184544296470E-10
 0.85679527420397E-10
 0.95243273762525E-10
 0.10441683735737E-09
 0.11499393686141E-09
 0.12673339787843E-09
 0.13919906825546E-09
 0.15200599974741E-09
 0.16599462621478E-09
 0.18155334394657E-09
 0.19734299001322E-09
 0.21445044700741E-09
 0.23260107481397E-09
 0.25198508801414E-09
 0.27259161582522E-09
 0.29474169509219E-09
 0.31813203635063E-09
 0.34348115179045E-09
 0.37078456866106E-09
 0.39873138747242E-09
 0.42749339518726E-09
 0.45951620217196E-09
 0.49268853292218E-09
 0.52802017734376E-09
 0.56536862121496E-09
 0.60480795995152E-09
 0.64529833700067E-09
 0.68914001516924E-09
 0.73522011560553E-09
 0.78383667563922E-09
 0.83445277432081E-09
 0.88770752931917E-09
 0.94422361913631E-09
 0.10019050772004E-08
