 0.14317401761160E-07
 0.20125781918945E-07
 0.27405854047618E-07
 0.36944810231404E-07
 0.48496189588597E-07
 0.63342282620912E-07
 0.81324121566972E-07
 0.10482045201147E-06
 0.13361397799805E-06
 0.16948862992970E-06
 0.21374592319860E-06
 0.26871487077902E-06
 0.33548355228667E-06
 0.41500626028433E-06
 0.50952324021151E-06
 0.61940200263571E-06
 0.74703654739276E-06
 0.89121791217197E-06
 0.10528251808446E-05
 0.12317709687116E-05
 0.14234632211552E-05
 0.16265558533348E-05
 0.18334918738981E-05
 0.20361578682734E-05
 0.22232706013905E-05
 0.23753344275463E-05
 0.24643931841528E-05
 0.24508613125730E-05
 0.22855050106370E-05
 0.19058542335044E-05
 0.12491391367521E-05
 0.26391769986095E-06
-0.10548677469839E-05
-0.26406209688679E-05
-0.43279857243711E-05
-0.58578053436946E-05
-0.69347671729902E-05
-0.73199041995861E-05
-0.69229247283505E-05
-0.58675342969470E-05
-0.43327722158408E-05
-0.26946143348717E-05
-0.11892964576772E-05
 0.21795343036347E-07
 0.88262429692673E-06
 0.14153911393641E-05
 0.16817492762913E-05
 0.17554202262289E-05
 0.17040600887145E-05
 0.15794567650998E-05
 0.14202892987696E-05
 0.12502432811881E-05
 0.10858370099261E-05
 0.93352213827036E-06
 0.79737861906941E-06
 0.67877841195712E-06
 0.57642617610848E-06
 0.48898011527571E-06
 0.41532328911695E-06
 0.35263911495813E-06
 0.30042035257854E-06
 0.25666345909426E-06
 0.21956356050854E-06
 0.18804832927061E-06
 0.16199530660816E-06
 0.14006717826013E-06
 0.12118218662085E-06
 0.10506529832887E-06
 0.92215494919113E-07
 0.60848976033078E-06
 0.70853166632966E-07
 0.62199386067189E-07
 0.55118459512347E-07
 0.48629727310141E-07
 0.43568158232634E-07
 0.38824151123724E-07
 0.34310114074081E-07
 0.31140914375632E-07
 0.28280019107324E-07
 0.25432901286559E-07
 0.23142337342984E-07
 0.36036190421947E-07
 0.19402104204967E-07
 0.17906941751813E-07
 0.16061735980638E-07
 0.14669620720034E-07
 0.13729733798183E-07
 0.12683295032545E-07
 0.11659371579032E-07
 0.10632845855888E-07
 0.99010935109861E-08
 0.96051341008705E-08
 0.90487913549817E-08
 0.84761623551224E-08
 0.74781768089687E-08
 0.77663018642346E-08
 0.69976620715552E-08
 0.67926396086355E-08
 0.66068933605270E-08
 0.61105952429743E-08
 0.59066517635202E-08
 0.54489256880051E-08
 0.51996590328596E-08
 0.48774135713558E-08
