3.971889227456797e-12
3.971889227456797e-12
3.971889227456797e-12
3.971889227456797e-12
3.971889227456797e-12
3.971889227456797e-12
1.1915667682370391e-11
7.943778454913594e-12
7.943778454913594e-12
3.971889227456797e-12
7.943778454913594e-12
8.440264608345693e-12
1.340512614266669e-11
4.865564303634576e-11
2.4178875672143253e-10
1.1021992606192611e-9
4.289143879499908e-9
1.4569882658618395e-8
4.387870151109881e-8
1.1918125288829879e-7
2.9616007247762697e-7
6.813082130302713e-7
1.4652784675303103e-6
2.970445873842739e-6
5.715426835081201e-6
0.000010499009483237994
0.000018505235470044125
0.000031430876758752224
0.0000516355276084514
0.00008231408299491873
0.0001276903382971671
0.00019323019038145194
0.0002858720828906022
0.00041427236150902495
0.0005890626294221598
0.0008231163750272139
0.0011318222191696581
0.0015333608582226502
0.0020489836126785566
0.0027032902934443774
0.0035245045432568374
0.004544745182376918
0.0058002925284791704
0.007331848552044843
0.009184790653397374
0.011409418542428136
0.014061194169874336
0.017200974834146492
0.020895239638592737
0.02521630942766574
0.030242560596698727
0.03605863275294878
0.0427556304303495
0.05043131874191963
0.059190312615460386
0.06914425922590307
0.08041201290725684
0.09311980149458483
0.10740138310675994
0.12339819191988849
0.14125947135543052
0.16114239320323956
0.18321216074992885
0.20764209435123873
0.23461369763933407
0.2643167028450392
0.29694909371017764
0.3327171048736665
0.3718351967074888
0.4145260049645567
0.4610202648687096
0.5115567097962882
0.5663819447355914
0.6257502953843789
0.6899236340052418
0.7591711832754676
0.8337693000519292
0.9140012408948236
1.0001569115990971
1.0925326032530969
1.1914307171869787
1.2971594816677794
1.4100326629120785
1.5303692731325302
1.6584932783184005
1.7947333081128904
1.939422370329503
2.0928975719917386
2.2554998489574123
2.4275737054468736
2.609466964701703
2.80153053146859
3.004118166518907
3.2175862728252786
3.442293692778639
3.6786015146798996
3.926872886737989
4.187472835582941
4.4607680860827505
4.747126878204281
5.046918776265516
5.3605144650449565
5.688285526780648
6.030604192493417
6.387843060785684
6.7603747769618385
7.148571665619054
7.552805310033526
7.973446072767718
8.41086255299722
8.865420978180655
9.337484529916765
9.827412607114763
10.335560032945091
10.86227621617662
11.407904281558682
11.972780187933582
12.557231856438792
13.161578333808768
13.786129017464935