 0.00000000000000E+00
 0.00000000000000E+00
 0.00000000000000E+00
 0.00000000000000E+00
 0.18989978858994E-15
-0.40728501544732E-15
-0.10429583468455E-15
 0.76587478547467E-16
 0.17329072364190E-14
 0.15644586738925E-13
 0.94736986877999E-13
 0.42155447440457E-12
 0.14768712150531E-11
 0.42913178479142E-11
 0.10741400512590E-10
 0.23830564765452E-10
 0.47883937139733E-10
 0.88620420140808E-10
 0.15308818788777E-09
 0.24945041967850E-09
 0.38671767966467E-09
 0.57437514864505E-09
 0.82204136386270E-09
 0.11391216275127E-08
 0.15345370137430E-08
 0.20164776299307E-08
 0.25922866105573E-08
 0.32683467324001E-08
 0.40500681751418E-08
 0.49419263315210E-08
 0.59475359280753E-08
 0.70697491728258E-08
 0.83107802778776E-08
 0.96723368434976E-08
 0.11155748794399E-07
 0.12762092714585E-07
 0.14492301044334E-07
 0.16347254989514E-07
 0.18327248220401E-07
 0.20435990338622E-07
 0.22670074970916E-07
 0.25033267177152E-07
 0.27526924859709E-07
 0.30153279689141E-07
 0.32911560210597E-07
 0.35804572463672E-07
 0.38831578025942E-07
 0.41995368687536E-07
 0.45295863144879E-07
 0.48736869400907E-07
 0.52310610034132E-07
 0.56019047020990E-07
 0.59393630675113E-07
 0.62515463605973E-07
 0.67936649032577E-07
 0.72161704742381E-07
 0.76506720071497E-07
 0.80966102117531E-07
 0.85532878368993E-07
 0.90198594345371E-07
 0.94950993824190E-07
 0.99787986833955E-07
 0.10468028122646E-06
 0.10962353726911E-06
 0.11460338641000E-06
 0.11961732483371E-06
 0.12458748186669E-06
 0.12955017535467E-06
 0.13446678176406E-06
 0.13928153299805E-06
 0.14401636508581E-06
 0.14859750657150E-06
 0.15298551318555E-06
 0.15714537562487E-06
 0.16125100758227E-06
 0.16467331974498E-06
 0.16794920921112E-06
 0.17082285735665E-06
 0.17331618763299E-06
 0.17536618611180E-06
 0.17697318867449E-06
 0.17812791680968E-06
 0.17883390116196E-06
 0.17910408993415E-06
 0.17895992737526E-06
 0.17842993225109E-06
 0.17754806449246E-06
 0.17635169768918E-06
 0.17488005594832E-06
 0.17317237397328E-06
 0.17126666968089E-06
 0.16919873827066E-06
 0.16700148338781E-06
 0.16470451375549E-06
 0.16233399923600E-06
 0.15991270265658E-06
 0.15746013993972E-06
 0.15499281273407E-06
 0.15252451557159E-06
 0.15006663762283E-06
 0.14762843388839E-06
 0.14521734714335E-06
 0.14283926787392E-06
 0.14049877226730E-06
 0.13819932878622E-06
 0.13594348099223E-06
 0.13373300670210E-06
 0.13156905184439E-06
 0.12945225242940E-06
 0.12738282611217E-06
 0.12536065810383E-06
 0.12338536559324E-06
 0.12145635157335E-06
 0.11957285571325E-06
 0.11773398858831E-06
 0.11593877008866E-06
 0.11418614871036E-06
 0.11247502704319E-06
 0.11080427747871E-06
 0.10917275654898E-06
