 0.95653658646422E-08
 0.98981220816640E-08
 0.10237951584479E-07
 0.10584881695554E-07
 0.10938927973426E-07
 0.11300114422275E-07
 0.11668459345772E-07
 0.12043979955563E-07
 0.12426693989133E-07
 0.12816607355101E-07
 0.13213734955557E-07
 0.13618085380854E-07
 0.14029666171469E-07
 0.14448487666894E-07
 0.14874544599554E-07
 0.15307844023279E-07
 0.15748386531103E-07
 0.16196170684651E-07
 0.16651199602143E-07
 0.17113459208153E-07
 0.17582950500787E-07
 0.18059664319545E-07
 0.18543594227599E-07
 0.19034735438400E-07
 0.19533066624971E-07
 0.20038581749949E-07
 0.20551267157347E-07
 0.21071109026733E-07
 0.21598097856230E-07
 0.22132205168339E-07
 0.22673419589694E-07
 0.23221722275089E-07
 0.23777094969110E-07
 0.24339523346410E-07
 0.24908973637584E-07
 0.25485429754367E-07
 0.26068869886213E-07
 0.26659270291868E-07
 0.27256614530705E-07
 0.27860863658711E-07
 0.28471998644490E-07
 0.29089994028576E-07
 0.29714823680122E-07
 0.30346468913817E-07
 0.30984885683766E-07
 0.31630054723665E-07
 0.32281947149716E-07
 0.32940535010135E-07
 0.33605798006623E-07
 0.34277689227561E-07
 0.34956188100541E-07
 0.35641264740324E-07
 0.36332889541315E-07
 0.37031041280880E-07
 0.37735671205071E-07
 0.38446758061281E-07
 0.39164271159449E-07
 0.39888180469927E-07
 0.40618465108595E-07
 0.41355074228607E-07
 0.42097987118974E-07
 0.42847173466128E-07
 0.43602601919904E-07
 0.44364253279180E-07
 0.45132075667503E-07
 0.45906048526266E-07
 0.46686142473386E-07
 0.47472326942639E-07
 0.48264583487142E-07
 0.49062859517218E-07
 0.49867136399802E-07
 0.50677384908567E-07
 0.51493576100253E-07
 0.52315692787130E-07
 0.53143682136688E-07
 0.53977527543777E-07
 0.54817200778535E-07
 0.55662673826621E-07
 0.56513932322932E-07
 0.57370922504920E-07
 0.58233630527403E-07
 0.59102029507974E-07
 0.59976092794836E-07
 0.60855808257099E-07
 0.61741108364551E-07
 0.62632023476796E-07
 0.63528486612049E-07
 0.64430486717021E-07
 0.65338014090308E-07
 0.66251000947311E-07
 0.67169481909001E-07
 0.68093389597264E-07
 0.69022715755068E-07
 0.69957452902212E-07
 0.70897533198844E-07
 0.71842995724133E-07
 0.72793772906543E-07
 0.73749858746029E-07
 0.74711248463772E-07
 0.75677873585329E-07
 0.76649778633265E-07
 0.77626894706931E-07
 0.78609218848169E-07
 0.79596748889349E-07
 0.80589415654007E-07
 0.81587267729906E-07
 0.82590236811564E-07
 0.83598321680089E-07
 0.84611522710926E-07
 0.85629770134004E-07
 0.86653117267330E-07
 0.87681494895274E-07
 0.88714904308660E-07
 0.89753347584835E-07
 0.90796755033933E-07
 0.91845183513011E-07
 0.92898563727189E-07
 0.93956898670448E-07
 0.95020192580089E-07
 0.96088374765305E-07
 0.97161506558814E-07
 0.98239516977194E-07
 0.99322411289730E-07
 0.10041019577600E-06
 0.10150279791772E-06
 0.10260028371026E-06
 0.10370258044135E-06
 0.10480969507212E-06
 0.10592163545508E-06
 0.10703832785343E-06
 0.10815984143094E-06
 0.10928610234984E-06
 0.11041711899900E-06
 0.11155290012569E-06
 0.11269337050260E-06
 0.11383860264571E-06
 0.11498852085450E-06
 0.11614313445686E-06
 0.11730245324581E-06
 0.11846640007607E-06
 0.11963505041533E-06
 0.12080832641058E-06
 0.12198623825272E-06
 0.12316879641331E-06
 0.12435592107295E-06
 0.12554769076349E-06
 0.12674402507533E-06
 0.12794493481435E-06
 0.12915043042285E-06
 0.13036042977789E-06
 0.13157501350080E-06
 0.13279412265638E-06
 0.13401769632812E-06
 0.13524581658419E-06
 0.13647837452268E-06
 0.13771545298835E-06
 0.13895699016012E-06
 0.14020292334522E-06
 0.14145333614954E-06
 0.14270811591588E-06
 0.14396734694357E-06
 0.14523096500559E-06
 0.14649890476193E-06
 0.14777120030453E-06
 0.14904788730789E-06
 0.15032889901718E-06
 0.15161421926112E-06
 0.15290377935060E-06
 0.15419761349154E-06
 0.15549575696536E-06
 0.15679813995694E-06
 0.15810474438711E-06
 0.15941549844918E-06
 0.16073043577032E-06
 0.16204959108814E-06
 0.16337289126547E-06
 0.16470031615694E-06
 0.16603179025047E-06
 0.16736734681560E-06
 0.16870701951074E-06
 0.17005073175703E-06
 0.17139846069181E-06
 0.17275012761504E-06
 0.17410576439818E-06
 0.17546540395943E-06
 0.17682896564342E-06
 0.17819642426766E-06
 0.17956769713522E-06
 0.18094281487789E-06
 0.18232180920659E-06
 0.18370459538710E-06
 0.18509114570042E-06
 0.18648148120000E-06
 0.18787457929302E-06
 0.18927297751395E-06
 0.19067429594735E-06
 0.19207923169691E-06
 0.19348769335284E-06
 0.19489970901290E-06
 0.19631530717025E-06
 0.19773439457811E-06
 0.19915693784555E-06
 0.20058284121429E-06
 0.20201213094815E-06
 0.20344483417696E-06
 0.20488085310239E-06
 0.20632015119467E-06
 0.20776262827498E-06
 0.20920830905951E-06
 0.21065721860344E-06
 0.21210925493945E-06
 0.21356437824671E-06
 0.21502248384455E-06
 0.21648359472784E-06
 0.21794773413605E-06
 0.21941479554582E-06
 0.22088473605524E-06
 0.22235744652175E-06
 0.22383294793819E-06
 0.22531126186240E-06
 0.22679227724970E-06
 0.22827594801550E-06
 0.22976216045161E-06
 0.23125093378044E-06
 0.23274228783681E-06
 0.23423610693036E-06
 0.23573234193261E-06
 0.23723087459782E-06
 0.23873172250745E-06
 0.24023490354586E-06
 0.24174029756194E-06
 0.24324785245770E-06
 0.24475744557079E-06
 0.24626909263521E-06
 0.24778280984960E-06
 0.24929847266324E-06
 0.25081602588375E-06
 0.25233534270484E-06
 0.25385643705439E-06
 0.25537932325431E-06
 0.25690387275606E-06
 0.25843002729683E-06
 0.25995765577933E-06
 0.26148677056171E-06
 0.26301738430563E-06
 0.26454936427052E-06
 0.26608264927245E-06
 0.26761710424545E-06
 0.26915273978197E-06
 0.27068956708724E-06
 0.27222744923747E-06
 0.27376632237988E-06
 0.27530604732743E-06
 0.27684663322851E-06
 0.27838808972853E-06
 0.27993027595583E-06
 0.28147312530030E-06
 0.28301649476075E-06
 0.28456039194437E-06
 0.28610482497407E-06
 0.28764964926666E-06
 0.28919479541340E-06
 0.29074011668727E-06
 0.29228561932724E-06
 0.29383130989654E-06
 0.29537704008755E-06
 0.29692273795972E-06
 0.29846825300926E-06
 0.30001359007366E-06
 0.30155875433884E-06
 0.30310359374683E-06
 0.30464803386087E-06
 0.30619192051873E-06
 0.30773525711894E-06
 0.30927804747368E-06
 0.31082013581903E-06
 0.31236144531885E-06
 0.31390181808936E-06
 0.31544125617737E-06
 0.31697976185456E-06
 0.31851717588635E-06
 0.32005341875805E-06
 0.32158832911948E-06
 0.32312190745458E-06
 0.32465415466372E-06
 0.32618490783680E-06
 0.32771408488678E-06
 0.32924152087610E-06
 0.33076721478941E-06
 0.33229116591998E-06
 0.33381320772991E-06
 0.33533325559477E-06
 0.33685114096375E-06
 0.33836686113955E-06
 0.33988041378330E-06
 0.34139162868262E-06
 0.34290041856181E-06
 0.34440661117202E-06
 0.34591020214845E-06
 0.34741118738313E-06
 0.34890939294626E-06
 0.35040472880895E-06
 0.35189701904746E-06
 0.35338625745036E-06
 0.35487243798106E-06
 0.35635538306649E-06
 0.35783499975999E-06
 0.35931110847417E-06
 0.36078370104712E-06
 0.36225276942430E-06
 0.36371813226216E-06
 0.36517969380229E-06
 0.36663727069032E-06
 0.36809085269920E-06
 0.36954042977267E-06
 0.37098581674524E-06
 0.37242691499826E-06
 0.37386353747739E-06
 0.37529567187305E-06
 0.37672330602643E-06
 0.37814625112782E-06
 0.37956431722588E-06
 0.38097757901576E-06
 0.38238584557117E-06
 0.38378892483491E-06
 0.38518689071590E-06
 0.38657946109314E-06
 0.38796670941302E-06
 0.38934844135430E-06
 0.39072446151717E-06
 0.39209484276163E-06
 0.39345929898489E-06
 0.39481790258377E-06
 0.39617045622474E-06
 0.39751676155514E-06
 0.39885689049051E-06
 0.40019055356076E-06
 0.40151782241583E-06
 0.40283849710325E-06
 0.40415237690834E-06
 0.40545953325069E-06
 0.40675967383473E-06
 0.40805287009358E-06
 0.40933892016775E-06
 0.41061762154851E-06
 0.41188904583406E-06
 0.41315289874636E-06
 0.41440925211256E-06
 0.41565790300540E-06
 0.41689864812595E-06
 0.41813155991375E-06
 0.41935634319294E-06
 0.42057307102285E-06
 0.42178154048042E-06
 0.42298154852163E-06
 0.42417316948005E-06
 0.42535610846441E-06
 0.42653044081755E-06
 0.42769596485932E-06
 0.42885247915544E-06
 0.43000006098786E-06
 0.43113841721553E-06
 0.43226762674537E-06
 0.43338749055243E-06
 0.43449781020767E-06
 0.43559866736292E-06
 0.43668977215656E-06
 0.43777120841734E-06
 0.43884278138298E-06
 0.43990429722257E-06
 0.44095584340539E-06
 0.44199713505147E-06
 0.44302826237344E-06
 0.44404903658298E-06
 0.44505927011050E-06
 0.44605905775141E-06
 0.44704812138214E-06
 0.44802655915190E-06
 0.44899418988269E-06
 0.44995083404283E-06
 0.45089659523797E-06
 0.45183120384776E-06
 0.45275476746371E-06
 0.45366711420166E-06
 0.45456807416630E-06
 0.45545776127195E-06
 0.45633591607731E-06
 0.45720265695428E-06
 0.45805782274530E-06
 0.45890125536900E-06
 0.45973307923606E-06
 0.46055304722981E-06
 0.46136129040612E-06
 0.46215765984492E-06
 0.46294200771649E-06
 0.46371447254261E-06
 0.46447481994179E-06
 0.46522319454077E-06
 0.46595945995945E-06
 0.46668348277371E-06
 0.46739541569525E-06
 0.46809503713583E-06
 0.46878250442909E-06
 0.46945769612634E-06
 0.47012049373879E-06
 0.47077106288007E-06
 0.47140919709789E-06
 0.47203506762934E-06
 0.47264856753243E-06
 0.47324959293467E-06
 0.47383832347956E-06
 0.47441456757612E-06
 0.47497851044709E-06
 0.47553005978530E-06
 0.47606912627682E-06
 0.47659590344471E-06
 0.47711021442947E-06
 0.47761225809252E-06
 0.47810195643689E-06
 0.47857923448530E-06
 0.47904429897116E-06
 0.47949698737856E-06
 0.47993751153062E-06
 0.48036580719276E-06
 0.48078181296049E-06
 0.48118574800592E-06
 0.48157746344090E-06
 0.48195718305152E-06
 0.48232485548056E-06
 0.48268043205527E-06
 0.48302414319373E-06
 0.48335585271625E-06
 0.48367579516335E-06
 0.48398393099197E-06
 0.48428022309894E-06
 0.48456491186795E-06
 0.48483787266903E-06
 0.48509934945259E-06
 0.48534931319260E-06
 0.48558773713847E-06
 0.48581487019161E-06
 0.48603059797293E-06
 0.48623517237148E-06
 0.48642857358507E-06
 0.48661078379139E-06
 0.48678205890741E-06
 0.48694229351251E-06
 0.48709174588675E-06
 0.48723040403256E-06
 0.48735825769171E-06
 0.48747556828391E-06
 0.48758223795272E-06
 0.48767852989566E-06
 0.48776443852026E-06
 0.48783995976814E-06
 0.48790535902323E-06
 0.48796054473845E-06
 0.48800578349406E-06
 0.48804107481251E-06
 0.48806641947039E-06
 0.48808208546503E-06
 0.48808798621893E-06
 0.48808439038464E-06
 0.48807130130678E-06
 0.48804872336499E-06
 0.48801692583365E-06
 0.48797582596402E-06
 0.48792569319458E-06
 0.48786653353402E-06
 0.48779835386184E-06
 0.48772142348760E-06
 0.48763557542965E-06
 0.48754142679787E-06
 0.48743837662030E-06
 0.48732704126421E-06
 0.48720734188523E-06
 0.48707920086873E-06
 0.48694323085453E-06
 0.48679883701607E-06
 0.48664663086982E-06
 0.48648653474761E-06
 0.48631847210848E-06
 0.48614305011385E-06
 0.48595967949959E-06
 0.48576896599089E-06
 0.48557083239256E-06
 0.48536520253733E-06
 0.48515267730323E-06
 0.48493267244690E-06
 0.48470578713365E-06
 0.48447194406429E-06
 0.48423106686456E-06
 0.48398374941546E-06
 0.48372941211604E-06
 0.48346864689786E-06
 0.48320137587563E-06
 0.48292752201975E-06
 0.48264767165043E-06
 0.48236124946107E-06
 0.48206883965100E-06
 0.48177036336209E-06
 0.48146574254416E-06
 0.48115555548202E-06
 0.48083923095278E-06
 0.48051734498800E-06
 0.48018981746438E-06
 0.47985656904856E-06
 0.47951816965265E-06
 0.47917405193980E-06
 0.47882478346656E-06
 0.47847028264350E-06
 0.47811046864262E-06
 0.47774590273798E-06
 0.47737602138662E-06
 0.47700138342487E-06
 0.47662190565415E-06
 0.47623750564119E-06
 0.47584873581539E-06
 0.47545503638446E-06
 0.47505695730405E-06
 0.47465441369353E-06
 0.47424732141247E-06
 0.47383622397219E-06
 0.47342056526984E-06
 0.47300088631406E-06
 0.47257710049954E-06
 0.47214912196070E-06
 0.47171748520822E-06
 0.47128163788645E-06
 0.47084211199234E-06
 0.47039881920814E-06
