 0.13433385350158E-05
 0.20345094526557E-05
 0.30729396482272E-05
 0.46160540453824E-05
 0.68876298137338E-05
 0.10185092741218E-04
 0.14891718096190E-04
 0.21460640663763E-04
 0.30333945878310E-04
 0.41667910192506E-04
 0.54568046504871E-04
 0.65261839558207E-04
 0.63855779201671E-04
 0.32065344157602E-04
-0.47209948992854E-04
-0.15518224922069E-03
-0.21432616312473E-03
-0.16574232079032E-03
-0.58025664571588E-04
 0.24745209476815E-04
 0.56941004817060E-04
 0.56741469865330E-04
 0.44997892610331E-04
 0.32398470465797E-04
 0.22352941348598E-04
 0.15174774744632E-04
 0.10276891331627E-04
 0.69940618045927E-05
 0.48015878068826E-05
 0.33315659426011E-05
 0.23379561083090E-05
 0.16589822168288E-05
 0.11436908078157E-05
 0.86423891347609E-06
 0.63358091046500E-06
 0.46954286848829E-06
 0.35127089202038E-06
 0.26556356963792E-06
 0.20227846524617E-06
 0.15550384875340E-06
 0.12091312292262E-06
 0.94716874445320E-07
 0.75019472518573E-07
 0.59966395806471E-07
 0.48498233596884E-07
 0.39750784105889E-07
 0.32584284337774E-07
 0.27508626322575E-07
 0.23292697423543E-07
 0.19732164643870E-07
 0.16982350924967E-07
 0.14815683827315E-07
 0.13338391605417E-07
 0.12094172366325E-07
 0.11230844815546E-07
 0.10022886857219E-07
 0.90130123630893E-08
 0.82174034393983E-08
 0.77405483103051E-08
 0.74995734137122E-08
 0.72780035005890E-08
 0.69058515935280E-08
 0.62017848908460E-08
 0.60678170576793E-08
 0.60158742531457E-08
 0.58895680246394E-08
 0.54567944498792E-08
 0.53949800543741E-08
 0.54483863695691E-08
 0.51094986989981E-08
 0.48441469900090E-08
 0.47021024970348E-08
 0.47507891047872E-08
 0.46743206963403E-08
 0.44025112433765E-08
 0.43637804229944E-08
 0.42800297639189E-08
 0.41048157310300E-08
-0.80689774587233E-07
 0.35579640359316E-08
 0.40619818214117E-08
 0.36367275157239E-08
 0.38354534696991E-08
 0.34991693175054E-08
 0.35477194914920E-08
 0.36807449315480E-08
 0.37904856407346E-08
 0.35847292944293E-08
 0.32421059296858E-08
 0.31060850134689E-08
 0.32313927091944E-08
 0.31329646678107E-08
 0.32415906327848E-08
 0.31303145606116E-08
 0.31317038051754E-08
 0.26707056933333E-08
 0.26338993654808E-08
 0.26286862389915E-08
 0.29199310990956E-08
 0.23706252064152E-08
 0.24175323296570E-08
 0.23590336338338E-08
 0.26424232591277E-08
 0.23088095980765E-08
