0.017539026114981177
0.018265447806721933
0.01901517100341569
0.01978872606237012
0.020586650728979215
0.021409490264816734
0.022257797449373885
0.023132132713738228
0.024033064136994162
0.024961167585983754
0.02591702674013107
0.026901233154744148
0.02791438638513653
0.028957094018526513
0.03002997174081453
0.031133643431908484
0.032268741250995256
0.033435905697112
0.034635785676792416
0.03586903860348805
0.037136330480853894
0.038438335925462606
0.03977573833263087
0.041149229902609094
0.04255951174136802
0.044007293907392615
0.04549329555020168
0.04701824494572247
0.04858287961904694
0.050187946380302814
0.05183420144170025
0.053522410496348975
0.05525334878764225
0.05702780120991943
0.05884656238939321
0.060710436718779515
0.06262023853156416
0.06457679210684363
0.06658093177172521
0.06863350200198974
0.07073535747111949
0.07288736316138696
0.0750903944205785
0.07734533704875511
0.07965308735621739
0.08201455227782134
0.08443064940413288
0.08690230710716303
0.08943046453850606
0.09201607176723846
0.09466008982373396
0.09736349074869143
0.10012725769268038
0.10295238495945944
0.10583987805115652
0.10879075376508367
0.11180604023035286
0.11488677695951062
0.11803401489135992
0.12124881646903267
0.12453225566890995
0.12788541804654707
0.13130940075740183
0.1348053126526563
0.13837427424061513
0.14201741777396287
0.14573588725721137
0.1495308384488098
0.15340343893735522
0.15735486808846866
0.16138631713627263
0.16549898912232336
0.16969409893470905
0.17397287330904282
0.1783365508283387
0.18278638188627155
0.18732362871473204
0.19194956532784793
0.19666547754556704
0.2014726629155849
0.20637243071235176
0.21136610189400232
0.21645500907492501
0.22164049644384173
0.2269239197311638
0.23230664614817254
0.23779005433749462
0.2433755342683437
0.24906448719543597
0.25485832553201393
0.2607584728369378
0.2667663636333439
0.2728834433629677
0.27911116826165044
0.28545100523534117
0.2919044317692402
0.29847293577177797
0.30515801545185917
0.3119611791694202
0.3188839452971578
0.32592784206041236
0.3330944073666248
0.3403851886562669
0.3478017426950612
0.35534563541796105
0.3630184417054829
0.37082174520906785
0.37875713812269757
0.38682622096990193
0.3950306023858016
0.4033718988586871
0.4118517345294381
0.4204717408799786
0.4292335565200361
0.43813882690439265
0.4471892040272977
0.45638634615473794
0.4657319175490115
0.4752275880843237
0.48487503299531665
0.49467593253176323
0.5046319715795
0.514744839345779
0.5250162289785868
0.5354478371949009
0.5460413638700953
0.5567985116639627
0.567720985602176
0.5788104926319342
0.5900687411819506
0.6014974407174776
0.613098301268024
0.6248730329386888
0.6368233453919535
0.6489509473554161
0.6612575460982466
0.6737448468372654
0.6864145522029724
0.6992683616412811
0.7123079708404496
0.7255350710450609
0.7389513484835739
0.752558483657108
0.7663581506907826
0.780352016612324
0.7945417406414687
0.8089289734359252
0.8235153563475143
0.8383025206001111
0.8532920865142586
0.8684856626631409
0.8838848450285566
0.8994912160913565
0.9153063440033045
0.9313317815906298
0.9475690654783495
0.9640197150882359
0.9806852316983469
0.997567097385138
1.014666774071079
1.031985702448395
1.0495253009345833
1.067286964623836
1.0852720641960112
1.1034819448226245
1.121917925073092
1.1405812958228316
1.159473319144114
1.1785952271656328
1.1979482210199552
1.2175334697001137
1.2373521089924084
1.2574052403714788
1.277693929969349
1.2982192075048793
1.318982065293898
1.3399834572271836
1.3612242978483666
1.3827054614154461
1.4044277810345462
1.4263920478309073
1.448599010177223
1.471049372973115
1.493743796979841
1.516682898239282
1.5398672475427018
1.5632973699844068
1.5869737445778376
1.6108968039649998
1.635066934226311
1.659484474695411
1.6841497179899432
1.709062910006963
1.7342242500787106
1.7596338912014902
1.7852919403474632
1.8111984588669277
1.8373534629980834
1.86375692442496
1.890408770970138
1.9173088873073316
1.944457115823039
1.971853257486388
1.999497072836645
2.0273882830123084
2.0555265708814825
2.08391158213154
2.1125429265490645
2.1414201792268086
2.1705428818834758
2.199910544178791
2.2295226450685335
2.259378634208477
2.289477933331269
2.319819937670725
2.350404017382401
2.3812295189552266
2.4122957666429987
2.4436020638643496
2.4751476946122692
2.5069319248200643
2.538954003759214
2.571213165319188
2.603708629381347
2.6364396030597868
2.669405281966135
2.7026048514315306
2.7360374876654183
2.7697023589134826
2.8035986265512807
2.837725446144984
2.8720819684707903
2.9066673404871683
2.941480706281158
2.9765212079512473
3.0117879864451953
3.0472801823941253
3.0829969368589945
3.118937392058814
3.1551006920628746
3.191485983413712
3.228092415763232
3.2649191424193393
3.3019653208828887
3.3392301133518663
3.376712687165124
3.414412215243632
3.4523278765013194
3.4904588561730066
3.5288043461975653
3.567363545484161
3.6061356602230523
3.645119904136813
3.6843154987032567
3.7237216733756235
3.763337665763058
3.803162721798046
3.843196095886106
3.883437051033138
3.9238848589555193
3.9645388001823805
4.005398164113818
4.046462249112373
4.087730362535303
4.129201820784971
4.170875949326353
4.21275208269833
4.254829564541862
4.297107747572685
4.339585993571252
4.382263673366976
4.425140166819235
4.468214862754565
4.511487158955372
4.554956462078996
4.598622187630784
4.64248375989532
4.686540611869036
4.730792185196899
4.775237930106262
4.819877305321219
4.864709777996694
4.909734823620139
4.954951925969578
5.000360576963549
5.045960276643846
5.091750533044201
5.137730862107868
5.183900787611783
5.230259841061185
5.276807561603478
5.3235434959317836
5.370467198197192
5.417578229912813
5.4648761598567175
5.512360563979956
5.560031025327872
5.607887133917591
5.655928486670995
5.704154687309594
5.7525653462686295
5.801160080600637
5.849938513882599
5.898900276141349
5.948045003742982
5.997372339315897
6.046881931665646
6.096573435677755
6.146446512240637
6.196500828160696
6.246736056069486
6.297151874351469
6.347747967049683
6.398524023805048
6.449479739745772
6.500614815438948
6.5519289568018
6.603421875011453
6.655093286449446
6.706942912614231
6.758970480051412
6.811175720292306
6.863558369755023
6.916118169708464
6.968854866176378
7.021768209876419
7.074857956171985
7.128123864971434
7.181565701319643
7.235183232838132
7.2889762333590875
7.3429444804096695
7.397087755783097
7.451405845450148
7.505898539521301
7.5605656321778465
7.6154069216239835
7.670422210017425
7.725611303426833
7.780974011778564
7.836510148790519
7.892219531937506
7.948101982387944
8.004157324950734
8.060385388051559
8.116786003644997
8.173359007194174
8.230104237620608
8.287021537251222
8.34411075177365
8.401371730208192
8.458804324828494
8.516408391158825
8.574183787906051
8.63213037693283
8.690248023200265
8.74853659474817
8.806995962641452
8.86562600093237
8.924426586627277
8.983397599655593
9.042538922816917
9.101850441761552
9.161332044937376
9.220983623579789
9.280805071646547
9.340796285813667
9.400957165428885
9.461287612472429
9.521787531540264
9.582456829803506
9.643295416975649
9.704303205293336
9.76548010947464
9.826826046702447
9.888340936579882
9.950024701111827
10.011877264684681
10.073898554013864
10.136088498150135
10.198447028434673
10.260974078465809
10.323669584088716
10.386533483366872
10.449565716553009
10.512766226064787
10.576134956465433
10.6396718544435
10.70337686877602
10.767249950320295
10.831291051977415
10.895500128691136
10.959877137407048
11.024422037055198
11.089134788534816
11.154015354696204
11.219063700305227
11.284279792040342
11.349663598467645
11.415215090010465
11.48093423895283
11.54682101939542
11.612875407262504
11.679097380257257
11.745486917869966
11.812044001338167
11.878768613645171
11.945660739498212
12.012720365305732
12.079947479169192
12.147342070859489
12.21490413181236
12.282633655096115
12.350530635408902
12.418595069065052
12.486826953960835
12.555226289587846
12.623793076991811
12.692527318777666
12.761429019083252
12.83049818357236
12.899734819415986
12.969138935280297
13.03871054131409
13.10844964913961
13.178356271824992
13.248430423892954
13.318672121285044
13.38908138136872
13.459658222913395
13.530402666081743
13.601314732415803
13.672394444829276
13.743641827591773
13.815056906321237
13.88663970796296
13.958390260794065
14.030308594394327
14.102394739656484
14.17464872874973
14.247070595132394
14.319660373528345
14.39241809991905
14.465343811533774
14.538437546842001
14.611699345540776
14.685129248539319
14.758727297965102
14.832493537136289
14.90642801055964
14.980530763928762
15.054801844099782
15.129241299090856
15.20384917807484
15.278625531364277
15.353570410410896
15.42868386778203
15.503965957172657
15.579416733374739
15.655036252287529
15.730824570898328
15.80678174727082
15.882907840556861
15.95920291096272
16.035667019755532
16.112300229255112
16.189102602821656
16.266074204849417
16.343215100760126
16.420525356997285
16.498005041011638
16.575654221261434
16.653472967198006
16.73146134926827
16.809619438896725
16.887947308484332
16.966445031400454
17.04511268197502
17.123950335492836
17.202958068186618
17.282135957226206
17.361484080720036
17.441002517701634
17.520691348121655
17.600550652848753
17.68058051365991
17.76078101322888
17.841152235127442
17.921694263815834
18.002407184633075
18.08329108379895
18.164346048397007
18.24557216638374
18.326969526563023
18.408538218597393
18.490278332993427
18.57218996109477
18.654273195086493
18.73652812797447
18.818954853592356
18.90155346658667
18.984324062420896
19.067266737358125
19.150381588467717
19.23366871360996
19.317128211434284
19.400760181378057
19.48456472365403
19.56854193925134
19.65269192992345
19.737014798189914
19.82151064732668
19.906179581361492
19.99102170507342
20.07603712398177
20.161225944337815
20.246588273137174
20.332124218092645
20.417833887645607
20.503717390951405
20.589774837881304
20.6760063390132
20.762412005630235
20.84899194970966
20.93574628392813
21.022675121647087
21.109778576917723
21.197056764467433
21.28450979969822
21.372137798687426
21.459940878173594