0.2698998928522899
0.3954045583005617
0.5845348317962439
0.8159398123200433
1.073259329980347
1.35160467222652
1.6487929945619484
1.9636054645456913
2.2952721855181
2.6432675214275156
3.007213136738268
3.3868263521023554
3.7818902214974393
4.192235060695088
4.617726470115451
5.058257261799303
5.513741848137557
5.984112246189542
6.469315178482158
6.969309939658391
7.484066810698432
8.013565872364566
8.557796114045509
9.116754763540944
9.690446783101757
10.27888449082447
10.882087276250063
11.500081386162483
12.132899761893842
12.780581914452824
13.443173820567052
14.120727843364596
14.813302654592205
15.520963164339316
16.2437804497795
16.981831680523033
17.73520003828852
18.50397462937726
19.288250398721896
20.08812797618724
20.903713661217544
21.735119202016218
22.582461713345968
23.445863527094033
24.32545204482536
25.221359583134237
26.133723212383856
27.062684589528374
28.008389785632392
28.970989108762918
29.950636922863385
30.94749146324702
31.96171464924179
32.993471894551604
34.042931915858134
35.110266540113585
36.195650510984436
37.299261294867605
38.421278886858694
39.561885617035635
40.72126595741456
41.89960632987656
43.09709491538359
44.31392146477986
45.55027711142405
46.80635418595545
48.08234603345355
49.37844683318249
50.694851421194016
52.031755116147025
53.38935354836078
54.76784249250777
56.167417704113966
57.58827476011273
59.030608903669375
60.49461489351775
61.98048685891104
63.48841815418824
65.01860123186131
66.57122750328855
68.14648721830014
69.74456934527525
71.36566145812841
73.00994962946905
74.67761833016729
76.3688503354525
78.08382663774185
79.82272636635179
81.5857267142308
83.37300287184505
85.18472796835184
87.02107302015733
88.88220688696809
90.76829623540456
92.67950551026293
94.61599691347031
96.57793039078328
98.56546362626781
100.57875204455631
102.61794882091324
104.68320489909418
106.77466901696651
108.89248773988402
111.0368055017703