0.40345877101324434
0.6206905571247986
0.8638690619472303
1.1273526426012164
1.4090631507958304
1.707909102366474
2.023219066159658
2.3545400391522144
2.701547399534278
3.063998658372702
3.441707300312694
3.8345268967368367
4.2423409171800985
4.665055910712006
5.102596787206754
5.554903465779543
6.021928446946576
6.503635029338267
6.999995988212108
7.510992592310038
8.036613872945804
8.57685608337461
9.131722302812637
9.701222150605757
10.285371583876778
10.884192757820585
11.497713932090926
12.1259694099883
12.768999499846627
13.426850491156472
14.09957463267709
14.78723012118828
15.489881079005517
16.20759752970427
16.940455364876268
17.688536301051027
18.451927825680134
19.23072313158469
20.025021039591465
20.834925909465912
21.660547539394425
22.502001054508064
23.359406785039265
24.23289013480416
25.12258144076015
26.028615824428602
26.951133035922954
27.890277291450808
28.846197104970468
29.819045114783492
30.808977905763836
31.81615582786351
32.84074281155724
33.882906180769226
34.9428164638678
36.020647203196724
37.116574763642774
38.23077814066058
39.36343876816225
40.51474032665611
41.684868551988146
42.87401104500229
44.08235708246265
45.31009742950102
46.55742415390573
47.82453044248928
49.111610419859495
50.418858969765324
51.746471559285105
53.09464406624475
54.4635726098749
55.85345338510584
57.26448250070016
58.696855821438255
60.150768814598905
61.62641640097189
63.12399281153361
64.64369144359478
66.18570473591035
67.75022403084058
69.33743945590963
70.94753980567266
72.58071243054066
74.23714313181645
75.91701606312704
77.6205136384426
79.34781644682116
81.09910317406609
82.87455053140029
84.6743331913214
86.49862373074284
88.34759258152448
90.22140798848892
92.12023597501276
94.04424031624231
95.99358251999797
97.968421815416
99.96891514932598
101.99521719041334
104.04748034114476
106.12585475745306
108.23048837616528
110.36152695013551
112.51911409104089