0.0037318206453181885
0.003918414461307487
0.004112404311250693
0.00431400339275641
0.004523428594187185
0.00474090049478363
0.0049666434308212
0.0052008854295775364
0.005443858282688298
0.005695797570226736
0.0059569426471744475
0.0062275366769341915
0.006507826634557047
0.00679806334894374
0.007098501490060121
0.0074093996012087665
0.007731020136141319
0.008063629438826676
0.008407497782673396
0.008762899380335304
0.009130112413128288
0.009509419059950622
0.00990110545371631
0.010305461794057433
0.010722782287001093
0.011153365199086393
0.011597512880575174
0.012055531767065588
0.012527732419459233
0.01301442951601738
0.013515941911691073
0.014032592619006391
0.014564708854858291
0.01511262205602579
0.015676667888232836
0.01625718628549484
0.01685452146910927
0.017469021951503412
0.018101040595688605
0.018750934581995643
0.019419065481182385
0.020105799269948935
0.020811506338012566
0.021536561505236505
0.022281344082821838
0.023046237855434026
0.02383163113209271
0.02463791677198902
0.025465492177534743
0.026314759377275527
0.027186124993867522
0.02808000029571193
0.028996801228730135
0.029936948434237186
0.030900867265077615
0.03188898784408667
0.032901745059249574
0.03393957857996145
0.03500293295620045
0.036092257544799514
0.037208006614204994
0.03835063933951177
0.03952061983771377
0.04071841718954936
0.041944505474751884
0.04319936378744068
0.04448347628241848
0.045797332196768493
0.04714142586127366
0.04851625674584505
0.04992232948496687
0.05136015390537547
0.052830245040333415
0.05433312317369255
0.055869313869062624
0.05743934798718826
0.059043761711766264
0.06068309656682262
0.062357899482869295
0.06406872279417353
0.06581612424173679
0.06760066705285665
0.0694229199282182
0.07128345708235755
0.07318285826414202
0.07512170878829695
0.07710059953416448
0.07912012701781815
0.08118089336252204
0.08328350636265328
0.08542857947637893
0.08761673188250363
0.08984858844484671
0.09212477979093528
0.09444594232776764
0.09681271819055103
0.09922575536185844
0.10168570762880655
0.10419323460738361
0.10674900176739789
0.10935368045568836
0.11200794788321604
0.114712487167886
0.11746798735217259
0.1202751433847494
0.12313465615611222
0.12604723250763983
0.12901358522141612
0.1320344330585836
0.13511050074072514
0.13824251899628553
0.14143122450136533
0.14467735993954767
0.14798167400065682
0.15134492135332747
0.15476786265443798
0.15825126458076128
0.1617958997935902
0.16540254694779855
0.1690719906754568
0.1728050216251789
0.17660243638889034
0.1804650375308726
0.18439363362363448
0.1883890391206873
0.19245207445981413
0.19658356600138144
0.20078434599619138
0.20505525261117527
0.20939712987589695
0.21381082767870518
0.21829720176623701
0.22285711366571787
0.2274914307225702
0.23220102602457535
0.23698677843029736
0.24184957248058428
0.24679029840613959
0.2518098520818455
0.2569091350137301
0.26208905426101925
0.2673505224603401
0.27269445770197176
0.2781217835916583
0.2836334291420019
0.2892303287250488
0.29491342207775034
0.3006836541986942
0.3065419753239003
0.31248934090708574
0.3185267114998875
0.32465505276700507
0.33087533537809083
0.3371885349823051
0.3435956321143559
0.3500976122087733
0.356695465436565
0.36339018670769935
0.3701827755880675
0.37707423622041836
0.3840655772817846
0.39115781188219967
0.39835195750785024
0.40564903593245316
0.4130500731658692
0.4205560993474829
0.4281681486797972
0.43588725934241734
0.443714473407152
0.45165083676428464
0.4596973990117332
0.46785521339224473
0.4761253366708872
0.48450882908254617
0.49300675418831624
0.5016201788318102
0.5103501729913303
0.5191978097253789
0.5281641650209818
0.5372503177368408
0.5464573494800812
0.5557863444740615
0.5652383894978033
0.5748145737366719
0.5845159886850659
0.5943437280216748
0.6042988875048443
0.6143825648560263
0.6245958596218801
0.6349398730734855
0.6454157080688162
0.6560244689126062
0.6667672612787747
0.6776451920174162
0.6886593690783425
0.6998109013268851
0.7111008984568875
0.722530470806756
0.7341007292607836
0.745812785077862
0.7576677497702149
0.7696667349179604
0.7818108520762687
0.7941012125812347
0.806538927410615
0.8191251070384807
0.8318608612448157
0.844747299007654
0.8577855283067204
0.8709766559345173
0.8843217873952895
0.8978220266804885
0.9114784761127516
0.9252922361774694
0.9392644053424366
0.953396079858265
0.9676883536135336
0.9821423179167066
0.9967590613195094
1.011539669422181
1.0264852246779828
1.0415968062212906
1.0568754896153796
1.0723223466844873
1.0879384453379342
1.1037248492683835
1.1196826178482004
1.13581280583578
1.1521164631878755
1.1685946348358076
1.1852483604699888
1.202078674301983
1.2190866048036018
1.236273174550015
1.2536393999094462
1.2711862908429656
1.2889148506516541
1.3068260757209123
1.3249209552934431
1.3432004712083478
1.3616655976381131
1.380317300850793
1.3991565389512166
1.4181842615817306
1.4374014097229844
1.4568089153874737
1.4764077013501966
1.496198680905997
1.5161827575839602
1.5363608248717386
1.5567337659548972
1.5773024534496798
1.5980677491159152
1.6190305035738972
1.6401915560755032
1.6615517341642259
1.6831118534776965
1.7048727174209959
1.7268351169091025
1.7489998301234908
1.7713676222084047
1.793939245045454
1.816715436965528
1.8396969225083712
1.8628844121533648
1.8862786020913909
1.9098801739698863
1.9336897946580058
1.9577081160016052
1.9819357746139727
2.006373391662216
2.0310215726085925
2.0558809070786928
2.0809519686056257
2.106235314460841
2.1317314854902882
2.157441005925878
2.1833643832357885
2.2095021079726678
2.235854653648889
2.2624224766015084
2.2892060158640466
2.3162056931096404
2.3434219125042093
2.3708550606914334
2.398505506673227
2.42637360181731
2.454459679784719
2.4827640565113147
2.511287030217463
2.5400288814221845
2.568989872945638
2.5981702499494594
2.6275702400147085
2.6571900531794808
2.6870298820437872
2.717089901842913
2.7473702705841965
2.7778711291646987
2.808592601490731
2.8395347946703686
2.8706977991477496
2.902081688907502
2.9336865216503782
2.9655123390169207
2.99755916679735
3.0298270151633027
3.062315878919175
3.095025737753222
3.1279565564807115
3.1611082853586954
3.1944808603296613
3.2280742033476
3.2618882226495813
3.295922813093368
3.3301778564355695
3.3646532216901055
3.399348765440124
3.434264332173005
3.4693997545941393
3.504754854022008
3.5403294406749035
3.576123314052602
3.6121362632835323
3.6483680674606496
3.684818495994186
3.7214873089891083
3.758374257564354
3.795479084226069
3.8328015232068284
3.8703413008211225
3.908098135808553
3.946071739669828
3.9842618170284547
4.0226680659477445
4.061290178268298
4.100127839950834
4.139180731378294
4.178448527698297
4.217930899131709
4.2576275112665565
4.297538025383851
4.3376620987507595
4.377999384904847
4.4185495339314835
4.45931219278396
4.500287005508762
4.541473613536762
4.582871655953929
4.624480769720405
4.666300589950764
4.708330750137564
4.750570882383199
4.793020617639457
4.835679585908846
4.878547416461554
4.921623738059991
4.96490817912312
5.008400367951495
5.0520999328878675
5.09600650299105
5.1401197063054065
5.184439172838906
5.228964532879659
5.273695417576061
5.3186314591229795
5.363772290882889
5.409117547508885
5.454666865102184
5.5004198813121725
5.5463762354743045
5.592535568697979
5.638897523999845
5.685461746390194
5.7322278829728734
5.7791955830462
5.826364498166138
5.873734282278363
5.921304591732537
5.9690750854096555
6.017045424767602
6.065215273915248
6.113584299659247
6.162152171589304
6.210918562113306
6.259883146508828
6.309045602981844
6.358405612697886
6.407962859839377
6.4577170316211605
6.507667818344979
6.55781491343659
6.608158013448621
6.6586968181115855
6.7094310303472815
6.760360356299087
6.8114845053371615
6.862803190090232
6.914316126463957
6.966023033630624
7.017923634070239
7.0700176535584776
7.122304821175757
7.17478486933714
7.22745753376553
7.280322553505447
7.333379670937547
7.386628631761252
7.440069185002315
7.493701083001525
7.54752408142725
7.601537939255816
7.6557424187629515
7.710137285528747
7.764722308426486
7.819497259610853
7.874461914503163
7.929616051782177
7.984959453390555
8.040491904492782
8.09621319348348
8.152123111972143
8.208221454751362
8.264508019807005
8.320982608282836
8.377645024475186
8.43449507581197
8.491532572834567
8.548757329188764
8.606169161601038
8.663767889858214
8.72155333678958
8.77952532825671
8.837683693123811
8.8960282632479
8.95455887344704
9.013275361498232
9.07217756810203
9.131265336865045
9.190538514290889
9.249996949745789
9.30964049545486
9.369469006455066
9.429482340607638
9.489680358550524
9.550062923691199
9.610629902183822
9.671381162905282
9.732316577435716
9.793436020051047
9.854739367668016
9.91622649986974
9.977897298835712
10.03975164936786
10.101789438836814
10.16401055717308
10.226414896851786
10.28900235285742
10.351772822675523
10.414726206279648
10.477862406083952
10.541181326954616
10.604682876162672
10.668366963383756
10.732233500665226
10.796282402418575
10.860513585387919
10.924926968636582
10.989522473530215
11.054300023706768
11.119259545070273
11.184400965762801
11.24972421615403
11.315229228805501
11.380915938477694
11.446784282089311
11.512834198701022
11.579065629514838
11.645478517835766
11.71207280907081
11.778848450690864
11.845805392227492
11.912943585259514
11.980262983383474
12.047763542198616
12.11544521929534
12.183307974235346
12.251351768537727
12.319576565651921
12.387982330949134
12.456569031708447
12.525336637100303
12.594285118162803
12.663414447783335
12.732724600705401
12.80221555348095
12.871887284482677
12.941739773871365
13.011773003581125
13.081986957318893
13.152381620534896
13.222956980410357
13.293713025845088
13.364649747449047
13.435767137513912
13.507065190007998
13.57854390055689
13.650203266445304
13.722043286575385
13.794063961476512
13.866265293282087
13.938647285714886
14.011209944078747
14.083953275237963
14.156877287617656
14.229981991165545
14.303267397375164
14.376733519235332
14.450380371251887
14.524207969394803
14.598216331136543
14.672405475390873
14.746775422536313
14.821326194383253
14.896057814172831
14.970970306552232
15.046063697583133
15.121338014715507
15.196793286774223
15.272429543958177
15.348246817818318