0.004014761086327363
0.006383983261379112
0.009751515297497682
0.014392643956951577
0.020623806421746816
0.028804684204616068
0.039340571698026114
0.052685006869984424
0.0693425860108623
0.08987182275859086
0.11488785563004418
0.1450647632245954
0.1811372150070642
0.22390117323574438
0.2742133717240575
0.3329893286896018
0.4011997033590305
0.47986486808489587
0.5700476277505598
0.6728440560198812
0.7893724148569262
0.9207600659788855
1.068128172576965
1.2325738647504245
1.4151494850272262
1.6168386882299626
1.838529723705661
2.0809873108447365
2.344826035622389
2.630489631648545
2.938240954805669
3.2681660989139267
3.620192990200234
3.9941211969960513
4.389657314959035
4.806450069477936
5.244120835165739
5.7022874750467025
6.180581282069348
6.678657913856892
7.1962036585849205
7.732938351716529
8.288616048672544
8.863024288804205
9.455982540991705
10.067340227029927
10.69697457723076
11.344788474180262
12.010708374976884
12.694682359771159
13.396678327843967
14.116682346285392
14.854697146975742
15.610740762646225
16.384845290290333
17.177055769646913
17.987429164528507
18.81603343559298
19.66294669407657
20.528256427069167
21.412058785969368
22.314457930771113
23.235565423695338
24.17549966656219
25.134385377005323
26.11235309926748
27.10953874589075
28.126083167130393
29.16213174531797
30.217834011748046
31.29334328409222
32.388816322509264
33.50441300291391
34.640296006099405
35.79663052155887
36.97358396503341
38.17132570896599
39.3900268250929
40.629859838655776
41.890998493631315
43.17361752862954
44.47789246303757
45.803999393169995
47.15211479813408
48.52241535527496
49.91507776499307
51.33027858485206
52.76819407287862
54.22900003999096
55.71287171151477
57.21998359776159
58.75050937366367
60.30462176745346
61.882492458403725
63.484291983630776
65.11018965399836
66.7603534791044
68.43495010138784
70.13414473937112
71.85810114004357
73.60698154037371
75.38094663798726
77.18015557096656
79.00476590679295