1.9859446137283985e-12
1.9859446137283985e-12
1.9859446137283985e-12
1.9859446137283985e-12
1.9859446137283985e-12
1.9859446137283985e-12
3.971889227456797e-12
6.206076917901245e-12
9.681479991925942e-12
8.949162915613596e-11
8.098930377861125e-10
5.302968604808256e-9
2.658844709628759e-8
1.0737357094429989e-7
3.64450253423752e-7
1.0731663639465506e-6
2.809409348761654e-6
6.664532356101984e-6
0.000014544599225376404
0.00002955882408267654
0.00005649528960253235
0.00010237586908511705
0.00017707703001182472
0.00029400063723190173
0.00047077672377540355
0.0007299815514537331
0.001099854811546161
0.0016150029652065216
0.0023170783632894014
0.003255426744973214
0.004487699013583928
0.006080425295979298
0.008109552151241334
0.010660944849457805
0.013830858455782236
0.017726381558106855
0.02246585721768853
0.02817928498230332
0.03500870753067221
0.04310858425632201
0.0526461532845602
0.06380178134850138
0.07676930035144526
0.09175632705455906
0.10898456141900666
0.12869005777663176
0.1511234616105346
0.1765502043721427
0.20525064805946794
0.23752017118964214
0.2736691883835579
0.31402309626116615
0.35892213942956086
0.4087211919075569
0.46378945060606164
0.5245100395336573
0.5912795249549098
0.6645073436581397
0.7446151481079345
0.8320360736391581
0.9272139333891374
1.0306023506323791
1.1426638316175022
1.2638687910096023
1.394694534243204
1.535624203540122
1.6871456927656157
1.8497505333032853
2.023932752446103
2.2101877027621235
2.409010859043618
2.6208965774166404
2.8463368096789634
3.085819765309984
3.3398285140126394
3.6088395235153863
3.8933211311375917
4.193731953230108
4.5105192444318964
4.844117228095699
5.194945430286178
5.563407060428636
5.949887492331726
6.3547529060552845
6.778349154705641
7.221000917415833
7.683011191028444
8.164661157994662
8.66621044800634
9.187897788198619
9.729942014078512
10.292543393150298
10.875885197832428
11.480135455494883
12.10544880083586
12.751968359419283
13.41982759940122
14.109152099710196
14.820061195427765
15.552669473790276
16.307088105473923
17.083426005641638
17.88179082693228
18.702289792071145
19.545030377874838
20.410120864455944
21.297670764710972
22.207791149208376
23.1405948811099
24.096196774824467
25.07471369104246
26.07626457924661
27.100970477843305
28.14895448050877
29.220341676337924
30.31525907024896
31.433835489155506
32.576201478573175
33.74248919359749
34.93283228753563