3.971889227456797e-12
3.971889227456797e-12
3.971889227456797e-12
4.2201323041728465e-12
6.516380763796308e-11
2.996790422116153e-9
5.117034540347935e-8
4.501247729107636e-7
2.530093562011518e-6
0.000010357447875768359
0.00003358480311824053
0.00009126598850004389
0.00021619938883581788
0.00045930146748671667
0.0008936142660572208
0.001617722320531437
0.0027585227139162337
0.004473417410645438
0.006952070416650416
0.01041790090263291
0.01512948010397709
0.021381976385155706
0.029508759471266847
0.039883236852507706
0.05292095678979708
0.06908197511131084
0.08887344722233567
0.11285237385987983
0.14162839992525328
0.17586653871501073
0.21628966885457587
0.2636806344899045
0.31888375427311727
0.3828055230776597
0.456414255462906
0.5407382657511643
0.6368625134011898
0.745922523750214
0.8690954891476831
1.0075871138340975
1.1626130661154703
1.3353738454914965
1.5270219849200188
1.7386222687537165
1.9711076750780498
2.225237099922247
2.5015633524934553
2.800419684986957
3.121929041342732
3.466033748820379
3.8325378840323094
4.221152834904482
4.631538461233889
5.063335835262899
5.516190730101065
5.989768952496494
6.483765356640262
6.997908376530056
7.53196159117429
8.08572344391595
8.659025891123894
9.251732489613865
9.863736243950312
10.494957407459953
11.145341347983633
11.814856537252625
12.503492689872107
13.211259059918861
13.938182890747171
14.684308008896972
15.449693549770645
16.234412801979346
17.038552220700005
17.86221015579848
18.705496609975466
19.56853180653097
20.451445768374672
21.35437757429701
22.277474727777882
23.220892569252435
24.184793726716716
25.169347600181563
26.174729876057135
27.20112206820867
28.248711082670077
29.31768880353031
30.408251697821346
31.520600437521576
32.65493953706393
33.81147700492351
34.99042400816692
36.19199454886587
37.4164051515926
38.66387456125273
39.93462345066707
41.22887413741984
42.54685030961203
43.88877676018906
45.25487912966732
46.6453836570815
48.06051693908476
49.50050569714478
50.96557655290423
52.45595581168242
53.97186925428934
55.513541937236894
57.081198001471584
58.67506048985443
60.29535117351317
61.942290387303025
63.61609687454496
65.31698764127208
67.04517782016218
68.80088054437451
70.58430683147537
72.39566547764643
74.23516296232022
76.10300336342823
77.99938828338412
79.92451678592838