0.004796930023154213
0.00755702887133868
0.011449109605909075
0.016776350852516168
0.023886067310785936
0.03317212081867756
0.04507765842843939
0.06009812774885674
0.07878444665646409
0.10174613690364939
0.129654171743411
0.16324324235178395
0.203313120993752
0.2507287956750092
0.30641907440643196
0.37137340515329437
0.44663672387329945
0.5333022124596138
0.6325018997495814
0.7453950476745727
0.8731542085450903
1.0169487171881546
1.1779252255794792
1.3571847973775795
1.5557562330370702
1.774565935767891
2.0144059460758936
2.2759036721531705
2.5594986557868604
2.865432222283348
3.1937539948139295
3.544345191107451
3.916954167763007
4.3112370876725565
4.726796833381543
5.163215578741389
5.62007919939733
6.096993799369419
6.593595739862318
7.109556835551317
7.64458624695594
8.198430263692831
8.770870841380217
9.361723475255726
9.970834785281388
10.598080042082023
11.24336076623409
11.906602471387856
12.587752582992334
13.286778541407259
14.003666084929854
14.738417701223849
15.491051232583509
16.26159861927592
17.050104765687127
17.85662651490385
18.681231718668432
19.523998391035644
20.38501393542319
21.26437443609232
22.162184006168445
23.078554185409228
24.01360338191077
24.96745635257692
25.940243718051452
26.93210150829356
27.943170735585152
28.97359699213453
30.02353006986591
31.09312360033702
32.18253471297863
33.29192371010875
34.42145375741955
35.571290588796856
36.741602224474796
37.93255870175171
39.14433181750106
40.37709488193041
41.63102248305299
42.90629026148456
44.20307469517606
45.52155289384159
46.86190240281511
48.22430101617691
49.608926598988376
51.015956918553904
52.44556948458312
53.89794139826083
55.37324921015145
56.87166878692746
58.39337518694006
59.93854254461745
61.50734396372997
63.099951419522945
64.71653566976114
66.35726617470614
68.02231102603636
69.71183688477655
71.42600892820039
73.16499080577147
74.92894460411048
76.7180308209904
78.53240834837503
80.37223446447055