2.4771025040395114
2.506408761812605
2.5358663139764395
2.5654750318662565
2.595234788612838
2.6251454591143353
2.655206920017521
2.685419049702527
2.7157817282365446
2.7462948373779206
2.7769582605389216
2.807771882767985
2.838735590733209
2.869849272694675
2.901112818479003
2.9325261194758747
2.9640890686036534
2.9958015602947365
3.0276634904692417
3.059674756534139
3.0918352573373267
3.1241448931675033
3.156603565741015
3.189211178163128
3.2219676349218216
3.2548728418740125
3.2879267061059156
3.3211291363769067
3.3544800424213332
3.387979335504832
3.42162692780012
3.455422733114222
3.489366666385282
3.5234586437744144
3.5576985826729013
3.592086401657262
3.6266220205104767
3.6613053601701044
3.696136342751618
3.7311148914940375
3.766240930782274
3.8015143861121254
3.8369351840803483
3.872503252378575
3.908218519768738
3.9440809160831947
3.9800903721999004
4.016246820040923
4.052550192547987
4.089000423685208
4.125597448411534
4.1623412026807465
4.199231623424831
4.2362686485469
4.273452216901455
4.310782268291785
4.348258743458543
4.385881584063986
4.423650732684526
4.461566132801668
4.499627728791338
4.537835465910227
4.57618929029505
4.614689148945041
4.653334989710907
4.692126761294831
4.731064413230608
4.770147895884022
4.809377160440181
4.84875215889446
4.888272844039839
4.927939169471865
4.967751089563215
5.007708559469024
5.047811535116092
5.0880599731847616
5.128453831117728
5.168993067099067
5.209677640058451
5.2505075096497995
5.291482636259353
5.332602980987918
5.373868505647764
5.415279172754685
5.456834945524517
5.498535787864578
5.540381664367463
5.582372540302226
5.624508381611037
5.666789154907681
5.709214827460814
5.751785367197182
5.79450074269281
5.83736092316953
5.880365878482066
5.9235155791243725
5.966809996216469
6.010249101500225
6.053832867334645
6.097561266697102
6.141434273166715
6.185451860928562
6.2296140047689645
6.273920680066308
6.318371862788177
6.362967529489505
6.407707657308345
6.452592223956689
6.497621207721086
6.542794587459669
6.588112342596932
6.633574453114555
6.6791808995553685
6.7249316630166565
6.770826725151516
6.816866068152357
6.863049674760945
6.909377528262084
6.955849612479011
7.002465911762235
7.049226411005423
7.0961310956252825
7.143179951566542
7.19037296529958
7.237710123812239
7.285191414611936
7.332816825726402
7.380586345690904
7.428499963556806
7.476557668883623
7.524759451735179
7.573105302682331
7.621595212798384
7.670229173660203
7.71900717733493
7.767929216395381
7.816995283905522
7.866205373422326
7.915559478996896
7.965057595168506
8.014699716964847
8.064485839903146
8.114415959982715
8.164490073689056
8.214708177991987
8.265070270341806
8.315576348669156
8.366226411385533
8.417020457376818
8.467958486013842
8.519040497137356
8.5702664910666
8.62163646859372
8.673150430985995
8.724808379985717
8.776610317805481
8.828556247129164
8.880646171112556
8.932880093383856
8.985258018039818
9.037779949643024
9.090445893237778
9.143255854322534
9.196209838871516
9.24930785333097
9.302549904605659
9.355936000077582
9.409466147591845
9.463140355457018
9.516958632459664
9.57092098784696
9.625027431331795
9.679277973102185
9.733672623803908
9.788211394558878
9.84289429695235
9.89772134303851
9.952692545340728
10.007807916848071
10.06306747102202
10.11847122178814
10.174019183545894
10.229711371160827
10.285547799972244
10.34152848578765
10.397653444881733
10.45392269400904
10.510336250384858
10.5668941317078
10.623596356142306
10.680442942323365
10.737433909372148
10.794569276869451
10.851849064880758
10.909273293945951
10.96684198507533
11.02455515976476
11.082412839981647
11.140415048173612
11.198561807269385
11.256853140675306
11.31528907227472
11.373869626440872
11.432594828022776
11.491464702352392
11.550479275252462
11.609638573112221
11.668942622540346
11.72839145089794
11.787985085947641
11.84772355593715
11.90760688960334
11.967635116174222
12.02780826536747
12.088126367393649
12.14858945295149
12.20919755323795
12.269950699940757
12.330848925245995
12.391892261831638
12.453080742879466
12.514414402059932
12.575893273549527
12.63751739201962
12.699286792647491
12.761201511108654
12.82326158358106
12.885467046746843
12.947817937793314
13.010314294413575
13.072956154805784
13.135743557675008
13.198676542237447
13.261755148216583
13.324979415843934
13.388349385862767
13.451865099535175
13.515526598627313
13.579333925423414
13.643287122722079
13.707386233835887
13.77163130259712
13.836022373354032
13.900559490973453
13.965242700836827
14.030072048857827
14.095047581458653
14.160169345585546
14.225437388719834
14.290851758848149
14.356412504492823
14.422119674702595
14.487973319047262
14.553973487101214
14.620120230519616
14.686413599952868
14.752853647083565
14.819440424129514
14.886173983832192
14.953054379472505
15.020081664859251
15.087255894334081
15.154577122774974
15.22204540559624
15.28966079874194
15.357423358696307
15.425333142478172
15.493390207645918
15.561594612295128
15.629946415062308
15.698445675114952
15.767092452170166
15.835886806480643
15.90482879884297
15.97391849059392
16.04315594361193
16.112541220316718
16.182074383678003
16.25175549837043
16.321584626147317
16.391561832740823
16.46168718329341
16.531960743496523
16.602382579584148
16.672952758338514
16.743671347089098
16.814538413715738
16.88555402663894
16.956718254835156
17.028031167821755
17.09949283567329
17.171103329006968
17.242862718993713
17.3147710773502
17.38682847634769
17.459034988802454
17.53139068808732
17.60389564812325
17.67654994337795
17.749353648876188
17.822306840192837
17.895409593451145
17.968661985330783
18.04206409306018
18.11561599441749
18.189317767737798
18.263169491904566
18.33717124635483
18.411323111075493
18.48562516661113
18.560077494050088
18.634680175040266
18.709433291776683
18.784336927010177
18.85939116404243
18.934596086722017
19.00995177945642
19.085458327201867
19.16111581546631
19.23692433030582
19.312883958335128
19.388994786711017
19.465256903147452
19.541670395907254
19.618235353803605
19.69495186619843
19.771820023004995
19.848839914684692
19.926011632253367
20.003335267267403
20.080810911837027
20.158438658619584
20.236218600821413
20.314150832194372
20.39223544703781
20.470472540200937
20.548862207075132
20.627404543598516
20.706099646256977
20.784947612078422
20.8639485386353
20.943102524048527
21.022409666974383
21.101870066619608
21.181483822727653
21.2612510355871
21.341171806024988
21.421246235412365
21.501474425658103
21.581856479208767
21.662392499051354
21.74308258871129
21.823926852250832
21.90492539426658
21.986078319893576
22.067385734802937
22.148847745197642
22.230464457813778
22.312235979922264
22.39416241932427
22.47624388435457
22.558480483879165
22.640872327288854
22.723419524508273
22.806122185987597
22.888980422704886
22.971994346163605
23.055164068389775
23.138489701942888
23.221971359896177
23.30560915585014
23.389403203927333
23.47335361876939
23.55746051553516
23.641724009908387
23.726144218085587
23.810721256782205
23.895455243229673
23.980346295170797
24.06539453086486
24.150600069083758
24.23596302910978
24.321483530735723
24.40716169426478
24.49299764050493
24.578991490776055
24.665143366900583
24.751453391208727
24.837921686525704
24.924548376192696
25.011333584042045
25.098277434408775
25.185380052127996
25.27264156253069
25.360062091447304
25.44764176519905
25.53538071060339
25.623279054972162
25.71133692610574
25.79955445229416
25.887931762322204
25.97646898545389
26.065166251445632
26.154023690534927
26.2430414334472
26.332219611385625
26.421558356037313
26.511057799567133
26.600718074620293
26.69053931431479
26.780521652248588
26.870665222490075
26.960970159585145
27.05143659854352
27.142064674852428
27.232854524464297
27.323806283795523
27.414920089732306
27.506196079622946
27.59763439127872
27.689235162973006
27.780998533434836
27.8729246418577
27.965013627887267
28.05726563162324
28.149680793623208
28.242259254894204
28.335001156895437
28.427906641531333
28.520975851160237
28.614208928581874
28.707606017038948
28.80116726022051
28.894892802256493
28.98878278771597
29.082837361603303
29.177056669366223
29.27144085687944
29.365990070455435
29.460704456839625
29.5555841632023
29.650629337146558
29.74584012670124
29.841216680320784
29.93675914688191
30.032467675683343
30.12834241644581
30.224383519306357
30.32059113482019
30.416965413957332
30.513506508102115
30.610214569051834
30.707089749008038
30.80413220058797
30.901342076811883
30.998719531107284
31.096264717302216
31.19397778962923
31.291858902718815
31.38990821159865
31.488125871698198
31.586512038834417
31.68506686922345
31.783790519469697
31.882683146567658
31.98174490789997
32.08097596123342
32.180376464721945
32.279946576899775
32.37968645668256
32.47959626336629
32.57967615662052
32.67992629649403
32.78034684340844
32.880937958154504
32.981699801897236
33.08263253616367
33.18373632285497
33.285011324232
33.38645770292065
33.488075621902816
33.58986524452913
33.69182673449692
33.79396025586656
33.896265973050674
33.998744050811425
34.10139465426298
34.20421794886729
34.30721410043199
34.41038327511237
34.5137256394016
34.61724136013814
34.72093060449407
34.82479353998831
34.92883033446607
35.033041156106684
35.137426173429105
35.24198555527127
35.34671947080674
35.45162808953327
35.55671158127111
35.66197011616593
35.767403864678435
35.873012997595886
35.978797686014865
36.08475810135156
36.19089441533233
36.2972067999961
36.40369542769081
36.51036047107228
36.61720210310052
36.72422049703924
36.83141582645792
36.93878826521643
37.04633798748213
37.154065167715785
37.26196998066934
37.37005260138843
37.47831320521148
37.58675196776252
37.695369064953546
37.80416467297931
37.91313896832003
38.02229212773818
38.13162432826794
38.24113574722971
38.35082656221051
38.460696951073025
38.57074709196232
38.68097716327742
38.7913873436935