0.003499157444850662
0.005595529133062297
0.008585127337603157
0.012713281180254714
0.018259016811398562
0.025535300046026756
0.03488938854470529
0.04670342427074923
0.061395385720627596
0.07942051722642358
0.10127336085272425
0.1274905369819691
0.1586544550457549
0.19539818935622447
0.2384118327647352
0.28845074924973635
0.34634629525920607
0.413019774828764
0.4895006307988341
0.576950104294058
0.6766916391083532
0.7902486257346413
0.9193872099900008
1.0661533269731331
1.232872412064241
1.422044046190905
1.6360442567031448
1.8766526955004208
2.1446744591266245
2.4399644968500724
2.7617832124602733
3.1091703456251136
3.4811731012252016
3.8769434667268583
4.295763858353606
4.737042377013268
5.2002980486113835
5.685144531606362
6.191275326381389
6.718451279411821
7.266490336607445
7.835259236206706
8.424666789119607
9.034658429026521
9.665211768529465
10.316332950657078
10.988053629968146
11.680428453936935
12.393532943677458
13.127461695232737
13.88232683959142
14.658256712774897
15.455394697464119
16.27389820544575
17.11393777634261
17.975696272783274
18.85936815600647
19.76515882881128
20.693284035109023
21.643969307267643
22.61744945386063
23.61396808172983
24.633777147181334
25.677136531991266
26.744313640514466
27.83558301474661
28.951225964636905
30.091530211312126
31.256789541206025
32.44730346934115
33.66337691021786
34.90531985503182
36.17344705401915
37.4680777029453
38.789535132886336
40.138146502515774
41.51424249230584
42.91815700006875
44.35022683742967
45.81079142685249
47.30019249896918
48.8187737900157
50.366880739247
51.94486018631831
53.5530600686259
55.19182911872216
56.861516561964905
58.562471814588285
60.29504418250924
62.05958256117972
63.85643513685522
65.68594908974968
67.54847029950278
69.44434305350595
71.3739097586336
73.33751065695792
75.33548354604808
77.36816350450141
79.43588262333162
81.53896974388422
83.6777502029316
85.85254558559447
88.06367348675889
90.31144728159043