1.9859446137283985e-12
1.9859446137283985e-12
1.9859446137283985e-12
1.9859446137283985e-12
1.9859446137283985e-12
1.9859446137283985e-12
1.9859446137283985e-12
1.9859446137283985e-12
1.9859446137283985e-12
1.9859446137283985e-12
1.9859446137283985e-12
1.9859446137283985e-12
1.9859446137283985e-12
1.9859446137283985e-12
0.
1.9859446137283985e-12
0.
1.9859446137283985e-12
3.723646150740747e-13
1.7377015370123486e-12
7.074927686407419e-12
2.6562009208617328e-11
9.07328445397162e-11
2.657442136245313e-10
7.549071962935075e-10
1.9521835552950156e-9
4.729154732979107e-9
1.0784423981775352e-8
2.3326533068238696e-8
4.807549896606035e-8
9.481135416862254e-8
1.7970390796397862e-7
3.284646887799167e-7
5.808068793002402e-7
9.963085696937246e-7
1.6620493352615941e-6
2.7023300699848012e-6
4.290812072975441e-6
6.665255239941382e-6
0.000010145377663097527
0.000015153779295372982
0.000022240558975113596
0.000032111445455656965
0.000045659858371054924
0.00006400291676320199
0.00008852147076038658
0.00012090419252663269
0.00016319566876531674
0.00021784850147962256
0.0002877792448332609
0.0003764280313997952
0.00048782175871417313
0.0006266406180449225
0.0007982876705983557
0.0010089613876209894
0.0012657306371857287
0.0015766121650762415
0.00195065006658081
0.0023979970020696732
0.002929997102611237
0.0035592699849865917
0.004299795959263775
0.00516700192499832
0.006177847938558978
0.007350914199487734
0.008706488198217838
0.010266652012613554
0.012055369505833287
0.014098573337389798
0.016424251758487177
0.019062535009548295
0.02204578129684611
0.02540866239441207
0.029188248695465453
0.033424093798014615
0.03815831856703769
0.043435694769561085
0.049303728107996735
0.055812740921702526
0.06301595432999575
0.07096957000180903
0.07973285150010577
0.08936820522488664
0.099941260926239
0.11152095193662342
0.12417959482736037
0.13799296883536794
0.15304039469026842
0.16940481303847235
0.18717286232882308
0.2064349560659664
0.22728535941369576
0.24982226505282323
0.27414786820979475
0.30036844072448055
0.32859440410252677
0.3589404014583097
0.3915253681593295
0.4264726011972417
0.4639098270720366
0.5039692682022753
0.5467877077003971
0.5925065525344463
0.6412718948510637
0.6932345717530394
0.748550223117608
0.8073793478189131
0.8698873580846765
0.9362446323550935
1.0066265663809386
1.081213622998414
1.160191380466543
1.2437505796977752
1.3320871704036437
1.4254023566061604
1.5239026415348111
1.6277998722564415
1.7373112844506104
1.8526595474323222
1.9740728100172915