2.166494669943636
2.4756850214480837
2.801015744634962
3.142457715712899
3.4999923594681905
3.8736157698233313
4.263327772053673
4.66914402329864
5.091080156275501
5.529162311754009
5.983423516095861
6.453894939129992
6.940625231636353
7.443658425367499
7.963046480560181
8.49884086737389
9.051118786496572
9.619930686167784
10.205352931438137
NaN
11.426340633581582
12.0620755516964
12.71476135076012
13.384495711535617
14.07138549735278
14.775547502474504
15.497094483891951
16.236158121255457
16.992567594610495
17.767376943972174
18.559814897270964
19.370361504116804
20.199162412581245
21.046398693511584
21.912247137771647
22.79689642867603
23.700542661853405
NaN
25.565646984800466
26.527534864192692
27.509278445909274
28.511114336497922
29.533278993615593
30.57602185019637
31.639604074669176
32.72428289693858
33.83032642717977
34.95801434454704
36.10762731000647
37.279453460735034
38.47378615334054
NaN
40.93118436673136
42.1948699140739
43.48229401758257
44.79379411310836
46.129684386476
47.49030164662538
48.875982323334185
50.28706783302691
51.72390347518898
53.18683843876865
54.67622556956408
56.19242113208002
57.73578456570792
59.306678235049006
60.905467174242794
62.53251882515678
64.1882027693921
65.87289045399066
67.58695491088984
69.33077047008838
71.10471246663751
72.90915694157468
74.74448033697654
76.6110591853524
78.5092697937081
80.43948792261357
82.40208846068195
84.39744509498327
86.42592997788127
88.48791339095406
90.58376340660855
92.7138455481517
94.87852244906325
97.07815351231046
99.31309457055717
101.58369754818328
103.89031012603306
106.23327540987829
108.61293160355038
111.02961168772528
113.48364310536175
115.97534745472693
118.50504019101317
121.07303033739697
123.67962020646084
126.32510513279628
129.00977321753314
131.7339050854727
134.49777365551927
137.30164392481274
140.14577276708525
143.03040874554432