2.6315692982434298
2.9495593963613325
3.283878306916199
3.6344759459075955
4.0013177015314305
4.38438164548476
4.783658442941423
5.1991485296261075
5.630860829587721
6.078812425708096
6.543028595130738
7.023538956271101
7.520382839728824
8.033594095592735
8.563241708782313
9.109359016848837
9.672010258392039
10.25126457968667
10.847187664319915
11.459855384181944
12.089349610637809
12.735849042031036
13.39917202300143
14.079695355318908
14.77743420352348
15.492501029472594
16.22501320213173
16.975105900790272
17.742910491292747
18.52856913668276
19.332235842395438
20.154067058881246
20.99422950509079
21.85289850007083
22.73025452296913
23.62648975006555
24.541800751471406
25.476394189318693
26.430471569692966
27.404284877174202
28.398038064243266
29.411970492752374
30.446311733753713
31.50136209508251
32.577300847204874
33.67449686768847
34.79313199339667
35.93351234773192
37.09593719506499
38.28068109216624
39.48804618375646
40.718334794967845
41.97185571481862
43.24892330398476
44.54985215554887
45.87498242813868
47.22462598472624
48.59912648917049
49.99882047165969
51.4240500956009
52.87516320385843
54.35251070509935
55.85644709976049
57.38733023948323
58.945521080785426
60.531383432801725
62.14528369893849
63.78759061232017
65.45867496495785
67.15890933054064
68.88866778088301
70.64832559603624
72.43825896814461
74.25884469919399
76.11045989283002
77.99348164050791
79.90828670226792
81.85525118253287
83.83475020133434
85.84715756148861
87.89284541227828
89.97218391025507
92.08554087785849
94.23328146057501
96.41576778345377
98.63335860779661
100.88640898891899
103.17526993590003
105.50028807428286
107.86180531268676
110.26015851432898
112.69567917444732
115.16869310461603
117.67952012492742
120.22847376499601
122.81586097469071
125.44198184548777
128.10712934323828
130.81158905311787
133.55563893741973
136.3395491068284
139.16358160561654
142.02799021122405
144.9330202485037