0.13613999118933046
0.18973296351072086
0.2603565713964619
0.3528639569014235
0.47345893898492836
0.6293157059432516
0.825137451210428
1.0580690762643001
1.3213549746244853
1.609825506534555
1.920305396985891
2.250817547112593
2.6000617525836707
2.9671380264481795
3.3513971159041245
3.7523553134388736
4.169643225816497
4.602973474501914
5.052119500607057
5.516901182427266
5.99717479849086
6.4928258570032575
7.003763871536299
7.52991849118939
8.071236593458769
8.62768007350866
9.199224144601496
9.78585601813721
10.387573868078828
11.004386009912944
11.63631024291615
12.28337331105797
12.94561046567239
13.623065090635139
14.31578838418012
15.023839079369377
15.747283193483407
16.486193798255666
17.24065080481465
18.01074075859984
18.796556640713515
19.59819767305166
20.41576912526681
21.2493821222111
22.09915345084684
22.965205366086927
23.847665395126548
24.746666140156446
25.662345079402574
26.59484436660276
27.544310629058128
28.51089476449838
29.49475173699138
30.496040372175596
31.514923152093193
32.551566009922894
33.60613812486109
34.67881171746465
35.76976184571028
36.87916620202222
38.00720491154528
39.15406033188941
40.31991685458338
41.504960708485896
42.70937976535539
43.93336334783962
45.17710204004915
46.44078750092056
47.72461228073238
49.02876964075441
50.35345337641857
51.69885764414752
53.06517679208343
54.45260519489594
55.86133709293472
57.291566435867615
58.7434867310973
60.217290897099915
61.71317112194004
63.2313187271517
64.7719240371904
66.33517625466534
67.92126334154436
69.5303719065233
71.16268709874468
72.81839250804177
74.49767007188734
76.20069998919402
77.92766064111659
79.67872851902129
81.45407815970745
83.2538820880504
85.0783107671236
86.92753255592407
88.80171367477084
90.70101817844076
92.62560793709629
94.57564262505878
96.55127971743674
98.55267449463915
100.57998005477354
102.63334733392186
104.71292513427183
106.81886016007758