0.01236366818317076
0.012898313307736898
0.013450928611720456
0.014021942616292348
0.014611789941335279
0.01522091133312284
0.015849753703417804
0.016498770224052724
0.01716842029056233
0.017859169647049807
0.018571490387303862
0.019305861000599594
0.02006276645783884
0.0208426982100607
0.02164615428091211
0.02247363928005294
0.02332566449748838
0.024202747922063044
0.025105414296695064
0.026034195198558586
0.026989629054102487
0.027972261236485784
0.028982644086181803
0.030021336976390242
0.031088906399673984
0.03218592596721439
0.033312976528712686
0.03447064619746253
0.03565953041340376
0.03688023197812461
0.038133361192016095
0.03941953582882704
0.040739381240670926
0.042093530407922713
0.043482624007485746
0.04490731047745901
0.04636824604320271
0.04786609484518341
0.04940152894071177
0.050975228385242134
0.05258788131329978
0.05424018398080635
0.05593284082292052
0.0576665645343446
0.05944207611649073
0.06126010494252058
0.06312138882064733
0.0650266740498662
0.06697671547829165
0.06897227659326954
0.07101412952237018
0.07310305512871358
0.0752398430932621
0.07742529189558157
0.07966020895186453
0.0819454106249839
0.08428172227985137
0.08666997834709163
0.08911102238212429
0.0916057071001661
0.09415489441135741
0.09675945552874782
0.09942027094024479
0.1021382305122551
0.10491423348831948
0.10774918856048259
0.11064401390913589
0.11359963722598025
0.11661699575659959
0.11969703633049826
0.12284071541596284
0.1260489991180761
0.1293228632301034
0.13266329325707574
0.1360712844087148
0.13954784168122916
0.14309397980841024
0.14671072332555504
0.15039910656698358
0.1541601736726175
0.15799497859642017
0.16190458511185812
0.16589006683051927
0.169952507162394
0.17409299935112565
0.17831264645427533
0.1826125613101813
0.18699386655285366
0.1914576945918666
0.19600518754967708
0.20063749731363167
0.2053557854309599
0.21016122312267563
0.2150549912160551
0.22003828014476107
0.22511228988069995
0.2302782298686099
0.23553731901315209
0.240890785585199
0.24633986719887188
0.25188581071509836
0.2575298721980458
0.2632733168192994
0.2691174187903401
0.27506346129837383
0.281112736391519
0.2872665448877013
0.29352619631073107
0.299893008765189
0.30636830883737676
0.31295343147417476
0.31964971989094376
0.32645852544243853
0.3333812074806887
0.34041913324949535
0.34757367775397946
0.3548462235829638
0.3622381608100481
0.3697508868102818
0.3773858061259882
0.3851443302897676
0.39302787768659786
0.4010378733284301
0.40917574873254925
0.4174429417253381
0.4258408962310223
0.4343710620856124
0.44303489487318726
0.4518338556608947
0.46076941083970363
0.46984303186337634
0.4790561950629069
0.48841038139778153
0.4979070762122038
0.507547769007456
0.5173339531718104
0.5272671257492911
0.5373487871709506
0.5475804409580953
0.557963593468457
0.5684997536319385
0.5791904325794892
0.5900371434556827
0.6010414010118459
0.6122047213404386
0.6235286215442702
0.6350146193942964
0.6466642329872915
0.6584789804144449
0.6704603793789415
0.682609946834521
0.694929198629248
0.7074196490636396
0.7200828105657159
0.7329201932202061
0.7459333043770696
0.759123648226628
0.772492725346025
0.7860420322537538
0.799773060943333
0.8136872984209538
0.8277862261984432
0.8420713198131621
0.8565440482997441
0.8712058736845482
0.8860582504434961
0.901102624943898
0.9163404348852843
0.9317731087540162
0.9474020651906379
0.9632287124170558
0.9792544476233781
0.9954806563413493
1.0119087117930843
1.0285399742606556
1.0453757904148435
1.0624174926332122
1.0796663983328334
1.0971238092739632
1.1147910108235062
1.1326692712796689
1.1507598411357958
1.1690639523461903
1.1875828175818814
1.206317629497811
1.22526955998587
1.2444397594211083
1.2638293558980145
1.2834394544979515
1.3032711365361105
1.3233254587760699
1.3436034527553193
1.3641061239866612
1.3848344512497248
1.4057893859033337
1.4269718511380454
1.4483827413237684
1.4700229213105855
1.4918932258174562
1.5139944587691578
1.5363273927274381
1.5588927682736335
1.5816912935345253
1.6047236436165941
1.6279904601308821
1.651492350804492
1.6752298890325101
1.6992036135493305
1.7234140281125188
1.7478616012360746
1.7725467659717287
1.797469919748331
1.8226314242446253
1.8480316053346353
1.8736707530711576
1.8995491217203904
1.9256669298753815
1.9520243605884657
1.9786215615888498
2.0054586455402887
2.032535690344687
2.059852739532213
2.0874098026473167
2.115206855748939
2.143243841902778
2.171520671772234
2.2000372242072364
2.2287933469135135
2.2577888571393525
2.2870235424204557
2.316497161329631
2.3462094443118864
2.3761600944773145
2.4063487884937764
2.4367751774501656
2.467438887773545
2.4983395221466496
2.529476660447861
2.560849860686588
2.5924586599877957
2.624302575532106
2.656381105531389
2.6886937302017553
2.721239912717799
2.754019100176528
2.7870307245451555
2.8202742036236623
2.853748941944181
2.8874543317151886
2.921389753710343
2.955554578156693
2.989948165599809
3.024569867749172
3.059419028313514
3.094494983779678
3.1297970642211475
3.1653245940338395
3.201076892678722
3.237053275375282
3.2732530538034323
3.3096755367359116
3.346320030698982
3.3831858405349498
3.4202722700191717
3.4575786223891862
3.4951042008920887
3.5328483092661243
3.5708102522438745
3.608989335984203
3.6473848685080434
3.685996160121532
3.7248225237750896
3.7638632754553987
3.8031177344953337
3.842585223918523
3.8822650707294217
3.9221566061991626
3.96225916611715
4.0025720910388065
4.04309472652389
4.083826423334461
4.124766537629138
4.165914431137361
4.207269471334406
4.24883103157742
4.290598491251387
4.332571235893874
4.374748657281166
4.417130153561701
4.459715129323717
4.5025029956731935
4.545493170308207
4.588685077573297
4.632078148511961
4.675671820901791
4.719465539282892
4.763458755010507
4.807650926243358
4.852041517953566
4.896630001975811
4.941415856951224
4.986398568355564
5.031577628489539
5.076952536445786
5.12252279810366
5.168287926100932
5.214247439802641
5.260400865285693
5.306747735285372
5.353287589164804
5.400019972877471
5.446944438928614
5.494060546325203
5.541367860530022
5.588865953407793
5.63655440318906
5.684432794400185
5.732500717820152
5.780757770431165
5.829203555346414
5.877837681769235
5.926659764925839
5.97566942600871
6.02486629212162
6.074249996207886
6.123820177014504
6.1735764790024
6.223518552303493
6.273646052654034
6.323958641334539
6.374455985111817
6.4251377561709555
6.476003632061574
6.527053295628319
6.57828643495935
6.629702743909636
6.6813019196970975
6.733083666336053
6.785047692264635
6.837193710863127
6.889521440381717
6.942030603903144
6.994720929270703
7.047592149028669
7.100644000371653
7.153876225091109
7.207288569506319
7.260880784424304
7.314652625075531
7.368603851059664
7.422734226294559
7.477043518965122
7.531531501460998
7.586197950343437
7.641042646270067
7.696065373962135
7.751265922149019
7.806644083514361
7.862199654654362
7.917932436030121
7.973842231911404
8.029928850334324
8.08619210305603
8.142631805507298
8.199247776758645
8.256039839450818
8.31300781977233
8.370151547415029
8.427470855522204
8.48496558064751
8.542635562723067
8.60048064500621
8.65850067405268
8.716695499659282
8.775064974851217
8.833608955811592
8.892327301874955
8.951219875456305
9.010286542052826
9.069527170172272
9.128941631319805
9.188529799958278
9.248291553459836
9.30822677209771
9.368335338984163
9.428617140059076
9.489072064044757
9.549700002427084
9.610500849399765
9.671474501865221
9.732620859377224
9.793939824123163
9.855431300887545
9.917095197038215
9.978931422475227
10.040939889620905
10.103120513376032
10.165473211108928
10.2279979026202
10.290694510105999
10.353562958149208
10.416603173688044
10.479815085985889
10.543198626601507
10.606753729382337
10.670480330421427
10.734378368043405
10.79844778277916
10.86268851733965
10.927100516595425
10.99168372755801
11.056438099343033
11.12136358316713
11.18646013231294
11.251727702115204
11.317166249932464
11.382775735137507
11.448556119080994
11.514507365088983
11.58062943842842
11.646922306293487
11.71338593779182
11.780020303915721
11.846825377529244
11.913801133345974
11.980947547919602
12.048264599614255
12.115752268591587
12.183410536798366
12.251239387939549
12.319238807473921
12.387408782579607
12.455749302161626
12.524260356809087
12.59294193880287
12.661794042081128
12.73081666223705
12.800009796495276
12.869373443698995
12.938907604300011
13.008612280342108
13.07848747542816
13.148533194741857
13.218749444998174
13.289136234456778
13.35969357288442
13.430421471561269
13.501319943254586
13.572389002212656
13.643628664149144
13.715038946227201
13.78661986704942
13.858371446651004
13.930293706477421
14.002386669375353
14.074650359584991
14.147084802721794
14.219690025769783
14.292466057066775
14.365412926294574
14.438530664462588
14.511819303909567
14.585278878275922
14.658909422501248
14.732710972816866
14.806683566728461
14.880827243008623
14.955142041685429
15.029628004028297
15.104285172551709
15.179113590987534
15.254113304286134
15.32928435860223
15.404626801284342
15.480140680871685
15.555826047076051
15.6316829507766
15.707711444011533
15.783911579967674
15.860283412970539
15.936826998473284
16.013542393058206
16.090429654411658
16.167488841328023
16.244720013698924
16.322123232498324
16.399698559782895
16.477446058674026
16.555365793360423
16.633457829081607
16.711722232121588
16.79015906980475
16.86876841048173
16.947550323528766
17.02650487933208
17.105632149285267
17.184932205781465
17.26440512220716
17.3440509729273
17.423869833286375
17.503861779595187
17.584026889133412
17.66436524012307
17.744876911746747
17.825561984116582
17.906420538285307
17.987452656231348
18.068658420847903
18.150037915944825
18.23159122623903
18.313318437344712
18.39521963576826
18.47729490890699
18.55954434503516
18.64196803329958
18.724566063713194
18.80733852715853
18.890285515360425
18.973407120899385
19.056703437198347
19.14017455851297
19.223820579932394
19.307641597369177
19.391637707552725
19.47580900802544
19.560155597138493
19.64467757404055
19.729375038676746
19.814248091782144
19.89929683487587
19.984521370252565