0.014264442660426093
0.014870475916779572
0.01549648862903449
0.016142947831413297
0.01681032714204132
0.01749910679844552
0.018209773718994668
0.01894282154423181
0.019698750713953744
0.020478068499730846
0.02128128906026531
0.022108933511768025
0.022961529971649384
0.023839613616359903
0.02474372674829174
0.025674418839841843
0.0266322466329574
0.027617774146707293
0.02863157277223504
0.02967422132811702
0.03074630611795486
0.0318484210114268
0.03298116748251712
0.03414515470012489
0.03534099958925585
0.03656932686850715
0.037830769158177166
0.03912596702792823
0.04045556905959207
0.04182023193517204
0.043220620489967075
0.044657407774756616
0.046131275137720834
0.047642912293700435
0.04919301738948458
0.050782297084614035
0.052411466592589474
0.054081249779672276
0.055792379228062364
0.05754559629721424
0.05934165119992349
0.061181303048996494
0.0630653199764071
0.06499447914868767
0.06696956686138562
0.06899137860819905
0.07106071912988071
0.07317840249665464
0.0753452521627055
0.07756210103655563
0.0798297915603785
0.08214917571794268
0.08452111516196041
0.08694648122426563
0.08942615503546711
0.09196102748349189
0.09455199937866691
0.09719998143100475
0.09990589433559928
0.10267066882984566
0.10549524571267921
0.10838057592761267
0.11132762059153246
0.1143373510329281
0.11741074882850797
0.1205488058939323
0.1237525244413635
0.12702291707355037
0.13036100678866872
0.13376782703940332
0.13724442171432968
0.14079184518867968
0.14441116237510732
0.14810344865579425
0.15186979001314974
0.15571128295260708
0.159629034545942
0.16362416241799166
0.16769779480375058
0.17185107046868459
0.17608513875316628
0.1804011595738405
0.18480030337695452
0.18928375112346346
0.19385269431298585
0.1985083349049863
0.20325188533640084
0.20808456845374254
0.2130076174893941
0.21802227604460328
0.22312979800818333
0.22833144751878007
0.23362849892229806
0.2390222366933318
0.2445139553914749
0.2501049595780345
0.255796563763528
0.2615900922912568
0.2674868792809553
0.2734882685401682
0.2795956134735174
0.2858102769536159
0.2921336312599997
0.29856705793825006
0.30511194768840827
0.3117697002597203
0.31854172431323463
0.32542943728464774
0.33243426525521763
0.33955764280108053
0.3468010128523727
0.354165826535348
0.36165354299699415
0.3692656292601827
0.37700356002011
0.38486881749249624
0.3928628912199562
0.4009872778674467
0.4092434810178385
0.4176330109902022
0.4261573846038538
0.43481812497442207
0.443616761260145
0.45255482846873607
0.4616338671812143
0.4708554232978271
0.4802210478210859
0.4897322965525374
0.49939072983992794
0.5091979122956957
0.5191554124845568
0.5292648026738971
0.5395276584818874
0.5499455585912596
0.560520084412316
0.5712528197469329
0.5821453504730433
0.5931992641629636
0.6044161497337427
0.6157975970694606
0.627345196661896
0.639060539182556
0.6509452151059667
0.6630008142728894
0.675228925495987
0.6876311360699158
0.7002090313774881
0.7129641943815186
0.7258982051746355
0.7390126404695134
0.7523090731160404
0.7657890715639964
0.7794541993464585
0.7933060145228684
0.8073460691352554
0.8215759086102192
0.835997071185364
0.8506110873064404
0.8654194789748385
0.8804237591596237
0.8956254310938923
0.9110259876490745
0.9266269106167674
0.9424296700266869
0.958435723434086
0.9746465151634823
0.9910634755953318
1.007688020369044
1.0245215496298123
1.0415654472431741
1.0588210799597957
1.076289796631769
1.0939729273664756
1.111871782697827
1.1299876527190278
1.1483218062483533
1.1668754899554603
1.1856499274868249
1.2046463185963963
1.223865838271284
1.2433096358549638
1.2629788341689934
1.2828745286492507
1.3029977864803102
1.323349645740991
1.343931114565294
1.3647431703231998
1.3857867587716794
1.407062793322871
1.428572154229844
1.450315687876872
1.4722942060533215
1.4945084852673847
1.5169592661392477
1.5396472527598806
1.5625731121646362
1.5857374737739598
1.609140928985401
1.632784030706917
1.6566672930203783
1.6807911908644395
1.7051561597988318
1.7297625958024168
1.754610855156637
1.7797012543854414
1.8050340702519327
1.8306095398318492
1.8564278606244033
1.882489190805243
1.908793649448132
1.9353413168681457
1.9621322350297834
1.9891664080002596
2.0164438024881917
2.043964348400782
2.071727939506501
2.0997344341377424
2.127983655930088
2.1564753946410145
2.1852094069664894
2.2141854174749853
2.2434031195125748
2.272862176181503
2.3025622213547594
2.332502860676122
2.3626836726514373
2.3931042096994304
2.4237639992691737
2.454662544914356
2.485799327451836
2.517173806051551
2.5487854193759536
2.5806335866990917
2.6127177090269296
2.645037170214441
2.6775913380560183
2.710379565382828
2.74340119112691
2.7766555413750864
2.8101419304119624
2.8438596617094163
2.8778080289411747
2.9119863169127274
2.946393802528235
2.981029755666456
3.0158934400611384
3.050984114174341
3.0863010319888247
3.121843443787287
3.1576105969345765
3.193601736572525
3.2298161063314117
3.266252948976389
3.302911507046213
3.3397910234511325
3.376890742041123
3.414209908134021
3.451747769051232
3.4895035745730096
3.5274765774046553
3.5656660336062287
3.6040712029768245
3.6426913494571034
3.6815257414496445
3.7205736521616495
3.7598343599099064
3.799307148398823
3.8389913069705317
3.8788861308611997
3.918990921414767
3.9593049862837755
3.999827639606737
4.040558202187988
4.081496001641791
4.122640372527136
4.163990656474834
4.205546202281978
4.247306366017696
4.28927051109824
4.331438008372136
4.37380823614774
4.416380580281732
4.459154434177138
4.502129198851215
4.5453042829236665
4.588679102658967
4.632253081948111
4.676025652320164
4.71999625293754
4.764164330567457
4.808529339571631
4.853090741881828
4.89784800697057
4.942800611807692
4.987948040838621
5.033289785915365
5.078825346287573
5.124554228520995
5.1704759464546495
5.216590021159127
5.262895980857894
5.309393360885463
5.3560817036219825
5.402960558416528
5.450029481546515
5.497288036131189
5.544735792072412
5.592372325989509
5.640197221143669
5.688210067366084
5.736410460994892
5.784798004806543
5.833372307923815
5.882132985768412
5.931079659981889
5.980211958339144
6.029529514693306
6.0790319689011385
6.128718966733548
6.178590159834503
6.228645205620114
6.278883767218942
6.329305513408815
6.379910118532921
6.430697262442217
6.481666630407925
6.532817913075976
6.584150806378393
6.635665011477302
6.687360234694319
6.739236187434702
6.791292586144536
6.843529152820741
6.895945612575073
6.948541697124657
7.001317142359467
7.054271688895025
7.107405081972249
7.160717071439072
7.214207411650902
7.267875861433259
7.321722184022447
7.375746147004858
7.429947522255158
7.484326085888252
7.538881618194745
7.593613903598859
7.648522730590418
7.70360789168401
7.758869183361521
7.814306406017396
7.869919363910727
7.925707865125288
7.981671721496178
8.037810748584997
8.094124765627095
8.150613595471125
8.207277064545895
8.264115002813343
8.321127243722843
8.378313624158585
8.435673984404076
8.493208168109746
8.550916022225671
8.608797396984565
8.66685214584333
8.72508012545487
8.783481195617576
8.842055219252488
8.900802062340496
8.959721593919722
9.018813686011427
9.078078213604867
9.137515054617321
9.197124089865799
9.256905203008083
9.31685828054396
9.376983211748952
9.437279888662019
9.497748206046964
9.558388061357673
9.619199354707218
9.680181988843144
9.741335869104903
9.802660903408343
9.864157002207962
9.925824078463535
9.987662047622724
10.049670827584343
10.11185033867217
10.174200503608635
10.236721247495199
10.299412497768177
10.362274184194018
10.425306238822014
10.488508595981319
10.551881192240863
10.615423966384276
10.679136859400577
10.74301981444198
10.80707277681433
10.871295693947312
10.93568851537671
11.000251192717835
11.064983679638479
11.129885931859398
11.1949579071079
11.260199565102573
11.325610867545842
11.391191778093305
11.456942262329662
11.52286228776113
11.588951823786791
11.655210841687028
11.721639314589156
11.788237217473004
11.855004527131815
11.921941222163065
11.989047282951953
12.056322691648928
12.123767432160273
12.191381490120405
12.25916485288916
12.327117509511076
12.395239450737112
12.463530668970284
12.531991158271005
12.600620914342187
12.669419934501441
12.73838821767598
12.807525764387368
12.87683257673276
12.946308658370887
13.015954014510136
13.085768651892542
13.155752578782861
13.22590580494983
13.29622834165897
13.366720201651852
13.43738139913816
13.508211949782027
13.57921187069175
13.650381180397556
13.721719898848756
13.793228047397852
13.864905648789001
13.936752727148574
14.008769307963316
14.080955418081956
14.153311085696718
14.2258363403273
14.29853121282461
14.371395735340343
14.444429941331588
14.517633865544056
14.591007543996328
14.664551013979855
14.738264314041198
14.812147483971614
14.886200564803696
14.960423598790154
15.034816629403192
15.109379701320979
15.1841128604197
15.25901615376054
15.334089629585812
15.409333337301103
15.484747327475388
15.560331651825647
15.63608636320978
15.71201151561693
15.788107164158802
15.864373365064436
15.940810175664456
16.017417654386218
16.094195860750347
16.171144855353102
16.24826469986203
16.325555457012012
16.40301719059022
16.480649965431784
16.558453847412355
16.636428903436048
16.714575201436066
16.79289281035473
16.871381800149663
16.950042241774327
17.028874207176266
17.107877769292525
17.187053002036734
17.266399980292285
17.345918779905507
17.42560947768765
17.505472151391423
17.585506879717453
17.665713742299758
17.746092819703897
17.82664419341615
17.907367945841557
17.988264160291234
18.069332920980777
18.150574313022066
18.2319884224137
18.313575336043733
18.395335141669445
18.477267927924043
18.55937378430387
18.641652801163943
18.724105069707527
18.806730681989617
18.889529730903632
18.972502310174992
19.055648514357
19.138968438824275
19.22246217977523
19.30612983421134
19.389971499942742
19.47398727557605
19.558177260513002
19.642541554946124
19.727080259843568
19.81179347695868
19.896681308808283
19.981743858685203
20.066981230635186
20.1523935294605
20.237980860717705
20.32374333070461
20.409681046458537
20.495794115755462
20.58208264709772