47.652497617238794
47.690218549698145
47.753067736838446
47.841016529361504
47.954024398924496
48.09203843659066
48.25499287067309
48.44280780529174
48.65538797746195
48.89262132195703
49.15437732263671
49.440506326767796
49.75083935932316
50.08518925721019
50.44335155142159
50.82510698259342
51.230224496308765
51.6584616679652
52.10957271521722
52.58330188145983
53.0793951064359
53.59759844887888
54.13765938269257
54.69933024759334
55.28236927050138
55.886542376766656
56.51162425628965
57.157398709078535
57.82366319984177
58.51022223086819
59.21689534883043
59.943514230001064
60.689922607701526
61.45597640141064
62.2415494671511
63.04652351855975
63.87079357451302
64.71426907630403
65.57687278361583
66.4585379428216
67.35921110778631
68.27884939854358
69.21742359607491
70.17491233558675
71.15130699481051
72.14660812180968
73.16082693525622
74.19398211428303
75.24610316898914
76.31722651842287
77.40739726459546
78.51666816805192
79.6450991205085
80.79275635973657
81.95971335539726
83.14604797567524
84.35184492050954
85.57719405088073
86.82218958821282
88.08692998762
89.37151992979314
90.67606524534598
92.00067597391832
93.34546637020749
94.71066804379664
96.09605706633624
97.50209705877633
98.92879753985366
100.37628761063263
101.84468993619107
103.33413548794357
104.8447534521689
106.37667443023435
107.93003022049813
109.50495272768302
111.10157298691641
112.72002739667289
114.36044299232682
116.02295774851014
117.70769991619069
119.41480064426668
121.14439378611802
122.89660705412612
124.67157116654083
126.4694132508228
128.2902601022972
130.13424153224503
132.0014782773913
133.8920946317945
135.8062149168464
137.74395656137776
139.7054404695326
141.6907815638739
143.70010198947048
145.7335091649578
147.7911163514265
149.87303608152442
151.97936710463784
154.1102439415116
156.26574213585658
158.44597951125343
160.65105284450254
162.88106336937918
165.136109193395
167.41628615463486
169.72168853514873
172.05241248461382
174.40854466942613
176.79017733923868
179.19739826443188
181.63029362119906
184.08894889713017
186.5734479502935
189.08387334955574
191.62030644946873
194.18282746977567
196.7715155794626
199.38644898529483
202.02770502475497
204.69536026334276