83.0590214737511
83.09924890753031
83.16628025062465
83.26009384850187
83.3806591918964
83.52793656829621
83.70187705930091
83.90242158901954
84.1295007597759
84.38303356063874
84.6629268108506
84.96907362523174
85.30135349034298
85.65963076334876
86.04375611104517
86.45356614211266
86.88888416871225
87.34952656698601
87.83529506355379
88.3459881021658
88.88139870767861
89.4413175005432
90.02553493928097
90.63384311603693
91.26603794028858
91.92192065800428
92.6012992079802
93.30398987093135
94.02981790297189
94.77861844445486
95.5502377397235
96.3445328130421
97.16137059249371
98.00063646179869
98.86221775298894
99.74601979768961
100.65195841692736
101.57995995490698
102.52996260538046
103.50201365708624
104.49578515682403
105.51153174449495
106.54913969507577
107.60859730827502
108.68990352012136
109.79306525475803
110.9180976551125
112.0650234607672
113.23387264281823
114.42468294499609
115.63749644728608
116.87236502863776
118.12934239963106
119.4085071144489
120.70987155466779
122.03355947623864
123.37962745193192
124.74815347479993
126.13921972265312
127.55291082776492
128.98931471598368
130.44852306700528
131.93062743004606
133.43572504835552
134.96391054639122
136.51528355236343
138.0899455720448
139.68799470058792
141.30953544235558
142.95466899432168
144.62349857641624
146.31673852025187
148.03266250720526
149.7732035602325
151.53785507209076
153.32672113019316
155.1399031178891
156.97750420319858
158.83962515844277
160.72636652588787
162.63782695535775
164.57410712147671
166.53530282722278
168.5215082265307
170.53282399669
172.5693388351398
174.6311454177164
176.71833452670438
178.83099642795645
180.96921663342223
183.1330837837349
185.3226795685472
187.5380871742104
189.77938889214474
192.04666493505894
194.3399909315242
196.65943851637388
199.00509826546894
201.37702693307025
203.77530108213145
206.19999248065847
208.65118303555414
211.1288929730097
213.63323543147473
216.16425871037822
218.72202447270573
221.3065950007299
223.91803184431345
226.55639259164977
229.22173445567844
231.9141171836213
234.6335946960055
237.38022192039213
240.15405660854418
242.95514887815168
245.78353995232624
248.6393232612539
251.52251007181835
254.4331660006413
257.37134400091196