0.09321968074878988
0.13014217431766564
0.17821488513354197
0.24010941059688123
0.3190400516655832
0.41881673279909887
0.5438057521567002
0.6985737047673544
0.8867242668529632
1.1089848061079985
1.3627890834074325
1.6443450418722436
1.950380112159267
2.278501990194502
2.627018167316346
2.994717034710266
3.3807108615277217
3.7843336448021048
4.20507526318104
4.642538318502782
5.096409165572602
5.566437982438912
6.052424741039797
6.55420912433408
7.071663144846181
7.604685652059542
8.153198185179289
8.717141800418263
9.296474614120534
9.891169878184447
10.501214455324241
11.12660759712626
11.767359953003266
12.423492756073953
13.095037145116882
13.782033591414214
14.484531406592684
15.202588313009901
15.936270062362887
16.685650091377763
17.450809206290213
18.231835289104154
19.028823020631908
19.841873616359212
20.671094572034068
21.516599416685956
22.378507471313355
23.256943611911623
24.15203803590533
25.063926031280076
25.99274774790295
26.93864797075397
27.901775894831434
28.882284901645516
29.880332337239178
30.89607929178333
31.929690380785175
32.981333527990714
34.051179750093944
35.1394029433707
36.2461796723812
37.37168896085881
38.51611208495368
39.67963236897166
40.86243498377261
42.06470674797661
43.286635932161595
44.528412066205796
45.790225749936795
47.07226846730648
48.37473240420694
49.697810270170216
51.0416951241027
52.40658020424431
53.792658762578924
55.20012390383996
56.62916842935357
58.07998468588128
59.552764419698775
61.04769863605916
62.56497746429393
64.10479002869717
65.66732432540725
67.2527671054832
68.86130376432133
70.49311823763632
72.14839290412323
73.82730849500864
75.53004401061011
77.25677664406443
79.00768171232271
80.78293259461076
82.58270067835936
84.40715531278855
86.25646377018079
88.13079121493551
90.03030068046772
91.95515305398737
93.90550706918869
95.88151930690398
97.88334420368382
99.91113406834825
101.96503910646821
104.04520745275038