0.7063404054372248
0.9566319389597627
1.2240207810257322
1.5077830314218028
1.807458624248825
2.122727868458185
2.453355443220228
2.7991612429920325
3.1600036744139794
3.535769380227138
3.9263665594948174
4.331720433648438
4.751770062997589
5.186466052886544
5.635768869785639
6.099647590283686
6.578078966846385
7.071046731052863
7.5785410784719325
8.100558294317983
8.637100489008306
9.188175419589813
9.753796377935684
10.333982129909934
10.928756892704431
11.538150340315507
12.162197622673082
12.800939407264684
13.454421909881981
14.122696936517254
14.805821916086307
15.50385992612013
16.216879708284072
16.944955671832133
17.688167883852635
18.44660204553369
19.220349454090428
20.00950695040715
20.814176852596212
21.63446687599399
22.470490040206503
23.322364563953894
24.190213748564506
25.07416585096849
25.97435394712343
26.89091578674556
27.823993640275752
28.773734138916893
29.740288108593887
30.723810398608457
31.7244597058848
32.74239839486439
33.77779231496599
34.830810614958615
35.901625555443445
36.99041231984027
38.09734882435849
39.222615527399334
40.366395238806575
41.528872929352445
42.71023554080755
43.91067179694998
45.13037201581977
46.36952792351021
47.62833246980871
48.906979645944695
50.205664304714915
51.52458198324222
52.8639287286316
54.223900926761644
55.60469513444727
57.006507915242224
58.42953567908282
59.873974526041785
61.34002009440291
62.82786741328961
64.33771076009141
65.86974352288738
67.4241580681081
69.00114561363901
70.60089610757929
72.22359811286461
73.86943869794688
75.5386033337149
77.23127579685284
78.94763807979629
80.68787030745061
82.45215066082324
84.24065530770949
86.05355834056103
87.89103172165777
89.75324523565118
91.64036644964273
93.55256068079039
95.4899909715494
97.45281807259975
99.44120043347495
101.45529420092953
103.49525322505387
105.56122907312894
107.65337105120696
109.77182623340225
111.91673949883592
114.08825357622085