 0.79104603075678E-29
 0.19776150768920E-29
 0.87894003417420E-30
 0.49440376922299E-30
 0.31641841230271E-30
 0.21973500854355E-30
 0.16143796546057E-30
 0.12360094230575E-30
 0.97660003797134E-31
 0.79104603075678E-31
 0.65375705021222E-31
 0.54933752135888E-31
 0.46807457441230E-31
 0.40359491365142E-31
 0.35157601366968E-31
 0.30900235576437E-31
 0.27371834974283E-31
 0.24415000949283E-31
 0.21912632430936E-31
 0.19776150768920E-31
-0.13935755041121E-16
 0.16343926255305E-31
-0.20704019327730E-17
 0.21518407840104E-31
-0.10091607491175E-16
-0.10466661506843E-16
-0.21133045964293E-17
 0.99758536143706E-18
 0.27920447660650E-17
 0.48585826321951E-17
 0.20885907832303E-16
 0.29874121978753E-16
 0.77431838238284E-16
 0.12196033013006E-15
 0.25500177543087E-15
 0.47013032319894E-15
 0.85036352664098E-15
 0.14752822904875E-14
 0.24823151283992E-14
 0.40737231022923E-14
 0.65274818096762E-14
 0.10213649728651E-13
 0.15643099185210E-13
 0.23486747801117E-13
 0.34592355276453E-13
 0.50137467668362E-13
 0.71408382643005E-13
 0.10018183206407E-12
 0.13854086643202E-12
 0.18912008242711E-12
 0.25486512185894E-12
 0.33940681098215E-12
 0.44700381327012E-12
 0.58246959877008E-12
 0.75150743467050E-12
 0.96047194689271E-12
 0.12166630381536E-11
 0.15282114240204E-11
 0.19041968505676E-11
 0.23547498802813E-11
 0.28909464688988E-11
 0.35249887008768E-11
 0.42700903359383E-11
 0.51406313113444E-11
 0.61521155946647E-11
 0.73211704246626E-11
 0.86655367925310E-11
 0.10204128986247E-10
 0.11956990944859E-10
 0.13945253096259E-10
 0.16191151080886E-10
 0.18718022044791E-10
 0.21550204460707E-10
 0.24713060091842E-10
 0.28232946353170E-10
 0.32137099385426E-10
 0.36453687211733E-10
 0.41211695440243E-10
 0.46440827797330E-10
 0.52171703386187E-10
 0.58435418030833E-10
 0.65263794226221E-10
 0.72689194361720E-10
 0.80744520570225E-10
 0.89463086488593E-10
 0.98878644551126E-10
 0.10902525563646E-09
 0.11993727591313E-09
 0.13164931327813E-09
 0.14419612442431E-09
 0.15761262213560E-09
 0.17193377797218E-09
 0.18719460667196E-09
 0.20343010642300E-09
 0.22067522890265E-09
 0.23896480405206E-09
 0.25833356849697E-09
 0.27881605989602E-09
 0.30044662514677E-09
 0.32325938977028E-09
 0.34728818938990E-09
 0.37256661884494E-09
 0.39912795659321E-09
 0.42700515810443E-09
 0.45623084622876E-09
 0.48683729271902E-09
 0.51885642047127E-09
 0.55231978458545E-09
 0.58725858083107E-09
 0.62370363325892E-09
 0.66168541050178E-09
 0.70123401070912E-09
 0.74237919273605E-09
 0.78515037225345E-09
 0.82957664791931E-09
 0.87568679894251E-09
 0.92350933289173E-09
 0.97307248141764E-09
 0.10244042380678E-08
 0.10775324000636E-08
