3.971889227456797e-12
3.971889227456797e-12
3.971889227456797e-12
3.971889227456797e-12
3.971889227456797e-12
3.971889227456797e-12
3.971889227456797e-12
3.971889227456797e-12
3.971889227456797e-12
3.971889227456797e-12
3.971889227456797e-12
3.971889227456797e-12
3.971889227456797e-12
3.971889227456797e-12
5.9578338411851955e-12
5.9578338411851955e-12
3.971889227456797e-12
6.206076917901245e-12
7.695535378197545e-12
1.241215383580249e-11
3.872591996770377e-11
1.19653162977136e-10
3.6466907969587715e-10
1.0289675529880264e-9
2.7135450715831403e-9
6.680469437505616e-9
1.546132354710573e-8
3.381641663949045e-8
7.031584445212797e-8
1.3966155496044962e-7
2.6614065781804687e-7
4.884222253280554e-7
8.661074342653853e-7
1.4884500969186782e-6
2.485527103056377e-6
4.04239969448107e-6
6.41655949197494e-6
9.959089231645194e-6
0.000015139832875201536
0.00002257690575394386
0.000033070764938069226
0.00004764303643981486
0.00006758017421984635
0.00009448208206923561
0.00013031563928517614
0.00017747302215469755
0.00023883479617382833
0.00031783749476388406
0.00041854547099583515
0.0005457268205011329
0.000704932931213886
0.0009025814750032963
0.0011460423432207404
0.0014437263012532719
0.0018051758345670034
0.002241157935763106
0.002763758373893221
0.0033864771617959574
0.004124324784546664
0.004993918965353465
0.006013581558057257
0.007203435359449205
0.00858550058248818
0.0101837906701846
0.012024407376422453
0.01413563484809943
0.01654803259464159
0.01929452724981544
0.022410502972919747
0.025933890526593454
0.029905254874846677
0.034367881421712564
0.039367860771115176
0.04495417215143785
0.05117876553880133
0.05809664245795109
0.06576593575839715
0.07424798824863584
0.08360743051514119
0.09391225796435557
0.10523390726318736
0.11764733241831486
0.13123108062586544
0.1460673681148886
0.16224215619711893
0.17984522780155798
0.19897026467260973
0.21971492555026567
0.2421809256021798
0.2664741173352723
0.2927045733833063
0.3209866714397808
0.35143918169261823
0.38418535710173074
0.4193530269526509
0.45707469400919076
0.49748763578023264
0.540734010259861
0.5869609667400929
0.6363207620551667
0.6889708829763023
0.7450741751275571
0.8047989792620909
0.8683192753300352
0.9358148351725614
1.0074713844908068
1.083480774878327
1.1640411666640373
1.2493572234379708
1.3396403190480215
1.435108757945466
1.5359880097024312
1.6425109585274649
1.7549181685013484
1.8734581652542948
1.9983877345286423
2.1299722379775607
2.2684859461811526
2.4142123885599656
2.5674447191651364