0.0006685718856355131
0.0007089256323961655
0.0007512706771324956
0.0007956822345178316
0.0008422374081070721
0.0008910152342757113
0.0009420966680699834
0.0009955646137407605
0.001051503941251718
0.001110001528853022
0.0011711462278308122
0.001235028942441473
0.0013017426044667174
0.0013713821990308677
0.0014440447930246878
0.0015198295233138364
0.0015988376796520552
0.0016811726277258152
0.0017669398982735802
0.0018562471574207606
0.0019492042638997419
0.0020459232331787596
0.0021465183070940833
0.0022511059217025374
0.0023598047508481615
0.0024727357043003865
0.00259002196114273
0.0027117889401077483
0.002838164383110829
0.0029692783070910376
0.0031052630309454906
0.003246253204697915
0.003392385816201214
0.003543800213231099
0.0037006380723315843
0.0038630434767633125
0.0040311628759158126
0.004205145113483087
0.004385141452908531
0.004571305576391956
0.00476379359606053
0.004962764083509704
0.005168378031946142
0.005380798929171186
0.005600192740576207
0.00582672791658989
0.0060605753940435846
0.00630190865028828
0.006550903660372686
0.006807738954015013
0.0070725955976053525
0.007345657199667021
0.007627109958395113
0.007917142638569893
0.008215946585954894
0.00852371576788466
0.008840646740124294
0.00916693867938931
0.009502793411272963
0.009848415395972289
0.01020401174367916
0.010569792221034623
0.010945969288737702
0.011332758068404971
0.011730376399666445
0.012139044817327225
0.012558986585873283
0.012990427667944593
0.01343359680526237
0.01388872547121465
0.014356047893818766
0.014835801091592476
0.015328224842027094
0.015833561737814545
0.01635205717158042
0.01688395935549517
0.017429519318419313
0.01798899094388464
0.01856263095619258
0.01915069894499028
0.019753457375820925
0.020371171599308745
0.0210041098609646
0.0216525433023031
0.0223167460186832
0.02299699500072288
0.023693570205544873
0.024406754540640892
0.025136833866726403
0.025884097049995797
0.02664883593407094
0.027431345352040944
0.02823192317697963
0.029050870308912794
0.029888490658930608
0.03074509122018518
0.03162098203847372
0.03251647624215187
0.03343189003493458
0.03436754273586334
0.03532375676441152
0.03630085769087774
0.03729917420237659
0.03831903813237951
0.039360784505274464
0.0404247514889515
0.041511280472130443
0.042620715998080046
0.043753405885636434
0.044909701133008954
0.046089955995356105
0.047294527953506936
0.04852377780605921
0.049778069560648945
0.051057770559189045
0.05236325143827453
0.05369488611056429
0.05505305187078092
0.05643812930299187
0.05785050234391149
0.05929055833205311
0.06075868791575501
0.06225528518549398
0.06378074759134449
0.06533547599299964
0.06691987469030514
0.06853435139086347
0.0701793172567037
0.07185518689013155
0.07356237836947643
0.07530131323345211
0.07707241652087563
0.07887611674410527
0.08071284593744799
0.0825830396533116
0.08448713694532425
0.08642558042468569
0.08839881624167302
0.09040729408278601
0.09245146722970479
0.09453179249673256
0.09664873029893838
0.09880274464793698
0.10099430311452823
0.10322387692302946
0.10549194085197827
0.10779897335142735
0.11014545646263785
0.11253187587132756
0.11495872087155147
0.11742648445631058
0.11993566320298765
0.12248675739970294
0.12508027094800298
0.12771671144006402
0.13039659013585392
0.1331204219460031
0.13588872546866881
0.13870202295142978
0.14156084038611505
0.1444657073784764
0.14741715725617396
0.1504157270079569
0.15346195732238913
0.15655639258660814
0.15969958082140948
0.16289207380747836
0.16613442693420957
0.1694271993379789
0.17277095378472418
0.17616625673957742
0.17961367835470096
0.18311379243428516
0.18666717645167716
0.1902744115517392
0.19393608252664493
0.197652777835863
0.20142508956432803
0.2052536134480097
0.20913894885566692
0.21308169877407723
0.21708246981511195
0.22114187219637296
0.22526051970780422
0.229439029756996
0.23367802332114995
0.23797812493057077
0.24233996267102473
0.24676416818920088
0.2512513766372288
0.25580222668335284
0.2604173605068435
0.2650974237647326
0.2698430655775394
0.2746549385256709
0.2795336986347758
0.2844800053340394
0.28949452145419785
0.29457791321301574
0.2997308501991505
0.3049540053323092
0.31024805485704265
0.31561367833231896
0.3210515585761656
0.32656238166988927
0.33214683693908564
0.33780561691292715
0.3435394173004559
0.3493489369893426
0.35523487797352343
0.36119794539018846
0.36723884743438606
0.37335829537329673
0.3795570034697743
0.38583568902640897
0.3921950722890852
0.39863587644015464
0.40515882757783217
0.4117646546840484
0.4184540895659883
0.4252278668532366
0.4320867239545833
0.43903140102339405
0.4460626409218627
0.4531811891944497
0.460387794014882
0.46768320616083237
0.47506817899815573
0.4825434683896602
0.49010983271496616
0.4977680327914411
0.5055188318543401
0.5133629955314849
0.5213012917426015
0.529334490747231
0.5374633650302898
0.5456886892819612
0.5540112403814363
0.5624317973002231
0.5709511411222535
0.5795700549350298
0.5882893238442704
0.5971097348919894
0.606032077003994
0.6150571409912488
0.6241857194315888
0.6334186066890822
0.6427565988323578
0.6522004935775101
0.6617510902715903
0.6714091898101899
0.681175594609017
0.6910511085548683
0.7010365369255702
0.7111326863595698
0.7213403648110024
0.7316603814896164
0.7420935468039267
0.7526406722922018
0.7633025706127834
0.774080055441189
0.7849739414493837
0.795985044213186
0.8071141802028341
0.8183621666874121
0.8297298217075438
0.8412179639780815
0.8528274128734586
0.8645589883385719
0.8764135108442207
0.8883918013254191
0.9004946811040675
0.912722971857427
0.9250774955457555
0.9375590743233125
0.9501685305183767
0.9629066865453663
0.9757743648395523
0.9887723878054238
1.0019015777482962
1.0151627568025703
1.0285567468711596
1.042084369558093
1.0557464461026067
1.0695437973213024
1.0834772435050035
1.0975476043902064
1.1117556990721953
1.1261023459404997
1.1405883626087658
1.1552145658293593
1.1699817714252252
1.1848907942524003
1.1999424480737841
1.2151375455228939
1.2304768980131318
1.245961315675477
1.2615916072629108
1.2773685800974173
1.2932930399672111
1.3093657910859007
1.3255876359728356
1.3419593753993617
1.3584818083040464
1.3751557317203156
1.3919819406635026
1.4089612280951025
1.4260943848031173
1.4433821993354043
1.46082545792185
1.4784249443610493
1.496181439972765
1.5140957234911847
1.532168570972698
1.5504007557174508
1.5687930481841996
1.5873462158815799
1.6060610233231745
1.6249382318708716
1.6439785997079321
1.6631828816984815
1.6825518293322783
1.7020861905938878
1.7217867099161381
1.7416541280291875
1.7616891819101312
1.7818926046671966
1.8022651254588145
1.8228074693644107
1.8435203573275565
1.8644045060268832
1.885460627789942
1.9066894304903057
1.9280916174605618
1.949667887369803
1.9714189341502713
1.9933454468723686
2.015448109653302
2.037727601563995
2.060184596519608
2.0828197631674614
2.1056337648174006
2.1286272593129576
2.1518008989254773
2.1751553302805124
2.1986911942322105
2.222409125778171
2.246309753944877
2.270393701708755
2.294661585844376
2.319114016925571
2.3437515991078457
2.3685749301119974
2.3935846011058266
2.418781196587339
2.444165294328394
2.4697374652243935
2.4954982732675965
2.521448275410584
2.5475880214823547
2.5739180541072715
2.6004389086148274
2.627151112946179
2.6540551875899805
2.6811516454652065
2.70844099189261
2.7359237244399393
2.763600332932862
2.7914712993121005
2.8195370975949556
2.847798193802818
2.8762550458763934
2.904908103638839
2.9337578087082594
2.9628045944649344
2.9920488859651826
3.0214910999057363
3.0511316445853893
3.080970919836977
3.1110093169851756
3.141247218837194
3.171684999603583
3.202323024888677
3.2331616516661454
3.2642012282463453
3.2954420942429348
3.32688458057374
3.358529009437795
3.3903756943148435
3.42242493994188
3.4546770423186124
3.4871322887147835
3.5197909576726545
3.5526533190129634
3.5857196338557755
3.6189901546294214
3.6524651251159264
3.6861447804336307
3.72002934750873
3.7541190435230107
3.788414078274516
3.8229146526930546
3.857620959269659
3.8925331820934512
3.927651496914448
3.9629760712135638
3.9985070642504
4.034244627125553
4.0701889028634035
4.106340026483979
4.142698125059561
4.179263317830733
4.216035716262979
4.253015424134815
4.29020253764155
4.327597145482048
4.365199328947478
4.403009162025694
4.441026711519779
4.479252037115683
4.5176851915193845
4.556326220557919
4.59517516329333
4.634232052119475
4.673496912905518
4.71296976507921
4.752650621790111
4.792539489989772
4.832636370568144
4.872941258488128
4.913454142895045
4.954175007254915
4.995103829464546
5.0362405820074345
5.0775852320425106
5.119137741580764
5.160898067573991
5.202866162064111
5.2450419723106405
5.287425440917299
5.33001650597127
5.372815101171295
5.4158211559418685
5.459034595575725
5.502455341373852
5.546083310751115
5.589918417389301
5.633960571333682
5.6782096791451915
5.722665644023305
5.767328365914766
5.812197741659559
5.857273665087718
5.902556027165424
5.948044716096654
5.993739617457363
6.039640614307683
6.085747587282414
6.132060414750392
6.17857897291081
6.225303135869051
6.272232775803763
6.319367763034253
6.366707966146096
6.414253252083611
6.462003486262558
6.509958532659384
6.55811825393398
6.606482511492979
6.655051165619719
6.703824075532197
6.752801099508319
6.801982094967314
6.851366918525719
6.9009554261399915
6.950747473138164
7.000742914340734
7.050941604105721
7.101343396444476
7.151948145063878
7.20275570346973
7.253765925021744
7.304978663005654
7.356393770709802
7.4080111014915415
7.459830508834582
7.5118518464188675
7.564074968178048
7.616499728384252
7.669125981657025
7.721953583062999
7.774982388156477
7.828212253030328
7.88164303437494
7.9352745895201755
7.989106776478444
8.043139454012465
8.097372481672018
8.151805719817887
8.206439029699572
8.261272273460616
8.316305314204767
8.371538016022543
8.42697024402759
8.482601864392437
8.5384327443907
8.59446275241457
8.650691758015913
8.70711963194585
8.763746246158124
8.820571473859976
8.877595189522948
8.93481726892844
8.992237589170681
9.049856028685166
9.10767246728662
9.165686786164043
9.223898867928252
9.282308596604176
9.3409158576717
9.399720538071119
9.458722526223376
9.51792171204173
9.577317986949993
9.63691124390116
9.696701377375291
9.756688283407192
9.816871859590014
9.877252005089408
9.937828620649228
9.99860160860965