 0.12412153835802E-12
 0.24517834737388E-13
 0.77575961473766E-14
 0.31775113819654E-14
 0.15323646710867E-14
 0.82713228393519E-15
 0.96969951842207E-15
 0.28939542623917E-15
 0.21824789416102E-15
 0.52401369815620E-15
 0.19626179402909E-14
 0.10086009139623E-13
 0.41381103042575E-13
 0.14104698894663E-12
 0.41004969719525E-12
 0.10462473753899E-11
 0.23945702128248E-11
 0.50020040008639E-11
 0.96704092623656E-11
 0.17498695736270E-10
 0.29910154007180E-10
 0.48660085649586E-10
 0.75823738019658E-10
 0.11376542665619E-09
 0.16509208104516E-09
 0.23259552462516E-09
 0.31918767444701E-09
 0.42783318222956E-09
 0.56148346647953E-09
 0.72301488531913E-09
 0.91517374402696E-09
 0.11405294809868E-08
 0.14014367647560E-08
 0.17000069145753E-08
 0.20380881984784E-08
 0.24172544794839E-08
 0.28388013221695E-08
 0.33037485989738E-08
 0.38128484710404E-08
 0.43665977292356E-08
 0.49652534691156E-08
 0.56088511200757E-08
 0.62972240122227E-08
 0.70300236987836E-08
 0.78067404294556E-08
 0.86267231937992E-08
 0.94891989489747E-08
 0.10393290662825E-07
 0.11338033938731E-07
 0.12322392056798E-07
 0.13345269308105E-07
 0.14405522616194E-07
 0.15501971438783E-07
 0.16633406006834E-07
 0.17798594021909E-07
 0.18996285907375E-07
 0.20225218781526E-07
 0.21484119315914E-07
 0.22771705640592E-07
 0.24086688487150E-07
 0.25427771737557E-07
 0.26793652546141E-07
 0.28183021196138E-07
 0.29594560829238E-07
 0.31026947175574E-07
 0.32478848389700E-07
 0.33948925079948E-07
 0.35435830595129E-07
 0.36938211615579E-07
 0.38454709073304E-07
 0.39983959412446E-07
 0.41524596175924E-07
 0.43075251900720E-07
 0.44634560282835E-07
 0.46201158565821E-07
 0.47773690098791E-07
 0.49350807002140E-07
 0.50931172875237E-07
 0.52513465478690E-07
 0.54096379322664E-07
 0.55678628094877E-07
 0.57258946863342E-07
 0.58836093997683E-07
 0.60408852754222E-07
 0.61976032484805E-07
 0.63536469435182E-07
 0.65089027113045E-07
 0.66632596221340E-07
 0.68166094167739E-07
 0.69688464179841E-07
 0.71198674077589E-07
 0.72695714772617E-07
 0.74178598588752E-07
 0.75646357516973E-07
 0.77098041535523E-07
 0.78532717140593E-07
 0.79949466238094E-07
 0.81347385545430E-07
 0.82725586638513E-07
 0.84083196753146E-07
 0.85419360414375E-07
 0.86733241918040E-07
 0.88024028635897E-07
 0.89290935058033E-07
 0.90533207432302E-07
 0.91750128816396E-07
 0.92941024324539E-07
 0.94105266337081E-07
 0.95242279442367E-07
 0.96351544899994E-07
 0.97432604447041E-07
 0.98485063312230E-07
 0.99508592350507E-07
 0.10050292925894E-06
 0.10146787887982E-06
 0.10240331263494E-06
 0.10330916716582E-06
 0.10418544227509E-06
 0.10503219827804E-06
 0.00000000000000E+00
