0.03873203254101203
0.055280165216463575
0.07690515457664496
0.10469238075700085
0.13990225175111065
0.18399998608970328
0.23868994490347129
0.30595407722236223
0.3880920225071722
0.48775451614371096
0.6079448563244232
0.7519226418006941
0.922876733726509
1.1232430023127844
1.3539029115839514
1.6140025889327236
1.901644214432964
2.214728429891866
2.5514014660733175
2.910164354501129
3.2898411337366675
3.689514527106187
4.108466265630312
4.546130104604454
5.002056735844847
5.4758879677456695
5.967337710431321
6.4761778672217245
7.002227757892849
7.545346099122682
8.105424853009035
8.68238445394973
9.2761700632362
9.88674859644555
10.514106339273072
11.1582470109735
11.819190176767083
12.49696992864808
13.191633776886325
13.903241707025764
14.631865367658417
15.377587361976133
16.140500622149375
16.920707850110656
17.718321149617978
18.533460874485506
19.366256579936195
20.216845245478748
21.085371589424415
21.971987575808566
22.876852075504534
23.80013054099514
24.74199469269113
25.702622215052585
26.68219646111019
27.680906164205332
28.698945156044708
29.736512090240677
30.793810170722544
31.871046884461435
32.968433738086986
34.08618599799733
35.22452243370644
36.383665064143486
37.5638389067453
38.765271729178174
39.98819380358597
41.23283766332005
42.49943786210815
43.78823073565139
45.099454165732084
46.43334734687059
47.79015055564797
49.170104922827456
50.573452208425564
52.00043457994644
53.45129439395769
54.926273981278726
56.425615436034185
57.949560408830656
59.49834990439627
61.072224083975605
62.67142207281048
64.29618177307003
65.94673968254457
67.62333071951664
69.32618805410041
71.05554294648594
72.8116245923954
74.59465997612062
76.40487373150515
78.2424880111886
80.10772236443108
82.00079362385414
83.92191580135082
85.87129999346612
87.84915429645999
89.85568373130717
91.89109017879805
93.95557232494059
96.04932561677344
98.17254222872297
100.32541103957482
102.50811762011936