136.30911012567208
136.36456177514899
136.45696589872736
136.58629955110203
136.75252942538398
136.9556157353489
137.19550443826458
137.47213384401851
137.78543204086884
138.13531424484086
138.52168524680232
138.9444378094514
139.4034567553107
139.89861575450257
140.42977608485631
140.99680261078254
141.5995580451862
142.23789617169905
142.91168117864194
143.62078178423684
144.3650737202598
145.1444413632442
145.95878255028745
146.80800536595643
147.69203236175386
148.6108003735698
149.56426032132342
150.55237784689
151.57513689511356
152.63253231768212
153.72457680005502
154.8512985852378
156.0127390580488
157.20895923442833
158.44002801873808
159.7060347470804
161.00707978017223
162.34327982158985
163.71476226389606
165.12166915972523
166.5641506751038
168.0423944748602
169.55656673882012
171.1068583564691
172.6934872238924
174.3166364940932
175.97657423606813
177.67351621876685
179.4077158811694
181.1794317266569
182.9889303837486
184.83648954482035
186.72239575629607
188.6469005317078
190.61043211598223
192.6131742238824
194.65548505453359
196.73768698630036
198.86011076397577
201.0230880041432
203.22695718631877
205.47205939734127
207.75874375996426
210.08735296051213
212.458238650917
214.87175019927574
217.32824001719072
219.82803261372595
222.37152804049686
224.9590350380944
227.5908935543679
230.2674365653079
232.98899733130818
235.75589500700528
238.56843677548727
241.42693008970957
244.33165557169036
247.28289452347258
250.28090494031085
253.3259311692845
256.4181969656735
259.557917767951
262.7452731927721
265.980424909118
269.2635177324624
272.5946617633407
275.9739423091446
279.4014226720836
282.87713185140063
286.4010608576043
289.97290680568426
293.59341189231446
297.26166182616475
300.977797490452
304.74164732439965
308.51579297617843
312.41164315714946
316.31729426608064
320.2696631726187
324.26843628504537
328.31326912606806
332.40380251518883
336.5396633825707
340.7204651660707
344.94583226452323
349.21536636919063
353.5286839030482
357.8854181627858
362.28521070152556
366.72770126260974
371.2125919691904
375.739557565578
380.3083250418657
384.9186375449022
389.5702622376598
394.26298980213846
398.9966338441172
403.77103013913114
408.5860355458444
413.441526807793