188.65631669470497
188.71531573892483
188.8136342273264
188.95125166669297
189.12814105933361
189.34426463028925
189.59957797091377
189.89402689524485
190.2275519705647
190.60008321622428
191.01154842565734
191.4618744590859
191.95098816323147
192.4788226714844
193.0453193168163
193.65042855396507
194.29411332371853
194.97634826203168
195.69712007921487
196.4564296337989
197.25428684691522
198.0907235547404
198.96577325556763
199.87947871889543
200.83190530849998
201.82312203347263
202.85320966363284
203.92225907346693
205.03037189658923
206.1776549987768
207.3642433187869
208.59025697354028
209.85584013646073
211.16114488557866
212.50633365315846
213.8915773180759
215.31705829390341
216.7829675248178
218.2895071683307
219.83688851439666
221.42532860599877
223.0550706770001
224.72634438541007
226.4393852889097
228.19449788889563
229.99191219604305
231.8319112979396
233.71478397917795
235.64082412914422
237.61033170761374
239.62360938418945
241.68098351015217
243.78277640473993
245.92929611556073
248.1208791042818
250.35791167457475
252.6406682511163
254.9695130353342
257.34479955839146
259.76686404611297
262.23605545372516
264.75269811213207
267.3171878089564
269.9298032693793
272.5908992060874
275.3007931665074
278.05980257650737
280.86822812123756
283.7263619786891
286.63448048797653
289.59283992574393
292.60168045096526
295.66122484220506
298.77165273980046
301.9331450302772
305.1458314563232
308.40982187353006
311.72517816193454
315.0919569318071
318.5101304546977
321.979660443958
325.5004580568038
329.07238697893484
332.6952656714196
336.36886835819996
340.09291704709466
343.8671075109893
347.69104929635256
351.5643583250392
355.48658853793825
359.45727684769963
363.47591850334135
367.5419976809777
371.6561411742941
375.8143688831241
380.02415323077105
384.2724259840741
388.5661015986724
392.9053895592861
397.2890822885907
401.7163756211611
406.1865427511846
410.6995884649816
415.2550322563833
419.85259398723554
424.49201785701945
429.17305370204383
433.8955261635631
438.65921747058746
443.46399164626825
448.30970640479967
453.1962292130836
458.12352928721447
463.09145774384797
468.09997174375474
473.14902069036134
478.23856568610904
483.36857908160323
488.53904342382856
493.7499505096994