3.971889227456797e-12
3.971889227456797e-12
3.971889227456797e-12
3.971889227456797e-12
3.971889227456797e-12
3.971889227456797e-12
3.971889227456797e-12
3.971889227456797e-12
7.943778454913594e-12
7.943778454913594e-12
7.943778454913594e-12
1.1915667682370391e-11
1.1915667682370391e-11
7.943778454913594e-12
8.067899993271618e-12
9.184993838493843e-12
1.899059536877781e-11
4.2449566118444516e-11
1.5068354756664224e-10
5.240411349475811e-10
1.6740271878346818e-9
4.847318437495947e-9
1.292179687230054e-8
3.188123773495049e-8
7.351842838484173e-8
1.5964872216070401e-7
3.2857279863982653e-7
6.444705540256082e-7
1.2106104876242342e-6
2.1870049977037974e-6
3.8137221440994725e-6
6.440225000964434e-6
0.000010561855569390197
0.000016863920389522163
0.00002627391368485144
0.00004002218176408734
0.0000597114398952671
0.00008739483407893077
0.00012566279447397954
0.000177738038023135
0.0002475786278074532
0.0003399884113021724
0.000460734136619568
0.0006166688367653725
0.0008158603958453005
0.0010677248054521441
0.001383163181314872
0.0017747018693328191
0.0022566348383009772
0.002845167653198954
0.0035585625038853756
0.004417283535779987
0.005444142111906548
0.0066644414353374355
0.00810612025971731
0.009799895242145392
0.011779401882934018
0.01408133360453711
0.016745579124552202
0.019815357735288624
0.02333735268601382
0.027361842477351295
0.03194283016514144
0.03713817049428551
0.04300969511156055
0.049623335579745374
0.05704924427373662
0.06536191309026396
0.07464028977434753
0.08496789168649353
0.09643291700169092
0.10912835269390855
0.12315207940613476
0.13860697258435853
0.15560099954110895
0.17424731200543916
0.19466433374702272
0.2169758426867715
0.24131104706066633
0.2678046552200006
0.29659693835806133
0.3278337860047454
0.3616667536788032
0.39825310237723105
0.4377558296433881
0.48034369194722715
0.5261912181800364
0.5754787142703954
0.6283922587424857
0.6851236895412103
0.7458705820651637
0.8108362187506489
0.8802295506004549
0.9542651509305861
1.0331631619051576
1.1171492344559857
1.2064544620981283
1.3013153093483731
1.4019735356414662
1.508676115193398
1.6216751539305816
1.741227804139539
1.86759617773437
2.001047258961452
2.1418528174575178
2.2902893224395937
2.446637858808025
2.611184046020267
2.784217960308755
2.966034061079692
3.1569311218184293
3.3572121661810304
3.5671844095351317
3.787159206153679
4.017452002173606
4.258382294163198
4.510273593146083
4.773453393294929
5.048253144843402
5.335008229928641