-0.00000000000000E+00
-0.00000000000000E+00
-0.00000000000000E+00
-0.00000000000000E+00
-0.18954340968075E-15
 0.22120714738624E-15
-0.57934426762520E-17
-0.56036937641174E-16
-0.10072113128127E-14
-0.94303502687481E-14
-0.60211407292084E-13
-0.27793118257441E-12
-0.10053663189978E-11
-0.30025786713641E-11
-0.76967557063338E-11
-0.17434452283266E-10
-0.35681250937991E-10
-0.67125186436702E-10
-0.11765714297200E-09
-0.19425005389106E-09
-0.30472150859479E-09
-0.45745629161506E-09
-0.66108766480580E-09
-0.92418516432054E-09
-0.12549747814016E-08
-0.16611004991078E-08
-0.21494368444646E-08
-0.27259705847927E-08
-0.33957235426760E-08
-0.41627298338589E-08
-0.50300564075884E-08
-0.59998539990163E-08
-0.70734322738803E-08
-0.82513518359840E-08
-0.95335249905605E-08
-0.10919319738716E-07
-0.12407661677446E-07
-0.13997130103062E-07
-0.15686045570681E-07
-0.17472546748601E-07
-0.19354655480142E-07
-0.21330303790310E-07
-0.23397460575053E-07
-0.25554140114323E-07
-0.27798192109446E-07
-0.30127079147892E-07
-0.32540272175629E-07
-0.35034350520733E-07
-0.37607838865924E-07
-0.40258762163096E-07
-0.42985093212894E-07
-0.45784718136092E-07
-0.48721822019819E-07
-0.51594381117123E-07
-0.54599477998844E-07
-0.57668479375557E-07
-0.60797421184137E-07
-0.63983436488318E-07
-0.67223113247803E-07
-0.70512828517038E-07
-0.73848729858860E-07
-0.77226700708885E-07
-0.80642467180947E-07
-0.84090737256935E-07
-0.87568184639340E-07
-0.91066829873495E-07
-0.94581421668600E-07
-0.98106875655925E-07
-0.10163595709901E-06
-0.10516128728192E-06
-0.10867672492406E-06
-0.11217234018091E-06
-0.11564114542596E-06
-0.11907384622171E-06
-0.12246154614711E-06
-0.12579161515480E-06
-0.12905617199158E-06
-0.13224471974761E-06
-0.13534392779308E-06
-0.13834522793483E-06
-0.14123711372032E-06
-0.14400969316926E-06
-0.14665371217766E-06
-0.14916095312262E-06
-0.15152445404094E-06
-0.15373867942814E-06
-0.15579962747702E-06
-0.15770487444654E-06
-0.15945355447712E-06
-0.16104628288561E-06
-0.16248502503954E-06
-0.16377294108099E-06
-0.16491420385417E-06
-0.16591381332918E-06
-0.16677741322053E-06
-0.16751111878236E-06
-0.16812136153329E-06
-0.16861475258020E-06
-0.16900000161365E-06
-0.16927764918734E-06
-0.16946033237354E-06
-0.16955238281828E-06
-0.16955995362504E-06
-0.16948894851900E-06
-0.16934500427970E-06
-0.16913347567412E-06
-0.16885942915222E-06
-0.16852764236596E-06
-0.16814260715476E-06
-0.16770853619142E-06
-0.16722937211880E-06
-0.16670879804305E-06
-0.16615024957745E-06
-0.16555692694499E-06
-0.16493180775681E-06
-0.16427765962120E-06
-0.16359705301636E-06
-0.16289237334293E-06
-0.16216583294231E-06
-0.16141948249758E-06
