0.
0.
0.
0.
0.
0.
0.
0.
0.
6.206076917901245e-13
9.681479991925942e-12
9.197405992329646e-11
6.304132933204085e-10
3.3263331064567094e-9
1.4233140925053073e-8
5.132797975719404e-8
1.606816616029195e-7
4.4684237882888563e-7
1.1242194144962816e-6
2.5966966830082806e-6
5.572275975434431e-6
0.000011218157636695169
0.00002136052560073059
0.000038728769549981396
0.00006724521313387032
0.00011235574892268029
0.00018139699562760817
0.00028399364540259336
0.00043247920942146405
0.0006423326223399174
0.0009326239176836448
0.0013264621076349789
0.0018514394706180977
0.002540067455591408
0.0034301999881279047
0.0045654416977145675
0.005995538439362552
0.0077767499331514705
0.00997220384611423
0.012652231510464391
0.015894687459726217
0.019785252025377745
0.024417720765688145
0.029894281310989347
0.03632577925931796
0.043831975161371904
0.05254179360537945
0.06259356541433989
0.07413526376242592
0.0873247342608171
0.10232991877204414
0.11932907236475652
0.13851097207733734
0.16007511607860722
0.18423191124414076
0.21120284643465076
0.2412206504283577
0.2745294295038813
0.31138478437141837
0.35205390233087447
0.3968156226049739
0.44596047260819344
0.4997906727799311
0.5586201085780946
0.6227742679988011
0.6925901436252451
0.7684160985019635
0.8506116953962268
0.9395474891980636
1.0356047823778674
1.1391753434964966
1.2506611103346073
1.3704737790960368
1.4990344998212453
1.636773465486561
1.7841296379945912
1.9415508172845966
2.1094822808031064
2.288395501443181
2.4787532355366184
2.681027604745485
2.8956952510014515
3.1232364348498245
3.364134042724241
3.6188725019255825
3.887938267908238
4.171810185652328
4.47097482545098
4.785908457793471
5.117083144186116
5.464964975143142
5.830011016684636
6.212668506483385
6.613373249225852
7.0325482705561635
7.4706026660555125
7.927930661918523
8.40491093348964
8.901906203632523
9.419263130510013
9.957312479503399
10.516369559876946
11.09673489472254
11.698695083962832
12.322523814882162
12.968482973284162
13.636823809971697
14.327788121755859
15.041609411994708
15.778514002721884
16.538722077334302
17.322448639533324
18.12990438002411
18.961296447497197
19.81682912423901
20.696704409731126
21.601122517743626
22.53028229364647
23.48438155987176
24.463617395454452