0.
0.
0.
0.
0.
1.9859446137283985e-12
0.
4.964861534320996e-13
1.5639313833111137e-11
1.8767176599733364e-10
1.6422520740150275e-9
1.0205397005335166e-8
4.865216763327174e-8
1.88213060026113e-7
6.153782031360242e-7
1.7537050234390023e-6
4.460224195343387e-6
0.000010312416085165915
0.000021994575406881813
0.000043784741258318716
0.0000821346478100853
0.00014632889494574928
0.00024920570354097316
0.0004079164577304148
0.0006447068198703589
0.0009876976529888427
0.0014716501977980335
0.0021387030221104732
0.003039071469042577
0.004231704687923608
0.005784896711811635
0.00777685346739499
0.010296217699872571
0.013442556477176272
0.01732681641886979
0.022071752498330717
0.027812336088584227
0.034696147458438714
0.04288375736032413
0.05254910071469139
0.0638798447866426
0.07707775228040493
0.09235903840137359
0.10995471966506547
0.1301109504786118
0.15308934662358073
0.1791672601859296
0.20863808722264038
0.24181144899989407
0.2790134010044321
0.3205865472195262
0.3668901077561978
0.41829991243923775
0.4752083188712277
0.5380240483393975
0.6071719362641841
0.683097470330668
0.7662419179611738
0.8570906740658942
0.9561237254744644
1.0638393534597324
1.1807483839830024
1.3073732102842106
1.4442466894603152
1.5919109029174865
1.7509157684621857
1.9218174899063538
2.105176828721534
2.301557182534066
2.51152245717215
2.7356347241881984
2.9744516645732673
3.2285238126176963
3.4983916317507755
3.78458247659187
4.087607519792482
4.407958747256874
4.746106142777487
5.102495122444484
5.477544733874213
5.871645939530256
6.2851609941758415
6.7184233561510265
7.1717383447222245
7.645384456994349
8.139615247416247
8.654661642850447
9.190734551209843
9.748027621976307
10.32672002968863
10.926979172624401
11.548963204410093
12.192823342108232
12.85870591785768
13.546754161049162
14.257109713054989
14.989913887463969
15.745308695807514
16.52343766239893
17.324446453570403
18.148483346234418
18.99569955938248
19.866249470595008
20.76029073778325
21.677984332252493
22.619494528140343
23.584988819784527
24.574637818181593
25.588615087188668
26.627096986043753
27.690262478327316
28.778292931869025
29.89137191077778
31.02968496316834
32.1934194081136
33.38276412155869
34.597909330011845
35.839046404900095
37.10636766549032
38.40006618904188