1.9859446137283985e-12
1.9859446137283985e-12
1.9859446137283985e-12
1.9859446137283985e-12
1.9859446137283985e-12
1.9859446137283985e-12
1.9859446137283985e-12
1.9859446137283985e-12
1.9859446137283985e-12
1.9859446137283985e-12
1.9859446137283985e-12
1.9859446137283985e-12
1.9859446137283985e-12
1.9859446137283985e-12
1.9859446137283985e-12
1.9859446137283985e-12
1.9859446137283985e-12
1.9859446137283985e-12
1.9859446137283985e-12
3.971889227456797e-12
1.9859446137283985e-12
1.9859446137283985e-12
6.206076917901245e-12
4.840739995962971e-12
7.074927686407419e-12
1.3901612296098789e-11
3.14027492045803e-11
8.241670146972853e-11
2.1001364290177814e-10
4.971067611238898e-10
1.1421663959705452e-9
2.4748593533206587e-9
5.1507955987813176e-9
1.0292282082185783e-8
1.9800488406563922e-8
3.682437800005883e-8
6.63666694661907e-8
1.1617056085388655e-7
1.9795486308568094e-7
3.28997666665626e-7
5.342776864590442e-7
8.49142378281072e-7
1.3227362999076478e-6
2.02222074689353e-6
3.0379031992664817e-6
4.489502852662046e-6
6.5334230233774796e-6
9.371512018913678e-6
0.000013261087938142198
0.000018526566501140182
0.000025572569152491723
0.00003489890366211692
0.00004711719281188724
0.00006296940152117006
0.00008334827345811932
0.00010931967974326458
0.00014214695905906147
0.00018331727150728056
0.00023456987945327898
0.0002979264563920877
0.00037572333868893823
0.0004706457115057221
0.0005857636466208018
0.0007245700082779754
0.0008910201249125657
0.0010895730915862817
0.0013252348636199993
0.0016036027457249982
0.0019309114384871407
0.002314080932772512
0.0027607636867105724
0.0032793968591405343
0.0038792520806105444
0.004570488023938159
0.005364203711308034
0.006272492714672318
0.007308498243992418
0.008486469069205133
0.009821816228746975
0.011331170358686192
0.013032439823928151
0.014944869352361221
0.017089099343354956
0.01948722575938126
0.02216286047986419
0.025141192336456963
0.028449048504796067
0.03211495656613926
0.03616920701571706
0.04064391633968491
0.04557309062132966
0.05099268969105247
0.056940691913964094
0.06345715945497564
0.07058430429681066
0.07836655482810748
0.08685062310723905
0.0960855728503822
0.1061228881270794
0.11701654283987646
0.12882307094608292
0.1416016375154908
0.15541411065731672
0.17032513424574192
0.18640220156866816
0.20371572991967338
0.22233913604590935
0.24234891258487565
0.2638247055095571
0.28684939246264374
0.3115091621892262
0.33789359562192156
0.3660957446488979
0.3962122186191393
0.4283432650986495
0.46259285558183516
0.49906877110979864
0.5378826892884729
0.5791502724376282
0.6229912574866406