 0.53426313063102E-13
 0.13356578265775E-13
 0.60081322871248E-14
 0.29105878989227E-13
 0.15997428295948E-11
 0.23666952452118E-10
 0.15662250545712E-09
 0.62941413266161E-09
 0.18197540414053E-08
 0.41873491829375E-08
 0.81768575925406E-08
 0.14141398761817E-07
 0.22309153713767E-07
 0.32789121052681E-07
 0.45600802349889E-07
 0.60711931019663E-07
 0.78087409477356E-07
 0.97676624505154E-07
 0.11949023301097E-06
 0.14359052446823E-06
 0.17009776439443E-06
 0.19915415853867E-06
 0.23100436485888E-06
 0.26597102659804E-06
 0.30435097884962E-06
 0.34653812576125E-06
 0.39293782593245E-06
 0.44397877013825E-06
 0.50009713117358E-06
 0.56170602069717E-06
 0.62919535885033E-06
 0.70283583138204E-06
 0.78274998228459E-06
 0.86875806756630E-06
 0.96018854025412E-06
 0.10555684474238E-05
 0.11522604828062E-05
 0.12461007899087E-05
 0.13312000194466E-05
 0.14003255268553E-05
 0.14463858197741E-05
 0.14647444646523E-05
 0.14549840223298E-05
 0.14209009186320E-05
 0.13688707720192E-05
 0.13057591564162E-05
 0.12374282331660E-05
 0.11681469701734E-05
 0.11006552036882E-05
 0.10365089235735E-05
 0.97645610055100E-06
 0.92073841610633E-06
 0.86930282388961E-06
 0.82193772258772E-06
 0.77835650219476E-06
 0.73824649404034E-06
 0.70129637959579E-06
 0.66721057797372E-06
 0.63571593488830E-06
 0.60656412029887E-06
 0.57953150211840E-06
 0.55441783260464E-06
 0.53104434528885E-06
 0.50925165240927E-06
 0.48889749606175E-06
 0.46985513322953E-06
 0.45201274056134E-06
 0.43526679755083E-06
 0.41952719530411E-06
 0.40471258826312E-06
 0.39075150433086E-06
 0.37757422471200E-06
 0.36512424727403E-06
 0.35334531000450E-06
 0.34218948570566E-06
 0.33161188485664E-06
 0.32157192898326E-06
 0.31203255543195E-06
 0.30295985756742E-06
 0.29432281238103E-06
 0.28609297167089E-06
 0.27824420302162E-06
 0.27075247197648E-06
 0.26359559884467E-06
 0.25675313457045E-06
 0.25020616934399E-06
 0.24393720938688E-06
 0.23793003585134E-06
 0.23216960672679E-06
 0.22664194642810E-06
 0.22133405649959E-06
 0.21623383554238E-06
 0.21132999991415E-06
 0.20661202431453E-06
 0.20207007657543E-06
 0.19769496426468E-06
 0.19347808491252E-06
 0.18941138095052E-06
 0.18548729871306E-06
 0.18169875092139E-06
 0.17803908266185E-06
 0.17450204015647E-06
 0.17108174226523E-06
 0.16777265445438E-06
 0.16456956412158E-06
 0.16146756011097E-06
 0.15846201090893E-06
 0.15554854687822E-06
 0.15272304275602E-06
 0.14998160201394E-06
 0.14732054214865E-06
 0.14473638112682E-06
 0.14222582489771E-06
 0.13978575575814E-06
 0.13741322155808E-06
 0.13510542577642E-06
 0.13285971805733E-06
 0.13067358579221E-06
 0.12854464568916E-06
 0.12647063677378E-06
