3.971889227456797e-12
3.971889227456797e-12
3.971889227456797e-12
3.971889227456797e-12
3.971889227456797e-12
3.971889227456797e-12
3.971889227456797e-12
3.971889227456797e-12
3.971889227456797e-12
3.971889227456797e-12
3.971889227456797e-12
3.971889227456797e-12
3.971889227456797e-12
3.971889227456797e-12
3.971889227456797e-12
3.971889227456797e-12
5.9578338411851955e-12
5.9578338411851955e-12
7.943778454913594e-12
4.096010765814822e-12
8.440264608345693e-12
7.819656916555568e-12
1.5018706141321012e-11
2.9913290744284e-11
7.956190608749397e-11
2.1249607366893863e-10
5.548232764603713e-10
1.360868546557385e-9
3.1473498481444377e-9
6.931194944988827e-9
1.4545927201715296e-8
2.9227395123317556e-8
5.6442531866774814e-8
1.0509730605235207e-7
1.8930880496673765e-7
3.3071588112111616e-7
5.616915417854127e-7
9.295026341032848e-7
1.5016284530107649e-6
2.372430412099927e-6
3.671453043861198e-6
5.5734111910242534e-6
8.310204723228006e-6
0.000012185052008350347
0.000017588971639222105
0.000025019715684845092
0.00003510338781460639
0.0000486186950332935
0.00006652409926761017
0.00008998784522110059
0.0001204208152212312
0.00015951243559449307
0.00020926937701733268
0.0002720571692408034
0.0003506446028402393
0.00044825081745150484
0.0005685950303206092
0.0007159486644950207
0.0008951899169961836
0.0011118604346998762
0.0013722241009033302
0.0016833276171862794
0.002053062889130327
0.0024902308786584086
0.00300460687756587
0.0036070070256182113
0.004309355845204228
0.00512475475208093
0.00606755127584542
0.007153409028363159
0.008399378137527877
0.009823966113957418
0.011447209028365784
0.013290743021953273
0.015377875860983894
0.017733658703486463
0.020384957878367888
0.02336052669654978
0.02669107727650319
0.030409352351040964
0.03455019707646844
0.03915063077359139
0.04424991871775199
0.04988964395877807
0.056113779132988595
0.06296875841483587
0.07050354950975608
0.07876972589091871
0.08782153917524024
0.09771599176551451
0.10851290974525447
0.12027501614217496
0.13306800458402357
0.14696061329798007
0.16202469963980645
0.17833531505717404
0.19597078065771106
0.21501276322028776
0.23554635189256992
0.2576601354436437
0.281446280149412
0.30700060832243004
0.3344226774928825
0.3638158603056177
0.395287425025129
0.42894861677322604
0.4649147395480507
0.5033052388254713
0.5442437850769904
0.587858357946614
0.6342813312937163
0.6836495590542382
0.7361044620972156
0.7917921159533872
0.8508633396049156
0.9134737854888938
0.9797840306643673
1.0499596693827973
1.1241714071749183
1.2025951565622208