3.971889227456797e-12
3.971889227456797e-12
3.971889227456797e-12
3.971889227456797e-12
3.971889227456797e-12
3.971889227456797e-12
3.971889227456797e-12
3.971889227456797e-12
3.971889227456797e-12
3.971889227456797e-12
3.971889227456797e-12
3.971889227456797e-12
3.971889227456797e-12
3.971889227456797e-12
3.971889227456797e-12
3.971889227456797e-12
3.971889227456797e-12
5.9578338411851955e-12
5.9578338411851955e-12
5.9578338411851955e-12
6.454319994617295e-12
5.709590764469145e-12
1.0177966145358043e-11
2.482430767160498e-11
6.87633322503458e-11
1.884164952274818e-10
4.915212918977786e-10
1.2129156728346193e-9
2.8192966222641776e-9
6.231397711726283e-9
1.3121384305980245e-8
2.6449306851788242e-8
5.1228186040354185e-8
9.567039933559844e-8
1.7278711111743932e-7
3.026140201076292e-7
5.152049226318734e-7
8.545149790688992e-7
1.3834541981631646e-6
2.1902136635918904e-6
3.39607650237393e-6
5.164957121578738e-6
7.714821879313768e-6
0.000011331176875811685
0.0000163828296511003
0.000023340022845270523
0.00003279515405511754
0.00004548610720794906
0.00006232240298377273
0.00008441408512443201
0.0001131035255848382
0.0001500000837348553
0.00019701759329807182
0.0002564147135191918
0.00033083801894904813
0.0004233677454305366
0.0005375661493394186
0.0006775283164878052
0.0008479352548639464
0.0010541092337236222
0.001302071064687122
0.001598599330799648
0.0019512912482864337
0.0023686250820612793
0.002860023903981889
0.003435920538451846
0.004107823555360124
0.004888384125417053
0.005791463545498343
0.006832201394774772
0.008027084102180646
0.009394013813263413
0.010952377495594875
0.012723116079681154
0.014728793646294125
0.01699366654230882
0.019543752312840997
0.02240689848046691
0.025612851059567798
0.029193322800585814
0.03318206113117525
0.037614915842408045
0.04252990640559364
0.04796728907163789
0.05396962368442594
0.06058184024769973
0.06785130538270855
0.07582788856591624
0.08456402840220713
0.09411479883876188
0.10453797553160282
0.11589410234395643
0.12824655820183747
0.14166162427185272
0.15620855171145323
0.1719596300601503
0.1889902563722332
0.2073790052945488
0.22720770024896234
0.24856148583071322
0.27152890164012605
0.2962019577390729
0.32267621189850887
0.35105084888731114
0.3814287620042419
0.41391663709581783
0.448625039372375
0.4856685031596092
0.5251656250691666
0.5672391607196088
0.6120161255069653
0.6596278996036115
0.7102103377750483
0.7639038842335328
0.8208536931223601
0.8812097549770912
0.9451270297823541
1.012765587078746
1.084290753748391
1.1598732700516028