3.971889227456797e-12
3.971889227456797e-12
3.971889227456797e-12
3.971889227456797e-12
3.971889227456797e-12
3.971889227456797e-12
3.971889227456797e-12
3.971889227456797e-12
3.971889227456797e-12
3.971889227456797e-12
3.971889227456797e-12
3.971889227456797e-12
3.971889227456797e-12
3.971889227456797e-12
3.971889227456797e-12
3.971889227456797e-12
5.9578338411851955e-12
5.9578338411851955e-12
6.206076917901245e-12
6.702563071333345e-12
9.184993838493843e-12
1.6632286139975338e-11
4.964861534320996e-11
1.4025733834456815e-10
3.971889227456797e-10
1.0453515960512856e-9
2.581727997846918e-9
6.0179086657504796e-9
1.3274302041237331e-8
2.7867519549067036e-8
5.593413004566034e-8
1.0776678797781811e-7
2.0005909552546454e-7
3.5895526879910387e-7
6.242687806855328e-7
1.055018677944762e-6
1.7365544057548437e-6
2.789603026642787e-6
4.381421044219875e-6
6.739392414194938e-6
0.000010167304601699242
0.000015064565822584306
0.00002194849131387717
0.00003147996719953744
0.00004449253986242997
0.00006202509366997144
0.00008535817936246312
0.00011605397101047608
0.00015599997814525772
0.00020745629287055088
0.00027310641788079454
0.00035611149789190624
0.00046016787852226485
0.0005895676810788325
0.0007492623634592459
0.0009449289397372597
0.0011830386546239759
0.0014709279293532234
0.0018168712416287511
0.002230155787460223
0.002721157577844198
0.003301418843437881
0.00398372640067831
0.004782190823202082
0.005712326174294439
0.006791130115178363
0.008037164155298713
0.009470633951758501
0.011113469436226217
0.012989404645192684
0.015124057144350478
0.017545006944075046
0.020281874830293378
0.02336639999927909
0.026832517004814177
0.030716431964096957
0.035056697981187816
0.039894289825229266
0.0452726778880163
0.05123790135761517
0.05783864084237197
0.06512629025937695
0.0731550283029016
0.08198188939028404
0.09166683429775875
0.10227282053414169
0.11386587259610348
0.1265151522624166
0.1402930290071113
0.1552751507480075
0.1715405150413399
0.18917154096898114
0.20825414180887172
0.2288777987776119
0.25113563602022687
0.27512449702186814
0.3009450227788136
0.3287017318908693
0.3585031028693402
0.39046165897708063
0.4246940558270218
0.46132117211029966
0.5004682038089711
0.5422647621435464
0.586844975809667
0.6343475977280896
0.6849161169025193
0.7386988756958464
0.7958491932094368
0.8565254950611378
0.9208914503196346
0.9891161161137373
1.0613740905051852
1.13784567439427
1.2187170430922944
1.3041804283152731
1.3944343114019468
1.4896836285067918
1.5901399886425898
1.6960219053435963