 0.79104603075678E-29
 0.19776150768920E-29
 0.87894003417420E-30
 0.49440376922299E-30
 0.31641841230271E-30
 0.21973500854355E-30
 0.16143796546057E-30
 0.12360094230575E-30
 0.97660003797134E-31
 0.79104603075678E-31
 0.65375705021222E-31
 0.54933752135888E-31
 0.46807457441230E-31
 0.40359491365142E-31
 0.35157601366968E-31
 0.30900235576437E-31
 0.31534073066957E-16
 0.23663145172343E-17
-0.95603400074450E-17
-0.78435674934934E-18
 0.19848292034152E-16
 0.53486178109602E-16
 0.18264009067323E-15
 0.42865636139113E-15
 0.10543240926701E-14
 0.23549925808984E-14
 0.50355248593819E-14
 0.10128791754185E-13
 0.19435892371204E-13
 0.35554740734666E-13
 0.62524257076607E-13
 0.10607134266296E-12
 0.17390459150365E-12
 0.27660210961887E-12
 0.42812617946236E-12
 0.64590625114338E-12
 0.95208124305346E-12
 0.13736754685061E-11
 0.19432318227903E-11
 0.26994645200016E-11
 0.36871603361186E-11
 0.49583818953059E-11
 0.65715703094037E-11
 0.85927325293070E-11
 0.11095127790115E-10
 0.14158783610822E-10
 0.17870932993970E-10
 0.22325645199272E-10
 0.27623188276286E-10
 0.33869962360081E-10
 0.41177793882206E-10
 0.49663591217372E-10
 0.59448615326711E-10
 0.70657914605218E-10
 0.83419671497192E-10
 0.97864732578170E-10
 0.11412558125937E-09
 0.13233616035222E-09
 0.15263089037177E-09
 0.17514427586692E-09
 0.20001027679292E-09
 0.22736174439678E-09
 0.25733003582570E-09
 0.29004452445073E-09
 0.32563213027872E-09
 0.36421715522701E-09
 0.40592082125243E-09
 0.45086111801538E-09
 0.49915261231192E-09
 0.55090616461586E-09
 0.60622905463342E-09
 0.66522467913600E-09
 0.72799269698961E-09
 0.79462897205727E-09
 0.86522559233551E-09
 0.93987102990936E-09
 0.10186500435885E-08
 0.11016440410788E-08
 0.11889310351890E-08
 0.12805857956085E-08
 0.13766800373209E-08
 0.14772825836658E-08
 0.15824594318554E-08
 0.16922739244024E-08
 0.18067869622125E-08
 0.19260570493363E-08
 0.20501403417546E-08
 0.21790909253500E-08
 0.23129606797529E-08
 0.24517994948595E-08
 0.25956552534804E-08
 0.27445738261569E-08
 0.28985990877631E-08
 0.30577729107390E-08
 0.32221351245307E-08
 0.33917234128746E-08
 0.35665733125630E-08
 0.37467180914416E-08
 0.39321886185827E-08
 0.41230133762924E-08
 0.43192168765429E-08
 0.45208263150358E-08
 0.47278581419500E-08
 0.49403312377127E-08
 0.51582601683636E-08
 0.53816564693514E-08
 0.56105285701799E-08
 0.58448817067076E-08
 0.60847179345759E-08
 0.63300360923569E-08
 0.65808317984420E-08
 0.68370975175335E-08
 0.70988225496853E-08
 0.73659931474446E-08
 0.76385925681595E-08
 0.79166012114201E-08
 0.81999967037497E-08
 0.84887540394267E-08
 0.87828457270564E-08
 0.90822419065385E-08
