-0.25299387690157E-33
-0.40479020304251E-32
-0.20492504029027E-31
-0.64766432486801E-31
-0.15812117306348E-30
-0.32788006446443E-30
-0.60743829844066E-30
-0.10362629197888E-29
-0.16598928263512E-29
-0.25299387690157E-29
-0.37040833517158E-29
-0.52460810314309E-29
-0.72257581181856E-29
-0.97190127750506E-29
-0.12807815018142E-28
-0.16580206716621E-28
-0.16456910810307E-14
-0.50562280392566E-15
 0.16148782709956E-13
 0.38843555693618E-14
 0.90512470932250E-14
 0.24767353541994E-13
-0.46210188488296E-13
-0.37920095293130E-13
-0.33965771547642E-13
 0.56486195021265E-13
-0.20900735130329E-14
 0.12354550090402E-12
-0.32663448553163E-12
 0.13849605116525E-12
 0.30751646282002E-12
-0.48077712026862E-12
 0.62200641447573E-12
 0.78486698165977E-12
-0.47233740762469E-13
-0.36664905891647E-12
-0.91885541528461E-12
-0.22559954393728E-13
 0.27731679759988E-11
 0.26394743828703E-11
 0.75813695720645E-11
-0.18679090313407E-12
 0.51619242580304E-11
 0.14275432474359E-10
 0.70300732528190E-11
 0.76227032088705E-11
 0.17108343786496E-10
 0.21036258022661E-10
 0.32271097852300E-10
 0.34036529130312E-10
 0.49009653311054E-10
 0.49668174693969E-10
 0.61736783004215E-10
 0.70852047288749E-10
 0.92369763284091E-10
 0.92001944055910E-10
 0.12788811627411E-09
 0.13659929733143E-09
 0.16306817490434E-09
 0.19032883337381E-09
 0.22329874407653E-09
 0.25044348861376E-09
 0.29502362187243E-09
 0.31576486331284E-09
 0.37466483431315E-09
 0.43477299940574E-09
 0.49762261152663E-09
 0.56871125663360E-09
 0.62246115657254E-09
 0.73023722105744E-09
 0.79873853730456E-09
 0.89048279262490E-09
 0.10132511951371E-08
 0.11309626624887E-08
 0.12748566862820E-08
 0.13710184413455E-08
 0.15883362210035E-08
 0.18046888855132E-08
 0.19982790693060E-08
 0.22380605739797E-08
 0.25227494171206E-08
 0.27613470236619E-08
 0.29595498823128E-08
 0.33452037984920E-08
 0.37343068016717E-08
 0.40223028461860E-08
 0.44966732264024E-08
 0.48442574526337E-08
 0.52937606883977E-08
 0.58099191024625E-08
 0.63470376719328E-08
 0.68020099332360E-08
 0.73871161832444E-08
 0.80169093424947E-08
 0.85160177759445E-08
 0.91505726836287E-08
 0.98574218308408E-08
 0.10336555787844E-07
 0.11228653645791E-07
 0.11793608958287E-07
 0.16004819648423E-06
 0.13372811958728E-07
 0.14148826388576E-07
 0.14741916095426E-07
 0.15514915304854E-07
 0.16260417799730E-07
 0.16987019345690E-07
 0.17649230582551E-07
 0.18413641345740E-07
 0.19057028362680E-07
 0.19847642122163E-07
 0.20334189410317E-07
 0.20742925207286E-07
 0.21052803251254E-07
 0.21279597851956E-07
 0.21142516312163E-07
 0.20880426644973E-07
 0.20162784670223E-07
 0.18950159577604E-07
 0.17248832562327E-07
