 0.57559409795289E-07
 0.58942239373694E-07
 0.60339559889384E-07
 0.61751145109058E-07
 0.63176846856858E-07
 0.64616489940707E-07
 0.66069898623061E-07
 0.67536925640651E-07
 0.69017336908510E-07
 0.70510984180529E-07
 0.72017690592771E-07
 0.73537279365657E-07
 0.75069605147793E-07
 0.76614429512780E-07
 0.78171607372131E-07
 0.79740963359891E-07
 0.81322322677581E-07
 0.82915544900842E-07
 0.84520389979576E-07
 0.86136718724917E-07
 0.87764359835228E-07
 0.89403142910036E-07
 0.91052934874762E-07
 0.92713496255763E-07
 0.94384695908046E-07
 0.96066368600488E-07
 0.97758350387271E-07
 0.99460517224261E-07
 0.10117263202237E-06
 0.10289457334577E-06
 0.10462618349890E-06
 0.10636730646866E-06
 0.10811782861944E-06
 0.10987751651810E-06
 0.11164625960578E-06
 0.11342390887822E-06
 0.11521031722676E-06
 0.11700538231501E-06
 0.11880887537125E-06
 0.12062069741984E-06
 0.12244070888985E-06
 0.12426877223985E-06
 0.12610479698349E-06
 0.12794855957381E-06
 0.12979997305080E-06
 0.13165890771347E-06
 0.13352523583000E-06
 0.13539887908594E-06
 0.13727961938713E-06
 0.13916738196985E-06
 0.14106204703979E-06
 0.14296349683103E-06
 0.14487166510703E-06
 0.14678633932996E-06
 0.14870745673460E-06
 0.15063490737980E-06
 0.15256858326216E-06
 0.15450842999631E-06
 0.15645424041609E-06
 0.15840596347009E-06
 0.16036349873418E-06
 0.16232674760932E-06
 0.16429566713614E-06
 0.16627005518066E-06
 0.16824987193496E-06
 0.17023502599828E-06
 0.17222542769168E-06
 0.17422104491260E-06
 0.17622168008490E-06
 0.17822730402929E-06
 0.18023783377151E-06
 0.18225318792128E-06
 0.18427334455344E-06
 0.18629811007983E-06
 0.18832746522035E-06
 0.19036133473671E-06
 0.19239964482046E-06
 0.19444238292954E-06
 0.19648935883253E-06
 0.19854056235580E-06
 0.20059592522100E-06
 0.20265538042616E-06
 0.20471892399197E-06
 0.20678630622151E-06
 0.20885771150811E-06
 0.21093289138383E-06
 0.21301184696229E-06
 0.21509458194818E-06
 0.21718084666733E-06
 0.21927083846589E-06
 0.22136430858955E-06
 0.22346126516359E-06
 0.22556171867744E-06
 0.22766541876243E-06
 0.22977257468671E-06
 0.23188293670273E-06
 0.23399651900053E-06
 0.23611333797680E-06
 0.23823314185715E-06
 0.24035615078726E-06
 0.24248211327732E-06
 0.24461104874506E-06
 0.24674297855040E-06
 0.24887764882211E-06
 0.25101528954788E-06
 0.25315564681004E-06
 0.25529874433024E-06
 0.25744460762607E-06
 0.25959297997476E-06
 0.26174410024100E-06
 0.26389771138894E-06
 0.26605384062546E-06
 0.26821251673518E-06
 0.27037347950849E-06
 0.27253697573158E-06
 0.27470274460486E-06
 0.27687081599008E-06
 0.27904122116046E-06
 0.28121369578546E-06
 0.28338849367895E-06
 0.28556534965383E-06
 0.28774429548203E-06
 0.28992536416358E-06
 0.29210828667745E-06
 0.29429332301231E-06
 0.29648020303332E-06
 0.29866895971426E-06
 0.30085962710021E-06
 0.30305193095183E-06
 0.30524613662882E-06
 0.30744196857449E-06
 0.30963946031188E-06
 0.31183864628748E-06
 0.31403924659002E-06
 0.31624153122017E-06
 0.31844521877096E-06
 0.32065034271995E-06
 0.32285693736396E-06
 0.32506471671017E-06
 0.32727395476427E-06
 0.32948436386593E-06
 0.33169597696477E-06
 0.33390882769192E-06
 0.33612262365089E-06
 0.33833764226290E-06
 0.34055358931526E-06
 0.34277049678084E-06
 0.34498839720469E-06
 0.34720699151990E-06
 0.34942656004110E-06
 0.35164688536124E-06
 0.35386774736129E-06
 0.35608942787310E-06
 0.35831153739074E-06
 0.36053435868216E-06
 0.36275766871211E-06
 0.36498124174705E-06
 0.36720536183632E-06
 0.36942963116367E-06
 0.37165433457451E-06
 0.37387924326611E-06
 0.37610412575992E-06
 0.37832909462818E-06
 0.38055426379273E-06
 0.38277939978133E-06
 0.38500444130427E-06
 0.38722915107526E-06
 0.38945364080790E-06
 0.39167802348367E-06
 0.39390205976250E-06
 0.39612568494338E-06
 0.39834865591177E-06
 0.40057108336939E-06
 0.40279307921962E-06
 0.40501439826520E-06
 0.40723497234070E-06
 0.40945455253541E-06
 0.41167324843562E-06
 0.41389117075492E-06
 0.41610806849530E-06
 0.41832387001817E-06
 0.42053832068364E-06
 0.42275152888052E-06
 0.42496360406922E-06
 0.42717428953799E-06
 0.42938351018088E-06
 0.43159100573236E-06
 0.43379688332837E-06
 0.43600125113031E-06
 0.43820384680994E-06
 0.44040459183681E-06
 0.44260322042628E-06
 0.44479983843002E-06
 0.44699455265887E-06
 0.44918709529838E-06
 0.45137738442333E-06
 0.45356514885694E-06
 0.45575049312067E-06
 0.45793352264544E-06
 0.46011397578278E-06
 0.46229173263936E-06
 0.46446655137141E-06
 0.46663837062951E-06
 0.46880775331111E-06
 0.47097396206929E-06
 0.47313706127187E-06
 0.47529676928249E-06
 0.47745318782785E-06
 0.47960641942718E-06
 0.48175618045790E-06
 0.48390237901465E-06
 0.48604472837901E-06
 0.48818332877848E-06
 0.49031828116477E-06
 0.49244929683406E-06
 0.49457628056801E-06
 0.49669894064389E-06
 0.49881737569995E-06
 0.50093168503050E-06
 0.50304157491668E-06
 0.50514694681801E-06
 0.50724750407699E-06
 0.50934334364339E-06
 0.51143456305043E-06
 0.51352086363766E-06
 0.51560214352674E-06
 0.51767810119781E-06
 0.51974883181800E-06
 0.52181443107111E-06
 0.52387459543672E-06
 0.52592921970162E-06
                  NaN
 0.53002102239820E-06
 0.53205838791638E-06
 0.53408978588259E-06
 0.53611510779806E-06
 0.53813404276619E-06
 0.54014668223773E-06
 0.54215311807196E-06
 0.54415303747363E-06
 0.54614632878468E-06
 0.54813267673013E-06
 0.55011217097579E-06
 0.55208490156580E-06
 0.55405055147428E-06
 0.55600900612547E-06
 0.55795994623270E-06
 0.55990345988338E-06
 0.56183963554706E-06
 0.56376815242812E-06
 0.56568889343631E-06
 0.56760153580668E-06
 0.56950616643139E-06
 0.57140287263139E-06
 0.57329133049241E-06
 0.57517142101134E-06
 0.57704281869062E-06
 0.57890560982231E-06
 0.58075988121809E-06
 0.58260530673062E-06
 0.58444176627867E-06
 0.58626893261021E-06
 0.58808689225657E-06
 0.58989573240486E-06
 0.59169512580389E-06
 0.59348495237919E-06
 0.59526488436063E-06
 0.59703500960193E-06
 0.59879541679761E-06
 0.60054577897706E-06
 0.60228597740241E-06
 0.60401568526440E-06
 0.60573499305853E-06
 0.60744399235043E-06
 0.60914235805805E-06
 0.61082997432714E-06
 0.61250651699756E-06
 0.61417208072331E-06
 0.61582676148828E-06
 0.61747023788504E-06
 0.61910239865062E-06
 0.62072292410807E-06
 0.62233191471947E-06
 0.62392947254715E-06
 0.62551528174401E-06
 0.62708923742791E-06
 0.62865102630953E-06
 0.63020075634436E-06
 0.63173853736336E-06
 0.63326406097159E-06
 0.63477723044493E-06
 0.63627774074785E-06
 0.63776570896772E-06
 0.63924125431379E-06
 0.64070407764460E-06
 0.64215409205440E-06
 0.64359100249757E-06
 0.64501493667432E-06
 0.64642602461118E-06
 0.64782397802920E-06
 0.64920872129505E-06
 0.65057997086063E-06
 0.65193786627919E-06
 0.65328254957535E-06
 0.65461374467043E-06
 0.65593138836991E-06
 0.65723520983385E-06
 0.65852536139566E-06
 0.65980199794034E-06
 0.66106485659489E-06
 0.66231388743178E-06
 0.66354883318381E-06
 0.66476985954064E-06
 0.66597713475276E-06
 0.66717040979821E-06
 0.66834964848135E-06
 0.66951460760384E-06
 0.67066546642579E-06
 0.67180240670570E-06
 0.67292519355250E-06
 0.67403359513919E-06
 0.67512801088169E-06
 0.67620821435855E-06
 0.67727398222576E-06
 0.67832572153855E-06
 0.67936300525768E-06
 0.68038624540101E-06
 0.68139522943155E-06
 0.68238974786480E-06
 0.68337021992586E-06
 0.68433623274765E-06
 0.68528821017985E-06
 0.68622595304904E-06
 0.68714926516004E-06
 0.68805857699995E-06
 0.68895348931204E-06
 0.68983443678991E-06
 0.69070123288623E-06
 0.69155369392023E-06
 0.69239226054894E-06
 0.69321654637916E-06
 0.69402699580035E-06
 0.69482343399470E-06
 0.69560568887354E-06
 0.69637421004534E-06
 0.69712862310644E-06
 0.69786938088730E-06
 0.69859631930166E-06
 0.69930927683159E-06
 0.70000871075707E-06
 0.70069425769909E-06
 0.70136637762266E-06
 0.70202491612541E-06
 0.70266972122057E-06
 0.70330125650477E-06
 0.70391916865908E-06
 0.70452392344511E-06
 0.70511537506645E-06
 0.70569337996740E-06
 0.70625840681296E-06
 0.70681011132773E-06
 0.70734896383802E-06
 0.70787482608610E-06
 0.70838756189656E-06
 0.70888764370428E-06
 0.70937473535508E-06
 0.70984931045492E-06
 0.71031123729338E-06
 0.71076038608405E-06
 0.71119723184103E-06
 0.71162144560876E-06
 0.71203350311439E-06
 0.71243327824207E-06
 0.71282064665783E-06
 0.71319608483467E-06
 0.71355927017339E-06
 0.71391067943637E-06
 0.71425019122590E-06
 0.71457768579678E-06
 0.71489364004876E-06
 0.71519773696848E-06
 0.71549045335827E-06
 0.71577167174099E-06
 0.71604127617478E-06
 0.71629974304782E-06
 0.71654676023719E-06
 0.71678280368476E-06
 0.71700775911580E-06
 0.71722151368814E-06
 0.71742454243350E-06
 0.71761653750140E-06
 0.71779797316473E-06
 0.71796873771434E-06
 0.71812872078424E-06
 0.71827839529616E-06
 0.71841745712870E-06
 0.71854637816869E-06
 0.71866504871332E-06
 0.71877336032537E-06
 0.71887178315203E-06
 0.71896001632882E-06
 0.71903852872570E-06
 0.71910721215962E-06
 0.71916595964819E-06
 0.71921523798252E-06
 0.71925474914928E-06
 0.71928495845197E-06
 0.71930575880921E-06
 0.71931704428637E-06
 0.71931927781500E-06
 0.71931216388764E-06
 0.71929616376697E-06
 0.71927117111848E-06
 0.71923708070919E-06
 0.71919435117836E-06
 0.71914268923593E-06
 0.71908255169805E-06
 0.71901383267810E-06
 0.71893642735513E-06
 0.71885078970894E-06
 0.71875662842721E-06
 0.71865439553663E-06
 0.71854398535114E-06
 0.71842529322166E-06
 0.71829876816032E-06
 0.71816412063726E-06
 0.71802179760324E-06
 0.71787169337077E-06
 0.71771370326683E-06
 0.71754827108038E-06
 0.71737510890836E-06
 0.71719465838952E-06
 0.71700681367274E-06
 0.71681146990508E-06
 0.71660906544370E-06
 0.71639931389063E-06
 0.71618265138185E-06
 0.71595897177581E-06
 0.71572816991727E-06
 0.71549067856589E-06
 0.71524621273615E-06
 0.71499520291070E-06
 0.71473754256120E-06
 0.71447312613771E-06
 0.71420238067371E-06
 0.71392502252898E-06
 0.71364147641764E-06
 0.71335163535484E-06
 0.71305539332958E-06
 0.71275317155260E-06
 0.71244468768411E-06
 0.71213036058527E-06
 0.71181008276770E-06
 0.71148374771509E-06
 0.71115177074790E-06
 0.71081387079996E-06
 0.71047046082229E-06
 0.71012143279559E-06
 0.70976667967273E-06
 0.70940661084142E-06
 0.70904094649779E-06
 0.70867009364954E-06
 0.70829394373498E-06
 0.70791238916674E-06
 0.70752583337939E-06
 0.70713399783238E-06
 0.70673728357769E-06
 0.70633558151383E-06
 0.70592878351692E-06
 0.70551728706743E-06
 0.70510064705213E-06
 0.70467992959884E-06
 0.70425385195976E-06
 0.70382347716444E-06
 0.70338852789616E-06
 0.70294872926839E-06
 0.70250513424907E-06
 0.70205647223975E-06
 0.70160379312249E-06
 0.70114682089787E-06
 0.70068528199976E-06
 0.70022021627730E-06
 0.69975036529909E-06
 0.69927676584634E-06
 0.69879914326839E-06
 0.69831722535067E-06
 0.69783203888161E-06
 0.69734233761049E-06
 0.69684914528013E-06
 0.69635218862475E-06
 0.69585119681643E-06
 0.69534718365599E-06
 0.69483891508195E-06
 0.69432740187589E-06
 0.69381237219584E-06
 0.69329355663809E-06
 0.69277195610304E-06
 0.69224634872068E-06
 0.69171773240154E-06
 0.69118583676832E-06
 0.69065039388122E-06
 0.69011239183844E-06
 0.68957062095808E-06
 0.68902606638105E-06
 0.68847845923634E-06
 0.68792753308904E-06
 0.68737426334342E-06
 0.68681745249633E-06
 0.68625807302961E-06
 0.68569585762131E-06
 0.68513054138198E-06
 0.68456308713952E-06
 0.68399230955366E-06
 0.68341916856643E-06
 0.68284339844683E-06
 0.68226473589203E-06
 0.68168413127811E-06
 0.68110041140556E-06
 0.68051452380315E-06
 0.67992620437215E-06
 0.67933519143649E-06
 0.67874242305165E-06
 0.67814673813070E-06
 0.67754907192131E-06
 0.67694916199771E-06
 0.67634674834957E-06
 0.67574275684828E-06
 0.67513603848526E-06
 0.67452751636469E-06
 0.67391692977247E-06
 0.00000000000000E+00
