5.609858552060045
5.935554218466413
6.277112898434837
6.63430897808552
7.006938933568246
7.394818222896843
7.7977829430660455
8.215683780882697
8.648387165782523
9.095780774871322
9.557755030409377
10.034219822264072
10.525093708969276
11.030309449386271
11.549799387830879
12.083518252852546
12.631420736287435
13.193471726856082
13.769643069918887
14.359916258500194
14.964276558635996
15.582718207503524
16.215241855014572
16.86185398903732
17.52256866161677
18.19740538688524
18.88638977223331
19.589554236605014
20.306937221563334
21.038581924987998
21.784540401495423
22.544866362198032
23.319623462994834
24.108877551787458
24.912702529359077
25.731176227673824
26.56438277935585
27.41241007147781
28.27535319365489
29.153309372038937
30.0463834020008
30.95468316797185
31.878319188703358
32.81741255676934
33.77208049716894
34.74244808335889
35.72864581189515
36.730803364496545
37.749057509792266
38.78354603242227
39.834411519360685
40.901797261545134
41.98585206292691
43.086723048746734
44.20456367558337
45.33952661246467
46.49176956059395
47.661448172538655
48.84872052190433
50.0537504303012
51.27669651242914
52.51772229927138
53.776991278816666
55.05466767984514
56.350916270793896
57.66590222467295
58.99979097023867
60.35274804732466
61.7249389665761
63.11652907366922
64.52768341821191
65.95856662745278
67.40934278493037
68.8801753142237
70.37122686789384
71.88265922176836
73.41463317468383
74.96730845376813
76.54084362541874
78.1353960120264
79.75112161457861
81.3881750411953
83.04670944171491
84.72687644836763
86.42882612263305
88.15270690832035
89.89866559096573
91.66684726350668
93.45739529840026
95.27045132610252
97.10615522000009
98.96464508779657
100.8460572693741
102.75052634112203
104.67818512675481
106.62916471461111
108.60359448141631
110.60160212250001
112.62331368847083
114.66885362828337
116.7383448387308
118.83190872028237
120.94966523926607
123.09173299636134