1.9859446137283985e-12
1.9859446137283985e-12
1.9859446137283985e-12
1.9859446137283985e-12
1.9859446137283985e-12
1.9859446137283985e-12
1.9859446137283985e-12
1.9859446137283985e-12
1.9859446137283985e-12
1.9859446137283985e-12
1.9859446137283985e-12
1.9859446137283985e-12
1.9859446137283985e-12
1.9859446137283985e-12
1.9859446137283985e-12
1.9859446137283985e-12
1.9859446137283985e-12
3.971889227456797e-12
3.971889227456797e-12
1.9859446137283985e-12
1.9859446137283985e-12
3.971889227456797e-12
7.943778454913594e-12
5.9578338411851955e-12
1.9859446137283985e-12
5.9578338411851955e-12
2.1100661520864233e-12
6.454319994617295e-12
3.3512815356666724e-12
9.805601530283968e-12
1.824586613862966e-11
3.202335689637043e-11
6.640502302154332e-11
1.479528737227657e-10
3.151445858910252e-10
6.4791443022889e-10
1.3032761527592614e-9
2.5282316148146093e-9
4.752737825267131e-9
8.675226680457434e-9
1.5405841219459693e-8
2.6666023057761353e-8
4.506431044549467e-8
7.44816115225e-8
1.2055664365484407e-7
1.9134216400811882e-7
2.9821204974976184e-7
4.5682721186055857e-7
6.885896789565066e-7
1.0222697065351507e-6
1.496032309332355e-6
2.1599474953140547e-6
3.07892003046766e-6
4.33616248356685e-6
6.037352552977341e-6
8.315335907623727e-6
0.00001133570222297868
0.000015303053070506952
0.000020468157772594798
0.000027136084232163185
0.0000356752318776218
0.00004652751893812978
0.0000602195706349418
0.00007737509931188692
0.00009872855854931725
0.00012513993063182328
0.00015761088208354504
0.00019730227858257132
0.00024555297510002406
0.00030390009723530435
0.00037410069285312225
0.0004581547676756791
0.0005583299534454438
0.0006771874094836557
0.0008176093836296742
0.0009828281273463115
0.0011764563481945392
0.0014025191299212652
0.0016654872662914316
0.001970312090584651
0.0023224616946324627
0.00272795865568404
0.003193419034648811
0.003726092915804468
0.004333906165626724
0.0050255036538949145
0.005810293707572716
0.006698493940203755
0.007701178339899615
0.008830325609590042
0.010098868814645319
0.011520746139400457
0.013110953017953064
0.014885595337495425
0.0168619439614309
0.019058490295980095
0.02149500315435359
0.024192586801072266
0.027173740099976338
0.03046241688408682
0.03408408762030287
0.038065802116595944
0.0424362536125385
0.04722584402838312
0.05246675051530773
0.05819299333239595
0.06444050498543702
0.07124720085940425
0.07865305114266642
0.08670015429254033
0.09543281194549404
0.1048976054838761
0.11514347407820165
0.12622179454893612
0.13818646285873956
0.15109397748031128
0.1650035246295334
0.179977065370615
0.1960794249361853
0.21337838391765035