1.9859446137283985e-12
1.9859446137283985e-12
1.9859446137283985e-12
1.9859446137283985e-12
1.9859446137283985e-12
1.9859446137283985e-12
1.9859446137283985e-12
1.9859446137283985e-12
1.9859446137283985e-12
1.9859446137283985e-12
1.9859446137283985e-12
1.9859446137283985e-12
1.9859446137283985e-12
1.9859446137283985e-12
1.9859446137283985e-12
1.9859446137283985e-12
1.9859446137283985e-12
1.9859446137283985e-12
1.9859446137283985e-12
0.
0.
-3.971889227456797e-12
-3.971889227456797e-12
0.
-3.971889227456797e-12
3.971889227456797e-12
-1.9859446137283985e-12
0.
1.241215383580249e-13
3.723646150740747e-13
6.950806148049394e-12
2.606552305518523e-12
6.702563071333345e-12
1.266039691251854e-11
3.711233996904945e-11
8.564386146703719e-11
1.8878885984255588e-10
3.8936926582912413e-10
7.809727193486927e-10
1.5118003372007434e-9
2.8442450514741405e-9
5.195231109513491e-9
9.235883669220633e-9
1.6023345872790867e-8
2.714835935582064e-8
4.5044450999357384e-8
7.321172406355905e-8
1.1678409361799026e-7
1.8298046833355376e-7
2.819110439956641e-7
4.2751566233423427e-7
6.38716527750407e-7
9.408537970292029e-7
1.3675353626256712e-6
1.9627428228062097e-6
2.7834494531356117e-6
3.902700158329883e-6
5.413250219274746e-6
7.431815586863632e-6
0.00001010395631980284
0.000013609793374425235
0.000018170420847483348
0.00002405527085174941
0.00003159035344846077
0.00004116752529907524
0.00005325482973414557
0.0000684079138247822
0.00008728262870474127
0.0001106488980422699
0.00013940581630815367
0.00017459806260794903
0.00021743374786974078
0.0002693035707693998
0.0003318014770159139
0.0004067467497580549
0.0004962076116672627
0.0006025263108935192
0.0007283456975967774
0.0008766374740090912
0.0010507316517028283
0.0012543481032857198
0.0014916290838574917
0.0017671736511536652
0.0020860734546258065
0.0024539501081884824
0.0028769940891646534
0.0033620050236686494
0.003916433608159262
0.00454842485810033
0.005266862887660494
0.006081417086524995
0.007002589656086551
0.008041764685860408
0.009211258386588017
0.010524370925377386
0.011995439401520381
0.013639892308044849
0.015474305222814688
0.017516457875393042
0.019785392535924026
0.022301473636417185
0.025086448846612257
0.028163511351092203
0.031557363575391066
0.035294282137181415
0.03940218430280779
0.043910695726243926
0.04885121971524131
0.05425700784705133
0.06016323216421448
0.06660705887197206
0.07362772362877774
0.08126660843959056
0.08956732033415982
0.0985757716704332
0.10834026238493538
0.11891156407071223
0.1303430060235942
0.14269056366985572
0.15601294765556648