3.2215934837677294
3.251918758202807
3.2823983704868844
3.313032153835244
3.3438199437095193
3.374761577792128
3.4058568959599542
3.4371057402639966
3.4685079548968467
3.5000633861718358
3.531771882505411
3.5636332943744375
3.5956474743180595
3.6278142768863133
3.660133558638516
3.692605178108261
3.725228995778844
3.7580048740707235
3.790932677306771
3.824012271693401
3.8572435253035677
3.89062630804797
3.92416049165097
3.957845949637187
3.9916825573065537
4.025670191707005
4.0598087316210725
4.094098057539576
4.1285380516490795
4.163128597792803
4.197869581479299
4.232760889833808
4.267802411595768
4.302994037093373
4.338335658226693
4.3738271684465735
4.409468462734525
4.445259437589071
4.481199991003906
4.517290022446168
4.553529432848747
4.589918124582112
4.626456001442511
4.663142968634975
4.699978932752584
4.736963801595254
4.774097484821372
4.8113798929311145
4.8488109380989375
4.886390533264752
4.92411859319827
4.961995033771527
5.000019772117507
5.038192726621583
5.076513816895572
5.114982963774135
5.153600089293804
5.19236511668516
5.231277970350613
5.270338575856588
5.309546859921479
5.348902750395424
5.388406176255704
5.428057067584658
5.467855355561608
5.507800972458646
5.54789385160885
5.5881339274131205
5.628521135320187
5.669055411813586
5.70973669440172
5.750564921606696
5.791540032955506
5.8326619689619115
5.8739306711260655
5.915346081914407
5.956908144755567
5.998616804022368
6.040472005033934
6.08247369403298
6.1246218181858065
6.166916325564555
6.209357165142738
6.251944286786547
6.294677641247909
6.337557180141392
6.380582855952898
6.423754622020055
6.467072432533819
6.5105362425167685
6.554146007826566
6.597901685138092
6.641803231945429
6.6858506065483345
6.730043768043794
6.774382676322307
6.818867292053729
6.863497576692736
6.908273492456981
6.953195002330939
6.998262070053123
7.043474660114719
7.088832737743947
7.1343362689113965
7.179985220314888
7.225779559375125
7.271719254238175
7.317804273751393
7.364034587476704
7.410410165671856
7.456930979293278
7.503596999986771
7.5504082000776975
7.597364552579183
7.644466031169888
7.691712610203947
7.739104264694698
7.786640970318914
7.8343227034076115
7.882149440940587
7.9301211605443145
7.97823784048598
8.02649945967597
8.074905997648008
8.123457434571815
8.172153751239462
8.220994929067095
8.269980950086016
8.319111796947382
8.368387452901242
8.417807901815396
8.467373128157146
8.51708311699691
8.566937853996787
8.616937325416894
8.667081518110402
8.717370419515964
8.767804017654734
8.818382301139307
8.869105259150874
8.919972881457603
8.970985158393406
9.02214208087519
9.073443640382756
9.124889828964136
9.176480639232855
9.228216064369056
9.280096098109071
9.332120734752369
9.384289969154855
9.436603796724409
9.489062213428317
9.541665215781375
9.594412800851456
9.647304966250836
9.700341710143759
9.753523031236503
9.80684892878347
9.860319402574401
9.913934452950256
9.967694080783858
10.021598287491186
10.075647075024671
10.129840445874562
10.18417840306769
10.238660950161874
10.293288091253123
10.348059830969433
10.40297617446756
10.458037127440086
10.513242696106994
10.568592887222975
10.624087708063911
10.679727166443623
10.735511270697124
10.79144002969426
10.847513452821724
10.903731549999682
10.960094331675567
11.016601808822964
11.073253992937763
11.130050896039272
11.186992530683007
11.244078909935611
11.301310047397955
11.358685957191094
11.41620665396559
11.473872152890339
11.53168246966212
11.589637620502875
11.647737622158214
11.705982491897412
11.764372247515652
11.822906907329548
11.881586490186214
11.940411015451833
11.999380503025447
12.058494973319714
12.117754447285977
12.177158946391177
12.236708492717904
12.296403108626157
12.356242817243375
12.416227642150915
12.4763576074502
12.53663273777427
12.597053058282182
12.65761859466598
12.718329373138769
12.779185420451842
12.84018676387706
12.901333431225096
12.962625450830414
13.024062851564427
13.085645662821847
13.14737391454203
13.209247637184776
13.271266861748193
13.333431619764868
13.39574194330023
13.458197864955423
13.520799417864941
13.583546635698736
13.646439552668427
13.709478203514395
13.772662623521907
13.835992848509212
13.899468914836849
13.963090859403666
14.026858719645217
14.090772533540084
14.154832339606534
14.219038176910828
14.283390085050963
14.347888104176285
14.412532274972964
14.477322638676537
14.542259237066311
14.607342112460532
14.672571307731399
14.737946866293278
14.803468832108898
14.869137249686258
14.934952164084578
15.0009136209112
15.067021666317494
15.133276347011137
15.199677710246814
15.266225803831297
15.332920676124948
15.39976237603277
15.46675095302191
15.533886456525385
15.601168938253346
15.668598448767323
15.736175039742587
15.803898763417424
15.871769672575883
15.939787820564785
16.0079532612839
16.07626604919417
16.144726239306006
16.213333887195695
16.282089048995218
16.350991781395106
16.420042141646906
16.48924018755589
16.558585977495664
16.628079570394423
16.697721025742382
16.76751040359251
16.837447764557833
16.90753316981202
16.977766681092998
17.04814836070246
17.118678272707964
17.18935647815758
17.260183042214123
17.331158029426746
17.402281504913827
17.473553534354284
17.544974183996246
17.61654352064416
17.688261611678275
17.76012852503254
17.83214432921261
17.904309093287157
17.97662288689383
18.049085780229557
18.121697844062364
18.19445914972328
18.26736976910822
18.340429774682566
18.413639239475334
18.486998237080915
18.560506841660935
18.634165127946737
18.707973171222253
18.78193104735554
18.85603883276896
18.930296604453876
19.004704439965636
19.079262417431554
19.1539706155355
19.22882911353429
19.3038379912475
19.37899732905997
19.454307207922273
19.529767709347382
19.60537891541824
19.68114090877732
19.757053772633967
19.833117590762523
19.909332447499725
19.985698427746193
20.062215616962714
20.138884101181645
20.215703966989928
20.29267530154086
20.369798192549275
20.44707272829091
20.52449899760165
20.60207708988426
20.67980709509459
20.75768910375273
20.835723206939065
20.91390949629067
20.992248064004777
21.07073900283753
21.149382406101395
21.22817836766924
21.307126981967897
21.386228343980868
21.465482549246993
21.544889693864135
21.624449874478174
21.704163188296008
21.784029733071534
21.86404960711597
21.944222909290627
22.024549739006805
22.105030196231244
22.185664381476325
22.26645239580578
22.347394340831453
22.428490318714683
22.509740432161575
22.591144784423744
22.672703479305774
22.754416621145346
22.836284314835584
22.918306665807187
23.000483780032766
23.08281576402759
23.165302724850832
23.24794477009588
23.33074200790015
23.413694546934035
23.49680249641121
23.58006596607832
23.663485066213386
23.747059907636828
23.830790601697462
23.914677260278815
23.998719995793046
24.082918921187034
24.167274149930574
24.251785796030294
24.336453974011278
24.42127879893382
24.50626038637716
24.591398852445835
24.67669431377027
24.762146887499227
24.847756691307374
24.933523843381007
25.019448462435175
25.105530667695447
25.191770578905217
25.278168316324233
25.364724000723623
25.45143775339172
25.538309696125644
25.625339951232274
25.71252864152975
25.799875890341262
25.8873818215015
25.97504655934574
26.062870228713933
26.150852954953823
26.23899486390962
26.32729608192676
26.41575673585211
26.50437695302804
26.593156861291043
26.68209658897932
26.771196264921095
26.860456018434007
26.949875979330688
27.039456277911825
27.129197044966634
27.219098411771025
27.309160510086837
27.399383472157
27.48976743071262
27.580312518961435
27.671018870592018
27.76188661977007
27.85291590114239
27.944106849824948
28.035459601412835
28.126974291968455
28.218651058032446
28.310490036606815
28.402491365167087
28.494655181650643
28.586981624464915
28.67947083247559
28.772122945014434
28.864938101868983
28.957916443290994
29.051058109985256
29.14436324310875
29.23783198428327
29.33146447557226
29.42526085949616
29.51922127902126
29.61334587756466
29.70763479898484
29.802088187589845
29.896706188128597
29.991488945787673
30.086436606198625
30.181549315428175
30.276827219978717
30.372270466787064
30.467879203225696
30.563653577095685
30.659593736628064
30.755699830480715
30.851972007741978
30.948410417919344
31.045015210946673
31.141786537176973
31.23872454738353
31.335829392757184
31.433101224905805
31.53054019584949
31.62814645802214
31.725920164267773
31.823861467841105
31.921970522401253
32.02024748201432
32.11869250115355
32.217305734687464
32.31608733789065
32.415037466434214
32.514156276383616
32.61344392420473
32.71290056675267
32.81252636127331
32.91232146540606
33.012286037173425
33.11242023498812
33.212724217646645
33.313198144323955
33.41384217458015
33.51465646835216
33.61564118595337
33.71679648807389
33.818122535777185
33.91961949049733
34.02128751403917
34.123126768574444
34.22513741663956
34.327319621139694
34.42967354534072
34.53219935286498
34.63489720769627
34.73776727417771
34.840809717006806
34.94402470122943
35.04741239224909
35.1509729558141
35.25470655802251
35.35861336531723
35.462693544487436
35.56694726265844
35.67137468730383
35.7759759862291
35.880751327578345
35.985700879830794
36.0908248117962
36.19612329261748
36.301596491764705
36.407244579035286
36.513067724553416
36.6190660987623
36.72523987243146
36.83158921664605
36.93811430281121
37.04481530264598
37.151692388182816
37.258745731767455
37.36597550605581
37.473381884009015
37.58096503889775
37.688725144296065
37.79666237407738
37.904776902419584
38.01306890379561
38.12153855297641
38.23018602502833
38.339011495309535
38.448015139469014
38.557197133445186
38.66655765346185
38.776096876030266
38.88581497794219
38.99571213627524
39.105788528378504
39.21604433188727
39.326479724705685
39.437094885015064
39.5478899912663
39.658865222181376
39.77002075675051
39.88135677422493
39.992873454128826
40.104570976240566
40.216449520600435