4.570958231166748
4.602678833731804
4.634559831294184
4.6666010054248055
4.698802140186822
4.731163022122465
4.763683440230334
4.796363185952358
4.829202053149845
4.862199838091564
4.895356339432147
4.9286713581914885
4.962144697737487
4.995776163768922
5.02956556429435
5.063512709617706
5.097617412304917
5.131879487189983
5.1662987513199905
5.200875023973358
5.235608126618011
5.270497882894371
5.305544118597611
5.340746661666978
5.376105342149182
5.4116199921928025
5.447290446024466
5.483116539929475
5.519098112230716
5.55523500327301
5.591527055400655
5.627974112940914
5.66457602218031
5.701332631356429
5.738243790624787
5.775309352046534
5.812529169578656
5.8499030990382215
5.887430998094443
5.925112726250426
5.962948144823937
6.0009371169204595
6.0390795074360595
6.0773751830145555
6.115824012049509
6.154425864653189
6.193180612647519
6.232088129544956
6.271148290528011
6.310360972432247
6.349726053739328
6.389243414543502
6.428912936549373
6.468734503048312
6.508707998907663
6.548833310544675
6.589110325919428
6.629538934517704
6.670119027334726
6.710850496854556
6.751733237042151
6.792767143324492
6.833952112578428
6.875288043112175
6.916774834647941
6.958412388317957
7.0002006066401465
7.042139393512538
7.084228654186831
7.126468295265665
7.1688582246895844
7.211398351709732
7.254088586892941
7.296928841817633
7.339919030170436
7.3830590663782365
7.42634886552552
7.469788344797649
7.513377422330141
7.557116017475522
7.601004050787691
7.645041444021175
7.689228120108912
7.733564003156414
7.778049018427868
7.82268309233534
7.867466152431195
7.912398127388868
7.9574789470016185
8.002708542168502
8.048086844876874
8.093613788207726
8.13928930630713
8.18511333439122
8.231085808727679
8.277206666629047
8.323475846447385
8.369893287550935
8.416458930338397
8.463172716203674
8.510034587541838
8.557044487741178
8.604202361170422
8.651508153171285
8.698961810046306
8.746563279056367
8.79431250841089
8.842209447258023
8.890254045678567
8.938446254676785
8.986786026177054
9.035273313010585
9.083908068910947
9.132690248504645
9.181619807312229
9.230696701732658
9.279920889034607
9.32929232736231
9.378810975713956
9.428476793948263
9.478289742770341
9.528249783726343
9.578356879197761
9.628610992404779
9.679012087377966
9.729560128978019
9.780255082877138
9.831096915554072
9.88208559428281
9.933221087149096
9.984503363018286
10.035932391549489
10.087508143180804
10.139230589128692
10.19109970137942
10.243115452690793
10.295277816581851
10.347586767333993
10.40004227997682
10.452644330295584
10.505392894816667
10.558287950814165
10.611329476296094
10.6645174500059
10.7178518514212
10.771332660738901
10.824959858884379
10.878733427502786
10.932653348949998
10.986719606303783
11.040932183342818
11.095291064558369
11.149796235137767
11.204447680978948
11.259245388667225
11.314189345489078
11.369279539416386
11.42451595911648
11.479898593937746
11.535427433914837
11.59110246976396
11.64692369287567
11.702891095322082
11.759004669845307
11.815264409860326
11.87167030945362
11.928222363376582
11.984920567045407
12.041764916542816
12.098755408607516
12.155892040641646
12.213174810703446
12.270603717509623
12.328178760427656
12.385899939476658
12.443767255330114
12.50178070930731
12.559940303376814
12.618246040153371
12.67669792289753
12.735295955510804
12.79404014253852
12.852930489165486
12.911967001220077
12.971149685161205
13.03047854809036
13.089953597749373
13.149574842503293
13.20934229136359
13.269255954036945
13.329315840657008
13.389521962193765
13.449874330177861
13.510372956772835
13.571017854765932
13.63180903758028
13.692746519258243
13.75383031446925
13.815060438514134
13.876436907312105
13.937959737410548
13.999628945981554
14.061444550812858
14.123406570326825
14.185515023556503
14.247769930163486
14.310171310428487
14.37271918525097
14.435413576154602
14.498254505278195
14.56124199538167
14.624376069850019
14.687656752673453
14.751084068475578
14.814658042485583
14.878378700561337
14.942246069164806
15.006260175388498
15.070421046934227
15.134728712122309
15.199183199888328
15.263784539785997
15.328532761985166
15.393427897266733
15.458469977035808
15.523659033303456
15.588995098703718
15.654478206481425
15.72010839049768
15.78588568522687
15.851810125762494
15.91788174780712
15.984100587681693
16.0504666823187
16.11698006926751
16.183640786692514
16.250448873364945
16.317404368681967
16.384507312642864
16.451757745866782
16.519155709587764
16.58670124564929
16.654394396509865
16.722235205245248
16.7902237155384
16.858359971689662
16.926644018613533
16.995075901834067
17.063655667490465
17.132383362334227
17.201259033731123
17.2702827289655
17.33945449799032
17.408774389339218
17.47824245282824
17.54785873888624
17.617623298550996
17.687536183480276
17.75759744593757
17.82780713879592
17.898165315549598
17.96867203029909
18.039327337756045
18.110131293244297
18.181083952701943
18.25218537267652
18.32343561032377
18.394834723413574
18.46638277032724
18.53807981005428
18.609925902197357
18.68192110827061
18.754065486529864
18.826359099665183
18.8988020097243
18.97139427935446
19.04413597181731
19.117027150978473
19.190067881316725
19.263258227918797
19.336598256476506
19.410088033290865
19.483727625273065
19.557517099937773
19.631456525409593
19.705545970417596
19.77978550429881
19.854175196995723
19.928715119055408
20.00340534162906
20.078245936478154
20.153236975962578
20.228378533048538
20.30367068130747
20.379113494912904
20.454707048640753
20.53045141786692
20.60634667857514
20.68239290734554
20.758590181361118
20.83493857840363
20.911438176858926
20.988089055707032
21.06489129453009
21.14184497350738
21.21895017341894
21.29620697563624
21.37361546213449
21.451175715476975
21.52888781882922
21.60675185594918
21.684767911186263
21.762936069491477
21.841256416396604
21.919729038037644
21.998354021135466
22.077131453003858
22.15606142154421
22.235144015250953
22.31437932320587
22.39376743507895
22.47330844112728
22.553002432193683
22.632849499705703
22.71284973568047
22.793003232715144
22.87331008399061
22.953770383271877
23.03438422490187
23.11515170381085
23.196072915502146
23.277147956062834
23.358376922153806
23.439759911018328
23.521297020472733
23.602988348907797
23.684833995292326
23.766834059165955
23.84898864064127
23.931297840403932
24.01376175970558
24.096380500374288
24.17915416480238
24.262082855949544
24.345166677343936
24.428405733077604
24.511800127807845
24.595349966753975
24.67905535569957
24.762916400988985
24.846933209524746
24.931105888770908
25.01543454674673
25.099919292028883
25.184560233751487
25.269357481600863
25.354311145817917
25.43942133719341
25.524688167071684
25.610111747345076
25.69569219045219
25.781429609384954
25.86732411767424
25.953375829402013
26.039584859186444
26.12595132219346
26.212475334127912
26.29915701123744
26.385996470300558
26.47299382863868
26.560149204108058
26.647462715096314
26.734934480527894
26.822564619857488
26.910353253068426
26.998300500675644
27.086406483718743
27.17467132376608
27.26309514290646
27.351678063758925
27.440420209458
27.529321703662998
27.618382670549945
27.707603234810716
27.79698352165912
27.886523656817488
27.976223766523013
28.06608397752886
28.156104417094483
28.246285212985995
28.336626493483017
28.42712838736548
28.517791023920875
28.60861453293576
28.699599044700022
28.79074469000661
28.88205160013924
28.973519906884952
29.06514974252107
29.15694123981915
29.248894532046386
29.341009752953287
29.433287036785124
29.52572651827123
29.61832833262638
29.71109261555017
29.804019503223298
29.897109132307538
29.990361639943544
30.083777163747843
30.17735584181371
30.271097812708827
30.365003215473635
30.459072189615657
30.553304875112712
30.647701412414275
30.742261942429327
30.83698660653366
30.93187554656431
31.02692890481992
31.12214682405329
31.217529447480565
31.31307691877032
31.408789382041807
31.504666981870432
31.600709863281537
31.696918171743825
31.793292053177684
31.889831653944373
31.986537120851498
32.083408601146175
32.180446242513185
32.27765019307953
32.375020601403435
32.472557616480515
32.570261387735975
32.668132065026214
32.76616979863945
32.86437473928592
32.96274703810396
33.061286846654774
33.15999431692009
33.25886960130168
33.357912852618355
33.45712422410622
33.55650386941495
33.656051942605814
33.75576859815129
33.85565399093186
33.95570827623548
34.05593160975424
34.156324147582154
34.25688604621724
34.357617462552966
34.45851855388547
34.55958947789861
34.6608303926793
34.762241456698845
34.86382282882027
34.96557466829536
35.06749713476279
35.16959038824525
35.27185458914588
35.37428989824824
35.47689647671683
35.57967448609025
35.682624088284165
35.785745445583764
35.88903872065046
35.992504076505476
36.096141676548484
36.19995168453688
36.30393426459074
36.40808958119518
36.512417799194395
36.616919083787096
36.721593600528436
36.82644151532883
36.93146299444857
37.036658204500114
37.14202731244069
37.24757048557323
37.353287891546834
37.45917969835193
37.56524607431844
37.67148718811325
37.77790320874272
37.884494305542404
37.99126064818359
38.09820240666884
38.2053197513253
38.312612852807305
38.42008188209636
38.52772701049411
38.63554840962301
38.74354625142331
38.85172070815584
38.96007195238664
39.0686001570066
39.17730549520832
39.28618814049549
39.39524826667982
39.504486047877776
39.613901658507295
39.72349527328708
39.83326706723432
39.94321721566535
40.053345894190805
40.16365327871325
40.27413954542494
40.38480487081044
40.49564943163919
40.60667340496658
40.71787696813114
40.829260298750654
40.940823574725066
41.052566974229464
41.164490675715136
41.27659485790679
41.38887969979648
41.50134538065446
41.613992080007876
41.72681997765745
41.839829253662074
41.953020088345404
42.066392662288514
42.17994715633102
42.293683751567606
42.40760262934593
42.52170397126623
42.635987959178344