7.943778454913594e-12
7.943778454913594e-12
7.943778454913594e-12
7.943778454913594e-12
7.943778454913594e-12
7.943778454913594e-12
7.943778454913594e-12
7.943778454913594e-12
7.943778454913594e-12
7.943778454913594e-12
7.943778454913594e-12
7.943778454913594e-12
7.943778454913594e-12
7.943778454913594e-12
1.1915667682370391e-11
1.1915667682370391e-11
1.1915667682370391e-11
1.1915667682370391e-11
8.067899993271618e-12
1.266039691251854e-11
1.1295059990580266e-11
2.507255074832103e-11
5.722002918304948e-11
1.5341422141051877e-10
4.1344884427058095e-10
1.0835810298655574e-9
2.672212599309918e-9
6.218240828660331e-9
1.3694329327040887e-8
2.8713531954515335e-8
5.7570920771987616e-8
1.1081757126912001e-7
2.055404267808933e-7
3.6848656172961656e-7
6.403695783982591e-7
1.0814518489965639e-6
1.7788892835718455e-6
2.8557913334583575e-6
4.482680760549274e-6
6.891209936136019e-6
0.000010390712820412926
0.00001538762526661181
0.000022408140304790758
0.000032124142468423295
0.000045382647561473804
0.00006323889420525301
0.0000869930146780751
0.00011823048451102863
0.00015886623702041043
0.00021119242018670275
0.00027792975988484743
0.00036228225093708465
0.000467995338959937
0.0005994170952779691
0.000761562388503848
0.0009601798442605195
0.001201821244263978
0.001493913309284302
0.0018448314845594686
0.0022639756617534074
0.0027618473854076563
0.0033501285693315276
0.004041761334554499
0.004851028835037805
0.00579363693523214
0.0068867963866039595
0.008149305646118366
0.009601633838951223
0.011266004096917172
0.013166476845759573
0.015329033205639284
0.01778165829257446
0.02055442435603991
0.023679573830798495
0.0271916020367238
0.031127339828477762
0.035526035794627056
0.04042943829627038
0.04588187722788171
0.05193034542391066
0.05862457980497595
0.06601714218694464
0.07416349973700985
0.08312210508396572
0.0929544760229775
0.10372527475216495
0.11550238661394104
0.12835699823386457
0.1423636750165433
0.15760043787285213
0.17414883912869447
0.19209403735402952
0.2115248711634292
0.23253393177666049
0.2552176341768187
0.2796762866985715
0.30601415903807316
0.3343395483850448
0.3647648436408996
0.39740658754058
0.43238553655708734
0.46982671857877495
0.5098594880638708
0.5526175788786439
0.598239154431211
0.6468668554413236
0.698647845008527
0.7537338512222148
0.8122812072639334
0.8744508890306053
0.9404085505877372
1.0103245572794606
1.0843740169928857
1.1627368094461918
1.2455976140578846
1.3331459363606042
1.4255761334291601
1.5230874386474946
1.6258839859843734
1.7341748344346541