0.008314181701562657
0.008691738012268347
0.00908269660809881
0.009487396751075452
0.009906182725921845
0.010339403931913668
0.010787414842290973
0.01125057506842901
0.011729249414575831
0.012223807858737569
0.012734625599844627
0.013262083095856988
0.013806566103731351
0.014368465685751326
0.014948178247508633
0.01554610559983974
0.01616265495423337
0.01679823898576013
0.017453275851194234
0.018128189214830805
0.018823408328668377
0.01953936801813492
0.02027650872453741
0.021035276617143574
0.02181612350282141
0.022619506960835176
0.023445890374124027
0.024295742933894506
0.025169539694606374
0.026067761619401116
0.02699089561907609
0.02793943460309847
0.028913877491148578
0.02991472929168879
0.03094250112840143
0.03199771028338308
0.03308088023884939
0.034192540730507384
0.035333227779826996
0.03650348375399184
0.03770385740636277
0.03893490391048724
0.04019718489708748
0.04149126853796667
0.04281772958386601
0.04417714935428675
0.04557011585118554
0.04699722378206098
0.04845907459098409
0.04995627652190022
0.05148944467709032
0.05305920102064634
0.05466617446001912
0.056311000891446805
0.05799432322279325
0.05971679145310993
0.06147906265736896
0.06328180113255417
0.06512567832231934
0.06701137294408863
0.06893957102170055
0.07091096589335176
0.07292625829376548
0.0749861563671002
0.07709137571250223
0.0792426394663983
0.08144067826414199
0.08368623036686597
0.0859800416259832
0.08832286556622432
0.09071546340959297
0.09315860410267265
0.09565306436068984
0.09819962870226799
0.10079908948169915
0.10345224690644508
0.10615990908492413
0.1089228920586586
0.11174201979519985
0.11461812426347014
0.11755204541899207
0.12054463125043423
0.12359673779462987
0.12670922912639895
0.12988297745325286
0.13311886304936174
0.13641777431463645
0.1397806077837892
0.14320826812099666
0.14670166815006114
0.15026172884112987
0.15388937934569713
0.15758555696966986
0.1613512071718783
0.16518728360329837
0.16909474805591349
0.173074570490642
0.17712772901524365
0.18125520986805943
0.18545800743588528
0.18973712416919697
0.19409357066804223
0.19852836557107614
0.2030425355592847
0.20763711537447896
0.21231314771329526
0.2170716832618252
0.22191378064422906
0.22684050634118835
0.23185293472242527
0.2369521479698717
0.24213923601300189
0.24741529653429362
0.2527814348356736
0.25823876387351974
0.2637884041512959
0.26943148365202985
0.2751691378277629
0.2810025094666159
0.2869327486479811
0.2929610127150914
0.2990884661289294
0.3053162804087732
0.3116456340970695
0.3180777126083786
0.3246137081680575
0.33125481973729104
0.3380022528823916
0.34485721969958166
0.351820938720413
0.35889463474941585
0.3660795388429984
0.37337688811395486
0.38078792566803993
0.3883139004508024
0.3959560671618175
0.403715686075331
0.41159402296615877
0.4195923489166778
0.42771194024098796
0.4359540782932682
0.44432004933720093
0.452811144408321
0.46142865915898806
0.4701738936870988
0.4790481523837896
0.4880527437736927
0.4971889803455095
0.5064581783621053
0.5158616577144178
0.5254007417345303
0.535076756971384
0.5448910330695113
0.5548449025162001
0.5649397004936654
0.575176764614049
0.5855574348083319
0.5960830530126783
0.6067549630407146
0.6175745103047531
0.6285430416191823
0.6396619049774218
0.6509324493000789
0.6623560242037103
0.6739339797659842
0.6856676662683765
0.6975584339476792
0.7096076327161067
0.7218166119453238
0.7341867201475778
0.7467193047092099
0.7594157116394324
0.7722772852509647
0.7853053678622652
0.7985012995407244
0.8118664177495384
0.8254020570513073
0.8391095487990966
0.8529902207926201
0.867045396967316
0.8812763970397312
0.8956845361506722
0.9102711245421168
0.9250374671752915
0.9399848633483779
0.9551146063661011
0.9704279831028213
0.9859262736578486
1.0016107509315684
1.0174826802206802
1.033543318817534
1.0497939155886136
1.0662357105232294
1.0828699343288843
1.099697807972767
1.116720542242114
1.133939337267459
1.1513553820688451
1.1689698541133298
1.1867839187945446
1.204798728978411
1.2230154245016875
1.2414351316838008
1.260058962841903
1.2788880157573967
1.2979233732148239
1.3171661024445602
1.336617254643333
1.3562778644630895
1.3761489494649854
1.396231509648593
1.4165265268897533
1.4370349644769833
1.4577577665798627
1.478695857716677
1.4998501423003812
1.5212215041110817
1.542810805831576
1.5646188885235575
1.5866465712067208
1.6088946503669916
1.6313638995156472
1.6540550687551392
1.6769688843481434
1.700106048332535
1.7234672381104221
1.7470531060958894
1.770864279358892
1.7949013592917424
1.8191649213063774
1.8436555145728337
1.8683736617325275
1.893319858677691
1.918494574359976
1.943898250609113
1.9695313019840892
1.9953941156552335
2.021487051337314
2.0478104412280995
2.074364589979065
2.101149774717734
2.1281662450934804
2.1554142233711153
2.182893904499651
2.2106054563182176
2.2385490196851494
2.2667247087154303
2.2951326110290617
2.3237727880082395
2.3526452751209415
2.381750082256552
2.411087194088667
2.4406565704902827
2.470458146921799
2.500491834923905
2.5307575225616876
2.5612550749398593
2.591984334728288
2.622945122682315
2.654137238221038
2.6855604600079515
2.717214546535061
2.7490992367448586
2.781214250627221
2.813559289885821
2.8461340385384992
2.8789381636055227
2.911971315737016
2.945233129881108
2.978723225940909
3.0124412094443924
3.0463866721935515
3.080559192934656
3.1149583380105086
3.149583662012832
3.1844347084200004
3.2195110102641977
3.2548120907183837
3.290337463763326
3.3260866347653852
3.3620591010919094
3.3982543527119824
3.434671872755839
3.4713111380816053
3.5081716198376913
3.545252783987952
3.582554091841559
3.620075000553088
3.6578149636332804
3.6957734313958768
3.7339498514452942
3.7723436691136563
3.810954327890503
3.849781269842071
3.88882393600017
3.9280817667611068
3.9675542022430315
4.007240682639808
4.047140648564583
4.087253541365676
4.127578803443957
4.168115878533981
4.208864212001756
4.249823251085789
4.290992445168041
4.332371246023909
4.37395910800816
4.415755488318813
4.457759847164826
4.499971647957741
4.5423903575094124
4.585015446191994
4.627846388081924
4.67088266113121
4.714123747274797
4.757569132589567
4.80121830737911
4.845070766325032
4.889126008542933
4.933383537707646
4.977842862122122
5.022503494808786
5.067364953566262
5.112426761031675
5.157688444762582
5.203149537255703
5.248809576018051
5.29466810359076
5.340724667588678
5.386978820733141
5.433430120879895
5.48007813101413
5.526922419306216
5.5739625590870014
5.621198128879831
5.668628712389259
5.7162538985209
5.764073281348298
5.812086460138239
5.860293039328042
5.908692628507182
5.957284842428721
6.006069300956793
6.055045629643652
6.104213457482571
6.153572420162066
6.203122157877007
6.252862315854029
6.302792544307341
6.352912498415022
6.40322183830189
6.453720228980421
6.504407340351743
6.55528284714804
6.606346428906863
6.657597769934266
6.709036559272901
6.76066249066057
6.812475262501544
6.864474577814811
6.916660144203664
6.9690316738211955
7.021588883327224
7.074331493839397
7.127259230916303
7.180371824498522
7.233669008858097
7.287150522605372
7.340816108591673
7.394665513902983
7.4486984898138875
7.502914791743641
7.55731417921061
7.611896415801742
7.6666612691312315
7.721608510796085
7.77673791633392
7.832049265188829
7.887542340668067
7.943216929914489
7.999072823839283
8.055109817117497
8.111327708120147
8.167726298894602
8.224305395119906
8.281064806059982
8.338004344547368
8.395123826920294
8.452423073010884
8.50990190608782
8.5675601528284
8.62539764328629
8.683414210838746
8.741609692183655
8.79998392727101
8.858536759286153
8.917268034609195
8.976177602780504
9.035265316483207
9.094531031473673
9.153974606594067
9.213595903698854
9.273394787648348
9.333371126272226
9.393524790329682
9.45385565347976
9.514363592267951
9.575048486067857
9.63591021707175
9.696948670252105
9.758163733342856
9.81955529678502
9.881123253739373
9.942867500011344
10.004787934057596
10.066884456948177
10.129156972327534
10.191605386408567
10.254229607936127
10.317029548146184
10.380005120767567
10.443156241978146
10.506482830384975
10.569984806991025
10.633662095192454
10.697514620728338
10.761542311672727
10.825745098400516
10.890122913580857
10.954675692132733
11.019403371218745
11.084305890216074
11.149383190691399
11.214635216381298
11.280061913183054
11.345663229108236
11.411439114277737
11.477389520905508
11.543514403268896
11.609813717686306
11.676287422500318
11.74293547806713
11.809757846723302
11.876754492770367
11.9439253824629
12.011270483978626
12.078789767415298
12.146483204754588
12.214350769848064
12.282392438417922
12.350608188012314
12.41899799800944
12.4875618495854
12.556299725706994
12.625211611112611
12.694297492291621
12.763557357469113
12.832991196602658
12.902599001340986
12.972380765038135
13.042336482710006
13.112466151040566
13.182769768350328
13.253247334595848
13.323898851343788
13.394724321764214
13.465723750612963
13.536897144209439
13.608244510442185
13.679765858735005
13.751461200045222
13.82333054684904
13.895373913110626
13.967591314306448
14.039982767372887
14.112548290715434
14.185287904192167
14.25820162909812
14.331289488150643
14.404551505486406
14.477987706640933
14.55159811854103
14.625382769486155
14.699341689149799
14.773474908551796
14.847782460056958
14.922264377364908
14.996920695493309
15.071751450767941
15.146756680810169
15.221936424538177
15.297290722136559
15.37281961506278
15.44852314602408
15.52440135897711
15.60045429911378
15.676682012845363
15.75308454780549
15.82966195282841
15.906414277941437
15.983341574362205
16.060443894479683
16.13772129184847
16.215173821187918
16.292801538354706
16.37060450034842
16.448582765298656
16.52673639245495
16.60506544217376
16.683569975921937
16.7622500562509
16.84110574680384
16.920137112295002
16.999344218512647
17.07872713229858
17.15828592155312
17.2380206552089
17.317931403247005
17.398018236658256
17.478281227467775
17.558720448704328
17.63933597440232
17.720127879587388
17.80109624027789
17.882241133465172
17.9635626371209
18.04506083017607
18.12673579252113
18.208587605000798
18.29061634939216
18.37282210841975