 0.24162953000148E-29
 0.12081476500074E-29
 0.80543176667162E-30
 0.60407382500371E-30
 0.48325906000297E-30
 0.40271588333581E-30
 0.34518504285926E-30
 0.30203691250186E-30
 0.26847725555721E-30
 0.24162953000148E-30
 0.21966320909226E-30
 0.20135794166790E-30
 0.18586886923191E-30
 0.17259252142963E-30
 0.16108635333432E-30
-0.80016277915984E-16
-0.71395429695679E-16
-0.13678035551912E-17
 0.65157978046715E-16
-0.32376048827628E-16
 0.28017417616999E-16
-0.68418606527922E-16
-0.64441746493464E-16
-0.67460674166397E-15
-0.16430419363094E-14
-0.34667568782777E-14
-0.71552583640309E-14
-0.14461222223602E-13
-0.27301637734065E-13
-0.49693928649513E-13
-0.86716582872415E-13
-0.14525086982708E-12
-0.23545643088441E-12
-0.37106494733260E-12
-0.56956727375424E-12
-0.85295063567724E-12
-0.12471007587181E-11
-0.17872576915055E-11
-0.25110400743857E-11
-0.34661004899496E-11
-0.47060015947918E-11
-0.62911725741952E-11
-0.82925579505649E-11
-0.10785733519698E-10
-0.13857167064946E-10
-0.17598395495682E-10
-0.22110112094605E-10
-0.27500408972854E-10
-0.33882884209497E-10
-0.41377970393399E-10
-0.50111243205874E-10
-0.60215255470169E-10
-0.71823185471343E-10
-0.85075678167716E-10
-0.10011485750874E-09
-0.11708474924370E-09
-0.13613232178651E-09
-0.15740367026209E-09
-0.18104830721106E-09
-0.20721207563606E-09
-0.23604396808658E-09
-0.26768929517417E-09
-0.30229324958713E-09
-0.33999946384852E-09
-0.38094831949972E-09
-0.42528035503154E-09
-0.47313132049235E-09
-0.52463659783803E-09
-0.57992814068167E-09
-0.63913605605139E-09
-0.70238749294495E-09
-0.76980827560215E-09
-0.84152165734251E-09
-0.91764871130099E-09
-0.99830921513293E-09
-0.10836212883882E-08
-0.11737018527850E-08
-0.12686654420594E-08
-0.13686269922806E-08
-0.14736989090818E-08
-0.15839941716191E-08
-0.16996242450672E-08
-0.18206995609266E-08
-0.19473302964189E-08
-0.20796248498042E-08
-0.22176916155916E-08
-0.23616372426487E-08
-0.25115675198987E-08
-0.26675854478207E-08
-0.28297929833137E-08
-0.29982896998945E-08
-0.31731716158381E-08
-0.33545324635609E-08
-0.35424623364066E-08
-0.37370464307505E-08
-0.39383658342130E-08
-0.41464964830916E-08
-0.43615089519666E-08
-0.45834674692227E-08
-0.48124304852000E-08
-0.50484489166857E-08
-0.52915670698526E-08
-0.55418218008474E-08
-0.57992423679635E-08
-0.60638505948288E-08
-0.63356594619342E-08
-0.66146755781021E-08
-0.69008964231573E-08
-0.71943130225461E-08
-0.74949075857170E-08
-0.78026561949700E-08
-0.81175268567556E-08
-0.84394811876311E-08
-0.87684740921572E-08
-0.91044540083024E-08
-0.94473639449808E-08
-0.97971399957160E-08
-0.10153713079083E-07
-0.10517007429247E-07
-0.10886941924645E-07
