9.086203304156772
9.43097230140828
9.792737924172688
10.171230543302594
10.566201277717587
10.977417881354066
11.404667650480794
11.847755740350184
12.306503534018232
12.780748806471179
13.270344257139168
13.775156706341345
14.295066944613609
14.829967830936647
15.37976511571064
15.944374066397542
16.523724494919637
17.117751819539727
17.72640433633191
18.349639329507866
18.987422525940914
19.639729084451538
20.306542338098616
20.9878547126232
21.683665603410777
22.39398294057067
23.118822162001713
23.85820600841869
24.61216499762458
25.380736395610636
26.16411142051503
26.961900989618545
27.774602557004037
28.60213394831274
29.444565474412958
30.301968346740896
31.17443952030206
32.0620531929737
32.9649063372529
33.88309778873405
34.816731368438504
35.76591581657667
36.73076358956885
37.711392995567
38.70792481605634
39.72048638866781
40.74920596989353
41.79421700472677
42.85565580024555
43.93366203375946
45.02837968881561
46.139952806884786
47.26852829677923
48.41426092316405
49.57729867652851
50.757797664618394
51.95591433036216
53.17180585135595
54.40563219323225
55.65755361591548
56.927731764207195
58.216327860283535
59.52350807022029
60.849433388026696
62.19426854469537
63.55817893646247
64.94132785480107
66.34388003941453
67.76599976482274
69.2078509234177
70.66959695504812
72.15140072334167
73.6534243973977
75.175829339005
76.71877599542911
78.28242379789526
79.86693106584426
81.4724549170275
83.09915118355687
84.74717433394335
86.41667740121383
88.10781191716114
89.82072785279227
91.55557356500813
93.31249574957376
95.09163940040905
96.89314777523352
98.71716236760557
100.56382288531212
102.43326723524041
104.3256315146044
106.24105000863102
108.17965519463607
110.14157775252512
112.12694658167077
114.13588882417228
116.16852989446055
118.22499351522774
120.30540175965132
122.40987509987464
124.53853246171913
126.69149128557551
128.86886759344827
131.07077606211246