12.799579047842336
13.158794648468605
13.535963851682789
13.930799387665628
14.343029223198
14.772396922909211
15.21866505863264
15.681608651468581
16.161021303142366
16.65671143403481
17.16850347696368
17.696235115148564
18.239759081377517
18.79894190257318
19.373662796065084
19.96381274709443
20.56929620784717
21.190014019041296
21.825936417152846
22.47695754000248
23.143039831515487
23.824141522623446
24.520230994869433
25.231285815633147
25.95729302035673
26.69824939586384
27.45415929448975
28.225036311218396
29.01090246640089
29.81178661387331
30.62772901808492
31.458772692424173
32.304970613890376
33.16638228045064
34.043074571314094
34.93512077566582
35.842599726225934
36.765597281134845
37.70420426918366
38.65851766570217
39.62863910506595
40.614676354629964
41.6167441924992
42.63495504980966
43.669431967230736
44.72029987866668
45.7876880484491
46.871728375808765
47.97255876002887
49.09031680715994
50.22514525063543
51.37718924834337
52.54659717336948
53.733517036471795
54.9381014910813
56.160499399430165
57.4008827022939
58.659389947131764
59.93618326257839
61.2314366493343
62.54529272559366
63.87791964367081
65.22947818178136
66.60012894064552
67.99004194682104
69.39937155596576
70.82828357234737
72.27693960218177
73.74550170497967
75.23411954563684
76.74299187711698
78.27224077260118
79.8220385830366
81.39254390857745
82.98391432292284
84.5963062754687
86.2298749994886
87.88477442647475
89.56115710665341
91.25917413572357
92.97897508787916
94.72070795512013
96.48451909293084
98.2705531722975
100.07895313813094
101.90986017408795
103.76341367380155
105.63975121852465
107.53900856121503
109.46131961696412
111.40681645990792
113.37562932644367
115.36788662484382
117.38371495118183
119.42323911157379
121.48658215067238
123.57386538640395
125.68520845089475
127.82072933754151
129.98054445419393
132.1647686823994
134.37351544265812
136.6068967656461
138.86502336936505