13.88733255843929
14.250113214887188
14.631917476981272
15.02997943599475
15.446499234503769
15.88039145099039
16.33141129061722
16.799330116081403
17.283935104920022
17.785028605409913
18.30242788172542
18.83596496497531
19.385486661655563
19.950852110887844
20.531935177604534
21.128620952615517
21.740808557284645
22.368407235791235
23.01133823561285
23.66953657603018
24.342943985915365
25.031514787557885
25.735213453640135
26.454014378872543
27.18790118053753
27.93686703064126
28.700913427071285
29.480053905990964
30.274305474357355
31.083696782522814
31.90826383640928
32.7480498651313
33.603101460343765
34.47349167620539
35.35927062165538
36.26051596093924
37.177300806708956
38.1097233655389
39.05786289211349
40.021816943786156
41.001688819387404
41.99758459219306
43.00961742691094
44.0379019898901
45.08255977311552
46.143715401506036
47.22149684604581
48.31603890576276
49.42747514062403
50.55594471528723
51.70159056759151
52.86455758715073
54.04499111540659
55.243043757549856
56.45886448269861
57.6926073022936
58.94442717220335
60.214481473553015
61.50292708822364
62.80992550445657
64.13563380573055
65.48021338332838
66.84382587530038
68.22663242792551
69.6287958941789
71.05047681734587
72.49183859691159
73.95304109811097
75.43424768532661
76.9356176174128
78.45731184935023
79.99948967693267
81.56230978012394
83.1459299235365
84.75050677332122
86.37619584476222
88.02315141153956
89.69152642123164
91.38147241702897
93.09313946576997
94.82667609227171
96.5822292200295
98.35994411829414
100.15996435553774
101.98243175933851
103.82748638269848
105.69526647676491
107.58590846999196
109.49954695372675
111.43631467414933
113.39634253068327
115.37975958069585
117.38669305057914
119.4172683531224
121.47160911116498
123.54983718748794
125.65207272089604
127.77843416845928
129.9290383538606
132.10400052181106
134.3034343984766
136.5274522578664
138.77616499414998
141.04968219983502