-0.43546044990081E-28
-0.54432556237601E-29
-0.16128164811141E-29
-0.68040695297002E-30
-0.34836835992065E-30
-0.20160206013926E-30
-0.12695639938799E-30
-0.85050869121252E-31
-0.59733943744967E-31
-0.43546044990081E-31
-0.32716788121774E-31
-0.25200257517408E-31
-0.19820685020519E-31
-0.15869549923499E-31
-0.12902531848913E-31
-0.10631358640157E-31
-0.88634327274743E-32
-0.74667429681209E-32
-0.63487454424961E-32
-0.54432556237601E-32
-0.47020888662219E-32
-0.57463186111335E-17
-0.45200473786264E-17
-0.22499859866180E-18
-0.41938943796801E-17
-0.19913974491370E-17
 0.32759096365959E-18
-0.24827987906302E-17
-0.41281733716289E-18
-0.10988556245834E-17
-0.68688566946573E-18
-0.37586190081694E-17
-0.63854742730738E-17
-0.97991908944419E-17
-0.21276164516597E-16
-0.41293451407304E-16
-0.78115817661866E-16
-0.14269233702714E-15
-0.24937625988073E-15
-0.42651121794608E-15
-0.70959469678200E-15
-0.11506097752378E-14
-0.18202048520019E-14
-0.28188776814148E-14
-0.42743222701584E-14
-0.63606338928941E-14
-0.92972640828674E-14
-0.13363379855489E-13
-0.18906760344000E-13
-0.26357767669757E-13
-0.36238087464382E-13
-0.49172594945949E-13
-0.65912366765879E-13
-0.87328572414981E-13
-0.11443788830770E-12
-0.14841828507335E-12
-0.19061045246767E-12
-0.24252941931593E-12
-0.30588632998752E-12
-0.38258213066598E-12
-0.47472652524310E-12
-0.58464224306815E-12
-0.71485997881521E-12
-0.86813754405681E-12
-0.10474494352761E-11
-0.12559882633505E-11
-0.14971729490468E-11
-0.17746294616474E-11
-0.20922010762932E-11
-0.24539315683557E-11
-0.28640625217995E-11
-0.33270228175631E-11
-0.38474178466898E-11
-0.44300160656462E-11
-0.50797441531874E-11
-0.58016630256889E-11
-0.66009621263863E-11
-0.74829384739102E-11
-0.84529849181635E-11
-0.95165761670709E-11
-0.10679248755065E-10
-0.11946587758593E-10
-0.13324210829687E-10
-0.14817748918988E-10
-0.16432839598723E-10
-0.18175102003025E-10
-0.20050127019999E-10
-0.22063463769784E-10
-0.24220603119611E-10
-0.26526965684474E-10
-0.28987892225081E-10
-0.31608627236512E-10
-0.34394310357558E-10
-0.37349966814118E-10
-0.40480496929021E-10
-0.43790668235593E-10
-0.47285108187006E-10
-0.50968294666520E-10
-0.54844553270783E-10
-0.58918050305639E-10
-0.63192788373982E-10
-0.67672603175830E-10
-0.72361160612646E-10
-0.77261953240954E-10
-0.82378301287948E-10
-0.87713350669284E-10
-0.93270072563320E-10
-0.99051264160895E-10
-0.10505955138058E-09
-0.11129738922571E-09
-0.11776706427744E-09
-0.12447069920018E-09
-0.13141025446057E-09
-0.13858753349480E-09
-0.14600418625815E-09
-0.15366171605046E-09
-0.16156148255540E-09
-0.16970470883930E-09
-0.17809248824020E-09
-0.18672571343474E-09
