0.0004108474556693012
0.0007392926330398741
0.0012603269131704015
0.002051529620359487
0.0032089958478260113
0.004848849718832714
0.007108599529506191
0.01014838130254613
0.014152138010230688
0.01932877419442288
0.025913313219318942
0.034168067237717606
0.04438381047679579
0.05688092674197899
0.0720104820207864
0.09015515721138377
0.1117299629473355
0.1371826519299756
0.16699374453877716
0.20167609096829783
0.24177390810064878
0.28786125137858254
0.3405399084857015
0.4004367318252801
0.4682004568632238
0.5444980816871156
0.6300109050226316
0.7254303353059186
0.8314535878200636
0.9487793812453388
1.0781037288344932
1.2201158938815193
1.375494547140134
1.5449041280766365
1.7289913763131288
1.9283819688884467
2.143677176523709
2.3754504444295432
2.6242438137758897
2.890564133979398
3.174879076427647
3.477613045650174
3.799143186944974
4.139795794481404
4.49984350517906
4.8795036934351135
5.278938434438697
5.698256273001256
6.137515836551947
6.596731107098573
7.0758779695708816
7.574901527852112
8.093723646964811
8.63225023283059
9.190377873888776
9.767999604869948
10.365009684051987
10.981307380405447
11.616799840280516
12.271404145357515
12.945048690806946
13.637674012739023
14.349233183386906
15.079691877021206
15.829028192307115
16.59723230027114
17.384305972401073
18.190262030730604
19.0151237515916
19.858924246531974
20.721705837341933
21.603519437447947
22.504423947949174
23.424485673957495
24.36377776474758
25.322379679774983
26.30037668151726
27.29785935535735
28.314923156157665
29.35166798095505
30.408197766851696
31.484620113115323
32.58104592648449
33.69758908861129
34.8343661445712
35.99149601151107
37.16909970644791
38.36730009237634
39.58622164183552
40.82599021720837
42.08673286708958
43.36857763802999
44.67165340116154
45.99608969312558
47.3420165708818
48.70956447993462
50.09886413559605
51.51004641697409
52.94324227330726
54.39858264239531
55.87619838084362
57.376220205896885
58.89877864862086
60.444004018209064