 0.14255235691142E-06
 0.17255570989567E-06
 0.20486390928964E-06
 0.23942458466754E-06
 0.27624379615418E-06
 0.31537446035660E-06
 0.35690073950817E-06
 0.40091963966021E-06
 0.44752077745907E-06
 0.49676523301513E-06
 0.54866441417489E-06
 0.60315982860660E-06
 0.66010433939692E-06
 0.71924467534701E-06
 0.78020354341809E-06
 0.84245791372180E-06
 0.90530893996869E-06
 0.96784087510640E-06
 0.10288750529239E-05
 0.10869436546587E-05
 0.11403315774633E-05
 0.11872394173410E-05
 0.12260713924619E-05
 0.12557545221805E-05
 0.12759365528688E-05
 0.12869722392739E-05
 0.12897383693994E-05
 0.12853915727354E-05
 0.12751622352789E-05
 0.12602200719652E-05
 0.12416054623144E-05
 0.12202060199386E-05
 0.11967589590947E-05
 0.11718657375616E-05
 0.11460110008620E-05
 0.11195816654948E-05
 0.10928842711411E-05
 0.10661599334875E-05
 0.10395968577893E-05
 0.10133406275823E-05
 0.98750257844210E-06
 0.96216657325766E-06
 0.93739446716853E-06
 0.91323050954614E-06
 0.88970488864897E-06
 0.86683658702462E-06
 0.84463568320813E-06
 0.82310520873288E-06
 0.80224264760992E-06
 0.78204114793387E-06
 0.76249050143202E-06
 0.74357793545056E-06
 0.72528875323998E-06
 0.70760685122168E-06
 0.69051513633042E-06
 0.67399586209088E-06
 0.65803089854844E-06
 0.64260194821072E-06
 0.62769071797691E-06
 0.61327905509026E-06
 0.59934905373204E-06
 0.58588313761703E-06
 0.57286412301088E-06
 0.56027526577090E-06
 0.54810029537986E-06
 0.53632343839392E-06
 0.52492943332951E-06
 0.51390353862516E-06
 0.50323153504010E-06
 0.49289972360196E-06
 0.48289492004192E-06
 0.47320444645969E-06
 0.46381612084633E-06
 0.45471824499288E-06
 0.44589959118323E-06
 0.43734938803484E-06
 0.42905730576366E-06
 0.42101344109274E-06
 0.41320830197408E-06
 0.40563279250682E-06
 0.39827819742317E-06
 0.39113616750162E-06
 0.38419870470747E-06
 0.37745814789479E-06
 0.37090715883742E-06
 0.36453870867553E-06
 0.35834606478921E-06
 0.35232277811927E-06
 0.34646267093644E-06
 0.34075982507167E-06
 0.33520857059310E-06
 0.32980347494030E-06
 0.32453933249220E-06
 0.31941115457512E-06
 0.31441415988761E-06
 0.30954376533636E-06
 0.30479557727097E-06
 0.30016538309892E-06
 0.29564914327389E-06
 0.29124298363501E-06
 0.28694318809567E-06
 0.28274619165095E-06
 0.27864857370907E-06
 0.27464705171765E-06
