8.534847923258697
8.569224733704234
8.603777167532122
8.638504937437496
8.673407758224183
8.708485346815143
8.743737422246133
8.779163705676499
8.814763920387701
8.850537791788515
8.886485047410936
8.922605416923718
8.958898632114115
8.995364426903784
9.032002537339082
9.068812701594812
9.105794659963784
9.14294815486923
9.180272930849288
9.21776873455539
9.255435314757598
9.293272422330086
9.33127981025572
9.369457233609943
9.407804449571179
9.446321217398257
9.485007298439594
9.523862456120034
9.562886455933528
9.602079065437916
9.64144005425258
9.680969194040186
9.720666258512646
9.760531023412625
9.800563266513295
9.840762767604181
9.881129308485079
9.921662672962706
9.962362646830469
10.003229017872565
10.044261575843487
10.085460112470772
10.12682442143277
10.168354298356919
10.210049540811534
10.251909948286588
10.29393532220239
10.336125465873966
10.378480184524708
10.420999285260685
10.46368257707064
10.50652987080812
10.549540979181666
10.592715716756679
10.636053899922402
10.679555346904705
10.72321987773952
10.767047314267508
10.811037480129833
10.855190200741118
10.899505303300842
10.94398261676096
10.988621971831735
11.033423200958154
11.078386138323767
11.123510619825627
11.16879648307044
11.214243567366857
11.259851713706132
11.305620764759496
11.351550564862404
11.397640960011678
11.44389179784329
11.490302927631243
11.53687420027044
11.583605468273591
11.630496585753201
11.677547408420468
11.724757793562306
11.772127600041108
11.819656688284935
11.867344920267035
11.91519215950796
11.963198271060536
12.011363121494112
12.059686578895171
12.1081685128543
12.156808794447453
12.205607296238052
12.254563892261974
12.303678458021096
12.35295087046753
12.402381007996555
12.451968750443992
12.501713979069473
12.55161657655059
12.601676426970608
12.651893415810154
12.702267429944861
12.752798357624755
12.80348608848022
12.854330513498411
12.905331525023382
12.956489016744042
13.00780288369093
13.059273022219458
13.110899330009165
13.16268170605243
13.214620050645397
13.266714265381037
13.318964253143927
13.371369918094238
13.423931165672466
13.4766479025788
13.52952003677626
13.582547477474154
13.635730135128227
13.689067921427245
13.742560749291636
13.796208532861067
13.850011187490857
13.903968629743899
13.958080777381484
14.012347549360811
14.066768865825683
14.121344648098558
14.176074818679314
14.230959301232087
14.285998020582545
14.34119090271304
14.396537874750825
14.452038864965814
14.507693802768975
14.56350261869916
14.619465243677148
14.67558161194794
14.73185165744599
14.7882753136563
14.844852517431788
14.901583205973782
14.958467317567939
15.015504791591685
15.07269556849858
15.130039589818194
15.18753679815462
15.245187137164745
15.30299055157576
15.360946987168273
15.419056390768368
15.477318710248602
15.53573389452787
15.594301893553665
15.653022658308778
15.711896140801246
15.770922294062979
15.830101072140463
15.889432430098596
15.948916324009401
16.008552710950784
16.0683415490023
16.12828279724022
16.188376415731042
16.2486223655361
16.309020608701136
16.369571108246372
16.43027382818203
16.49112873353301
16.552135790149883
16.613294964993482
16.67460622594698
16.736069541845453
16.797684882486525
16.859452218617605
16.92137152193638
16.983442765087574
17.045665921659246
17.108040966180535
17.17056787411361
17.233246621859735
17.29607718674787
17.359059547034146
17.42219368190202
17.48547957145568
17.548917196719675
17.612506539630964
17.676247583046752
17.740140310727845
17.804184707344117
17.868380758478107
17.93272845060367
17.997227771104598
18.061878708258597
18.12668125123508
18.191635390102206
18.256741115811895
18.321998420206747
18.387407296017344
18.45296773685365
18.51867973720282
18.584543292436475
18.650558398799824
18.71672505341299
18.78304325426161
18.849513000210464
18.916134290981898
18.98290712716884
19.04983151022363
19.116907442464242
19.184134927060864
19.251513968044964
19.319044570300225
19.386726739565162
19.454560482425414
19.52254580631946
19.5906827195272
19.658971231178025
19.72741135124162
19.79600309053195
19.864746460693482
19.933641474219165
20.00268814442911
20.071886485481237
20.141236512363346
20.21073824089212
20.28039168771623
20.35019687030603
20.42015380696088
20.49026251679935
20.560523019765782
20.6309353366169
20.70149948893359
20.772215499112956
20.84308339036102
20.914103186699762
20.985274912964787
21.056598594797865
21.128074258647313
21.19970193177332
21.271481642234185
21.343413418893995
21.41549729141792
21.48773329027309
21.56012144671901
21.63266179281876
21.70535436142532
21.778199186185564
21.851196301539613
21.924345741715722
21.997647544705135
22.071101746340748
22.144708384213263
22.2184674966997
22.29237912295456
22.366443302916938
22.440660077304898
22.5150294876124
22.589551576111507
22.664226385848572
22.73905396063973
22.81403434507925
22.88916758452499
22.964453725106093
23.03989281530903
23.115484899663393
23.191230028137785
23.26712824991946
23.34316536851847
23.419384173953162
23.49574197837807
23.57225308045267
23.64891753315091
23.725735390202654
23.802706706087818
23.87983153603354
23.957109936023343
24.03454196277991
24.11212767377275
24.189867127218093
24.267760382070815
24.345807498027543
24.42400853552516
24.50236355573846
24.58087262057033
24.659535792668876
24.73835313540907
24.81732471289783
24.896450589968918
24.97573083218966
25.05516550584878
25.134754677961112
25.21449841626412
25.294396789218652
25.374449866001616
25.45465771651367
25.535020411364698
25.615538021886483
25.696210620119412
25.77703827881522
25.85802107144206
25.939159072165406
26.020452355869153
26.101900998132514
26.183505075243442
26.265264664191424
26.347179842663888
26.4292506890442
26.511477282419875
26.593859702564572
26.676398029951123
26.75909234574136
26.841942731785373
26.92494927062684
27.008112045488502
27.091431140280374
27.174906639599225
27.25853862871878
27.342327193588996
27.426272420845457
27.510374397791658
27.594633212411644
27.679048953356745
27.7636217099509
27.848351572187067
27.933238630722247
28.018282976882716
28.103484702655685
28.18884390068709
28.274360664288892
28.360035087427182
28.44586726472216
28.531857291449775
28.618005263541324
28.704311277576277
28.790775430779032
28.877397821025255
28.964178546835925
29.051117707372352
29.138215402438934
29.225471732476805
29.312886798567565
29.40046070242658
29.48819354640336
29.57608543347806
29.664136467263123
29.752346751997187
29.840716392541847
29.929245494389736
30.017934163649134
30.106782507052394
30.195790631948515
30.28495864630524
30.37428665869701
30.463774778320744
30.553423114977583
30.643231779080214
30.7332008816448
30.823330534294588
30.91362084925332
31.004071939347973
31.094683918001056
31.185456899233838
31.276390997661892
31.36748632849408
31.45874300752612
31.550161151147144
31.641740876329422
31.73348230062982
31.825385542191817
31.91745071973543
32.00967795255908
32.10206736053935
32.19461906412651
32.287333184342046
32.380209842780864
32.47324916160352
32.56645126353518
32.65981627186949
32.75334431045926
32.84703550371562
32.94088997661293
33.034907854675566
33.12908926398518
33.223434331174545
33.317943183425534
33.4126159484658
33.50745275457134
33.602453730560455
33.69761900579002
33.79294871016189
33.88844297410584
33.98410192859679
34.07992570513443
34.17591443575453
34.272068253014794
34.3683872900063
34.464871680340515
34.561521558150524
34.65833705809391
34.755318315338535
34.85246546557431
34.94977864500179
35.04725799033514
35.144903638795796
35.24271572811139
35.34069439651757
35.43883978275031
35.53715202604728
35.63563126614478
35.73427764327381
35.8330912981624
35.93207237202795
36.03122100657891
36.130537344010165
36.23002152700524
36.329673698728286
36.42949400282342
36.52948258341809
36.62963958511301
36.72996515298269
36.83045943257838
36.931122569915395
37.031954711486335
37.13295600423831
37.23412659559134
37.33546663342246
37.43697626607033
37.538655642327356
37.64050491144337
37.74252422312273
37.84471372751302
37.94707357522245
38.04960391729327
38.15230490522041
38.25517669093337
38.35821942680447
38.4614332656467
38.56481836070436
38.668374865651444
38.77210293460261
38.876002722090526
38.98007438308082
39.08431807296222
39.188733947541905
39.2933221630509
39.398082876137046
39.50301624386002
39.608122423698134
39.71340157353512
39.81885385166764
39.92447941679737
40.030278428029
40.13625104487026
40.24239742723102
40.34871773541362
40.455212130121204
40.56188077244727
40.66872382387542
40.77574144628186
40.88293380192647
40.990301053453756
41.09784336389017
41.205560896646425
41.313453815502015
41.421522284621574
41.5297664685385
41.63818653215682
41.74678264074996
41.8555549599617
41.96450365579517
42.07362889461854
42.18293084315904
42.29240966850426
42.40206553809317
42.51189861972405
42.62190908154137
42.73209709204087
42.84246282006556
42.9530064348033
43.063728105782985
43.17462800287501
43.28570629628662
43.39696315656502
43.50839875458598
43.62001326155977
43.73180684902558
43.843779688849544
43.95593195322212
44.06826381465797
44.18077544599286
44.293467020377825
44.40633871128302
44.51939069249288
44.63262313810013
44.74603622251281
44.8596301204409
44.97340500690297
45.08736105722183
45.20149844701566
45.31581735220999
45.43031794901843
45.5450004139546
45.659864923821424
45.77491165571353
45.890140787015135
46.00555249539106
46.1211469587966
46.23692435546171
46.35288486389986
46.46902866290253
46.58535593153143
46.70186684912579
46.81856159529334
46.93544034991
47.05250329311958
47.16975060532963
47.28718246720835
47.40479905968499
47.52260056394769
47.64058716143769
47.75875903385329
47.877116363139656
47.99565933149491
48.114388121362836
48.2333029154327
48.35240389663558
48.47169124814271
48.59116515336712
48.71082579595545
48.83067335978941
48.950708028985545
49.070929987882096