 0.51057161924961E-32
 0.40845729539969E-31
 0.13785433719740E-30
 0.32676583631975E-30
 0.63821452406202E-30
 0.11028346975792E-29
 0.17512606540262E-29
 0.26141266905580E-29
 0.37220671043297E-29
 0.51057161924961E-29
 0.67957082522123E-29
 0.88226775806333E-29
 0.11217258474914E-28
 0.14010085232209E-28
 0.17231792149674E-28
 0.20913013524464E-28
 0.25084383653733E-28
 0.29776536834637E-28
 0.35020107364331E-28
 0.40845729539969E-28
 0.47284037658707E-28
-0.12416322385962E-13
 0.62121248914100E-28
 0.55086531261589E-13
 0.79776815507752E-28
-0.73860927639760E-13
 0.14618102832906E-12
-0.33678683224821E-13
-0.44858924374169E-13
-0.17294406795781E-12
-0.17620602788714E-12
-0.15897025843101E-12
-0.44467736027927E-14
 0.49777838775019E-13
 0.14587630597678E-13
 0.13099932670768E-12
 0.64518771245913E-13
 0.45362252572353E-12
 0.92632883125295E-13
 0.20234418738745E-12
 0.25867387714289E-12
 0.19382369395258E-12
 0.51972014034454E-13
-0.37348390681750E-12
-0.98379815269906E-13
-0.87697074941882E-12
 0.66808982205656E-12
-0.45347082319662E-12
-0.19255256911672E-11
 0.14621738713886E-12
 0.20341053077247E-11
 0.82312279710502E-12
 0.69393441018905E-12
 0.33500451698481E-12
 0.86753236555951E-12
 0.22869668879190E-12
 0.18727689179874E-11
-0.17609867381547E-11
 0.42069899265427E-11
 0.13614980391341E-12
-0.20494178180243E-12
-0.66051746539537E-11
 0.64533527751314E-11
-0.59096961803007E-11
-0.46969464561679E-11
-0.44380880121783E-11
-0.16680501799414E-11
 0.80510870371655E-12
-0.57424199390605E-11
 0.66400365243774E-11
-0.99028072527435E-11
-0.28276851681588E-11
-0.45041804520637E-11
-0.15392265875086E-10
-0.12066167946019E-10
-0.69934937198070E-11
-0.94482811787385E-11
-0.34485173659798E-10
-0.23344430969110E-10
-0.15697226688762E-10
-0.35620795196867E-10
-0.20216335329497E-10
-0.27790615910972E-10
-0.29511375700065E-10
-0.37370660583761E-10
-0.35471027998878E-10
-0.52432996720930E-10
-0.48189488537139E-10
-0.21143781688936E-10
-0.63353476523672E-10
-0.44233879388479E-10
-0.53912505163809E-10
-0.63044667765645E-10
-0.83771112435423E-10
-0.69186366047287E-10
-0.92703846059250E-10
-0.94292102308271E-10
-0.80679429057184E-10
-0.10507687703675E-09
-0.93371895491297E-10
-0.94408426632499E-10
-0.11249816515975E-09
-0.14970992324892E-09
-0.16286605516356E-09
-0.18397402925946E-09
-0.17443854222829E-09
-0.18253507864474E-09
-0.21585311299931E-09
-0.21265674053710E-09
-0.22914486236146E-09
-0.27330497250795E-09
-0.26645160644178E-09
-0.28943812367514E-09
-0.29577201580619E-09
-0.32750261092740E-09
-0.35331568358459E-09
-0.35847059258860E-09
-0.38309438717907E-09
-0.40575521499437E-09
-0.44792460119477E-09
