0.0002442009374285562
0.00045218095033163494
0.0007907674434879627
0.001316876163246398
0.0021024414085587776
0.003235882668702413
0.004823394448381739
0.006990081645420861
0.009880972539902676
0.013661945571714592
0.018520604597726118
0.02466713254871574
0.032335145245918094
0.04178255741809775
0.05329246172742906
0.06717401041061685
0.08376327774783188
0.1034240714272095
0.1265486523246576
0.15355831572691536
0.18490378361432414
0.22106535692245605
0.26255277953879325
0.30990477189085086
0.3636882003500389
0.4244968597570054
0.4929498581866011
0.5696896051730772
0.6553794153900007
0.7507007485335402
0.8563501109195746
0.9730356450059888
1.1014734288873702
1.2423834989075695
1.3964855961236844
1.5644946235674784
1.7471157890733073
1.9450394034328213
2.1589353106382836
2.3894469536823397
2.6371851302013964
2.9027215711671155
3.1865825760887057
3.4892430495012676
3.8111213781543865
4.152575636381248
4.513901577541685
4.895332745935495
5.297042837210441
5.719150183320019
6.161723998622621
6.624791849944187
7.10834773906036
7.612360212945887
8.136780020733514
8.681546980097261
9.246595863684474
9.831861243448524
10.437281325033709
11.062800864569468
11.70837329078278
12.373962164660753
13.05954210366828
13.765099284761995
14.490631623995018
15.23614871369816
16.001671582523958
16.787232329778657
17.59287367397964
18.418648445988744
19.264619049618783
20.130856906615143
21.017441898324844
21.924461812841198
22.852011803846196
23.800193865233457
24.76911632428348
25.758893354950967
26.76964451212579
27.80149428718691
28.854571684704986
29.929009819969842
31.02494553682845
32.14251904521441
33.28187357769545
34.44315506438327
35.62651182551782
36.83209428109097
38.060054676896456
39.31054682643385
40.5837258681697
41.87974803761964
43.19877045388432
44.54095092018121
45.90644773807077
47.295419535003404
48.70802510494959
50.14442326181808
51.60477270544855
53.089231899958385
54.59795896426457
56.1311115745972
57.68884687883895
59.271321422562195