0.00037636123129791704
0.0006804531612255491
0.001164879164291525
0.0019031762948069754
0.002986654783897806
0.004525838083318749
0.006651717105282332
0.009516860210966628
0.013296425227906857
0.018189117817837948
0.024418133527643823
0.03223211031095138
0.04190610554498597
0.0537425972346187
0.06807249452825977
0.08525612891622025
0.10568418435047858
0.1297785143643225
0.15799278658125657
0.19081289120109515
0.22875704998897495
0.2723755669845686
0.32225017031423864
0.3789929063854257
0.4432445618291172
0.5156726040745377
0.5969686459285393
0.6878454522011278
0.7890335149162978
0.9012772265386325
1.025330677547682
1.161953094650326
1.3119039207266183
1.4759375195237017
1.6547974719690075
1.8492104232688673
2.0598794497097703
2.2874769510062816
2.5326371463453956
2.795948363759718
3.0779454558820647
3.3791028262735203
3.6998286724789393
4.04046109242279
4.401266619854189
4.78244153754744
5.184115996574045
5.606360617867833
6.049194957876764
6.51259705240095
6.996513236207881
7.500867548659616
8.025570224249845
8.570524975690844
9.13563496189462
9.720807472057132
10.325957445006091
10.951009987536505
11.595902067801179
12.260583551799673
12.945017732020874
13.649181473936311
14.373065082664963
15.11667197065757
15.880018188857312
16.663131868797574
17.4660526108991
18.288830844814008
19.131527180462005
19.99421176282817
20.87696363954085
21.77987014722113
22.703026320308428
23.646534324586195
24.610502916387226
25.595046927735154
26.600286777152675
27.62634800544439
28.673360835652556
29.74145975616028
30.830783125949015
31.941472800969166
33.07367378058832
34.22753387322656
35.403203380206996
36.60083479704995
37.82058253142205
39.06260263705339
40.327052563016366
41.61409091778134
42.92387724758914
44.25657182864658
45.612335472798634
46.99132934631093
48.393714801436104
49.81965322054158
51.26930587249121
52.74283378113985
54.24039760569603
55.762157532804295
57.308273180197006
58.87890351177461
60.47420676398194
62.094340383355586