0.0006722849782283334
0.0011772926000545756
0.0019589037627395127
0.00311995975042524
0.004785299295453739
0.007103132389562728
0.010246254797871543
0.014413168576370755
0.019829167792683237
0.026747435512840766
0.03545018144071928
0.04624983022860263
0.05949025004284374
0.07554799114365142
0.0948334850839679
0.11779213934190806
0.14490524941472724
0.17669064283161495
0.2137029672538112
0.2565335387320539
0.3058096760935345
0.3621934623600009
0.42637989336330345
0.49909439487821683
0.5810897098442876
0.6731421750282499
0.7760474170862238
0.8906155007961414
1.0176655542730404
1.158019878596272
1.3124975240483534
1.4819072890552352
1.6670400797806229
1.8686605734353299
2.087498172920542
2.324237342430674
2.579507581379342
2.8538735197927845
3.147825862630312
3.4617741041224526
3.7960419829206886
4.150866484117594
4.526400798865709
4.9227211066111245
5.339836495467093
5.777700941200085
6.236226119979307
6.715293933591854
7.214767899831518
7.734502898041508
8.274353070769772
8.834177917087832
9.413846759556147
10.013241836550007
10.632260287099095
11.270815277444116
11.928836484634909
12.606270113533359
13.303078586316545
14.019240010736842
14.75474750664454
15.509608448728903
16.283843666979116
17.077486633920195
17.890582658456484
18.723188099409057
19.57536960697635
20.447203396948233
21.33877456007664
22.25017640733508
23.181509850797553
24.132882819034773
25.10440970564394
26.096210849139496
27.108412042478204
28.14114407038083
29.19454227272558
30.268746132311673
31.363898885499257
32.48014715424627
33.61764059824267
34.77653158597874
35.95697488368622
37.15912736114581
38.383147713616495
39.62919619901513
40.8974343898071
42.188024938932436
43.50113135931354
44.83691781648168
46.195548933954235
47.57718961099987
48.98200485252907
50.41015961084874
51.861818639061866
53.337146355929136
54.83630672202598
56.35946312705503
57.906778288177414
59.478414159282984
61.07453185103625
62.69529156168078
64.34085251846123
66.01137292959643