0.05402440104976914
0.055981382491726635
0.05799351425272323
0.06006195615047885
0.0621878872127557
0.06437250600516319
0.06661703105391593
0.06892270117723825
0.07129077591482466
0.07372253587897974
0.07621928317737611
0.07878234187168345
0.08141305828526585
0.0841128015818364
0.08688296407985703
0.0897249617841511
0.09264023480977844
0.09563024787219128
0.09869649074760103
0.10184047880012254
0.10506375345889715
0.10836788272239864
0.11175446048321198
0.11522511181523852
0.11878148660315802
0.12242526459789894
0.12615815486193926
0.12998189638345986
0.1338982586789546
0.13790904237337434
0.14201607988304374
0.14622123599803938
0.15052640857913233
0.15493352915952932
0.1594445636904708
0.16406151321905868
0.16878641457489665
0.1736213411005455
0.17856840343721245
0.1836297501708036
0.1888075687166625
0.19410408603326884
0.19952156940060461
0.20506232731618765
0.2107287101989646
0.21652311134144753
0.22244796768013617
0.22850576066523745
0.23469901718686068
0.24103031038230374
0.24750226056460653
0.2541175361395608
0.26087885443893793
0.2677889826890096
0.274850738869965
0.28206699264347124
0.2894406662026577
0.29697473519371825
0.30467222953970613
0.31253623427698884
0.32056989039555106
0.32877639552637955
0.3371590047522253
0.34572103118650627
0.35446584657256597
0.3633968817946822
0.3725176187987476
0.38183162392945325
0.3913424996451481
0.40105391601541746
0.41096960281392
0.4210933490561593
0.43142900230738235
0.4419804677319323
0.4527517156394659
0.4637467354212164
0.4749696222121481
0.4864244875076851
0.4981154905469738
0.510046845492817
0.5222227972519298
0.5346476262516324
0.5473256404871355
0.560261159418756
0.573458538900363
0.5869221179968982
0.6006562366174537
0.6146652150456448
0.6289533475422612
0.643524882706758
0.6583840113338243
0.6735348507041891
0.6889814223889599
0.7047276425336364
0.7207772933305131
0.737134006831741
0.753801242900874
0.7707822676556885
0.7880801319406675
0.805697650201019
0.8236373800890101
0.841901603437625
0.860492308925006
0.8794111770160288
0.8986595674849842
0.9182385101100632
0.9381486987752248
0.9583904883996776
0.9789638977769122
0.9998686128206027
1.0211039966352085
1.0426691009159168
1.0645626808697888
1.0867832140481004
1.1093289192427298
1.1321977786949748
1.1553875608537352
1.1788958438670014
1.2027200392846014
1.2268574155076137
1.2513051205897416
1.276060204142035
1.3011196380265564
1.3264803356904216
1.3521391700008225
1.3780929895184788
1.4043386331860561
1.4308729433843868
1.4576927776839244
1.4847950185340437
1.5121765822849393
1.5398344267656168
1.56776555747731
1.5959670323382749
1.6244359663465393
1.6531695347891893
1.6821649758144162
1.7114195923290856
1.7409307533103309
1.7706958945778366
1.8007125191427447
1.8309781971764993
1.8614905656613212
1.8922473277520981
1.9232462519367042
1.9544851709925077
1.9859619808000197
2.0176746390584834
2.049621163869523
2.0817996322711445
2.114208178726556
2.146844993577241
2.1797083214615265
2.2127964597371204
2.2461077569094874
2.279640611063322
2.313393468310411
2.3473648212791978
2.3815532075832477
2.4159572084056387
2.4505754470178225
2.485406587410191
2.520449332934184
2.555702424980522
2.5911646416858596
2.6268347967224743
2.6627117380735603
2.6987943468862223
2.7350815363522702
2.771572250614585
2.808265463751433
2.845160178735579
2.882255426484887
2.9195502649292924
2.957043778104345
2.994735075294895
3.0326232901758
3.070707580039762
3.108987125003821
3.1474611272769137
3.1861288104393473
3.22498941874536
3.264042216480421
3.303286487311825
3.3427215336646117
3.382346676155941
3.422161253002042
3.462164619488089
3.5023561474435416
3.542735224711646
3.5833012546993745
3.6240536558672822
3.6649918613072465
3.7061153182973694
3.747423487882816
3.788915844468078
3.8305918754320705
3.872451080754403
3.914492972652697
3.956717075222385
3.9991229241326107
4.041710066263549
4.084478059413477
4.127426472010316
4.170554882787799
4.213862880538594
4.25735006382038
4.301016040708353
4.344860428534693
4.388882853653478
4.433082951190209
4.477460364837128
4.522014746608952
4.5667457566552
4.611653063032056
4.65673634152438
4.701995275434081
4.747429555417394
4.793038879288022
4.838822951849447
4.8847814847282365
4.9309141962087155
4.977220811085629
5.023701060494225
5.070354681778432
5.117181418345023
5.164181019522357
5.2113532404253435
5.2586978418335475
5.306214590053419
5.353903256812541
5.4017636191221
5.449795459184172
5.49799856425891
5.546372726577903
5.594917743222917
5.643633416034535
5.692519551511006
5.741575960709804
5.790802459162122
5.840198866778901
5.88976500775663
5.93950071051143
5.989405807579268
6.039480135539367
6.089723534944082
6.140135850237972
6.190716929685558
6.2414666252949935
6.292384792763073
6.343471291392324
6.394725984034901
6.4461487370251875
6.497739420118607
6.549497906431419
6.601424072384993
6.653517797646353
6.705778965068225
6.758207460649072
6.8108031734592425
6.863565995613039
6.916495822204177
6.969592551258127
7.022856083694372
7.076286323264356
7.12988317652951
7.183646552792237
7.237576364074946
7.2916725250635634
7.345934953081603
7.400363568027849
7.454958292371523
7.509719051079166
7.564645771645432
7.619738383845457
7.674996820099282
7.730421015043638
7.786010905693918
7.841766431379143
7.897687533699879
7.9537741565098745
8.010026245873602
8.066443750045167
8.123026619444095
8.1797748066114
8.23668826619754
8.293766954936972
8.351010831604839
8.408419857014358
8.4659939939704
8.523733207260303
8.581637463630173
8.639706731753096
8.69794098220904
8.756340187467353
8.81490432186541
8.873633361580314
8.932527284619594
8.991586070781226
9.050809701662454
9.110198160619078
9.169751432748692
9.22946950487989
9.28935236555154
9.34940000499751
9.409612415116136
9.469989589475446
9.530531523276151
9.591238213347943
9.652109658129616
9.713145857392917
9.774346812989114
9.83571252876188
9.897243008173708
9.958938258514383
10.020798286873726
10.082823102046243
10.145012717256714
10.207367142223731
10.269886391514941
10.332570480141726
10.395419425303983
10.458433244386546
10.521611956924655
10.584955584309787
10.648464148304672
10.712137672829884
10.775976182817967
10.839979704691542
10.904148266178616
10.968481896434593