3.971889227456797e-12
3.971889227456797e-12
3.971889227456797e-12
3.971889227456797e-12
3.971889227456797e-12
3.971889227456797e-12
3.971889227456797e-12
3.971889227456797e-12
3.971889227456797e-12
3.971889227456797e-12
3.971889227456797e-12
5.9578338411851955e-12
5.9578338411851955e-12
3.971889227456797e-12
6.454319994617295e-12
7.695535378197545e-12
2.482430767160498e-11
1.0128317530014832e-10
3.783224489152599e-10
1.296077103534496e-9
3.981074221295291e-9
1.1137425636865575e-8
2.862888106535516e-8
6.837309413374817e-8
1.529735899493478e-7
3.2298658468448527e-7
6.476282059614364e-7
1.2398862901475112e-6
2.277089058962516e-6
4.027940528234668e-6
6.886934693868816e-6
0.000011417112919380016
0.000018401799530782694
0.000028905904451413363
0.00004434712800484047
0.0000665772255202151
0.00009797328482212097
0.0001415386956266257
0.0002010134372377025
0.00028099303638134965
0.00038705546335681686
0.0005258951376213057
0.000705463076397847
0.0009351122099663328
0.00122574695630926
0.0015899758804259442
0.002042266593047529
0.0025991018746798224
0.0032791361608398087
0.0041033515459488355
0.005095212560656758
0.006280819062022217
0.007689056665093479
0.009351744171244541
0.011303777690409935
0.013583271010132455
0.016231692129007113
0.01929399565687786
0.0228187511130657
0.026858267078440974
0.03146871127010305
0.03671022665112163
0.04264704377815424
0.049347589568653795
0.05688459284315036
0.06533518685435848
0.07478100923778358
0.08530829969785518
0.09700799593128583
0.10997582808678903
0.1243124123619041
0.14012334415223887
0.1575192912538363
0.1766160876816805
0.1975348286020694
0.22040196703322276
0.245349412788022
0.2725146343909497
0.30204076453894796
0.33407670980251625
0.3687772652603924
0.4063032348207378
0.44682155796114353
0.49050544372229954
0.5375345128010904
0.5880949486276086
0.6423796583545125
0.7005884447576626
0.7629281900275989
0.8296130525677164
0.9008646778387769
0.9769124243375604
1.0579936059032098
1.1443537513206539
1.2362468822684525
1.3339358105883898
1.437692455409303
1.547798180779512
1.6645441537172423
1.7882317222384088
1.9191728121783878
2.057690340625966
2.2041186425447084
2.3588039055635055
2.5221046059532317
2.6943919362073214
2.8760502118796523
3.0674772416521665
3.2690846408077894
3.481298064039487
3.704557329130679
3.9393163992458247
4.186043188563292
4.4452191548315145
4.717338644102842
5.002907958277933
5.302444126144637
5.616473373961343
5.94552931131866
6.29015087185909