0.
0.
0.
0.
0.
1.9859446137283985e-12
1.9859446137283985e-12
2.730673843876548e-12
1.8866473830419785e-11
2.5109787209828436e-10
2.139234713600559e-9
1.3001855264541467e-8
6.085046005848336e-8
2.3167297546679184e-7
7.470474481200622e-7
2.1032951980474546e-6
5.292461840707788e-6
0.000012120816009211612
0.00002563285535603683
0.000050638618042268946
0.00009433662515552769
0.00016701430947361673
0.0002828063960779466
0.00046048998260281163
0.0007242920872449518
0.0011046937213700409
0.0016392116278136832
0.002373146473226604
0.0033602889091013453
0.004663579441589068
0.006355720735956916
0.008519743469924977
0.01124953017273137
0.014650301456240054
0.01883907152522317
0.02394507809241683
0.030110193416676867
0.03748932158921288
0.04625078618885972
0.05657671163371257
0.06866339944750256
0.08272169968970078
0.09897737577677099
0.11767145950079971
0.13906059157443787
0.1634173417217299
0.19103050114135042
0.2222053396732748
0.25726381904069917
0.2965447537450669
0.3404039110879209
0.3892140421454333
0.4433648362488176
0.5032627921497711
0.5693350216593575
0.6420088318321928
0.7217515126363261
0.8090296415108063
0.904328533325307
1.008147504028579
1.1209990173044329
1.2434077122888803
1.3759093006045455
1.5190493225150232
1.6733817499358477
1.839467421636739
2.0178722945954046
2.209165494924962
2.4139171535010187
2.6326960159390134
2.86606682495029
3.1145874860705804
3.3788060461425884
3.6592575365938482
3.9564607600717165
4.2709151261843274
4.603097663643564
4.953460336073621
5.322427747024853
5.710395893229776
6.117730789925497
6.544768598335729
6.991816178050845
7.459152408737085
7.947030120983734
8.455678502287068
8.985305826649052
9.536102355030089
10.108243267011503
10.701891506593972
11.317200452571765
11.954316352035791
12.613380481344102
13.29453102036482
13.997904642399934
14.723637833954854
15.471867965915212
16.242734141856662
17.03637785059224
17.85294344975288
18.69257850573097
19.55543401302237
20.4416645165782
21.35142813856918
22.284886562803667
23.24220494442699
24.22355179857463
25.229098823893857
26.259020736665473
27.31349506861777
28.39270195598532
29.49682392057573
30.6260456465616
31.780553756060623
32.960536586555236
34.166183969044475
35.39768701652825
36.65523791390009
37.93902971802271
39.24925616601536