0.006275771013612281
0.009750465414844872
0.014593271098793348
0.021155275773997867
0.02983700982312656
0.041091498980113286
0.055427704046799905
0.07341422309175404
0.09568304534769351
0.12293306921468591
0.15593303329569635
0.19552346687955346
0.24261725153207694
0.29819840310383383
0.3633187338004807
0.43909212873085063
0.526686251215064
0.6273115465964176
0.7422074089558856
0.8726252785313457
1.0198082510810313
1.184966570889717
1.369248328192435
1.5737051081354643
1.799253630259869
2.046636759655993
2.316390144487091
2.6088225733919566
2.9240169242514686
3.2618536066700434
3.622051758864117
4.004218834565376
4.407898838805315
4.832612538797734
5.277887020076084
5.743275036092514
6.228366132205864
6.732791872085645
7.256227185226478
7.798389373153852
8.359035827739715
8.93796114346238
9.53499403907421
10.149994327325189
10.782850059164392
11.433474900150634
12.10180575678456
12.787800647998786
13.491436805516722
14.212708981641706
14.95162794172309
15.708219119041214
16.48252141162073
17.27458610243369
18.084475886700986
18.91226399206824
19.75803337932096
20.621876013086702
21.50389219341067
22.40418994045325
23.32288442564432
24.26009744361775
25.215956920096538
26.190596451530137
27.184154872951538
28.196775851029653
29.228607499674734
30.279802015998204
31.35051533469251
32.4409067991983
33.551138848254205
34.6813767166448
35.83178814909346
37.00254312644858
38.19381360343169
39.4057732572867
40.63859724684712
41.89246198156013
43.16754490009626
44.464024258866765
45.78207892602549
47.12188819328741
48.48363158454243
49.86748868203831
51.27363895753502
52.702261612532034
54.153535426981556
55.627638616446085
57.12474869773996
58.64504236304419
60.188695362553744
61.75588239566405
63.34677701077254
64.96155151370284
66.6003768848192
68.26342270486522
69.95085708956518
71.66284663303082
73.3995563599852
75.16114968685453
76.94778839172469
78.75963259318003
80.59684073802546
82.45956959788609