0.006543172021762626
0.01014424486676061
0.0151542675440764
0.02193247884527127
0.030888489956377763
0.042485456651542575
0.05724364482124608
0.07574425053271278
0.09863324785159326
0.12662495881733435
0.1605049765843487
0.201132030736629
0.24943837177357608
0.3064282736388727
0.37317430820406944
0.45081112415471475
0.540526542386575
0.6435498282534935
0.7611369789737579
0.8945527428710599
1.0450488773431008
1.2138379445499277
1.4020619625223054
1.6107558433471922
1.8408071670452268
2.0929165420721754
2.367565786223762
NaN
2.985247302427383
3.328123806825638
3.693304802602944
4.080364042393312
4.488824140619672
4.918194816944977
5.367999890153
5.837794185299261
6.32717267007479
6.835774217852553
7.363281951944241
7.9094216032552405
8.473958832584486
9.056696117450619
9.657469559047028
10.276145806547508
10.91261919755465
11.566809154708299
12.2386578448185
12.928128088726316
13.635201501522674
14.35987683920802
15.102168527752918
15.862105351663256
16.639729281371068
17.43509442092542
18.24826605986597
19.079319815254166
19.928340851818636
20.79542316989174
21.6806689522565
22.58418796241243
23.506096987774384
24.4465193223072
25.405584283958007
26.383426762783586
27.380186796429026
28.396009169970664
29.431043037652362
30.485441564330888
31.55936158481928
32.6529632795431
33.76640986515187
34.899867298961006
36.053503996209486
37.227490559331706
38.42199951851427
39.63720508295223
40.873282902297255
42.13040983788989
43.40876374343144
44.70852325540537
46.02986758883555
47.37297635083699
48.73802935072714
50.125206427725175
51.534687283489966
52.96665132366978
54.42127750787827
55.89874420804289
57.399229075197816
58.92290891469186
60.46995956988474
62.04055581435277
63.634871252659714
65.2530782297254
66.89534774884838
68.56184939842433
70.252751287401
71.9682199895063
73.70842049627959
75.4735161789356
77.26366875907944
79.07903828826946
80.91978313645699
82.78605998926953