2.5011301386944162
2.801360849848201
3.1166202232544897
3.4468006585029047
3.7918089358810416
4.15156449268092
4.525997946474149
4.915049836039802
5.318669552586986
5.73681443717169
6.169449023744687
6.616544410513175
7.078077744950463
7.554031809764375
8.044394698616825
8.549159571361356
9.068324479267222
9.601892251131185
10.149870431568129
10.712271263061716
11.28911170373922
11.88041347334862
12.486203119694654
13.106512100278028
13.741376871487907
14.390838981195346
15.054945158957741
15.73374740372635
16.427303058222382
17.13567487131988
17.858931055260893
18.597145318079512
19.350396884845882
20.118770501436646
20.902356421563873
21.70125037719875
22.515553532804258
23.345372423960782
24.190818881150044
25.052009939576315
25.929067735966317
26.822119393369924
27.73129689495361
28.656736947837018
29.598580837956792
30.5569742769316
31.532067241879474
32.52401380904812
33.53297198210447
34.55910351587971
35.60257373625829
36.663551356926455
37.74220829357846
38.83871947615196
39.95326265965725
41.086018234007874
42.237169033409465
43.40690014563082
44.59539872157804
45.80285378553379
47.02945604637723
48.275397710117176
49.540872294026464
50.826074442654445
52.13119974600409
53.45644456012386
54.80200583038247
56.168080917647224
57.554867427682666
58.9625630438956
60.39136536369125
61.841471738883364
63.31307912002223
64.80638390517629
66.32158179324121
67.85886764305064
69.41843533159043
71.00047763220539
72.6051860785824
74.23275084914366
75.88336065139427
77.55720261330481
79.25446218093926
80.97532302248938
82.71996693890523
84.48857378126021
86.28132137501663
88.09838545130957
89.93993958538084
91.80615514227901
93.69720122991556
95.61324465955666
97.5544499138319
99.52097912231257
101.51299204470074
103.53064606165412
105.57409617328052
107.64349500528712
109.73899282277773
111.86073755169447
114.00887480784891
116.18354793352071
118.38489804155444
120.61306406690115