1.5396371326328826
1.821241156049556
2.117800010309326
2.4292221171869017
2.7554272024379705
3.0963450667554198
3.4519145487425744
3.8220826416763667
4.206803738196996
4.606038984745475
5.019755732683545
5.447927076324847
5.8905314702815055
6.34755241976587
6.818978238048713
7.3048018656558495
7.805020745581316
8.319636748842116
8.84865614428554
9.392089606479196
9.949952255335695
10.522263721221343
11.109048229485154
11.710334697884313
12.32615684301233
12.956553288720553
13.601567672914587
14.261248751371154
14.935650488196009
15.624832140617697
16.328858321629458
17.0477990601842
17.781729833528285
18.53073158810669
19.294890742183856
20.074299171322558
20.869054176969758
21.679258438741044
22.505019951084392
23.34645194515796
24.20367279689721
25.076805922206947
25.965979660372838
26.871327146662196
27.792986175195747
28.73109905305901
29.68581244662818
30.65727722104871
31.645648273704026
32.65108436254094
33.673747929968
34.71380492309954
35.77142461092371
36.84677939910429
37.94004464288972
39.05139845870412
40.18102153487333
41.329096941930494
42.4958099429198
43.6813478040668
44.885899606178114
46.10965605709152
47.35280930550682
48.61555275647285
49.89808088884528
51.20058907494309
52.52327340272401
53.8663305006978
55.229957365844776
56.614351194706614
58.0197092181199
59.446228539539746
60.89410597738571
62.36353791158116
63.854720134526865
65.36784770673522
66.9031148173451
68.4607146497605
70.04083925260564
71.64367941621754
73.26942455490374
74.91826259512487
76.59037986983867
78.28596101915583
80.00518889750185
81.74824448744508
83.51530682035298
85.3065529040029
87.12215765730012
88.96229385221403
90.82713206302827
92.7168406230219
94.63158558863971
96.57153071122994
98.53683741639864
100.52766479102533
102.54416957795371
104.5865061783889
106.65482666198153
108.74928078461105
110.87001601381685
113.01717756186748
115.19090842641788
117.39134943868305