78.83532750862605
78.87760203906174
78.94804337087992
79.04662705305853
79.17331860007087
79.3280732140849
79.51083538221337
79.72153829262854
79.96010300813097
80.22643739982311
80.52043496633966
80.84197376567552
81.19091570609147
81.56710638368871
81.97037555798181
82.40053826216536
82.85739647311412
83.34074122311982
83.85035501757851
84.38601442384153
84.9474927095345
85.53456242826412
86.14699787275448
86.78457733721007
87.4470851505727
88.13431345927906
88.84606375194105
89.58214812907023
90.34239032879701
91.12662652494522
91.9347059171791
92.76649113465511
93.62185847514549
94.50069800116148
95.40291351358313
96.32842242183305
97.2771555279534
98.24905674014775
99.24408272954932
100.26220254220989
101.30339717671048
102.36765913621713
103.45499196250049
104.56540975816493
105.69893670229132
106.85560656374211
108.03546221557545
109.2385551533277
110.46494501932663
111.71469913471181
112.98789204044901
114.28460504824798
115.60492580206353
116.9489478506045
118.31677023112839
119.70849706463795
121.12423716251217
122.56410364451717
124.0282135680925
125.5166875687675
127.02964951155317
128.56722615313052
130.1295468146682
131.71674306510727
133.32894841476434
134.9662980191201
136.62892839267394
138.31697713279073
140.0305826534364
141.76988392878903
143.5350202466678
145.32613097177142
147.14335531874104
148.98683213504606
150.85669969373262
152.75309549606152
154.67615608407772
156.62601686315972
158.60281193457178
160.60667393807577
162.63773390461859
164.69612111912303
166.7819629933875
168.8953849490894
171.03651031087784
173.20546020950576
175.40235349495768
177.6273066594859
179.8804337704615
182.16184641292622
184.47165364169533
186.80996194286777
189.17687520454336
191.5724946965626
193.99691905905192
196.45024429952562
198.93256379831038
201.4439683220158
203.9845460447896
206.5543825770502
209.15356100144743
211.78216191567165
214.44026348190388
217.12794148254093
219.84526938190788
222.59231839365773
225.36915755356728
228.17585379743008
231.0124720437615
233.87907528106504
236.77572465936188
239.70247958576823
242.6593978238631
245.64653559662744
248.66394769275112
251.71168757610772
254.78980749823083
257.89835861360814
261.0373910985669
264.2069542693267