91.52021428730906
91.56335238831511
91.63523413810118
91.73583680492919
91.8651283498265
92.02306719419147
92.2096018875768
92.42467063378893
92.66820062144717
92.94010714009518
93.24029255542094
93.56864531824262
93.92503922749147
94.30933314868481
94.7213713097648
95.16098421084173
95.6279901020793
96.12219692864946
96.64340461174854
97.1914075275278
97.76599705483731
98.3669640815587
98.99410138256466
99.64720580632057
100.3260802292177
101.030535255599
101.76039065669806
102.51547655326581
103.2956343548958
104.10071747454177
104.93059183983553
105.78513622422145
106.66424242102667
107.56781528274574
108.49577264638236
109.44804516393846
110.42457605512898
111.42532079745743
112.4502467667935
113.49933283977542
114.57256896766137
115.66995572973549
116.79150387301763
117.93723384382238
119.10717531572396
120.30136671755805
121.51985476437856
122.76269399365371
124.02994630844707
125.32168052891943
126.63797195312947
127.97890192782357
129.34455742968228
130.73503065731686
132.15041863416712
133.59082282236247
135.05634874751237
136.5471056343593
138.0632060531958
139.60476557691453
141.17190244856138
142.76473725927656
144.3833926364949
146.02799294231613
147.6986639819526
149.3955327221924
151.1187270198378
152.8683753600966
154.64460660490911
156.4475497512415
158.27733369935936
160.1340870311366
162.01793779842242
163.9290133215692
165.8674399981314
167.83334312183285
169.8268467118464
171.8480733524366
173.89714404302066
175.9741780586554
178.07929282099772
180.21260377971055
182.37422430431312
184.5642655864283
186.7828365523656
189.0300437859562
191.30599146153577
193.61078128693254
195.9445124563114
198.30728161269522
200.69918281995498
203.12030754404736
205.5707446432523
208.05058036715033
210.55989836405027
213.09877969658595
215.66730286515048
218.2655438388743
220.89357609379306
223.5514706578966
226.23929616269712
228.9571189009961
231.70500289050858
234.48300994299905
237.29119973864343
240.1296299052084
242.99835610185065
245.8974321071534
248.82690991114288
251.7868398110201
254.77727051033102
257.79824922135083
260.84982177045026
263.9320327062406
267.0449254103031
270.1885422103415
273.3629244955935
276.56811283437565
279.80414709364004
283.07106656043976