21.1769426722037
21.21178653400654
21.26983215077045
21.35103781450835
21.45534432288505
21.582676699606996
21.73292706786959
21.9059829041626
22.101693571575392
22.319883869677454
22.56035116512507
22.822866921967943
23.10720979586752
23.413021269211015
23.740107302772692
24.08814543670877
24.456838068022222
24.84588655804528
25.254994185316157
25.683869131642773
26.132226268109516
26.59978951134817
27.086293183126756
27.59148224480593
28.115113990926
28.656958789497192
29.216799135623678
29.79443092487662
30.389664389330953
31.00232175566077
31.63224009751237
32.27926905454497
32.94327158547121
33.62412394279734
34.32171493626725
35.03594633159084
35.76673239234936
36.51400014947163
37.27768669148501
38.057742939788056
38.854130431688944
39.666820460886285
40.49579643624
41.34105144751379
42.20258904528906
43.08042190919334
43.974572180919225
44.88507205484681
45.81195796890766
46.75528163908359
47.7150970172225
48.6914676537084
49.6844630938879
50.69416338912275
51.72064979633257
52.76402657760983
53.824348862485316
54.90175854203509
55.996348166143704
57.10822938006259
58.23751820524179
59.38433430756166
60.548802133610025
61.73104998558394
62.931208048442926
64.14941167143773
65.38579737112956
66.6405054689639
67.91367736770232
69.20546012143437
70.51599789578627
71.84543873531436
73.193933442035
74.56163214894774
75.94868698349045
77.35525024110912
78.7814761980701
80.22751846582132
81.69353124913783
83.1796690356399
84.68608654651312
86.21293846374947
87.76037747187371
89.32855862394081
90.91763395169392
92.52775554285367
94.15907580268878
95.81174370603782
97.4859104581549
99.18172369672361
100.8993292048514
102.63887321863326
104.4005020820314
106.18435670800922
107.99057762797129
109.81930548120921
111.67067784908124
113.54483098610557
115.44189930992864
117.36201544185893
119.30531017941972
121.27191247543279
123.2619494235467
125.27554625020667
127.31282631296662
129.37391110511365
131.45892026658672
133.5679716009681
135.70118109874468
137.85866296652247
140.04052966227346
142.2468919364967
144.4778588792411
146.7335379729062
149.01403515076996
151.31945486116203
153.64990013723167
156.0054726722233
158.38627290022927
160.79240008232446