0.13531864519977196
0.13999745881765222
0.1448107009103821
0.14976175060244076
0.15485407262952486
0.1600912196963613
0.16547683499351967
0.17101465470019891
0.17670851063049856
0.1825623328809311
0.18858015256655727
0.19476610466324507
0.20112443085514198
0.20765948245649593
0.2143757234300431
0.22127773341991736
0.22837021080652986
0.23565797583865183
0.24314597375159577
0.2508392778489052
0.25874309263183076
0.26686275671904147
0.2752037458583095
0.2837716756142379
0.29257230389847844
0.301611533197713
0.310895412333573
0.3204301379864793
0.33022205501786206
0.34027765645539
0.35060358216487
0.3612066162304138
0.3720936826772099
0.38327183917607893
0.3947482682684535
0.40653026553101684
0.4186252241559604
0.4310406152067218
0.4437839627098962
0.45686281285782654
0.4702846962683338
0.48405708254977914
0.4981873262106351
0.5126826033185271
0.5275498385569845
0.5427956226056754
0.55842612080396
0.5744469744490707
0.5908631974310459
0.6076790717933924
0.6248980470974523
0.6425226490602625
0.6605544036950689
0.6789937828606982
0.6978401762517948
0.7170918932729313
0.7367461960469943
0.7567993622086435
0.7772467737522456
0.7980830263618498
0.8193020523101283
0.8408972497537976
0.8628616117436831
0.8851878492729784
0.9078685040940428
0.9308960485628834
0.9542629710816916
0.9779618468885832
1.0019853948643036
1.0263265214132868
1.0509783530039796
1.0759342589587957
1.1011878661086505
1.1267330667570954
1.1525640214021782
1.1786751573220788
1.2050611640104156
1.2317169863369002
1.2586378160113751
1.2858190820089543
1.3132564402729003
1.3409457630576729
1.3688831281926643
1.397064808404024
1.4254872608850968
1.4541471171425375
1.4830411732665474
1.5121663806018988
1.5415198368835474
1.5710987778400596
1.6009005692374196
1.6309226993834562
1.6611627721016935
1.6916185000961859
1.722287698749786
1.7531682802973823
1.7842582483444451
1.8155556927949223
1.8470587850365663
1.8787657734653591
1.9106749792853632
1.9427847925833786
1.975093668648366
2.0076001245234756
2.0403027357673436
2.073200133427759
2.106291001211075
2.139574073452199
2.1730481293500175
2.2067119971749896
2.240564545485193
2.274604684340852
2.308831362705107
2.3432435665879026
2.377840317321071
2.4126206699366826
2.44758371160026
2.482728560201255
2.5180543629529573
2.5535602951065943
2.5892455587341967
2.625109381571411
2.661151015909347
2.6973697375981245
2.7337648450192753
2.770335658189832
2.8070815178720046
2.8440017847384635
2.88109583858094
2.9183630775554428
2.95580291747092
2.9934147911052214
3.03119814756178
3.0691524516578146
3.107277183334134
3.1455718370962154
3.184035921492151
3.222668958593695
3.261470483529319
3.300440044003612
3.339577199877255
3.3788815227371867
3.4183525954927134
3.4579900119999154
3.497793376690401
3.5377623042216544
3.5778964191402967
3.618195355563836
3.6586587568728475
3.699286275406625
3.7400775722021553
3.781032316703055
3.822150186507475
3.863430867111669
3.904874051697124
3.9464794408643193
3.9882467424366155
4.0301756712426675
4.072265948906165
4.114517303669453
4.156929470177814
4.199502189324058
4.2422352080554
4.285128279218924
4.328181161390292
4.371393618730514
4.41476542082347
4.458296342538134
4.501986163891047
4.545834669912892
4.589841650512698
4.634006900352728
4.678330218742479
4.722811409507615
4.767450280886437
4.812246645410865
4.8572003198196665
4.902311124942534
4.947578885608724
4.993003430549009
5.038584592313007
5.084322207171376
5.130216115042211
5.176266159385536
5.2224721871554
5.268834048705165
5.315351597708448
5.362024691094569
5.40885318897682
5.455836954594488
5.502975854222876
5.550269757136559
5.597718535531189
5.6453220644749615
5.693080221831415
5.740992888233114
5.789059946999854
5.837281284100433
5.88565678809779
5.934186350101836
5.98286986371683
6.031707224995577
6.080698332402313
6.129843086752509
6.179141391190532
6.228593151132789
6.278198274228884
6.327956670328846
6.377868251446393
6.427932931712135
6.478150627344654
6.528521256618604
6.579044739818419
6.629720999222541
6.680549959062467
6.7315315454861295
6.782665686534936
6.833952312117579
6.885391353973044
6.936982745646908
6.988726422469493
7.040622321513659
7.092670381592703
7.144870543208468
7.197222748551595
7.249726941465529
7.3023830674192105
7.355191073498261
7.4081509083783015
7.461262522286718
7.5145258670158235
7.567940895868736
7.621507563661615
7.675225826698096
7.729095642748927
7.783116971031867
7.837289772200512
7.891614008324313
7.946089642872192
8.0007166406933
8.055494968002625
8.110424592370064
8.165505482697831
8.22073760920905
8.27612094343582
8.331655458203969
8.387341127609329
8.443177927026065
8.499165833072656
8.555304823609916
8.611594877723617
8.668035975716657
8.724628099099279
8.781371230567943
8.838265353997771
8.895310454441555
8.952506518106038
9.009853532344474
9.067351485652912
9.125000367655904
9.182800169089642
9.240750881808028
9.298852498756366
9.357105013974092
9.415508422585711
9.474062720783051
9.53276790582315
9.591623976021678
9.650630930740528
9.709788770381108
9.76909749637702
9.828557111189845
9.888167618291634
9.947929022170126
10.00784132831298
10.067904543204554
10.128118674317092
10.188483730106991
10.248999720004386
10.30966665440967
10.37048454468778
10.431453403158404
10.49257324309373
10.553844078705554
10.615265925157178
10.676838798532897
10.738562715852131
10.800437695053047
10.862463754998394
10.924640915452299
10.986969197095016
11.04944862150719
11.112079211158791
11.174860989425625
11.23779398056067
11.300878209700402
11.364113703731404
11.42750048784104
11.491038590628404
11.554728040718901
11.618568867600455
11.682561101617805
11.746704773963812
11.810999916688267
11.875446562678665
11.94004474566652
12.004794500217201
12.0696958617365
12.134748866451769
12.199953551417758
12.265309954518097
12.33081811444606
12.396478070717976
12.462289863655098
12.528253534391055
12.594369124867013
12.660636677823478
12.727056236795333
12.793627846124503
12.860351550931155
12.927227397135786
12.994255431437637
13.061435701327222
13.128768255066348
13.19625314170052
13.26389041104766
13.331680113699578
13.399622301009579
13.467717025105852
13.535964338875344
13.604364295966981
13.67291695078336
13.741622358491044
13.810480574999088
13.87949165697208
13.948655661819581
14.017972647700724
14.087442673509193
14.157065798886007
14.226842084203511
14.2967715905722
14.366854379834638
14.437090514560616
14.507480058050378
14.578023074329542
14.648719628144118
14.719569784964126
14.790573610972531
14.861731173074444
14.933042538882468
15.004507776725383
15.076126955637976
15.147900145361907
15.219827416348434
15.29190883974415
15.364144487398914
15.436534431861766
15.50907874637683
15.58177750488119
15.654630782006153
15.727638653064943
15.800801194069466
15.874118481707718
15.947590593355454
16.02121760706737
16.09499960157686
16.16893665629813
16.24302885131402
16.317276267384578
16.391678985939624
16.46623708907525
16.540950659560412
16.615819780820672
16.690844536950607
16.766025012700904
16.84136129348306
16.916853465364326
16.99250161506903
17.0683058299708
17.144266198094765
17.220382808116952
17.29665574935423
17.37308511177448
17.44967098598692
17.526413463239997
17.60331263541716
17.680368595047423
17.75758143528809
17.83495124993185
17.912478133400196
17.990162180748378
18.068003487649523
18.146002150413512
18.224158265966103
18.302471931856402
18.380943246246048
18.459572307928344
18.538359216297707
18.617304071372384
18.696406973774607
18.775668024742124
18.855087326114297
18.93466498034204
19.01440109047589
19.09429576016937
19.174349093677755
19.254561195850844
19.33493217214118
19.415462128584927
19.496151171819616
19.57699940906801
19.658006948143438
19.73917389744757
19.820500365960736
19.901986463248864
19.983632299461625
20.06543798531965
20.147403632129432
20.229529351767788
20.311815256679772
20.394261459890213
20.476868074986697
20.55963521612778
20.642562998031675
20.72565153598569
20.808900945836932
20.892311343986076
20.975882847400054
21.05961557359403
21.14350964063986
21.22756516716174
21.311782272329502
21.396161075864082
21.48070169803106
21.565404259639287
21.650268882038056
21.73529568711831
21.820484797309817
21.905836335572953
21.99135042541039
22.077027190846103
22.16286675644363
22.248869247290052
22.335034788997852
22.42136350770269
22.507855530066255
22.594510983265828
22.68132999500187
22.768312693484855
22.85545920744607
22.94276966612161
23.030244199262047
23.117882937127597
23.205686010479678
23.293653550588985
23.381785689225175
23.470082558657992
23.55854429165876
23.64717102149032
23.73596288191311
23.824920007178235
23.914042532029796
24.003330591695114
24.09278432189128
24.18240385881872
24.272189339160324
24.362140900078952
24.452258679216207
24.542542814689448
24.6329934450867
24.72361070947672
24.814394747389116
24.905345698826405
24.996463704258673
25.087748904617733
25.179201441294772
25.27082145614656
25.362609091483655
25.454564490074993
25.54668779514442
25.638979150362363
25.73143869985454
25.824066588193862
25.916862960396614
26.009827961925797
26.10296173868429
26.196264437014488
26.28973620369607
26.383377185950213
26.47718753142197
26.571167388195903
26.665316904783314
26.75963623012471
26.85412551358125
26.94878490494193
27.043614554418642
27.138614612636598
27.23378523064513
27.32912655990466
27.42463875228683
27.52032196008231
27.616176335983432
27.712202033093245
27.808399204918196
27.904768005369483
28.00130858875637
28.09802110979114
28.1949057235793
28.291962585624777
28.38919185181901
28.486593678448397
28.58416822218845
28.681915640097966
28.77983608962463
28.87792972859108
28.976196715208218
29.074637208063773
29.17325136611772
29.27203934870823
29.371001315545584
29.470137426709208
29.569447842644685
29.66893272416599
29.76859223245301
29.868426529042104
29.968435775835427
30.068620135088246
30.168979769416413
30.269514841783934
30.370225515509933
30.471111954263797