0.08155897527097089
0.08443141534920934
0.087384208578429
0.09041912196302795
0.09353795529510152
0.09674254174488857
0.10003474847120115
0.10341647712585447
0.10688966450158133
0.11045628304726056
0.11411834153022966
0.11787788550037513
0.12173699799563935
0.12569780006916476
0.12976245134573064
0.13393315063702368
0.1382121365154518
0.14260168786636085
0.14710412447239887
0.1517218075965149
0.1564571404747215
0.16131256891597426
0.16629058184780982
0.17139371179185575
0.17662453544223677
0.18198567412494868
0.18747979431929276
0.19310960809416317
0.1988778735824393
0.20478739542273453
0.2108410251478964
0.2170416615697836
0.2233922511582089
0.22989578831189647
0.2365553157119801
0.24337392451389497
0.25035475458469825
0.25750099465275933
0.26481588239476944
0.2723027045092213
0.2799647966733389
0.2878055434756799
0.2958283782170441
0.30403678267861506
0.3124342867338315
0.3210244679006811
0.32981095073933886
0.33879740614181925
0.347987550435943
0.3573851443443296
0.36699399177123376
0.3768179383233885
0.3868608696888541
0.3971267096452397
0.4076194179215856
0.4183429875972725
0.4293014422690712
0.44049883272927814
0.4519392333483172
0.4636267378281694
0.4755654545555109
0.4877595013262994
0.500212999507345
0.5129300674809555
0.5259148133752618
0.5391713270705429
0.5527036712874233
0.5665158719248802
0.5806119073638215
0.5949956969626331
0.6096710884685242
0.6246418445965133
0.6399116285302948
0.6554839887050631
0.6713623425730354
0.6875499598436929
0.7040499450053583
0.7208652195634035
0.7379985040511909
0.7554523002110614
0.7732288735036232
0.7913302364937127
0.8097581336436427
0.8285140252418226
0.8475990792835958
0.8670141574740537
0.8867598099143931
0.9068362702070588
0.9272434540227604
0.9479809609259283
0.9690480793935673
0.9904437950474942
1.0121668019609409
1.0342155167115945
1.056588094934571
1.0792824500086629
1.1022962733339523
1.1256270558875012
1.149272110512229
1.1732285945318564
1.1974935322319222
1.2220638369734023
1.2469363324095464
1.2721077727463634
1.2975748617245266
1.3233342702399162
1.3493826524334944
1.3757166603143114
1.4023329567788625
1.429228227178719
1.4563991893998167
1.4838426025325953
1.5115552743212752
1.5395340673232654
1.567775904050153
1.596277771064956
1.6250367221858237
1.6540498809507178
1.6833144423007498
1.7128276737414607
1.7425869158833718
1.7725895826035896
1.8028331607713741
1.8333152096343568
1.8640333599907755
1.894985313082681
1.926168839288442
1.9575817767305972
1.9892220297154002
2.0210875670940416
2.0531764205775755
2.0854866829808496
2.118016506461217
2.1507641007347886
2.183727731294172
2.2169057176375024
2.2502964315120026
2.2838982952032127
2.317709779816777
2.351729403641778
2.385955730523998
2.420387368284239
2.4550229672095023
2.4898612185207067
2.52490085298228
2.5601406394805934
2.5955793836848167
2.6312159267440123
2.6670491440352464
2.703077943948936
2.7393012667330283
2.77571808336275
2.812327394462861
2.8491282292708657
2.8861196446327466
2.9233007240551725
2.960670576762298
2.998228336832995
3.035973162320956
3.0739042344588254
3.1120207568561264
3.1503219547532924
3.1888070742929466
3.227475381807819
3.2663261631835043
3.3053587231707073
3.3445723848055926
3.383966488796129
3.4235403929475314
3.4632934716225785
3.5032251152152156
3.543334729628622
3.5836217358081424
3.624085569247655
3.6647256795643304
3.705541530046708
3.7465325972397547
3.7876983705536347
3.829038351859818
3.87055205513237
3.9122390060942047
3.954098741849187
3.9961308105720788
4.038334771180982
4.08071019302629
4.123256655597884
4.16597374823171
4.208861069850986
4.251918228672408
4.295144841967088
4.338540535823979
4.382104944878798
4.4258377121170405
4.469738488631945
4.5138069334040525
4.558042713116143
4.602445501933665
4.6470149813197885
4.691750839849974
4.736652773025046
4.78172048309394
4.826953678898558
4.872352075701485
4.917915395024505
4.9636433645064875
5.0095357177448765
5.05559219415308
5.101812538845162
5.148196502464552
5.194743841081768
5.241454316060739
5.288327693939777
5.335363746304096
5.382562249686891
5.429922985452417
5.477445739677202
5.525130303066144
5.57297647083968
5.620984042646905
5.669152822449393
5.717482618450446
5.7659732430052335
5.8146245125172715
5.863436247379467
5.912408271862531
5.961540414066574
6.01083250582702
6.060284382637525
6.109895883591147
6.159666851306367
6.2095971318451735
6.25968657466899
6.309935032550683
6.360342361531237
6.4109084208554625
6.461633072905093
6.512516183142559
6.563557620065185
6.6147572551386675
6.666114962751882
6.7176306201673714
6.76930410746362
6.8211353074802
6.873124105803242
6.9252703906740845
6.977574052980214
7.030034986196182
7.08265308634066
7.1354282519356005
7.1883603839770736
7.241449385877048
7.2946951634394415
7.348097624823499
7.401656680495764
7.455372243203386
7.509244227938627
7.563272551904354
7.617457134483502
7.671797897202091
7.7262947637053925
7.780947659718704
7.835756513024391
7.890721253433586
7.945841812751806
8.001118124757106
8.056550125175258
8.112137751641024
8.167880943689092
8.223779642721682
8.279833791977769
8.33604333652153
8.392408223210456
8.448928400675976
8.505603819306343
8.562434431210745
8.619420190213367
8.6765610518216
8.733856973219352
8.791307913229794
8.848913832311403
8.9066746925314
8.964590457547741
9.0226610925951
9.080886564465008
9.139266841482765
9.197801893506698
9.256491691891167
9.315336209483844
9.37433542061242
9.433489301059543
9.492797828050028
9.552260980243535
9.611878737708254
9.671651081920785
9.73157799573994
9.79165946339993
9.851895470496197
9.912286003971781
9.972831052100172
10.03353060448433
10.094384652033098
10.155393186958346
10.21655620275089
10.27787369500504
10.339345658142646
10.40097209024541
10.462752989841379
10.524688356695462
10.586778191793806
10.649022497327778
10.711421276696072
10.773974534486719
10.836682276469755
10.899544509587422
10.962561241946222
11.02573248280823
11.08905824257731
11.15253853279714
11.216173366137053
11.279962756389807
11.343906718454454
11.408005268337211
11.472258423138552
11.536666201047495
11.60122862132733
11.665945704323313
11.730817471435243
11.795843945126881
11.861025148910695
11.926361107342888
11.991851846013974
12.057497391544048
12.123297771579074
12.18925301477797
12.255363150808886
12.321628210344242
12.388048225053026
12.454623227595588
12.521353251613704
12.588238331734306
12.655278503546885
12.722473803619758
12.789824269468287
12.85732993957561
12.924990853364713
12.992807051211466
13.060778574420784
13.12890546524004
13.197187766836842
13.265625523309215
13.334218779667106
13.40296758183424
13.471871976643165
13.540932011829533
13.610147736020442
13.6795191987487
13.749046450420686
13.818729542340296
13.888568526674826
13.958563456480643
14.028714385675151
14.09902136904349
14.169484462230832
14.24010372173929
14.310879204926293
14.381810969991438
14.452899075979962
14.524143582781749
14.595544551110228
14.66710204252447
14.738816119403117
14.810686844943644
14.882714283174893
14.954898498927777
15.02723955785713
15.099737526415385
15.172392471864999
15.245204462264295
15.318173566472304
15.391299854135355
15.46458339569503
15.538024262372764
15.611622526174687
15.685378259885423
15.759291537060015
15.833362432031254
15.907591019895028
15.981977376511072
16.056521578501965
16.131223703247684
16.206083828880878
16.28110203428562
16.356278399092087
16.43161300367493
16.50710592915465
16.582757257380965
16.658567070940247
16.734535453154415
16.81066248806815
16.886948260452368
16.963392855801985
17.039996360327844
17.116758860956235
17.193680445325903
17.270761201785934
17.348001219391545
17.425400587895645
17.502959397761487
17.580677740139826
17.65855570688458
17.73659339052885
17.81479088430578
17.893148282128838
17.971665678590668
18.050343168970315
18.129180849218326
18.20817881596344
18.28733716649708
18.36665599878652
18.44613541146233
18.525775503816778
18.605576375799725
18.685538128021108
18.765660861744497
18.845944678883107
18.926389681997446
19.006995974295315
19.08776365962834
19.168692842489357
19.249783628005584
19.331036121938002
19.412450430684466
19.49402666127125
19.575764921346238
19.65766531918524
19.739727963687905
19.82195296436889
19.904340431359383
19.986890475403595
20.069603207856797
20.152478740685297
20.235517186458775
20.318718658347766
20.402083270125676
20.485611136164795
20.569302371431327
20.65315709148032
20.73717541246483
20.821357451115578
20.905703324757454
20.990213151293514
21.07488704920533
21.159725137555128
21.244727535974842
21.32989436467308
21.415225744428916
21.500721796582692
21.58638264304745
21.672208406292057
21.758199209344163
21.844355175796547
21.930676429788257
22.017163096015754
22.103815299721397
22.190633166697523
22.27761682328
22.36476639634785
22.452082013319778
22.539563802150564
22.62721189132884
22.715026409882174
22.80300748736093
22.891155253844232
22.979469839939345
23.067951376777565
23.156599996001827
23.24541582978233
23.334399010800905
23.42354967225125
23.512867947839208
23.60235397177987
23.69200787879004
23.78182980409604
23.871819883418446
23.961978252980884
24.052305049504106
24.14280041019541
24.23346447276342
24.324297375399475
24.415299256782454
24.506470256076565
24.597810512926227
24.689320167458206
24.780999360274276
24.872848232451847
24.964866925538754
25.05705558155634
25.149414342990433
25.2419433527954
25.334642754384372
25.427512691635933
25.520553308883326
25.61376475091755
25.707147162984764
25.800700690775724
25.894425480438574
25.988321678563835
26.082389432187245
26.176628888784307
26.271040196274253
26.36562350300889
26.460378957778037
26.555306709805205
26.65040690874361
26.7456797046712
26.84112524809429
26.936743689945157
27.032535181572275
27.128499874746616
27.224637921653727
27.320949474895322
27.41743468748087
27.514093712835635
27.61092670478679
27.707933817572478
27.80511520582567
27.90247102458881
28.000001429295082
28.097706575777096
28.19558662026079
28.293641719364842