1.9859446137283985e-12
1.9859446137283985e-12
1.9859446137283985e-12
1.9859446137283985e-12
1.9859446137283985e-12
1.9859446137283985e-12
1.9859446137283985e-12
1.9859446137283985e-12
1.9859446137283985e-12
2.9789169205925978e-12
1.750113690848151e-11
1.290863998923459e-10
8.368274116098039e-10
4.331345202541637e-9
1.8198575832515252e-8
6.461866584149463e-8
1.995547897151159e-7
5.483062750888832e-7
1.3647150730311003e-6
3.1217856519826802e-6
6.640588318380414e-6
0.000013262870323433018
0.000025070660377291837
0.00004515334642448349
0.00007792076775604262
0.0001294580462160775
0.00020791663694207929
0.0003239346647133561
0.0004910789605921398
0.0007263011691064024
0.0010504006091338182
0.0014884872348276841
0.0020704389235679326
0.0028313484080798317
0.003811956224523687
0.005059067222176252
0.006625949120296943
0.008572712541592167
0.010966672694682555
0.013882693453653635
0.017403515085586796
0.021620067040435478
0.02663176736581262
0.032546810173590596
0.039482442411072315
0.04756523099598666
0.05693132054468495
0.06772668187773469
0.08010735060820244
0.09423965460616439
0.11030042857964951
0.12847721350940375
0.14896843800013906
0.17198357848159634
0.19774329473312968
0.22647953720303593
0.2584356223716777
0.29386627293458994
0.33303761943418186
0.37622716078114377
0.4237236814197044
0.4758271235447554
0.5328484136437392
0.595109243185558
0.662941804150468
0.7366884807957116
0.8167014997227676
0.9033425409541782
0.9969823131375133
1.098000096549478
1.20678325767296
1.3237267390853094
1.449232528762305
1.5837091120583495
1.7275709096362355
1.881237703837716
2.0451340551738793
2.219688709848612
2.4053339979856045
2.602505221364978
2.8116400280290956
3.0331777700841744
3.267558840035578
3.5152239798482707
3.776613556586548
4.052166797974808
4.342320981784352
4.6475105738247064
4.968166310949814
5.3047142285070885
5.657574634803673
6.027161039996155
6.4138790517818585
6.818125255899769
7.240286105133047
7.680736845500828
8.139840512044724
8.617947028857188
9.11539244742856
9.632498354599118
10.169571475497508
10.72690348904574
11.3047710637376
11.903436111066775
12.523146243533215
13.16413541544529
13.826624717268325
14.510823290072052
15.216929324378443
15.945131108251566
16.695608091983086
17.468531940715774
18.26406755120681
19.082374014376658
19.923605510305293
20.78791212739227
21.675440601367818
22.586334973406316
23.520737169386624
24.47878750415223