30.469384217145297
30.50709864181856
30.56993083416149
30.657842687705504
30.77078014096293
30.90867232355003
31.071430186841198
31.258944504605186
31.47108352183623
31.707690942897564
31.968584972115423
32.25355878207187
32.56238237794654
32.89480555313445
33.250561530127285
33.62937090222251
34.0309455730362
34.454992486439544
34.90121702481172
35.36932601896585
35.85903035822632
36.37004721706323
36.90210192969387
37.45492955027483
38.02827613705027
38.62189979643105
39.235571519152714
39.86907583634996
40.522211319511555
41.19479094437288
41.886642336030064
42.597607909918146
43.32754492139711
44.07632543505155
44.84383622359976
45.62997860528879
46.43466822780075
47.257834805978746
48.09942182007329
48.95938618062382
49.83769786555065
50.734339534522434
51.649306125224086
52.58260443562372
53.53425269596329
54.50428013372729
55.49272653448088
56.49964180109368
57.52508551350589
58.56912649089155
59.63184235778572
60.71331911546915
61.813650719676076
62.932938665486205
64.07129158005829
65.2288248237337
66.4056600998717
67.60192507367046
68.81775300013925
70.05328236127647
71.30865651247647
72.58402333811178
73.87953491618765
75.19534719198236
76.5316196604907
77.88851505755532
79.2661990594971
80.66483999110552
82.08460854181826
83.52567748995352
84.9882214348603
86.47241653684951
87.97844026482322
89.5064711515041
91.05668855618377
92.62927243496468
94.22440311842779
95.84226109674285
97.48302681218608
99.1468804591152
100.83400179138827
102.54456993731105
104.27876322211661
106.03675899808152
107.81873348230256
109.62486160223136
111.45531684902357
113.31027113878655
115.18989468178297
117.094355859676
119.02382111085846
120.97845482394156
122.95841923943647
124.96387435967894
126.994977867016
129.05188505027394
131.13474873951552
133.24371924906455
135.37894432879466
137.5405691236163
139.72873614114118
141.94358522774587
144.18525355171246
146.4538755949878
148.7495831532386
151.07250534280277
153.42276861548498
155.80049678079544
158.20581103547977
160.63883000018342
163.0996697630834
165.58844393035534
168.10526368323983
170.65023784161113
173.22347293376907
175.82507327244957
178.4551410366672
181.11377635937322
183.80107742068938
186.51714054656563