32.88944437489383
32.92747220676696
32.99082757459615
33.07947364158456
33.193358178257824
33.33241278138285
33.49655162891327
33.68566964477948
33.899640277253624
34.13831349074811
34.401514647369865
34.689044684404045
35.00068162179036
35.33618315955073
35.69529000483085
36.07772956794458
36.48321973116224
36.91147247875592
37.36219725642457
37.835103991531795
38.32990575070691
38.8463210402148
39.38407577107586
39.942904918774346
40.522553909687545
41.12277976549344
41.74335203422284
42.38405353357192
43.044680928760094
43.72504516453676
44.42497176829354
45.14430103928993
45.88288813726341
46.64060308232383
47.417330676905785
48.212970359569184
49.027435999609416
49.86065564069683
50.71257120104971
51.58313813702193
52.47232507635882
53.38011342679238
54.30649696505361
55.251481410899956
56.2150839901876
57.19733299053674
58.19826731276203
59.21793602069123
60.256397891742594
61.313720970172085
62.38998212466177
63.48526661156579
64.59966764494406
65.7332859742237
66.88622947018942
68.05861271979032
69.25055663013481
70.46218804191611
71.69363935237786
72.94504814792249
74.21655684628878
75.50831234828624
76.82046569892607
78.15317175785913
79.50658887892702
80.88087859867854
82.27620533366812
83.69273608637829
85.13064015957502
86.59008887897733
88.07125532406002
89.57431406689862
91.09944091892237
92.64681268549296
94.2166069282371
95.80900173507676
97.42417549792275
99.06230669800681
100.72357369885857
102.40815454692607
104.1162267798917
105.84796724268232
107.60355191125542
109.38315572419859
111.18695242221035
113.01511439551467
114.86781253929871
116.74521611721181
118.64749263301064
120.57480771040804
122.52732498115815
124.50520598145691
126.5086100566711
128.53769427442802
130.59261334608865
132.67351955660118
134.78056270272353
136.91389003959915
139.07364623563717
141.25997333565738
143.4730107322196
145.71289514507453
147.9797606088291
150.27373846816602
152.59495738032078
154.94354332697867
157.31961963222253
159.7233069882574
162.15472348835547
164.61398466684258
167.10120354596606
169.61649068945079
172.15995426260733
174.73170009873851
177.33183177169232
179.96045067447264
182.61765610354914
185.30354534882537
188.01821378904668
190.7617549924722