5.499081137702895
5.831268933795392
6.179685638542122
6.5441206847391005
6.924385703469985
7.320312914705138
7.73175348726101
8.158575941025791
8.600664638488382
9.057918393440081
9.530249214657712
10.01758118249137
10.519849470785706
11.036999495985947
11.568986193175313
12.115773406402312
12.677333382494485
13.253646356613862
13.844700217727695
14.45049024242696
15.071018885543506
15.706295618217363
16.356336802483728
17.021165594661475
17.700811869500498
18.395312157661802
19.104709595076184
19.829053870664605
20.568401173089295
21.32281414346347
22.092361810735746
22.877119524665762
23.67716887851073
24.492597621634697
25.323499561609776
26.16997445570328
27.032127891907088
27.910071159839838
28.80392111204917
29.71380001631479
30.639835399676105
31.58215988485593
32.540911019924266
33.516231101890945
34.50826699501492
35.51716994454336
36.5430953865555
37.58620275460868
38.64665528373184
39.724619812400675
40.82026658300239
41.933769041245576
43.0653036350322
44.215049613144
45.38318882415159
46.569905515906505
47.77538613591982
48.999819132953135
50.243394760078445
51.50630487949959
52.78874276937073
54.0909029328612
55.412980909687136
56.755173090352876
58.117676533311915
59.500688785263215
60.90440770479847
62.3290312896151
63.774757507513385
65.24178413135179
66.73030857831253
68.24052775331538
69.77263789740792
71.32683444070263
72.90331186048267
74.50226354451137
76.12388165979343
77.76835702698841
79.43587900064345
81.12663535546707
82.8408121788018
84.57859376947152
86.34016254318574
88.12569894462888
89.93538136640693
91.76938607496662
93.62788714360764
95.51105639272402
97.41906333732875
99.35207514198619
101.3102565831925
103.29377001928312
105.30277536788381
107.33743009096221
109.39788918747452
111.48430519361433
113.59682819066653
115.73560582041893
117.9007833081192
120.09250349292208
122.31090686577093
124.55613161465058
126.82831367714141
129.12758680018638