0.0014384485013934042
0.0015185520681647018
0.0016022544439877136
0.0016896766481070676
0.0017809422903080196
0.001876177580722053
0.0019755113390118747
0.0020790750395516537
0.0021870027813896084
0.002299431360983229
0.002416500248243822
0.002538351617815134
0.0026651303555276754
0.0027969841074267257
0.0029340632266483166
0.0030765208648968053
0.003224512941414489
0.003378198163585782
0.0035377380688902936
0.0037032969871698823
0.003875042103061789
0.004053143452026747
0.004237773931644043
0.0044291093199815045
0.004627328298433863
0.004832612417837571
0.005045146199505741
0.005265117059017515
0.0054927153780844375
0.0057281344840704
0.005971570694923643
0.006223223298200206
0.006483294586066213
0.006751989864979344
0.007029517472569371
0.007316088771059707
0.007611918173581181
0.007917223180787891
0.008232224341138305
0.00855714530749469
0.00889221284394979
0.00923765681912427
0.009593710238438314
0.009960609236291959
0.010338593117149337
0.0107279043706815
0.01112878863862596
0.011541494762325247
0.011966274822321682
0.012403384101989755
0.012853081117325306
0.013315627640156246
0.013791288724456324
0.014280332677300688
0.01478303112601564
0.015299658981811017
0.015830494488684087
0.01637581923769352
0.016935918149085887
0.017511079519461847
0.018101595039029035
0.018707759770004925
0.019329872199244355
0.019968234234515873
0.020623151230815526
0.02129493199036683
0.021983888804573876
0.02269033742001202
0.023414597106942964
0.024156990672099282
0.024917844422689177
0.02569748823491156
0.02649625554464695
0.02731448337910844
0.028152512369998616
0.02901068674097325
0.029889354366847292
0.030788866763416897
0.031709579133384395
0.03265185032353636
0.03361604291162869
0.034602523170515466
0.03561166112040416
0.036643830540523024
0.037699408940200754
0.038778777647861695
0.03988232177453406
0.041010430260271395
0.04216349588706123
0.04334191524556049
0.04454608886058239
0.045776421091178576
0.047033320229439894
0.048317198480885164
0.049628471977121585
0.05096756082909287
0.052334889084753825
0.053730884826505725
0.055155980088283145
0.056610610975455354
0.0580952176041309
0.05961024415378513
0.061156138875948694
0.06273335410935038
0.06434234628661968
0.06598357597921879
0.06765750788552692
0.0693646108411424
0.07110535788094344
0.07288022618236462
0.07468969715712263
0.07653425638766616
0.07841439372088753
0.08033060323473408
0.08228338324429013
0.08427323633640683
0.08630066939986375
0.08836619359173191
0.09047032439422147
0.09261358160599316
0.09479648934377198
0.09701957608653436
0.09928337465738642
0.10158842223163196
0.10393526038977227
0.10632443507443597
0.1087564966391588
0.11123199983448201
0.11375150380745586
0.1163155721571219
0.11892477289851786
0.12157967848576406
0.12428086579654843
0.1270289161895946
0.12982441545426868
0.1326679538515393
0.135560126100076
0.13850153139164037
0.14149277338847943
0.14453446022245675
0.14762720449790734
0.15077162332440566
0.15396833823819678
0.1572179753140297
0.16052116505841307
0.16387854245938774
0.16729074700303495
0.1707584226206007
0.17428221774013014
0.1778627852062851
0.18150078237380765
0.18519687101678722
0.1889517173662695
0.19276599208679737
0.19664037028708534
0.20057553147186047
0.20457215958120895
0.2086309429425409
0.2127525742862298
0.21693775070316287
0.2211871736554156
0.22550154896321886
0.22988158676735024
0.23432800153745
0.23884151203925316
0.24342284134154024
0.2480727167539523
0.2527918698540495
0.2575810364333183
0.26244095649655075
0.26737237422634563
0.27237603796995197
0.2774527002201538
0.28260311756673895
0.28782805069352024
0.2931282643567379
0.2985045273074841
0.30395761233179386
0.3094882961861019
0.3150973595562828
0.3207855870509482
0.32655376716681667
0.3324026922149861
0.33833315834178557
0.3443459654775135
0.3504419172598546
0.3566218210553526
0.362886487896357
0.3692367324235544
0.37567337287206704
0.3821972310128674
0.3888091321358978
0.3955099049739837
0.40230038168533266
0.40918139778812235
0.4161537921299665
0.42321840683255685
0.43037608726932114
0.4376276819617817
0.4449740425798038
0.45241602388288576
0.4599544836403494
0.467590282615452
0.4753242844824733
0.48315735581641345
0.49109036595670735
0.49912418705836303
0.507259693939292
0.5154977640744755
0.5238392775237256
0.5322851168701216
0.5408361671796696
0.5494933159098256
0.5582574528573643
0.5671294701036411
0.5761102619481878
0.5852007248383352
0.5944017573102551
0.6037142599107648
0.6131391351531386
0.6226772874197969
0.6323296229044664
0.6420970495615372
0.6519804770065182
0.661980816454969
0.6720989806524955
0.6823358838156678
0.6926924415123672
0.7031695706462712
0.7137681893278907
0.7244892168327416
0.7353335735170661
0.7463021807143149
0.7573959606996491
0.7686158365624672
0.779962732167803
0.7914375720339417
0.8030412812805381
0.8147747855367651
0.8266390108503339
0.8386348836048284
0.8507633304200359
0.8630252781083804
0.8754216535251075
0.8879533835145405
0.9006213948322555
0.9134266140109065
0.9263699673169067
0.9394523806030963
0.95267477927734
0.9660380881443957
0.9795432313607346
0.9931911322930427
1.0069827134655929
1.020918896412168
1.0350006016154902
1.0492287483868226
1.0636042547626992
1.0781280374094775
1.0928010115049245
1.1076240906471129
1.1225981867356363
1.1377242098669742
1.1530030682188117
1.1684356679647674
1.1840229131117945
1.1997657054392363
1.2156649443554677
1.2317215267874242
1.2479363470602072
1.2643102967883508
1.2808442647459926
1.2975391367446123
1.3143957955315022
1.3314151206262972
1.3485979882410424
1.3659452711190816
1.3834578384188805
1.4011365556054205
1.418982284283751
1.4369958820814468
1.4551782025396298
1.4735300949382046
1.492052404185764
1.5107459706886397
1.529611630198234
1.5486502136659208
1.567862547132081
1.587249451550223
1.6068117426659627
1.6265502308829745
1.6464657210712215
1.666559012505516
1.686830898620132
1.7072821669373095
1.727913598891997
1.748725969680049
1.7697200481085362
1.790896596468025
1.812256370357813
1.8338001185291648
1.8555285827812977
1.8774424977614215
1.899542590831184
1.9218295819166087
1.9443041833580308
1.96696709975929
1.989819027850825
2.0128606563018763
2.036092665618459
2.059515727964381
2.083130507031037
2.106937657874934
2.1309378267933226
2.1551316511717764
2.1795197593282922
2.2041027703984803
2.228881294195555
2.2538559310488515
2.2790272716967106
2.30439589715379
2.3299623785720516
2.355727277117755
2.381691143859127
2.407854519639512
2.4342179349624318
2.4607819098771495
2.487546953898484
2.5145135658609674
2.54168223382948
2.5690534350536947
2.5966276358070934
2.6244052913369442
2.6523868457954163
2.680572732132833
2.708963372060562
2.737559175957921
2.7663605428299802
2.7953678602608885
2.8245815043474716
2.854001839665843
2.8836292192450874
2.9134639845335037
2.9435064653751435
2.97375697999231
3.004215834981711
3.03488332530515
3.065759734316832
3.096845333727866
3.1281403836891752
3.1596451327480595
3.1913598179338343
3.2232846647731015
3.2554198873283484
3.2877656882791237
3.3203222589390444
3.3530897793589376
3.3860684183923793
3.419258333749064
3.4526596721168197
3.4862725692239134
3.520097149952997
3.554133528447602
3.588381808212059
3.6228420822323915
3.657514433108379
3.692398933148886
3.727495644556553
3.7628046195161704
3.7983259003626157
3.8340595197281866
3.8700055006791327
3.906163856902709
3.942534592829682
3.9791177038318075
4.015913176365564
4.052920988158334
4.090141108385652
4.127573497830819
4.1652181090846225
4.203074886718851
4.241143767889901
4.279424680870294
4.317917547705994
4.356622282759966
4.395538793328316
4.434666979828209
4.47400673598033
4.513557949011325
4.5533204998484225
4.593294263306859
4.633479108299645
4.673874898015178
4.714481490107902
4.755298736905455
4.796326485610749
4.83756457844247
4.879012852889407
4.920671141850205
4.962539273839169
5.004617073180755
5.046904360167829
5.089400951269815
5.132106659278046
5.175021293530293
5.21814466002571
5.261476561658674
5.305016798343528
5.348765167192445
5.392721462696402
5.436885476868784
5.48125699939694
5.5258358178235225
5.570621717680539
5.6156144826497165
5.660813894691341
5.706219734207601
5.751831780179247
5.797649810283748
5.8436736010550465
5.889902928008419
5.936337565749823
5.982977288125226
6.02982186832523
6.076871079010561
6.124124692422792
6.1715824805145365
6.219244215019209
6.267109667597989
6.315178609913667
6.363450813751664
6.411926051102825
6.460604094254895
6.509484715891189
6.558567689191016
6.60785278786778
6.6573397863150685
6.707028459639673
6.756918583742888
6.807009935416327
6.857302292397293
6.907795433437403
6.958489138373722
7.009383188180638
7.0604773650534
7.111771452443365
7.163265235124653
7.214958499256833
7.2668510324086215
7.318942623644152
7.371233063543828
7.4237221442543415
7.476409659544778
7.529295404833053
7.58237917722501
7.6356607755675485
7.689140000467979
7.742816654335613
7.796690541409185
7.85076146779447
7.905029241483392
7.959493672397592
8.014154572385822
8.069011755277815
8.124065036888874
8.17931423505004
8.23475916961429
8.290399662503457
8.34623553768329
8.402266621227614
8.458492741294132
8.514913728151353
8.571529414197718
8.628339633965936
8.685344224144208
8.742543023562705
8.799935873221237
8.857522616295222
8.915303098129595
8.97327716627468
9.03144467044015
9.089805462546279
9.148359396717364
9.20710632926113
9.266046118685104
9.325178625721199
9.38450371327382
9.444021246473996
9.503731092638285
9.563633121295833
9.623727204165048
9.68401321516091
9.74449103039585
9.805160528176271
9.86602158897363
9.927074095462787
9.988317932484522
10.049752987046903
10.11137914833087
10.173196307673601
10.235204358561813
10.297403196633988
10.359792719665496
10.422372827554792
10.48514342233908
10.548104408158673
10.61125569126656
10.674597180017356
10.738128784848557
10.80185041828762
10.865761994929988
10.929863431434876
10.994154646510745
11.058635560914928
11.123306097438864
11.18816618088836
11.253215738092527
11.318454697886901
11.383882991078568
11.44950055048513
11.515307310871782
11.581303208979731
11.647488183482393
11.713862175015533
11.780425126116468
11.84717698125682
11.914117686806652
11.98124719103198
12.04856544407393
12.116072397953195
12.183768006543483