0.2468646947897319
0.37040446592385434
0.5166786416578076
0.7316167861722238
0.9784743324779838
1.2487843728802275
1.539232397829587
1.8481080039475872
2.1743864028972517
2.517391947927071
2.8766497159514848
3.251811807097392
3.6426143295585076
4.048853725949586
4.470369126359349
4.9070326943227
5.358744216266927
5.8254216221254
6.307000587865159
6.803432463539477
7.314679491515775
7.840714745394912
8.381523270540798
8.937096471806493
9.507435103713545
10.092547285256085
10.692451007293666
11.30716616192744
11.936727786746157
12.581168435931339
13.240533953257454
13.914873995031162
14.604245796982397
15.308711537024635
16.028341762036945
16.763210722412033
17.513401941165014
18.279000690589722
19.060100640924496
19.856805963302936
20.66921606503626
21.497443715815127
22.341605275840973
23.201812371175404
24.078218096645575
24.970928566414425
25.880086808840595
26.805834834507085
27.74831763644843
28.707684743459748
29.684089777840917
30.677690269610697
31.688647468008824
32.717126150813414
33.763294431961036
34.82732356794415
35.90938776341805
37.0096639764316
38.12833172363615
39.26557288588153
40.4215715144836
41.596513638501
42.790587073336276
44.003981230920644
45.23688693176397
46.48949621913908
47.76200217566404
49.05459874249157
50.36748054140763
51.70084270002299
53.054880680329354
54.42979011083494
55.8257666225218
57.24300568885296
58.68170247004357
60.14205166184857
61.624247349061946
63.12848286397013
64.65495064997718
66.20384213059523
67.77534758404155
69.36965602362623
70.98695508413347
72.62743091439486
74.29126807624252
75.9786494499979
77.68975614669255
79.42476742715726
81.18386062812107
82.96721109549594
84.77499212490743
86.60737490963052
88.46452849601768
90.3466197464824
92.25381331014242
94.18627160115778
96.14415478481536
98.12762077140133
100.13682521786026
102.17192153727439
104.23306091612838
106.3203923393801
108.4340626232625
110.57421645582626