1.932952544262545
2.2232533377557733
2.52846051767351
2.848487336088116
3.1832578063313783
3.5327041377224235
3.896768848394208
4.275401241325161
4.668558011035957
5.076203142177002
5.498305635939606
5.934841445947467
6.3857902092647345
6.851137809635614
7.330874253957104
7.824993712108109
8.333496923079597
8.856380274716843
9.393670025655785
9.945359757471758
10.511565365495288
11.092032281740767
11.68706004669701
12.296592592236575
12.920660172196143
13.559302278304225
14.212572893954816
14.880513695311363
15.563184199824706
16.260644596747056
16.97296153542488
17.700207065564587
18.44245862272187
19.199798957193813
19.97231578760217
20.760104321969212
21.56326215974009
22.38189455474643
23.216111451255625
24.066026208010477
24.931758854425695
25.813441560764584
26.711195180303285
27.62515870873261
28.555470805378235
29.50227526997493
30.465720287840565
31.44595826090175
32.4431458313257
33.457440821936125
34.489012952255415
35.538023548051925
36.6046448132125
37.689050466014876
38.79141707930811
39.91192369135262
41.05075196292166
42.2080858795087
43.384111561494926
44.579017074793164
45.792992242324146
47.02622845662957
48.27891849396092
49.551256330104806
50.84343695824637
52.15565620913225
53.48811057378885
54.84099702906633
56.21451286624101
57.608855522919576
59.02422241851162
60.460810793474025
61.91881755258476
63.39843911248088
64.89987125366706
66.42330897725985
67.96894636665536
69.5369764543628
71.12759109421961
72.74098083918408
74.37733482492466
76.03684065939994
77.71968431862214
79.42605004877333
81.1561202748699
82.91007551611374
84.68809430810965
86.49035313204966
88.31702635104733
90.16828615366445
92.04430250482612
93.94524310413071
95.87127335166326
97.82255632138828
99.79925274215077
101.80152098632817
103.82951706615239
105.88339463771875
107.96330501266652
110.06939717753227
112.20181782072673
114.3607113671207
116.54622002017858
118.758483811586