2.020755004120217
2.312757402967085
2.6196757509486637
2.9414207496850886
3.2779141693138247
3.6290875599303596
3.9948817855505485
4.375246119446938
4.770136564083063
5.179516067653153
5.603353987152341
6.0416254328569305
6.494310200968789
6.961394689160947
7.4428680003475325
7.938725096400795
8.448965530911913
8.973592507637646
9.512614372152262
10.066043650270672
10.633912797395746
11.216197329287754
11.812968953738984
12.424243652333375
13.050056899553844
13.690447493730378
14.345467062993816
15.015160833654058
15.699586209922254
16.39880567116077
17.112883365823212
17.841896444797985
18.585917284731483
19.34503385617245
20.119330073682974
20.908904685210636
21.713852571993748
22.534282912630676
23.370303031095133
24.222028973510675
25.08958056515067
25.973097009949363
26.872671894265743
27.788470584738434
28.72063684964845
29.66929855332791
30.63461052230472
31.61672534089613
32.61579659586354
33.63198994357653
34.66546597496446
35.71639282653926
36.78494117327666
37.871284081510844
38.97559975133467
40.09806641763625
41.23886625251434
42.39818342708815
43.576204235491154
44.77311690547179
45.98911140984865
47.22437927914488
48.47911341570083
49.753507909537745
51.04775785631055
52.362059177534334
53.69660844342456
55.05160269854477
56.42723929054692
57.82371570223085
59.241229387171465
60.679977609143485
62.140157285583804
63.62196483533485
65.12559603086756
66.65124585525378
68.1991083640734
69.76937655250232
71.36224222778537
72.97789588730308
74.61652660244744
76.27832190848959
77.96346770064534
79.67214813650735
81.40454554501463
83.16084034214377
84.94121095344187
86.74583374355815
88.57488295291364
90.42853064157383
92.30694664051592
94.21029851027575
96.13875150713153
98.09246855683209
100.071610235959
102.07633476092177
104.106797984632
106.16315340085241
108.24555215622442
110.35414306994704
112.48907266109138
114.65048518350737
116.83852266826972
119.05332497361813