 0.23365565842683E-07
 0.30789940070582E-07
 0.39309700810949E-07
 0.48880507647050E-07
 0.59451521317352E-07
 0.70971767577701E-07
 0.83394608352530E-07
 0.96680421320109E-07
 0.11079771520835E-06
 0.12572294140584E-06
 0.14143926686541E-06
 0.15793456812152E-06
 0.17519888116537E-06
 0.19322152838877E-06
 0.21198813538344E-06
 0.23147773080773E-06
 0.25166010651949E-06
 0.27249358573169E-06
 0.29392330689256E-06
 0.31588006943572E-06
 0.33827971891696E-06
 0.36102296403252E-06
 0.38399543661335E-06
 0.40706774476637E-06
 0.43009525394478E-06
 0.45291739605153E-06
 0.47535649214747E-06
 0.49721640635241E-06
 0.51828182750659E-06
 0.53831950017811E-06
 0.55708307581444E-06
 0.57432305530895E-06
 0.58980221019043E-06
 0.60331492279959E-06
 0.61470677903270E-06
 0.62388968241754E-06
 0.63084862520144E-06
 0.63563880290028E-06
 0.63837463710378E-06
 0.63921414669101E-06
 0.63834227413089E-06
 0.63595595266162E-06
 0.63225231405288E-06
 0.62742036730782E-06
 0.62163578552444E-06
 0.61505814747145E-06
 0.60782994648549E-06
 0.60007677274678E-06
 0.59190821063627E-06
 0.58341912337840E-06
 0.57469110422760E-06
 0.56579395389962E-06
 0.55678710063293E-06
 0.54772091728198E-06
 0.53863791465040E-06
 0.52957380550227E-06
 0.52055844264564E-06
 0.51161663956789E-06
 0.50276888413968E-06
 0.49403195699375E-06
 0.48541946570321E-06
 0.47694230534186E-06
 0.46860905508934E-06
 0.46042631942014E-06
 0.45239902149256E-06
 0.44453065536627E-06
 0.43682350276932E-06
 0.42927881942075E-06
 0.42189699517199E-06
 0.41467769164490E-06
 0.40761996053571E-06
 0.40072234529365E-06
 0.39398296848164E-06
 0.38739960684364E-06
 0.38096975575658E-06
 0.37469068454334E-06
 0.36855948392050E-06
 0.36257310663977E-06
 0.35672840227139E-06
 0.35102214691216E-06
 0.34545106885039E-06
 0.34001186854170E-06
 0.33470124005522E-06
 0.32951588338768E-06
 0.32445251905832E-06
 0.31950789870523E-06
 0.31467881416928E-06
 0.30996210500226E-06
 0.30535466460416E-06
 0.30085344519468E-06
 0.29645546176050E-06
 0.29215779513299E-06
 0.28795759430872E-06
 0.28385207812774E-06
 0.27983853639366E-06
 0.27591433051654E-06
 0.27207689375607E-06
 0.26832373111511E-06
 0.26465241894052E-06
 0.26106060428010E-06
 0.25754600402992E-06
 0.25410640390977E-06
 0.25073965729623E-06
 0.24744368393955E-06
