2.5934003341637744
2.622883227611914
2.652517838443344
2.682304031791201
2.712241674696616
2.742330636038714
2.7725707865512423
2.8029619987751593
2.8335041470413787
2.8641971074511603
2.895040757847437
2.9260349777919785
2.9571796485513606
2.988474653066686
3.0199198759297476
3.0515152033798048
3.0832605232500847
3.115155724981437
3.147200699574547
3.179395339591921
3.211739539118417
3.244233193754415
3.2768762005875214
3.309668458187103
3.342609866561347
3.3757003271720243
3.40893974288013
3.4423280179584177
3.475865058051803
3.5095507700477837
3.5433850625515757
3.577367845126239
3.6114990289033595
3.6457785259144035
3.680206249862878
3.7147821155873824
3.749506039169965
3.7843779379278075
3.8193977303958486
3.854565336308413
3.889880676587048
3.9253436733256293
3.9609542497776986
3.996712330337849
4.032617840533902
4.068670707005311
4.104870857499068
4.141218220848847
4.177712726963835
4.214354306818805
4.251142892439837
4.2880784168894275
4.325160814258665
4.362390019647626
4.399765969167852
4.437288599909457
4.474957849954909
4.51277365834328
4.550735965078934
4.588844711105339
4.627099838305069
4.665501289486022
4.7040490083671465
4.742742939572737
4.78158302862585
4.820569221925591
4.859701466746372
4.898979711234808
4.938403904391715
4.977973996053749
5.017689936904441
5.057551678459437
5.097559173040551
5.137712373793143
5.17801123465782
5.218455710371926
5.259045756462713
5.29978132922823
5.340662385740049
5.3816888838359445
5.422860782102394
5.464178039881154
5.505640617243813
5.547248475004334
5.58900157470068
5.6308998785842626
5.672943349627765
5.715131951503917
5.757465648583507
5.799944405933147
5.842568189306961
5.885336965132929
5.928250700524426
5.971309363251683
6.014512921754192
6.057861345124696
6.10135460311366
6.144992666105809
6.188775505142594
6.2327030918830975
6.276775398631832
6.320992398305849
6.365354064451748
6.409860371227174
6.454511293402563
6.499306806350093
6.544246886047653
6.589331509069661
6.63456065258247
6.6799342943433775
6.7254524126888295
6.77111498654448
6.816921995404703
6.862873419336824
6.908969238984957
6.955209435550645
7.001593990802671
7.048122887064015
7.094796107217823
7.1416136346911365
7.188575453467438
7.235681548073612
7.282931903576721
7.330326505583754
7.377865340239521
7.425548394225781
7.473375654747341
7.521347109543227
7.5694627468783695
7.6177225555419845
7.666126524839639
7.714674644599322
7.763366905163634
7.8122032973958655
7.861183812661626
7.910308442841254
7.959577180322379
8.008990018003136
8.058546949283116
8.108247968062862
8.158093068747224
8.208082246236915
8.258215495933728
8.308492813734208
8.358914196029891
8.409479639705452
8.460189142140438
8.51104270120132
8.562040315246472
8.613181983120194
8.664467704161664
8.71589747818557
8.767471305499853
8.819189186897283
8.87105112364998
8.923057117513766
8.975207170730773
9.027501286014793
9.079939466573752
9.132521716086854
9.185248038712423
9.23811843909037
9.291132922339838
9.344291494054612
9.397594160310941
9.451040927658715
9.50463180312272
9.558366794210444
9.612245908903029
9.666269155656872
9.72043654340339
9.774748081554469
9.829203779996018
9.883803649088337
9.938547699666367
9.993435943048256
10.048468391019592
10.103645055847057
10.158965950272599
10.214431087514164
10.270040481266582
10.325794145703787
10.38169209547398
10.437734345700381
10.493920911994373
10.55025181043094
10.606727057574842
10.663346670466606
10.72011066662623
10.777019064047865
10.83407188121631
10.891269137090138
10.94861085110914
11.006097043197675
11.063727733761203
11.121502943689503
11.179422694353695
11.23748700760873
11.295695905795489
11.354049411743398
11.412547548764225
11.471190340657277
11.529977811710781
11.58890998669493
11.647986890879997
11.707208550106104
11.766574990443612
11.826086238713202
11.885742322144283
11.945543268456547
12.005489105863687
12.065579863074767
12.125815569293849
12.186196254217753
12.246721948051208
12.307392681480783
12.368208485704178
12.42916939241198
12.49027543379809
12.551526642559843
12.612923051887835
12.674464695485284
12.73615160755512
12.79798382280384
12.859961376446952
12.922084304203537
12.984352642301815
13.046766427478532
13.109325696976237
13.172030488550464
13.234880840471233
13.297876791510765
13.361018380965316
13.424305648636693
13.487738634845902
13.551317380424459
13.615041926726683
13.678912315615914
13.742928589484496
13.807090791233676
13.87139896429023
13.935853152598888
14.000453400627933
14.065199753368193
14.130092256330071
14.195130955552607
14.26031589759788
14.325647129552149
14.39112469903215
14.456748654178307
14.522519043660406
14.588435916680972
14.654499322965204
14.720709312241029
14.787065936347686
14.853569246094324
14.920219293333835
14.987016130457421
15.05395981038989
15.121050386587902
15.188287913047926
15.255672444301647
15.323204035417318
15.390882742000272
15.45870862019776
15.526681726690498
15.59480211870435
15.663069854003993
15.731484990895394
15.80004758822271
15.868757705377606
15.937615402291046
16.006620739441374
16.07577377784289
16.145074579063852
16.214523205213062
16.284119718943472
16.353864184614334
16.423756663693368
16.49379722159808
16.563985923166587
16.63432283379245
16.70480801941212
16.775441546509946
16.846223482122724
16.91715389383662
16.98823284978604
17.05946041865203
17.130836669674416
17.20236167263768
17.27403549788001
17.345858216289702
17.41782989930565
17.48995061892331
17.56222044768353
17.634639458684834
17.70720772557933
17.77992532256613
17.85279232439929
17.925808806390545
17.998974844396656
18.072290514838507
18.14575589468026
18.219371061445003
18.293136093206797
18.36705106859639
18.44111606679662
18.51533116754378
18.589696451126517
18.664211998393125
18.738877890736802
18.813694210111272
18.888661039022487
18.96377846052649
19.039046558237022
19.11446541631977
19.19003511949253
19.265755753026426
19.3416274027484
19.417650155033883
19.493824096810897
19.570149315564155
19.646625899327102
19.72325393668677
19.800033516778434
19.876964729292077
19.954047664468515
20.031282413099433
20.108669066519788
20.18620771662693
20.263898455861003
20.341741377209758
20.41973657421268
20.497884140959357
20.57618417208253
20.654636762766664
20.73324200874211
20.812000006285228
20.89091085222174
20.969974643918913
21.049191479292006
21.128561456799435
21.208084675443892
21.28776123477321
21.367591234876766
21.44757477638634
21.52771196047613
21.608002888863364
21.688447663799742
21.76904638808334
21.849799165049927
21.930706098569996
22.0117672930562
22.09298285345553
22.174352885255782
22.25587749447288
22.337556787663434
22.419390871918015
22.501379854856577
22.583523844636762
22.665822949942495
22.748277279994024
22.830886944536267
22.91365205384662
22.996572718732093
23.079649050522146
23.162881161076097
23.246269162780415
23.329813168541016
23.413513291794555
23.497369646493674
23.581382347117277
23.66555150866198
23.749877246647205
23.834359677109095
23.918998916602604
24.003795082200295
24.088748291487708
24.173858662567973
24.259126314056733
24.34455136508049
24.430133935280377
24.515874144805913
24.601772114315647
24.68782796497777
24.77404181846478
24.860413796959932
24.946944023144955
25.033632620209357
25.120479711843604
25.207485422239362
25.294649876088755
25.38197319857841
25.469455515400995
25.557096952738345
25.644897637267032
25.732857696165222
25.820977257091663
25.909256448207426
25.997695398155805
26.0862942360716
26.17505309157916
26.26397209478131
26.35305137627687
26.442291067137077
26.53169129892045
26.621252203664632
26.710973913888353
26.800856562585732
26.890900283229747
26.98110520976492
27.071471476612263
27.16199921866372
27.252688571283752
27.34353967030303
27.434552652023267
27.525727653210875
27.61706481109972
27.708564263379063
27.80022614821157
27.892050604214813
27.98403777046461
28.07618778649418
28.16850079229586
28.260976928313788
28.35361633544987
28.446419155048623
28.539385528911954
28.63251559928724
28.725809508870814
28.81926740080112
28.912889418661702
29.006675706482202
29.100626408724825
29.194741670297248
29.289021636544298
29.383466453242008
29.47807626660121
29.572851223272984
29.667791470331924
29.762897155282577
29.858168426057585
29.953605431019295
30.04920831894785
30.144977239053734
30.24091234096247
30.33701377472062
30.433281690797497
30.52971624006829
30.626317573831447
30.723085843794767
30.820021202076514
30.917123801206177
31.014393794118245
31.111831334155323
31.209436575065887
31.30720967099499
31.405150776494427
31.503260046510697
31.601537636391715
31.699983701877244
31.798598399101376
31.89738188459453
31.99633431527227
32.09545584844003
32.194746641791
32.29420685340277
32.3938366417377
32.49363616563811
32.59360558432722
32.69374505740349
32.79405474484282
32.894534806999204
32.99518540459475
33.09600669872247
33.1969988508481
33.2981620228013
33.39949637677491
33.501002075333766
33.60267928139434
33.7045281582395
33.80654886951084
33.908741579200345
34.01110645165994
34.11364365159061
34.21635334405065
34.319235694437474
34.42229086850274
34.52551903234117
34.62892035239106
34.73249499543291
34.83624312858706
34.9401649193122
35.044260535399815
35.14853014497984
35.25297391651189
35.357592018788225
35.46238462092605
35.56735189237312
35.672494002902496
35.77781112260587
35.88330342190124
35.98897107152001
36.09481424251794
36.20083310626243
36.30702783443342
36.41339859902414
36.51994557234037
36.6266689269896
36.73356883589264
36.84064547226989
36.94789900964501
37.05532962184302
37.16293748298557
37.27072276749645
37.37868565008665
37.48682630576419
37.59514490983001
37.70364163786781
37.812316665755326
37.92117016965304
38.0302023260032
38.13941331153216
38.2488033032443
38.358372478422055
38.46812101462451
38.578049089682445
38.68815688170482
38.79844456905998
38.9089123303921
39.019560344613794