0.06886380121863997
0.09671319677352798
0.13292078059554072
0.17936426059944144
0.2382533567002952
0.3121614022384346
0.4040369855809514
0.5171712059006669
0.6550635065737722
0.8210630401966056
1.0176367492254068
1.2454572237444124
1.5031808730777496
1.7883327328621736
2.098364661615088
2.4311499827664953
2.7850453002698927
3.158805376022592
3.551483427724883
3.9623513161866275
4.390841685758496
4.836507109896424
5.298991249046569
5.778008284274388
6.273328049159249
6.784765122090463
7.312170707681135
7.855426510528707
8.414440052310514
8.989141048250845
9.579478570471252
10.185418802986293
10.806943240034968
11.444047234384373
12.096738801140646
12.765037628657693
13.448974247062639
14.148589320401005
14.863933035696585
15.595064568185467
16.34205160663469
17.10496992614296
17.883902998612015
18.678941633122587
19.49018364023132
20.317733515392085
21.161702137791075
22.0222064817188
22.89936933814985
23.793319044819853
24.704189223372207
25.632118522543276
26.57725036656518
27.539732708164685
28.51971778569495
29.517361884049034
30.53282509911493
31.566271105586768
32.61786692803961
33.68778271515774
34.7761915171476
35.88326906628016
37.009193560636994
38.154145451072
39.31830723148093
40.501863232457964
41.704999418380886
42.927903188170234
44.170763179668675
45.43376907789132
46.717111427229604
48.02098144778641
49.34557085596213
50.69107168948234
52.0576761370181
53.44557637257286
54.8549643948175
56.286031872349476
57.738969989466334
59.21396930940723
60.711219627305695
62.23090984099121
63.773227823012874
65.33836029972427
66.92649273674014
68.53780923097901
70.17249240943784
71.83072333486315
73.51268141846421
75.21854433982264
76.94848797411635
78.70268632678024
80.48131147573217
82.28453352124232
84.11252054355126
85.96543856830178
87.84345153984839
89.7467213025118
91.67540758978545
93.6296680215706
95.60965810939076
97.6155312696534
99.6474388448961
101.70553013304234