1.9859446137283985e-12
1.9859446137283985e-12
1.9859446137283985e-12
1.9859446137283985e-12
1.9859446137283985e-12
1.9859446137283985e-12
1.9859446137283985e-12
1.9859446137283985e-12
1.9859446137283985e-12
1.9859446137283985e-12
0.
5.9578338411851955e-12
2.358309228802473e-12
5.0889830726790214e-12
2.532079382503708e-11
1.1940491990041996e-10
5.190762734132602e-10
1.979986779887213e-9
6.621387585247196e-9
1.9764617281978455e-8
5.350345795999514e-8
1.3304451162904495e-7
3.0719062946996627e-7
6.646338496887927e-7
1.3577357189292285e-6
2.6358598831556197e-6
4.889861467132775e-6
8.70959978219646e-6
0.000014955653268685905
0.00002484634892614352
0.00004006074980145825
0.00006285751104332338
0.00009620963729109488
0.00014395422314690968
0.0002109562468124982
0.0003032850515537696
0.0004284020024481028
0.0005953576318508808
0.0008149964316176379
0.0011001675723779079
0.0014659397347073927
0.001929818487398223
0.002511964479842385
0.0032354113144298247
0.004126281656048341
0.005214000698539443
0.006531506058936329
0.008115453549749702
0.010006418218375208
0.01224909047141207
0.014892466992827922
0.017990036553653492
0.02159996059777409
0.025785248897613598
0.030613930347605452
0.03615921916963504
0.042499676701244854
0.049719368952908696
0.05790802011608899
0.06716116205558995
0.07758027977031902
0.08927295281935368
0.10235299236825558
0.11694057369985947
0.1331623637135311
0.15115164284094168
0.17104842092010233
0.1929995461584355
0.2171588066915001
0.24368702358763245
0.2727521348898953
0.3045292695225101
0.3392008105373591
0.37695644687552204
0.4179932128898076
0.4625155152696945
0.5107351467982175
0.5628712865931362
0.6191504869059886
0.6798066457016569
0.7450809667664504
0.815221905608988
0.8904851030960113
0.9711333067405864
1.057436280550894
1.1496707042358434
1.2481200626485296
1.3530745265063042
1.4648308253943327
1.583692114202504
1.7099678339347928
1.8439735680113951
1.9860308949650118
2.1364672384090615
2.2956157149245033
2.4638149804976597
2.641409075657747
2.8287472694336366
3.0261838970975847
3.234078224436966
3.452794237310675
3.682700522123186
3.9241700682723413
4.177580090337551
4.443311833774973
4.721750365405569
5.013284344790801
5.318305772137197
5.637209707873524
5.970393958902315
6.318258726280893
6.681206209216435
7.059640160544669
7.453965389538462
7.864587208854394
8.291910824017386
8.736340665346448
9.198279664998235
9.678128483995073
10.176284697446121