0.03411690015534525
0.035422253064752315
0.036766274566484534
0.03814979278765428
0.03957364799309504
0.04103869274907774
0.04254579207461487
0.04409582357774595
0.04568967760535224
0.047328257441751155
0.049012479408986544
0.05074327305350739
0.05252158131311137
0.054348360623192815
0.056224581160641586
0.058151226918688355
0.06012929591890415
0.06215980036771768
0.064243766786867
0.0663822362054156
0.06857626431403542
0.07082692159732047
0.07313529351438361
0.07550248069869223
0.07792959901144057
0.0804177798072939
0.08296817002785196
0.08558193235804229
0.08826024540559975
0.09100430383387673
0.09381531851078892
0.09669451663914296
0.09964314195734093
0.10266245479635218
0.10575373228662388
0.10891826845986076
0.11215737438531045
0.11547237832044717
0.11886462578072789
0.12233547971820331
0.12588632059065352
0.12951854650829972
0.13323357333856273
0.13703283475670455
0.14091778238869235
0.1448898859032966
0.14895063305007228
0.1531015298080564
0.15734410035635138
0.1616798872513703
0.16611045137979522
0.1706373720856773
0.17526224714052377
0.179986692862082
0.18481234405711963
0.18974085407219032
0.19477389477389828
0.19991315662026818
0.2051603485420851
0.2105171980071893
0.21598545090864285
0.2215668716034555
0.22726324278784252
0.23307636544695548
0.23900805879890347
0.24506016017286575
0.25123452491947595
0.2575330262670893
0.26395755524532394
0.2705100204601525
0.27719234800192805
0.28400648120818806
0.2909543805191766
0.2980380232730441
0.3052594034089484
0.3126205313096689
0.3201234334947778
0.3277701523437251
0.3355627458109797
0.3435032870992176
0.35159386432171075
0.35983658012810105
0.3682335513597148
0.37678690860706937
0.3854987957868668
0.3943713696963978
0.4034067995263645
0.4126072663622844
0.4219749626249502
0.431512091540307
0.44122086649575787
0.45110351046324687
0.4611622552858086
0.4713993410276678
0.48181701519612125
0.4924175319908509
0.5032031514888178
0.5141761387853405
0.5253387630919807
0.5366932967780758
0.5482420144140103
0.5599871916644246
0.5719311042453452
0.5840760267496227
0.5964242314116744
0.6089779868590702
0.6217395568025529
0.6347111985788522
0.6478951617375608
0.6612936864677696
0.6749090020306612
0.688743325033103
0.7027988577254447
0.7170777861316275
0.7315822781585646
0.746314481617147
0.7612765221361336
0.7764705010219232
0.7918984930788557
0.807562544240974
0.8234646692612525
0.8396068492326423
0.8559910290965791
0.8726191150513263
0.8894929719289133
0.906614420503561
0.9239852347854595
0.9416071392339911
0.9594818060050874
0.9776108521511713
0.9959958368040943
1.0146382584476903
1.033539552138446
1.0527010868378803
1.0721241627775686
1.0918100089127898
1.1117597805001698
1.1319745567717676
1.1524553387770993
1.173203047378699
1.1942185214185945
1.215502516125085
1.237055701684721
1.2588786621136685
1.2809718943253072
1.303335807516822
1.3259707227723871
1.3488768730235703
1.3720544032483
1.3955033709771578
1.4192237471094766
1.4432154170124372
1.4674781819116018
1.4920117605589842
1.5168157911474986
1.5418898335374536
1.567233371633727
1.5928458160661703
1.6187265069925216
1.6448747171308191
1.671289654918542
1.69797046779426
1.7249162455899996
1.7521260240135965
1.7795987881618343
1.8073334760760267
1.8353289823126244
1.863584161487381
1.8920978317935768
1.920868778486236
1.9498957572509081
1.9791774975533374
2.008712705825164
2.0385000686101598
2.0685382555461214
2.098825922227983
2.1293617129736164
2.1601442634066768
2.191172202944741
2.222444157107723
2.253958749734558
2.285714604997695
2.317710349343615
2.3499446132454254
2.382416032864227
2.415123251544034
2.448064921217078
2.4812397036533405
2.5146462716490143
2.5482833100261812
2.5821495166118806
2.616243603055326
2.6505642955960944
2.6851103357151427
2.7198804807080013
2.754873504196279
2.7900881965530266
2.825523365277958
2.861177835278957
2.897050449116969
2.933140067233391
2.9694455680336076
3.005965848029479
3.042699821886014
3.079646422433161
3.116804600654883
3.154173325631568
3.1917515845037836
3.2295383823172505
3.2675327419602844
3.305733703981089
3.3441403264419143
3.38275168475087
3.4215668714686713
3.460584996101724
3.499805184885413
3.5392265805909657
3.5788483422652946
3.6186696450101845
3.6586896797473325
3.6989076529460214
3.7393227864194407
3.779934317032129
3.8207414964696045
3.8617435909733686
3.9029398810988654
3.94432966144676
3.9859122404261145
4.027686939984176
4.069653095372406
4.111810054878999
4.154157179603233
4.196693843193939
4.239419431614917
4.2823333429150585
4.325434986970673
4.368723785273365
4.412199170699288
4.45586058727245
4.499707489954199
4.543739344425393
4.587955626867072
4.632355823751819
4.676939431639197
4.721705956979894
4.7666549158987515
4.8117858340257165
4.85709824628719
4.9025916967265495
4.948265738318461
4.994119932790019
5.04015385045927
5.086367070035246
5.132759178480938
5.179329770835305
5.226078450043227
5.27300482682642
5.320108519498244
5.367389153840329
5.414846362941464
5.462479787058581
5.510289073479848
5.558273876384415
5.606433856706743
5.654768682019935
5.703278026390268
5.751961570266589
5.800819000351988
5.849850009486742
5.899054296532634
5.948431566263235
5.997981529251818
6.047703901759028
6.097598405634082
6.147664768211877
6.197902722198042
6.2483120056029176
6.2988923616019115
6.349643538489825
6.400565289547918
6.451657372980979
6.502919551819024
6.5543515938412025
6.605953271479363
6.657724361745314
6.709664646154491
6.7617739106439085
6.814051945494962
6.8664985452677625
6.919113508713634
6.971896638720498
7.024847742241629
7.07796663021808
7.1312531175208385
7.184707022889512
7.238328168862324
7.292116381718398
7.346071491417804
7.4001933315361486
7.454481739225851
7.508936555144395
7.563557623393019
7.618344791486057
7.673297910277576
7.728416833926259
7.783701419834207
7.839151528595433
7.894767023966068
7.950547772798952
8.006493645003541
8.062604513506066
8.118880254207207
8.175320745916432
8.231925870345044
8.288695512044129
8.34562955836569
8.402727900124729
8.459990428788629
8.517417040565842
8.575007633635373
8.63276210879991
8.690680369434931
8.748762321463634
8.80700787332218
8.865416935922335
8.92398942262565
8.982725249204245
9.041624333818211
9.100686596975768
9.159911961509069
9.219300352544773
9.278851697476
9.338565925929561
9.398442969740021
9.458482762932436
9.518685241680156
9.579050344285474
9.639578011159495
9.700268184791998
9.761120809724734
9.8221358325379
9.883313201807574
9.944652868105454
10.006154783959522
10.067818903838397
10.129645184124902
10.191633583107125
10.253784060942051
10.316096579640298
10.378571103055815
10.44120759684665
10.504006028472483
10.566966367170288
10.630088583932361
10.693372651489824
10.75681854429685
10.820426238511056
10.884195711969426
10.948126944189793
11.012219916335352
11.076474611199878
11.14089101320599
11.205469108374754
11.27020888431263
11.335110330203172
11.400173436782072
11.465398196332819
11.530784602658768
11.596332651083394
11.662042338425584
11.727913662989467
11.79394662454889
11.860141224340234
11.926497465039182
11.993015350754654
12.059694887015397
12.12653608075633
12.193538940303027
12.26070347536167
12.328029697014824
12.395517617695242
12.463167251182407
12.53097861259494
12.59895171836864
12.667086586252273
12.735383235300848
12.803841685851557
12.872461959524014
12.941244079209332
13.010188069052875
13.079293954450158
13.148561762037167
13.217991519673477
13.287583256441012
13.35733700263052
13.427252789730264
13.497330650418595
13.567570618558971
13.637972729182213
13.708537018482284
13.77926352380922
13.85015228365497
13.921203337655388
13.992416726566033
14.063792492266128
14.13533067774728
14.20703132710193
14.278894485519004
14.350920199276224
14.423108515730178
14.495459483304776
14.567973151492485
14.640649570841306
14.71348879294993
14.78649087045346
14.859655857026638
14.93298380736983
15.006474777197843
15.080128823247001
15.153946003251574
15.227926375955056
15.302070001080137
15.376376939347077
15.450847252444031
15.525481003041826
15.600278254770375
15.675239072219298
15.7503635209347
15.825651667405012
15.901103579062859
15.976719324271405
16.052498972326465
16.128442593442355
16.204550258752377
16.28082204029481
16.357258011020235
16.433858244769418
16.51062281628562
16.58755180118877
16.66464527598999
16.741903318067024
16.81932600567713
16.896913417935757
16.97466563482185
17.052582737168574
17.130664806653115
17.20891192580537
17.28732417798313
17.365901647388963
17.444644419042515
17.523552578791833
17.602626213305523
17.681865410061466
17.761270257342847
17.840840844246213
17.92057726065443
18.000479597253044
18.08054794551045
18.16078239768184
18.241183046802014
18.321749986680924
18.402483311893707
18.483383117787564
18.564449500462715
18.64568255678486
18.727082384366394
18.808649081563463
18.890382747483144
18.972283481965082
19.054351385585946
19.13658655965051
19.218989106189287
19.30155912795344
19.384296728413904
19.467202011754704
19.55027508285916
19.633516047330122
19.71692501145907
19.800502082236292
19.884247367350127
19.968160975165382
20.05224301474244
20.136493595818767
20.22091282880233
20.30550082477719
20.390257695500274
20.47518355338188
20.56027851150405
20.645542683598972
20.730976184053965
20.81657912790387
20.902351630829465
20.988293809152744
21.074405779833672
21.16068766046761
21.24713956927709
21.333761625115187
21.420553947453108
21.507516656387622
21.594649872624814
21.681953717483562
21.76942831289987
21.857073781401304
21.94489024612972
22.03287783081678
22.12103665978784
22.20936685796663
22.297868550857523
22.38654186455138
22.475386925720674
22.564403861613325
22.653592800048948
22.742953869423573
22.832487198694142
22.922192917385708
23.012071155579747
23.10212204391852
23.19234571359366
23.282742296351735
23.373311924482845
23.46405473082211
23.554970848744826
23.64606041216473
23.73732355553002
23.82876041381654
23.920371122530998
24.01215581770465
24.104114635887687
24.19624771414939
24.288555190074515
24.381037201759938