0.039046334093662774
0.04051798964817403
0.042032653437986074
0.04359124120921876
0.04519468244576386
0.046843920570858365
0.0485399130755503
0.050283631747454725
0.05207606285197119
0.053918207266334964
0.05581108072512947
0.05775571395756469
0.05975315291325424
0.061804458936233785
0.06391070891638931
0.06607299553534186
0.06829242741390397
0.07057012931725254
0.07290724232720953
0.07530492404381536
0.07776434878652992
0.08028670771438218
0.08287320907917815
0.08552507839244441
0.08824355856779542
0.0910299101666942
0.09388541150159736
0.09681135886135979
0.09980906668674248
0.10287986769366529
0.10602511308495821
0.1092461726909911
0.1125444351465469
0.11592130803306488
0.1193782180228699
0.12291661104959123
0.12653795243079471
0.1302437270129566
0.1340354393123417
0.13791461360610827
0.14188279411166396
0.14594154503606604
0.15009245072893912
0.15433711575161088
0.15867716501836235
0.16311424378711883
0.16765001784401865
0.172286173482933
0.1770244176429928
0.18186647788239868
0.18681410245190141
0.19186906033439632
0.1970331412325113
0.20230815560398135
0.20769593465060188
0.2131983302762755
0.2188172150870121
0.22455448233035752
0.2304120458622531
0.23639184003234742
0.24249581965346229
0.24872595985376408
0.2550842559927335
0.2615727235130884
0.26819339779072116
0.2749483339728438
0.2818396068089347
0.2888693104057227
0.2960395580263584
0.3033524818521007
0.31081023275020964
0.3184149798637247
0.3261689104386876
0.3340742294250917
0.34213315909595254
0.3503479387259578
0.35872082410565526
0.3672540871383059
0.3759500153661122
0.3848109114494044
0.39383909264756367
0.403036890225101
0.4124066488679133
0.4219507260286667
0.43167149121768994
0.4415713253212991
0.4516526197839606
0.4619177758342694
0.47236920357178674
0.4830093210931005
0.49384055348867495
0.504865331833246
0.5160860920797743
0.5275052739347799
0.5391253196183681
0.5509486725711313
0.5629777761467771
0.5752150721198144
0.5876629991937371
0.6003239914226945
0.613200476503455
0.6262948740085356
0.6396095935295922
0.6531470327325594
0.6669095752423707
0.6808995885431949
0.6951194216752368
0.7095714028764276
0.7242578371038424
0.7391810034436557
0.7543431524241584
0.7697465032024192
0.7853932406978217
0.8012855125407842
0.8174254260142817
0.8338150448311537
0.8504563859022276
0.8673514159461874
0.8845020481273691
0.9019101385823441
0.919577482915471
0.9375058127134394
0.9556967920460349
0.9741520139486589
0.9928729970289706
1.0118611820552812
1.0311179287003507
1.0506445123978845
1.0704421213111142
1.090511853519086
1.1108547143991858
1.131471614238668
1.152363366094925
1.1735306839893944
1.1949741813651003
1.2166943699096089
1.2386916587364478
1.2609663539048785
1.2835186583819158
1.3063486723369928
1.3294563938643469
1.35284172012134
1.3765044487918507
1.400444280020584
1.4246608186427914
1.4491535767839956
1.473921976802665
1.4989653545173727
1.524282962701936
1.5498739748280517
1.5757374890198095
1.6018725321807328
1.6282780642214822
1.654952982461578
1.6818961260293843
1.7091062803546881
1.7365821815993416
1.7643225211355682
1.7923259499154118
1.8205910827762652
1.8491165026581482
1.8779007646715415
1.90694240005761
1.936239919965344
1.965791819082239
1.9955965790864882
2.025652671905421
2.055958562821147
2.0865127133416133
2.117313583921967
2.1483596364847215
2.1796493367547276
2.211181156404618
2.2429535750566356
2.2749650820608025
2.307214178163234
2.3396993769887735
2.372419206398259
2.4053722096359054
2.438556946457069
2.4719719940313594
2.505615947765687
2.5394874220344716
2.573585050758421
2.607907487956994
2.642453408143482
2.677221506677884
2.7122105000453143
2.7474191260526077
2.782846143959145
2.8184903345725525
2.8543505002820866
2.8904254650205323
2.9267140742360263
2.9632151947658247
2.9999277147440813
3.0368505433989093
3.0739826109003316
3.1113228681386005
3.148870286487993
3.1866238575689962
3.2245825929726317
3.2627455239919807
3.3011117013378226
3.3396801948238615
3.3784500930706973
3.4174205032114098
3.4565905505306116
3.495959378196967
3.5355261469005104
3.575290034550035
3.6152502359373466
3.6554059624259656
3.695756441617985
3.7363009170271346
3.777038647788211
3.8179689083018444
3.8590909879503825
3.900404190790441
3.941907835217778
3.9836012536976986
4.025483792457857
4.067554811195327
4.1098136827830585
4.152259793008845
4.194892540279919
4.237711335346778
4.28071560106574
4.323904772102671
4.367278294708565
4.410835626447599
4.454576235954475
4.498499602711124
4.542605216793994
4.586892578659694
4.631361198909287
4.676010598067725
4.7208403063903415
4.765849863627896
4.811038818844852
4.856406730204281
4.901953164782918
4.947677698381379
4.993579915334257
5.039659408335111
5.085915778251896
5.1323486339664735
5.178957592211143
5.225742277380105
5.272702321394909
5.319837363536271
5.367147050309028
5.414631035273211
5.462288978905771
5.51012054847596
5.558125417891552
5.606303267567137
5.654653784306219
5.703176661158218
5.751871597305651
5.800738297945961
5.849776474158589
5.898985842804184
5.948366126418853
5.997917053079612
6.0476383563270595
6.09752977504659
6.1475910533621505
6.1978219405512105
6.2482221909489475
6.298791563842861
6.349529823379564
6.400436738500108
6.451512082821952
6.502755634576646
6.554167176520716
6.60574649584046
6.657493384102801
6.709407637149032
6.761489055040207
6.81373744197373
6.866152606216952
6.918734360030212
6.971482519608873
7.024396905010964
7.077477340088535
7.130723652440243
7.18413567332472
7.237713237625068
7.2914561837747645
7.3453643537066435
7.399437592791705
7.453675749786739
7.50807867678405
7.562646229155734
7.617378265502535
7.672274647605064
7.727335240369936
7.78255991179675
7.83794853290883
7.893500977728895
7.949217123220355
8.005096849251307
8.061140038550858
8.117346576667899
8.173716351917745
8.230249255368978
8.286945180781752
8.343804024576395
8.400825685792448
8.458010066072406
8.515357069590838
8.572866603050553
8.630538575634299
8.688372899700482
8.74636948787027
8.804528257282106
8.862849126719052
8.92133201729082
8.979976852399032
9.038783557711891
9.097752061124835
9.15688229274627
9.216174184864666
9.275627671910838
9.335242690450485
9.395019179144981
9.454957078731002
9.515056331990882
9.575316883737825
9.635738680778678
9.696321671906603
9.757065807858877
9.817971041312427
9.879037326851805
9.940264620951805
10.001652881948052
10.063202070028195
10.124912147209054
10.186783077301383
10.248814825912715
10.311007360414354
10.373360649922006
10.435874665288209
10.4985493790723
10.561384765525386
10.624380800575713
10.68753746181152
10.750854728465537
10.814332581386308
10.877971003042038
10.941769977488073
11.00572949035536
11.069849528840887
11.134130081685836
11.198571139161437
11.263172693060898
11.327934736673091
11.392857264781563
11.457940273642185
11.523183760968141
11.588587725927448
11.65415216911539
11.719877092550556
11.785762499662797
11.851808395273242
11.918014785592062
11.984381678194024
12.050909082018734
12.11759700735115
12.184445465816124
12.251454470355062
12.318624035231888
12.385954176007719
12.45344490953342
12.52109625394712
12.588908228653358
12.656880854316386
12.725014152850605
12.793308147410142
12.861762862379175
12.930378323365337
12.999154557179875
13.068091591839131
13.137189456550269
13.206448181701466
13.275867798857824
13.34544834074287
13.415189841242901
13.485092335385263
13.555155859337109
13.625380450395225
13.695766146983296
13.76631298862534
13.837021015963469
13.907890270729702
13.978920795747829
14.050112634921502
14.12146583322852
14.192980436713874
14.264656492479332
14.33649404867648
14.408493154506349
14.480653860199562
14.552976217020424
14.625460277255504
14.698106094202096
14.770913722173301
14.843883216479416
14.917014633422342
14.990308030302291
15.063763465390851
15.13738099794116
15.211160688174878
15.285102597270521
15.359206787369908
15.43347332156141
15.50790226387635
15.582493679289747
15.657247633697974
15.73216419393415
15.80724342774269
15.88248540378987
15.957890191646797
16.03345786178199
16.109188485572286
16.185082135276648
16.261138884045607
16.337358805905627
16.413741975763802
16.49028846939199
16.56699836342879
16.64387173537382
16.72090866357682
16.79810922723801
16.875473506402994
16.953001581953085
17.030693535605568
17.108549449904487
17.186569408222283
17.264753494741782
17.34310179446936
17.421614393211097
17.500291377585338
17.579132835006046
17.658138853682914
17.73730952261854
17.816644931594993
17.896145171183015
17.975810332726628
18.0556405083394
18.135635790907195
18.215796274075487
18.296122052250993
18.37661322059212
18.45726987501266
18.538092112168414
18.61908002945545
18.700233725010705
18.781553297701702
18.863038847126916
18.94469047360758
19.026508278188057
19.108492362626787
19.19064282939839
19.272959781680996
19.355443323361484
19.438093559024043
19.520910593956003
19.603894534125267
19.687045486202745
19.770363557532104
19.853848856146612
19.9375014907508
20.02132157072727
20.105309206125032
20.189464507661864
20.273787586711276
20.358278555315298
20.442937526161394
20.527764612592268
20.61275992859741
20.69792358881026
20.783255708504356
20.868756403589977
20.95442579060806
21.04026398673306
21.126271109759298
21.212447278111256
21.298792610825835
21.385307227557064
21.471991248571644
21.55884479474496
21.64586798755538
21.73306094908637
21.820423802014073
21.907956669616247
21.995659675758244
22.08353294488891
22.171576602052877
22.25979077286673
22.34817558352992
22.436731160814478
22.52545763206563
22.614355125196084
22.703423768682548
22.792663691567487
22.882075023445335
22.97165789447415
23.061412435357013
23.151338777349977
23.241437052252735
23.331707392410742
23.42214993070753
23.51276480056221
23.603552135926737
23.694512071286685
23.78564474165103
23.876950282554784
23.968428830057373
24.060080520725005
24.151905491653647
24.24390388043984
24.336075825194865
24.428421464534924
24.520940937577173
24.613634383940965
24.706501943740157
24.799543757584715
24.892759966576254
24.98615071230294