-0.24294945595079E-16
 0.51472282401969E-31
-0.37520605059030E-16
-0.66703297882720E-16
 0.32170176501231E-30
-0.34470324366857E-15
 0.63053545942412E-30
-0.26681319153088E-15
 0.10423137186399E-29
 0.12868070600492E-29
 0.15570365426596E-29
 0.18530021664709E-29
 0.22113244502555E-14
 0.25221418376965E-29
-0.46415041977617E-15
-0.43829055885557E-14
 0.37188724035423E-29
-0.16113336991131E-14
-0.50550226463569E-14
 0.16675824470680E-14
-0.75502397052854E-14
-0.99843912520741E-15
-0.90568635013515E-14
 0.69721650298988E-14
 0.49854789409467E-14
-0.94646486722374E-16
 0.50439791532575E-15
-0.14774888652048E-13
-0.12941439489724E-13
 0.52614340609106E-14
 0.29550532776584E-15
-0.10092448451600E-15
-0.27580617129891E-13
 0.11476717394554E-14
-0.14274230130257E-14
 0.46854372486050E-13
 0.19613286910621E-13
 0.31378399671709E-14
-0.48043989274932E-14
 0.90609232876505E-13
 0.76075422786209E-13
 0.81145191614013E-14
 0.59616712473398E-13
-0.10318625974337E-12
-0.57317782483300E-13
 0.55251846852270E-13
-0.11174581548035E-12
 0.19651178782129E-12
 0.11361288680080E-12
 0.61999517671723E-12
 0.42011803628411E-12
 0.69168550293889E-12
 0.77808327456181E-12
 0.12160827651719E-11
 0.14301779467421E-11
 0.18295917618906E-11
 0.25228658923297E-11
 0.29568094855902E-11
 0.36689246206470E-11
 0.42494880302645E-11
 0.60594154304422E-11
 0.63437227227463E-11
 0.81432992714543E-11
 0.91250359394157E-11
 0.10535827426156E-10
 0.12945624823112E-10
 0.15049455428506E-10
 0.17787710127320E-10
 0.20757083738341E-10
 0.24215074477454E-10
 0.27920315486365E-10
 0.31912238206952E-10
 0.36481564851589E-10
 0.41954072123636E-10
 0.47172822319997E-10
 0.52631188545502E-10
 0.60019578324803E-10
 0.67354000776630E-10
 0.75397231973259E-10
 0.84408843076107E-10
 0.93532613713293E-10
 0.10425500496725E-09
 0.11542089106539E-09
 0.12815436159306E-09
 0.14143510400308E-09
 0.15543983986842E-09
 0.17063305506813E-09
 0.18655574478640E-09
 0.20495930638572E-09
 0.22461557558317E-09
 0.24554737731945E-09
 0.26785932027621E-09
 0.29092953871119E-09
 0.31626916379839E-09
 0.34293114101862E-09
 0.37215108539398E-09
 0.40208501723369E-09
 0.43546422590119E-09
 0.46972639078304E-09
 0.50572998712958E-09
 0.54437578343274E-09
 0.58602777788673E-09
 0.62855882827758E-09
 0.67560075435672E-09
 0.72425322858095E-09
 0.77413770625999E-09
 0.82903480520254E-09
 0.88475189913905E-09
 0.94353008760230E-09
 0.10073711167343E-08
 0.10719070050635E-08
 0.11396581270202E-08
 0.12110695998207E-08
 0.12854826447884E-08
 0.13635987136311E-08
 0.14434509316581E-08
 0.15257744597016E-08
 0.16118282580635E-08
 0.15219742027549E-08
 0.14917782585759E-08
