122.75832973642278
122.80330682008346
122.87825558031304
122.98315631942339
123.11798138571577
123.28269487952123
123.47725250079606
123.70160124288742
123.95567895134354
124.23941375794567
124.55272331805048
124.89551416002737
125.26768032551003
125.66910785470613
126.09966931882208
126.55922418685773
127.04762734463047
127.56472514016409
128.1103592988131
128.6843687162292
129.28659150435868
129.91686858130635
130.57504361578484
131.26096495543953
131.97448747078613
132.71547589472465
133.4838022498096
134.2793487388399
135.1020076319885
135.95168220323575
136.82828574079969
137.73174379047532
138.66199173546613
139.61897485443183
140.60265316812692
141.61299120133927
142.64996675196846
143.71356836165972
144.80379081804398
145.9206396322841
147.0641253161772
148.23427944952059
149.4311215593986
150.6546923539201
151.9050343329781
153.18219779633884
154.48623995444325
155.81722137403068
157.1752090245025
158.5602714651784
159.97249156097112
161.41195081233903
162.87881901786736
164.37290716473782
165.89458656602343
167.44385727563204
169.0208143155312
170.62555788484468
172.25818670678285
173.9188009073358
175.6075062598267
177.32440394458305
179.0695990028901
180.84319597258354
182.64530175332885
184.47601909700555
186.33545373581237
188.22370996869884
190.1408799395198
192.08710241791812
194.06244240286313
196.067012178101
198.10090987451082
200.16423705891404
202.2570858370467
204.3795528328845
206.531724342284
208.7145639475413
210.9255537925447
213.1673846573409
215.439268343117
217.74128988538305
220.07352405104984
222.436044447038
224.82893481868888
227.2522546771601
229.70607854233927
232.19046784730952
234.70548875577575
237.25119958728837
239.82766011638222
242.43492376639705
245.07304519278367
247.7420737000374
250.4420575782154
253.17304257703154
255.935070408803
258.7281892119181
261.5524286274343
264.4078344564988
267.2944349276081
270.2122592223733
273.1613645582296
276.14172625977966
279.15346160310196
282.1965197495608
285.2709507209183
288.37677859592804
291.514028306222
294.6827193503442
297.88287685321063
301.11451583167457
304.3776606966295
307.67232899086287
310.99853886624004
314.35630669026193
317.74565278446977
321.1665921737589
324.6191499454482
328.103333863377