0.00394796669242641
0.006281326105953702
0.009598541403822929
0.014170321548490588
0.02030724950887774
0.02836161017989543
0.038729530450137925
0.05185347776137492
0.06822511567559743
0.0883884711904359
0.11294332647451184
0.14254871036932365
0.17792633013107992
0.21986375187234286
0.26921710762237
0.32691307190986085
0.39394980519935097
0.4713964895265953
0.5603909651308905
0.6621347892596697
0.7778847550733703
0.9089395259801338
1.056619616776654
1.222238687813495
1.4070644441543498
1.612269025173499
1.8388722345895867
2.0876859659553926
2.3592724612904825
2.6539288490862916
2.971703626813063
3.312440219489819
3.675834826259087
4.0614946127430045
4.468986687377065
4.8978741349487285
5.347739652766315
5.818199327888855
6.308909443663794
6.8195687667871
7.349918118354375
7.899738445548724
8.46884816588841
9.057100249277934
9.66437930371773
10.290598806172747
10.935698545136649
11.599642297814771
12.282415740634836
12.98402457913926
13.704492877625881
14.443861567081461
15.202187110221514
15.979540303996377
16.776005201707097
17.591678138966756
18.426666849742244
19.281089660460303
20.155074751890353
21.048759479908895
21.962289747495507
22.895819421456707
23.849509788222893
24.823529043899708
25.81805181448641
26.833258702626104
27.869335857894487
28.926474567973283
30.00487086844553
31.10472516929002
32.2262418963791
33.3696291465954
34.535098355304186
35.722863975185135
36.933143165526324
38.16615549125722
39.422122631130094
40.70126809451513
42.003816946475474
43.329995540760045
44.680031260530676
46.05415226663951
47.45258725338454
48.875565211700305
50.32331519979251
51.79606612128997
53.29404651098444
54.81748432830822
56.36660675870313
57.941640023037785
59.54280919529421
61.170338028724906
62.82444879069428
64.50536210644711
66.21329681200861
67.94846981646502
69.71109597384105
71.50138796477326
73.31955618821428
75.16580866333092
77.0403509417832
78.9433860305497
80.87511432543046
82.83573355534315