1.9859446137283985e-12
1.9859446137283985e-12
3.971889227456797e-12
3.971889227456797e-12
1.9859446137283985e-12
3.971889227456797e-12
2.482430767160498e-12
2.2217755366086456e-11
3.520086827833586e-10
3.4543024125038333e-9
2.3154997102227904e-8
1.1538958813453785e-7
4.565418564438735e-7
1.505119991884776e-6
4.284214889090173e-6
0.000010814853493997667
0.00002471482577221013
0.00005195951113733198
0.00010178444286348105
0.00018769690420837576
0.00032855792540412816
0.0005496948689117067
0.000884007685594037
0.0013730446248267551
0.002068014332692918
0.003030735419980875
0.004334508099233069
0.006064912544658718
0.008320539045275233
0.011213658998621406
0.014870847708573746
0.01943356989196371
0.025058738490003302
0.03191925514708361
0.04020453817626041
0.05012104067370978
0.06189275786365434
0.07576171891556087
0.09198845483852501
0.11085243097768274
0.1326524292559209
0.1577068636698513
0.18635401082111605
0.21895213715846573
0.25587950495445966
0.2975342409643982
0.344334053831369
0.3967157898293201
0.45513482020833124
0.5200642575527853
0.5919940026128524
0.6714296271567766
0.7588911017278375
0.8549113797863634
0.9600348516333554
1.0748156817972676
1.1998160431840632
1.3356042592446475
1.4827528623380437
1.6418365727850008
1.8134301982714471
1.9981064488630738
2.196433659613295
2.4089734095221527
2.6362780271337787
2.878887976701133
3.1373291282406313
3.4121099293044788
3.703718516687618
4.012619831416817
4.3392528275827225
4.684027891897137
5.047324610387211
5.429490026447216
5.8308375257148795
6.251646455794761
6.6921625436937635
7.15259911660499
7.633139070511091
8.133937475552449
8.65512466557549
9.196809636919873
9.759083579566415
10.342023378834684
10.945694954082834
11.570156334489353
12.215460382332726
12.881657305464095
13.568796427604598
14.276928102986243
15.006104927167344
15.756382801738487
16.527821715229734
17.32048630224674
18.134446216402104
18.969776349420922
19.826556925275803
20.70487349436296
21.60481684905562
22.526482878584606
23.469972378119294
24.435390824269493
25.422848127028786
26.432458366175897
27.46433951861913
28.518613181863145
29.595404297668477
30.694840879130762
31.817053743710055
32.9621762541707
34.130344068923755
35.321694902915546
36.53636829996158
37.774505417127315
39.03624882162574
40.32174230059231
41.631130683891506
42.96455968014942
44.32217572603376
45.704125848824695