14.685587427064478
15.076522857765054
15.487086237550367
15.916956429038498
16.365863130759493
16.833553503937505
17.319780688383773
17.82432458539484
18.34698334868205
18.887571080916562
19.44591792712315
20.021874487762894
20.615304356521584
21.226087527681674
21.854120867266165
22.499314365941167
23.16159280139119
23.84089637496817
24.537176664524406
25.25039877879008
25.980543500161826
26.727600754266085
27.491573781193463
28.272479005715766
29.07033869960854
29.885203725749765
30.71711231352038
31.56612702279431
32.4323236323383
33.31577297301592
34.21657343079028
35.13482533338384
36.07063531311284
37.02412341451757
37.995414435148454
38.9846456154301
39.991958888858065
41.01750579840714
42.061444641993354
43.12393835821574
44.205164526634924
45.305281451196265
46.4245168822203
47.56302604202042
48.721010854365296
49.898674367251466
51.09622605849499
52.31387383194704
53.55183549862813
54.81032701164276
56.08957966321789
57.38981413831861
58.711254869561415
60.05415601692864
61.41873418789282
62.80523955520875
64.21390676988396
65.64498103476606
67.09870888046103
68.57533801379138
70.0751129400629
71.59828574852864
73.14510360377946
74.71581958597757
76.3106824493277
77.92994304567124
79.573852143846
81.24265945038937
82.93660433807332
84.65596825594696
86.40095750216318
88.171851480975
89.96887280150553
91.7922717861628
93.6422893799067
95.51916439177919
97.423133304139
99.3544300887228
101.31328602998602
103.29992955614779
105.3145860783756
107.35747783852426
109.42882376583614
111.52883934299166
113.65773648185468
115.8157234092636
118.00300456320787
120.2197804994263
122.46624780933097
124.74259904837491
127.04902267610193
129.3857030073534
131.75282017493933
134.15055010376452
136.57906449642712
139.03853083021943
141.52911236551887
144.0509681653503
146.60425312604312
149.18911801874916
151.80570954162377
154.45417038239867
157.134639291073
159.8472511624228