8.088913553258964
8.447000190339377
8.82271040374287
9.215798479701839
9.626046609590093
10.053255677559584
10.497249289847279
10.957869085248818
11.434975450056115
11.928444251130779
12.438166190120006
12.96406589900749
13.506044070198644
14.064040881970596
14.638005021103375
15.227892205456035
15.833672004926404
16.455323983141504
17.092836072099168
17.74621339306548
18.41545951205535
19.100591735193614
19.801647179942243
20.518653595119886
21.25166076623391
22.000722805574934
22.765902007608794
23.54727481637977
24.3449175606868
25.158920199008193
25.98938035743092
26.836401531886647
27.700098704412174
28.580589952138986
29.478005696607358
30.392476897439828
31.324155080313353
32.27318006408262
33.239713293846535
34.22391028720998
35.22595366579885
36.24600970409728
37.28425700159085
38.34088708756747
39.41609208487328
40.51006353105325
41.62301132205886
42.7551355562773
43.90665316825129
45.077777528502885
46.268720530021184
47.47972172871783
48.71085208847744
49.96278768907595
51.23531022709391
52.52879975453679
53.84353170393172
55.17970542358379
56.537583052206436
57.91740512961653
59.31941977045641
60.7438787400363
62.19102521227962
63.66111918571543
65.15440448511073
66.67113502633532
68.21156348741
69.77594222816114
71.36452346216065
72.97755903659764
74.61530021482068
76.27799746189342
77.96590023351828
79.67925676869137
81.41831388648643
83.18331678736993
84.97450885945996
86.79213149017382
88.63642388366533
90.50762288453018
92.40596280817954
94.3316752783403
96.28498907209642
98.26612997289125
100.27532063189098
102.31278043809495
104.37872539755072
106.47336802202368
108.5969172274226
110.74957824226327
112.93155252644416
115.1430377005122
117.38422748563814
119.65531165443362
121.95647599268604
124.28790227217242
126.64976823447293
129.04224758585497
131.46551000315984
133.91972115062183
136.40504270750236
138.92163240639758
141.46964408204502
144.04922773042813