1.2921769653850994
1.5685672337083552
1.8603191142873907
2.167341198900974
2.4895608706412697
2.8269158175985294
3.1793589853311985
3.546849798074335
3.92935758423155
4.326859700563436
4.739337251130705
5.16678387952291
5.609191974608315
6.06656182296816
6.53889958193907
7.02621587078841
7.528520678947543
8.045856863275871
8.578204170910638
9.125627408120812
9.688151409288883
10.265812487404917
10.858654546854769
11.466726920529176
12.090084250892735
12.72878414131295
13.382896110966637
14.0524875626314
14.737636577620249
15.438426946345432
16.15494747842301
16.887293131590383
17.63556812459318
18.399878608914584
19.18033954653845
19.977069732817593
20.790203245715706
21.619866705034983
22.466201160821065
23.32935437917392
24.20947740463509
25.106728356532415
26.02126782432741
26.953269473373368
27.902845294003544
28.870359254537842
29.855811342446557
30.859455048330293
31.881484441702437
32.922100755683424
33.98150696881064
35.05991287369917
36.15753098320725
37.27457797357201
38.411274235850144
39.56784364201518
40.74451333557111
41.941513520221825
43.159077246851105
44.397440199149116
45.65684047809184
46.9375183855332
48.23971620715
49.56367799495866
50.90964934963032
52.27787720284626
53.66860959991354
55.08209548290576
56.51858447458413
57.978326663347495
59.46157238953793
60.968572033373064
62.49957580482455
64.05483353580088
65.63459447495302
67.2391070855005
68.8686188464229
70.52337605743878
72.20362364816205
73.90960499184675
75.641561724136
77.39973356725798
79.18435816006247
80.99567089466885
82.83390475788985
84.69929018488921
86.59205491202417
88.51242384721927
90.46061894025742
92.43685906688066
94.4413599197788
96.47433390953347
98.53599007463525
100.62653400170636
102.74616775558707
104.89508981969612
107.07349504680273
109.28157462031646
111.51951602620034
113.78750303559748
116.08571569814498
118.41433034603887
120.77351960870872
123.16345243823784