2.4774478149563968
2.78034220579374
3.09856828932674
3.4320408571780705
3.7806912970007684
4.144462298380968
4.5233081665208275
4.917190649202413
5.326058162326136
5.749960526460605
6.188811796257974
6.642627152233816
7.1114051926317146
7.595147243743679
8.093863091663184
8.607565059106303
9.136270548845735
9.680002797844846
10.238790065832852
10.812663355688882
11.401728637568333
12.0058285811316
12.625210037212158
13.259860294816065
13.9098385786339
14.57521064143894
15.256044659092838
15.952420896807215
16.664419809238527
17.392130680222078
18.135648961349794
18.895076525578716
19.670520611626948
20.462096526501085
21.269852997343765
22.09413257940441
22.934853818861836
23.7922278719656
24.66640058117102
25.55752432438494
26.46575716765145
27.391259923693074
28.33420760607349
29.294771670858825
30.273130943502366
31.26947776523889
32.28399565152068
33.31688451372967
34.36834364241797
35.43857664768834
36.52779502404747
37.636204835076306
38.76404035325536
39.911507344413664
41.07883372509741
42.266248671373276
43.473982672729655
44.70226947131346
45.951345464118496
47.22144948660859
48.51282259544829
49.82570785056384
51.16035009673627
52.516995744972654
53.89589255384624
55.29728941106293
56.721436115493034
58.16858315974029
59.63898151408902
61.132882411137686
62.65053713238069
64.19219679647516
65.75811214970874
67.34853335899807
68.96370980776129
70.60388989506524
72.2693208384154
73.9602484806174
75.67691710109875
77.41956923212544
79.18844548041398
80.98378435408867
82.80582209679514
84.65479252713344
86.53092688607566
88.43445369142901
90.36559860021171
92.32458427923449
94.31163028426751
96.32695294813188
98.37076527804093
100.44327686248671
102.54469378790165
104.67521856542214
106.83505006784142
109.02438347701286
111.24341024180876
113.492318046728
115.77129079123725
118.08050857989366
120.42014772321123
122.79038074926981
125.19137642598862
127.62329979397808