1.3018082178771972
1.3287828406216728
1.355912087562172
1.3831954639794113
1.4106330703440666
1.4382253017188584
1.465971094412365
1.493871040316139
1.5219247848608708
1.5501320966217038
1.578492958447027
1.6070078298597243
1.6356756862549906
1.6644969578789135
1.6934711586782516
1.722598523008371
1.7518790652318712
1.7813134294375084
1.8109000217711755
1.840638730967098
1.8705315735297299
1.9005759114381076
1.930773585025524
1.9611234593123443
1.991625395177439
2.0222797002866986
2.0530865223299837
2.0840453094899924
2.1151564680425863
2.1464196749432154
2.1778344959717924
2.2094014674873983
2.241120342487923
2.272990915332277
2.30501278728064
2.3371869247470323
2.3695122356435063
2.401988822094782
2.4346180443623266
2.4673963404589845
2.500329220883083
2.5334117958544544
2.5666457710397363
2.6000305570891356
2.6335667912207845
2.6672541336743145
2.701092688120502
2.735082200498198
2.769222258913056
2.8035133476624945
2.837955281174884
2.8725480358845084
2.9072925186160052
2.942187136743945
2.977232419740277
3.0124285812559024
3.047769780637144
3.083271602075709
3.118918292187215
3.1547174812294143
3.190666303681085
3.2267653036456228
3.2630148455624832
3.299414694070667
3.335964884565169
3.372664282850305
3.4095159558351136
3.4465172693883517
3.4836678080465586
3.520968911022672
3.55841783573562
3.5960206541339805
3.6337725732883808
3.671677823024148
3.709729188141487
3.7479312481978955
3.7862835134230632
3.8247854658344766
3.863437231183017
3.902239256786821
3.9411912044640975
3.9802931053728274
4.01954362636279
4.0589462115636445
4.098497962507969
4.138199545995535
4.1780501991826915
4.218051420980249
4.2582019646572355
4.298502495967574
4.338952330524339
4.379552705370323
4.420301444023303
4.461201710276995
4.502250898574304
4.54344893896554
4.584797716731138
4.626296245994197
4.667944584446783
4.709742174352857
4.751689442402798
4.79378612412861
4.836032902831154
4.8784284442180414
4.920974429668552
4.963670269966075
5.0065151324096195
5.049509383090202
5.092654154078296
5.1359477344646205
5.179390849454831
5.222984433132391
5.266726842501739
5.310618778971579
5.354661147068435
5.398851840252698
5.443193060652332
5.487684125896894
5.532324346919952
5.577113803033061
5.622052900582457
5.66714192805775
5.7123810458087005
5.757769269775921
5.803307107506409
5.848993716273503
5.894831736299958
5.940818264056056
5.98695396247692
6.033240883210776
6.079676613205582
6.1262621536679935
6.172996710502293
6.219881418024312
6.2669161428063775
6.314100497348866
6.361432992695884
6.408917480112247
6.456551084082466
6.504333984809666
6.552266765439674
6.600349181063565
6.6485817935855005
6.6969639367735665
6.745495769366054
6.794177378949079
6.843009135135977
6.8919893130382786
6.941121891262791
6.990402727051477
7.039833344957912
7.0894151543115385
7.139145404789205
7.189021972838209
7.239057769202277
7.289238760537309
7.339569650854986
NaN
7.440681132010373
7.491462125655614
7.5423921402029315
7.593475140767743
7.644705294213794
7.69608764428198
7.747619099302631
7.799300361502039
7.851133530204009
7.903114435584805
7.955349672992443
8.007550316192205
8.059966574914327
8.112598982946093
8.165275557145225
8.218166877685166
8.271201431320607
8.324386344282273
8.377706342047912
8.431209414230594
8.484846315043981
8.538633904706291
8.59257173120846
8.646660425436313
8.700900105368612
8.755289918235903
8.809830279695769
8.864522961782882
8.919365805524473
8.974358541266502
9.029502880110764
9.084798104505182
9.140244321019022
9.195840179246312
9.251585396908112
9.307487490378925
9.363537084933226
9.419740078734542
9.476092644906576
9.532596414941432
9.589250357002364
9.646058063010049
9.703014555562458
9.760124118710266
9.817385242475241
9.874796582644086
9.932340392153417
9.990075172165415
10.047938902221231
10.10595905676153
10.164129627057422
10.222451096161514
10.280924443685299
10.33954817437148
10.398326434506872
10.457254505135067
10.516335797476758
10.575569053721887
10.634953245194708
10.694490282076172
10.754179724718979
10.814020830045832
10.87401366192173
10.934160168332562
10.994455687350676
11.054908930927212
11.115510571758893
11.176267607394049
11.237174593127708
11.298235762801397
11.359449753199307
11.420815316331502
11.482334229388163
11.544006118433051
11.605827927604192
11.667807038298507
11.729938732975441
11.792222416703208
11.854659139467604
11.917248140808981
11.979992399669953
12.04288820024798
12.10593376542152
12.169142110492045
12.232499231752579
12.296008409700006
12.35967360877924
12.423490181540535
12.487462906177806
12.551587930303556
12.615867041794836
12.680299586933415
12.744887593743842
12.809627709390204
12.874524283236926
12.939574020561802
13.004777917423791
13.070135589120229
13.135644524546903
13.201316463388135
13.267138082769897
13.333114157592783
13.399245164713498
13.46553169693651
13.531972659435006
13.598568631296159
13.665319678045094
13.732224919909592
13.799286737532563
13.866503451755515
13.933874999634797
14.001402145108443
14.06908495705286
14.136923403118004
14.204917038068123
14.273066797230628
14.341372988525489
14.40983273609017
14.478448984487484
14.547224742144122
14.616154125499579
14.685239912928227
14.754482288984144
14.823881276684434
14.893435683089788
14.963147414225444
15.033015880227378
15.103038428387816
15.173221462778013
15.243561664500984
15.314057492065277
15.384710456978304
15.455520738687289
15.52648846148754
15.597613064893109
15.668895558205854
15.740322759531477
15.811932753011089
15.88368858644385
15.955602202062304
16.02767323877108
16.099902262151815
16.172289507685775
16.24483567200088
16.317539858582027
16.390402507927867
16.46342374486321
16.536602724796474
16.60994199830884
16.68343941811495
16.7570960168257
16.830911160943867
16.904885783709513
16.979019008327718
17.053312912514336
17.127765765934203
17.202378137834756
17.277149540663117
17.352080178369715
17.42717410511985
17.502425714009497
17.577837404749868
17.65340988135299
17.729143055685498
17.805035453956044
17.88108916240392
17.957303620577306
18.033676650174232
18.11021370734753
18.18691265198557
18.263770116853344
18.34078961193407
18.417970733362694