6.796010068130702
6.830152263856389
6.864468431331375
6.898957138645899
6.933619476876943
6.968454495849675
7.003461945167636
7.038641768410387
7.07399362435578
7.109517357763765
7.145212499173047
7.1810790910130855
7.217116945227708
7.2533251837972905
7.28970493053996
7.32625432902833
7.362974325421029
7.39986385762718
7.436923775219491
7.474153184291028
7.511551864435823
7.54911931122953
7.58685578256518
7.624760899983291
7.662835338743883
7.701077487388444
7.739487678078994
7.778065874303197
7.816811829869581
7.85572535647249
7.894806154269539
7.9340541896246615
7.973469041874323
8.01305074864485
8.052799070318
8.09271386371598
8.132795003519975
8.173037032957913
8.213454705617417
8.25403323790771
8.294777968605963
8.335685465233805
8.376762548208207
8.418002260565721
8.459406877543142
8.500976544891177
8.542710889077851
8.584609840404699
8.626672441078933
8.668899381852428
8.711290507437598
8.753845299231072
8.796563953494076
8.839446004186847
8.882491541122489
8.92570037179843
8.969071666497182
9.012607142836305
9.056304856027154
9.100165216888316
9.144187068190375
9.188373691600681
9.23272127243391
9.27723190602311
9.321903571932898
9.366737930366922
9.411734035759357
9.456891742980975
9.502210916791178
9.54769121547096
9.593331491653357
9.639136842205643
9.685102065715078
9.7312272429164
9.777512000807626
9.823961623741239
9.870569778334572
9.917338541200412
9.964267943467078
10.011357453704605
10.058607720383113
10.106017987969214
10.153588335907147
10.201318760027544
10.249206803075706
10.297259555236465
10.345469556050581
10.393839277532543
10.442368705696087
10.491057354330087
10.539905676034921
10.588923913928008
10.63808021816952
10.687406190815333
10.736891302830713
10.786535457649105
10.8363383955483
10.886300616100609
10.936421148039107
10.986700103694531
11.03713881665153
11.087735719213239
11.138490858872784
11.18940443592422
11.24047604406997
11.291706875846682
11.343095641458177
11.394639883686372
11.446345098935842
11.498210353858791
11.550231569560443
11.602409936184138
11.654747406308264
11.707242154213473
11.759894650878568
11.812704179278374
11.865673050600865
11.918798679300437
11.972081871376064
12.025522678496563
12.0791207282643
12.132876445456697
12.18678964274096
12.240859902109014
12.295086884694287
12.349472569990303
12.404014865374949
12.458706585845835
12.513550926253005
12.568583725786063
12.623755571615778
12.679083400848697
12.734568081668433
12.790209870278973
12.846008468520893
12.901963637264243
12.958076210773577
13.01434613374244
13.070771844616385
13.127355295726666
13.184095171968846
13.240991767160203
13.29804234519757
13.355254805619133
13.412620999338118
13.47014477668644
13.527824758034832
13.585661518721626
13.643654524937322
13.701804232700479
13.76011040219339
13.818571776557388
13.877192701901558
13.935968388350789
13.9949003932219
14.05398944070052
14.113235183615352
14.172636960263555
14.232195260340841
14.291909596630948
14.351781342038489
14.411808594418762
14.471992458243816
14.53233339265201
14.592830823813207
14.653483463650312
14.714293786856231
14.775260403848637
14.836382372538353
14.8976620041028
14.959097762351886
15.020689230548665
15.08244714768404
15.144340895354405
15.206404242010377
15.26862189632539
15.33099621412761
15.393527175270869
15.456214552522887
15.519057363882087
15.582058206366629
15.64521476744405
15.708527715558361
15.771997659159299
15.835623577959627
15.899407244056697
15.963346273226568
16.027442739389585
16.091695363463735
16.156104710684854
16.220670794523105
16.28539388615898
16.350259239728686
16.41530558427534
16.480502106967016
16.545851093903863
16.611355619287316
16.67702136565287
16.74284150747595
16.80881840726321
16.874952006417733
16.941243260071023
17.007690982687002
17.07429604715175
17.14105718735397
17.207975570756883
17.275051034051923
17.342283531273416
17.409675474569166
17.477223167105393
17.54492794242218
17.612790194041153
17.680809291855727
17.748985122855476
17.817319845390696
17.885810993290665
17.95445940782263
18.023266221571287
18.09223001635771
18.16135190873296
18.230630918543998
18.300067496624088
18.369662520588214
18.43941456160186
18.509324716157053
18.57939324688727
18.649619243967983
18.720002878685428
18.790545352152805
18.861245133281287
18.932103359217678
19.003120264156976
19.074294777145905
19.145627685427183
19.21711881528775
19.288769136748726
19.3605774552787
19.432543531257192
19.504669936737674
19.57695375675536
19.649396390388983
19.721996689475223
19.79475738583344
19.8676774753709
19.94075532473282
20.013992655404994
20.08738927160469
20.160945138577254
20.234659962200443
20.308532909197343
20.382566768111847
20.456759685286592
20.531112150253943
20.60562388871213
20.68029619814232
20.755126961123906
20.830115732009432
20.905269185756097
20.980579818030552
21.05605058505509
21.131682289057746
21.207473348849526
21.28342521999266
21.359536737911363
21.435809074904384
21.512351899167378
21.5888458212096
21.665605785023743
21.74263245557631
21.819580219306975
21.896813885221867
21.974213622784976
22.05177225829655
22.12949286904317
22.20737340575441
22.285413862691886
22.363620067865387
22.44198580514104
22.520512790660845
22.599201072717396
22.67805190895343
22.757064111376515
22.836238969540165
22.91557553406952
22.995074242566115
23.074735792234897
23.154558945792285
23.234545347386803
23.314691578756346
23.39500523609425
23.475476927113277
23.556116261992926
23.636915802956544
23.71787938213996
23.799005303135623
23.880294687990325
23.961748278082148
24.043363900573567
24.12514409078664
24.207088640464292
24.289195445088982
24.37146701235008
24.453903140219925
24.53650257582303
24.61926649399632
24.70219455744634
24.785287090200434
24.868545603082723
24.951968049155393
25.035555701817927
25.119307286124286
25.203224356937536
25.28730749215229
25.371554543140075
25.455967487900107
25.540546662173455
25.625290930387926
25.710200613684044
25.795276820524123
25.880520232021127
25.96592620948842
26.051501941818728
26.137243258921714
26.223150293883585
26.309223042345444
26.39546456310747
26.481873169272312
26.56844801762216
26.65519007522652
26.742099225677265
26.829175939014096