41.21251876444997
41.267438456046655
41.336060874089604
41.43208107570267
41.55544715046664
41.70609145706677
41.88392891162721
42.08885573878146
42.320747550992266
42.57945662298061
42.864810812012834
43.17661422855924
43.51464618825967
43.8786644747175
44.26841161580873
44.68361180375899
45.1239790155823
45.58922060484252
46.079040369028775
46.593140830067405
47.131231042369286
47.693017319017606
48.278228162376806
48.886585655580504
49.51783398575122
50.17186706112263
50.84803801757923
51.54654814757515
52.26705982262116
53.00939289602097
53.773380664222124
54.55887749975836
55.3657498083387
56.19389597846999
57.04320925651686
57.913617387489026
58.80506094535626
59.71748836853673
60.65087249255997
61.60521254380933
62.58049594746995
63.57674537780119
64.59398837009542
65.63227039221981
66.69164642042075
67.77218701480845
68.87396397000899
69.99709391073598
71.14165578023618
72.3077699968709
73.49555943834515
74.70515522749908
75.93670138748385
77.190343722981
78.46623956412645
79.76455530154179
81.08545478856156
82.42913050389534
83.79575295545013
85.18551633051379
86.59861515849185
88.03524886179677
89.49566228582786
90.97994097342382
92.48841995232178
94.02127441069972
95.57872363023131
97.16098418042242
98.76828694466944
100.40084749269168
102.05890997171679
103.74268902915477
105.4524166364559
107.1883262593009
108.95064849114992
110.73961216687691
112.55545257008063
114.39839652456153
116.26867790050868
118.1665221004698
120.09215830285476
122.04581065225314
124.02770636997947
126.0380673469692
128.07711346359662
130.14505890099872
132.24212252763877
134.36851446387837
136.5244386258283
138.7101120086912
140.92572447075065
143.17147937659104
145.44756832823472
147.75418240216982
150.09150155055454
152.4597270808013
154.8590158649604
157.28954484009603
159.7514863572912
162.24500019390547
164.7702478684772
167.32738284612338
169.91655202670333
172.53790409108322
175.19157450496562
177.877701395171
180.5964142935458
183.34783894642234
186.13209649500135
188.94930354101828
191.7995722236417
194.68301030710512
197.5997212785246
200.54980445538678
203.53335510207395
206.5504645548697
209.601220354959
212.6857063886513
215.8040030343922
218.95618731592592