 0.55367321648250E-08
 0.67002932039378E-08
 0.74667460668434E-08
 0.15508828970476E-07
 0.14340109094525E-07
 0.30379114831672E-07
 0.38455578102214E-07
 0.54581375865936E-07
 0.72524394982963E-07
 0.95799482038615E-07
 0.12578207757029E-06
 0.16403631482560E-06
 0.21232513561201E-06
 0.27251509898507E-06
 0.34658939798191E-06
 0.43652085398969E-06
 0.55475466954707E-06
 0.67077018908075E-06
 0.81772245571424E-06
 0.98533289649305E-06
 0.11732117220398E-05
 0.13798204752727E-05
 0.16021812187384E-05
 0.18353288414471E-05
 0.20713610636462E-05
 0.22980993457037E-05
 0.24968736718365E-05
 0.26385404448745E-05
 0.26805501425782E-05
 0.25601407668249E-05
 0.21900343021463E-05
 0.14562568353921E-05
 0.22332845243132E-06
-0.16458367903445E-05
-0.42470361420085E-05
-0.75649041845285E-05
-0.11382755504966E-04
-0.15206772578169E-04
-0.18262624181231E-04
-0.19629877837159E-04
-0.18526427853329E-04
-0.14657845926353E-04
-0.84512285520098E-05
-0.10113420669309E-05
 0.62213973945512E-05
 0.11951814980853E-04
 0.15412272828532E-04
 0.16488301823213E-04
 0.15591133132246E-04
 0.13398164611993E-04
 0.10602244331991E-04
 0.77517606981194E-05
 0.51955158474151E-05
 0.30998781494624E-05
 0.14998737244852E-05
 0.35269803426148E-06
-0.41921928289972E-06
-0.90103706119427E-06
-0.11703498653583E-05
-0.12912809776007E-05
-0.13134028316055E-05
-0.12731849630630E-05
-0.11965685911142E-05
-0.11009632384040E-05
-0.99817543717424E-06
-0.89561215364666E-06
-0.79763143649878E-06
-0.70656772641476E-06
-0.62364738678985E-06
-0.54912462376379E-06
-0.48278014582438E-06
-0.42415793274147E-06
-0.37258841739704E-06
-0.32732853900387E-06
-0.28778100581510E-06
-0.25323258264863E-06
-0.22304520777074E-06
-0.19672180108307E-06
-0.17375626872702E-06
-0.15369296602502E-06
-0.13613671611648E-06
-0.12085165282934E-06
-0.10706217417621E-06
-0.95590551273157E-07
-0.85641075538302E-07
-0.76223567499522E-07
-0.68211441382839E-07
-0.61141118450239E-07
-0.54911351103016E-07
-0.49432527551553E-07
-0.44575563260726E-07
-0.40209293582404E-07
-0.36387102779646E-07
-0.32977858899362E-07
-0.29910006024402E-07
-0.27207486541374E-07
-0.24757191165561E-07
-0.22610194133846E-07
-0.20636516657407E-07
-0.18900023411201E-07
-0.17323446847601E-07
-0.15890549721736E-07
-0.14621879845449E-07
-0.13484328530187E-07
