1.9859446137283985e-12
1.9859446137283985e-12
1.9859446137283985e-12
1.9859446137283985e-12
1.9859446137283985e-12
1.9859446137283985e-12
1.9859446137283985e-12
1.9859446137283985e-12
1.9859446137283985e-12
1.9859446137283985e-12
1.9859446137283985e-12
1.9859446137283985e-12
1.9859446137283985e-12
1.9859446137283985e-12
1.9859446137283985e-12
1.9859446137283985e-12
1.9859446137283985e-12
1.9859446137283985e-12
1.9859446137283985e-12
0.
3.971889227456797e-12
1.9859446137283985e-12
1.9859446137283985e-12
2.2341876904444484e-12
4.716618457604946e-12
8.440264608345693e-12
7.819656916555568e-12
2.6562009208617328e-11
6.441907840781492e-11
1.519247629502225e-10
3.6268313508214874e-10
8.17712694702668e-10
1.7578092262263487e-9
3.6151639262158332e-9
7.172114850941753e-9
1.3710837491642505e-8
2.5384964660368178e-8
4.556638206815288e-8
7.952963448752087e-8
1.3522805773183932e-7
2.244142237820762e-7
3.641168629717223e-7
5.784731461360327e-7
9.011748718899863e-7
1.3783557818535704e-6
2.0722998157317656e-6
3.0658260770216565e-6
4.4675570475865025e-6
6.418235256864311e-6
9.09798898435871e-6
0.000012734830489005696
0.000017614375346234767
0.00002409091371682584
0.000032599845835594264
0.00004367168453449762
0.00005794753319846892
0.00007619616712328243
0.00009933280764295949
0.00012843952758655305
0.000164787383762017
0.00020986029322356755
0.00026538057425711767
0.0003333362729781616
0.00041601020466871256
0.0005160105997574876
0.0006363035768691377
0.0007802471029736286
0.0009516266165159926
0.001154692245011362
0.0013941974315435852
0.0016754391219680643
0.0020042992701612113
0.002387287761234355
0.002831586604635111
0.0033450953068998486
0.003936477559846221
0.004615208932784827
0.005391625704042457
0.006276974703951777
0.007283464158757077
0.008424315477098996
0.009713815861535104
0.011167371872693298
0.012801563811137886
0.014634200822367757
0.016684376852543575
0.018972527390152552
0.021520486826294972
0.02435154667525709
0.027490514472539404
0.030963773392293326
0.034799342616437946
0.0390269384030775
0.04367803597709989
0.04878593212007605
0.05438580852747851
0.060514796043191155
0.06721203966108993
0.07451876441260327
0.082478342086259
0.09113635897247528
0.10054068438857953
0.11074154035219978
0.12179157213827725
0.13374591997638355
0.1466622917915276
0.16060103705088552
0.17562522182170845
0.19180070498716015
0.20919621566203764
0.22788343197097385
0.24793706104489327
0.26943492036306904
0.2924580205325077
0.31709064941318343
0.3434204577837451
0.3715385463767801
0.40153955460722013
0.4335217507836272
0.4675871240276398