0.05599715116117925
0.058031070975478695
0.06012272122919292
0.06227333115476394
0.06448415007804902
0.06675644764757314
0.06909151420366647
0.07149066098314072
0.0739552205213189
0.07648654686130418
0.0790860159372672
0.08175502582901936
0.08449499704525813
0.08730737288786386
0.09019361970485934
0.09315522721101585
0.09619370877147085
0.09931060171786546
0.1025074676049038
0.10578589259090954
0.10914748761507147
0.11259388875814072
0.11612675751289159
0.11974778105346523
0.12345867249639733
0.12726117120037156
0.13115704301322145
0.13514808052526245
0.1392361033476966
0.14342295827980409
0.14771051966529639
0.1521006895128381
0.1565953977405665
0.16119660245040007
0.16590629001864726
0.17072647535256566
0.1756592020535819
0.18070654256487206
0.18587059832216943
0.1911534999162396
0.19655740716102302
0.20208450922123225
0.20773702471897204
0.21351720174999947
0.21942731800288054
0.225469680684269
0.23164662664153846
0.23796052224983175
0.24441376341454343
0.2510087755255188
0.2577480132888695
0.2646339606980527
0.2716691307946894
0.2788560655607026
0.28619733562129435
0.2936955400720447
0.30135330608991456
0.3091732886953048
0.31715817031117666
0.32531066033011563
0.3336334947080818
0.3421294353569589
0.35080126960350877
0.3596518095381053
0.3686838912947058
0.37790037428787543
0.3873041403457987
0.3968980927840843
0.40668515538983024
0.4166682713098676
0.42685040183014883
0.43723452510337824
0.4478236346594293
0.45862073794244806
0.4696288545516788
0.4808510144820411
0.4922902561396747
0.5039496242332386
0.5158321674605343
0.5279409360676547
0.5402789791704425
0.5528493419010597
0.565655062305445
0.5786991680864899
0.5919846730204007
0.6055145732077319
0.6192918430201977
0.633319430788689
0.6476002542369669
0.6621371956491141
0.6769330967143957
0.6919907531415008
0.7073129089788656
0.7229022506656517
0.7387614008622857
0.7548929120061925
0.7712992596753889
0.7879828358183991
0.8049459417376634
0.8221907811180043
0.839719452875736
0.8575339441352475
0.8756361232083159
0.8940277327660562
0.912710383251047
0.9316855465760521
0.9509545502612637
0.9705185720379946
0.9903786350347482
1.0105356036392548
1.0309901800961763
1.0517429018945954
1.072794140083191
1.0941440984507864
1.1157928137037205
1.1377401566266307
1.159985834190162
1.182529392648296
1.2053702216014686
1.228507558878394
1.2519404963080905
1.2756679862116829
1.2996888485609892
1.3240017786920542
1.3486053555043684
1.373498049989385
1.3986782340457538
1.4241441893916216
1.449894116588515
1.4759261439660527
1.5022383364380487
1.528828704119775
1.5556952106678121
1.5828357812796818
1.6102483103213638
1.637930668580959
1.665880710017921
1.6940962781183289
1.7225752117686899
1.751315350619727
1.7803145400782998
1.8095706357582786
1.8390815075355949
1.8688450431748242
1.8988591515508857
1.9291217654968853
1.9596308442462087
1.9903843756232646
2.021380377851441
2.0526169011087187
2.0840920288026488
2.1158038786180624
2.1477506033336664
2.179930391449228
2.2123414676232307
2.2449820929727475
2.277850565188258
2.310945218568522
2.344264423921659
2.377806588353765
2.4115701549964688
2.445553602644
2.4797554453420974
2.5141742318907783
2.5488085453402833
2.583657002421106
2.618718252940642
2.653990979184797
2.689473895258406
2.725165746427884
2.7610653084790227
2.7971713870073875
2.833482816773382
2.869998460981844
2.906717210649528
2.9436379838915236
2.980759725272602
3.0180814051401823
3.055602018965499
3.093320586691835
3.131236152123723
3.1693477822749343
3.2076545667803895
3.246155617290696
3.2848500668784717
3.3237370694716097
3.362815799297955
3.4020854503379305
3.4415452357952825
3.481194387568448
3.5210321557597744
3.561057808178294
3.6012706298709127
3.641669922635111
3.6822550045980464
3.7230252097559404
3.7639798875629857
3.805118402503874
3.846440133714229
3.887944474564059
3.9296308323023914
3.9714986276753574
4.013547294582866
4.0557762797279615
4.098185042285921
4.140773053564775
4.183539796717969
4.226484766414324
4.269607468554793
4.312907419984993
4.356384148217916
4.400037191155036
4.443866096835076
4.4878704231846545
4.5320497377588715
4.5764036175072125
4.620931648553358
4.665633425959727
4.7105085535162186
4.755556643522504
4.800777316594649
4.846170201455964
4.8917349347452355
4.937471160854134
4.983378531706891
5.029456706613343
5.075705352090567
5.122124141700033
5.1687127558735915
5.21547088178425
5.2623982131643485
5.309494450189375
5.356759299310028
5.404192473129465
5.451793690259317
5.499562675198921
5.547499158204743
5.5956028751604245
5.643873567463208
5.692310981922906
5.740914870615059
5.789684990796418
5.838621104797074
5.887722979912726
5.936990388291606
5.986423106865834
6.036020917223332
6.08578360554005
6.135710962479306
6.185802783097944
6.236058866783659
6.2864790171408025
6.337063041942225
6.387810753022031
6.438721966218615
6.48979650129099
6.541034181855255
6.592434835295958
6.643998292721541
6.695724388880562
6.747612962105957
6.7996638542359795
6.851876910581557
6.904251979836174
6.956788914030079
7.009487568480503
7.062347801723149
7.11536947546813
7.168552454534803
7.2218966068126695
7.275401803202548
7.329067917584416
7.382894826738975
7.436882410327417
7.491030550842267
7.5453391335440845
7.5998080464485565
7.654437180259718
7.709226428335197
7.7641756866534495
7.819284853765474
7.874553830764402
7.929982521234608
7.985570831239175
8.041318669255844
8.097225946166594
8.153292575206867
8.209518471939266
8.265903554224002
8.322447742181915
8.37915095816915
8.436013126729245
8.493034174594124
8.550214030635443
8.607552625832566
8.665049893257175
8.722705768040619
8.780520187351835
8.838493090357366
8.896624418215163
8.954914114039704
9.0133621228799
9.07196839169192
9.13073286932701
9.189655506486332
9.248736255732867
9.307975071431223
9.367371909763516
9.426926729439478
9.486639488673218
9.54651014965173
9.606538675546417
9.666725031224802
9.72706918323911
9.787571099804046
9.848230750779924
9.909048107652552
9.970023143519576
10.031155833076218
10.092446152588328
10.153894079886806
10.215499594345632
10.277262676869698
10.33918330987682
10.401261477284192
10.463497164494383
10.525890358379675
10.588441047267056
10.651149220925564
10.714014870553738
10.777037988766224
10.840218569577631
10.903556608392238
10.967052101989585
11.030705048518277
11.094515447469414
11.158483299683052
11.222608607324366
11.286891373869503
11.351331604110177
11.415929304124248
11.480684481276713
11.545597144201468
11.610667302798817
11.675894968217484
11.74128015284703
11.806822870311658
11.872523135451338
11.93838096432144
12.004396374177587
12.0705693834733
12.136900011836664
12.203388280077151
12.270034210166012
12.336837825230564
12.403799149551586
12.470918208541104
12.538195028747097
12.605629637841224
12.673222064605033
12.740972338930096
12.80888049180261
12.876946555307494
12.94517056260171
13.013552547929395
13.08209254659295
13.150790594960233
13.219646730453888
13.288660991538437
13.357833417722508
13.42716404954159
13.496652928562744
13.56630009736723
13.636105599549635
13.706069479712909
13.776191783452605
13.846472557363324
13.916911849024704
13.98750970699259
14.058266180799919
14.129181320948517
14.200255178897311
14.27148780706829
14.34287925882639
14.41442958848546
14.486138851293113
14.558007103436191
14.63003440202438
14.702220805088967
14.774566371580233
14.8470711613584
14.919735235186916
14.992558654733461
15.065541482556403
15.138683782108785
15.211985617723917
15.285447054617489
15.359068158881739
15.432848997473904
15.506789638218217
15.580890149797451
15.655150601759638
15.729571064489136
15.804151609221156
15.87889230803643
15.953793233846802
16.028854460402066
16.104076062272327
16.179458114854224
16.25500069436347
16.330703877831134
16.406567743091347
16.482592368791988
16.558777834378784
16.635124220092088
16.71163160696837
16.788300076830783
16.865129712287676
16.942120596728234
17.01927281431258
17.096586449980176
17.17406158943546
17.251698319148076
17.32949672634381
17.407456899009194
17.4855789258843
17.563862896449844
17.642308900938943
17.72091703032438
17.799687376312107
17.878620031344493
17.9577150885935
18.03697264195347
18.11639278604746
18.195975616210625
18.27572122849615
18.35562971966869
18.435701187198536
18.515935729261475
18.596333444732476
18.676894433188917
18.757618794893318
18.8385066308044
18.91955804256678
19.000773132502538
19.082152003623477
19.16369475960945
19.245401504817487
19.327272344271673
19.40930738366609
19.491506729350423
19.573870488342518
19.65639876831135
19.739091677581886
19.821949325129356
19.904971820565127
19.988159274162737
20.071511796819816
20.155029500078065
20.238712496110956
20.322560897722504
20.406574818346513
20.490754372037145
20.575099673474387
20.65961083795089
20.74428798137792
20.829131220278423
20.914140671783663
20.999316453629863
21.08465868415562
21.170167482300894
21.255842967601797
21.341685260187752
21.42769448077887
21.513870750679498
21.600214191788414
21.68672492657298
21.773403078091512
21.860248769969065
21.947262126407978
22.034443272181427
22.12179233262598
22.209309433644314
22.29699470170238
22.384848263818213
22.4728702475756
22.561060781100483
22.649419993074385
22.737948012725823
22.826644969824358
22.915510994684205
23.004546218156765
23.093750771626183
23.183124787015284
23.272668396774034
23.36238173387595
23.452264931826278
23.542318124647363
23.632541446881987
23.722935033587916
23.813499020338632
23.904233543216648
23.995138738812383
24.086214744224527
24.177461697051115
24.268879735389767
24.360468997838698
24.452229623487003
24.544161751919788
24.636265523208078
24.728541077908847
24.820988557067597
24.913608102203867
25.006399855322993
25.099363958901733
25.19250055589024
25.285809789713312
25.379291804256486
25.47294674387968
25.56677475339886
25.66077597809219
25.75495056369661
25.8492986564011
25.943820402851532
26.038515950138017
26.133385445805185
26.22842903783384
26.323646874652745
26.419039105130658
26.51460587856804
26.610347344704994