7.366937019702086
7.720217646706295
8.09085394564557
8.478614059058753
8.883289590579901
9.304696356498917
9.742665737410285
10.19705214018485
10.667726131214563
11.15457538836944
11.657502524573308
12.176423896476342
12.711270021792636
13.261982295147195
13.828514783431064
14.410831188232997
15.008909329737984
15.622728643391119
16.2522928462904
16.897598551266157
17.55866111586169
18.235501228954018
18.928155837590335
19.636658617582775
20.361060149721897
21.101418375799042
21.85779604348563
22.630267623878357
23.41891565382151
24.2238187080878
25.045104354767474
25.88284792657642
26.73717347123643
27.608191156185548
28.496056817605798
29.400878076008542
30.322805102971657
31.261988871725993
32.218583928331455
33.192743340424876
34.184660221844624
35.194485830946086
36.222407755564156
37.26861125629175
38.3332862289052
39.41663302800128
40.51885064253659
41.640145499767684
42.78073125451056
43.94080773146828
45.1206173513893
46.320367232758926
47.54028789385864
48.780608416488036
50.041562698173834
51.32338277006693
52.626307190727154
53.950699088871026
55.29645998453457
56.66416284156934
58.05395020325931
59.46606551985583
60.90076518531781
62.35829355961997
63.83890339923504
65.34284703341349
66.87037672208454
68.42174486520351
69.99720378116943
71.59700548747534
73.22140148387642
74.87064253843423
76.54497847675223
78.24465797480985
79.96992835575203
81.72103539104576
83.49822310643216
85.30173359307878
87.13180682438207
88.98868047883795
90.87258976944176
92.78376728002645
94.72244280898956
96.68884322080439
98.68319230574791
100.70571064820507
102.75661550393968
104.83612068666787
106.94443646425107
109.08176946481547
111.24832259303766
113.44429495683285
115.66988180465131
117.92527447352215
120.21066034795119
122.52622282983289
124.87214131931033
127.2485912066701
129.65574387523426
132.0937667151469
134.56282314800734
137.0630726621824
139.59467085864964
142.1577695071785