6.805818967652801
7.1550937126956615
7.521509233015142
7.904843589022651
8.30489876216921
8.721498077497662
9.15448537591524
9.603723551539506
10.06909058410313
10.550488697705191
11.047822201912146
11.561017582921993
12.090011230507981
12.634753220961345
13.195201965191266
13.771327987145968
14.36311038724343
14.970536766400432
15.593618961399713
16.232348569831373
16.886750048263366
17.55684580935302
18.24267068549335
18.944266787910184
19.661683896183465
20.39498013195714
21.144222625120165
21.909485525374254
22.690850089686446
23.48840908004528
24.3022569224305
25.13250126210022
25.979257077343128
26.842641929249957
27.72278333742362
28.619815975944086
29.533886188777018
30.46513632770559
31.413723806881613
32.37981062087032
33.363564633353704
34.365150445636715
35.38477135784844
36.42258944862823
37.47880201107314
38.55360767530814
39.64720424239434
40.759796675602544
41.89159853726493
43.04281987506151
44.213680213309665
45.404398001590394
46.61521316444577
47.84633800587337
49.09801057069709
50.37046982847212
51.6639492225317
52.97869012362646
54.31536129824985
55.67296284122515
57.052917639660826
58.45515068202421
59.87987552835023
61.32734257487279
62.79780328254752
64.29150943540058
65.80871323185102
67.34966706202843
68.91462328691485
70.50383401958051
72.11755090885167
73.75602492570277
75.41950615275394
77.10824357721718
78.82248488768207
80.56247627515829
82.32846223875697
84.1206853964674
85.93938630143471
87.78480326418857
89.65717218125728
91.55672637059546
93.48369641426493
95.43831000877867
97.42079182352508
99.43136336764805
101.47024286578907
103.53764514299036
105.63378151913568
107.75885971319586
109.91308375756145
112.09665392268113
114.3097666522283
116.55261450895465
118.82538613132986
121.12826620114701
123.46143542203535
125.82507050898548
128.2193441888316
130.64442521165188
133.100478372986
135.5876645467596
138.10614072876055
140.65606009048437