158.960481960916
159.02283540975475
159.10076426466725
159.20984046131883
159.35003960435233
159.52133034167466
159.7236736922083
159.95702331572423
160.22132494257534
160.5165168205726
160.8425280605124
161.19928043101564
161.58668744370104
162.00465605909295
162.4530874585913
162.93187832915797
163.44092175373336
163.98011535168465
164.54934904938088
165.14851222595823
165.77753108915223
166.43628536042556
167.12469453936316
167.84267891550166
168.59015810784695
169.36707053486396
170.17335553251857
171.00896229197133
171.8738483490184
172.76797901734238
173.69132819632003
174.64387654599244
175.62561337044733
176.6365346801058
177.6766436595422
178.7459508550847
179.84447159905267
180.9723127639327
182.129254291644
183.3155668628546
184.53123944688556
185.77628361506342
187.05075811397828
188.35472269765933
189.68821818120753
191.05131757003733
192.44408318849347
193.86657851567102
195.31887494246607
196.80104444764387
198.31315553271446
199.85529610643317
201.42753133699856
203.02994561336288
204.6626182115138
206.32567102788295
208.01905989912933
209.74298801229662
211.49750521971245
213.28268447211198
215.09860743367662
216.9453579582907
218.82301378101056
220.73165285903417
222.67135502944015
224.6421958847027
226.6442483725863
228.6775885956138
230.74228535876895
232.8384083545328
234.966026818795
237.1252044539816
239.31600398060894
241.53848583614078
243.79271084133146
246.0787307554393
248.39659945831198
250.74637313961992
253.12809257653748
255.54180387035774
257.98755402799986
260.4653799830568
262.9753191343927
265.5174063417714
268.0916734770323
270.6981509868947
273.33686911368306
276.0078447737342
278.71110692405455
281.4466716343518
284.21456023848435
287.01478609097705
289.8473637157854
292.71230347009873
295.6096032631574
298.53930807984415
301.501387332719
304.49585858353754
307.52272415400716
310.5819860253389
313.6736450468818
316.79770026941617
319.954150519071
323.14299332811567
326.3642254206912
329.6178429715015
332.9038404685874
336.2222117750887
339.57295793104265
342.9560310383208
346.37153406184757
349.81935380767175
353.29952280242065
356.8120350559464
360.35688290491095
363.93406162683914
367.5435702407214
371.185401597951
374.85955721791817
378.5660304990497