161.1600558578742
161.22254228486312
161.30063748284127
161.40994669538838
161.55044574436337
161.72210329641953
161.92488099792374
162.15873257307612
162.4236044759626
162.71943475491582
163.04615381984573
163.40368383475933
163.7919396847978
164.2108298129229
164.66025704378586
165.14012047082193
165.65031701621723
166.19074337663358
166.76129719275963
167.36187858954062
167.99239293266675
168.65274855867406
169.34286204413968
170.06265536912727
170.8120582871236
171.59100884415162
172.39945186580607
173.2373407452104
174.10463676446943
175.00130942783218
175.9273357382736
176.88270025869343
177.86739514964398
178.8814190300224
179.92477979167384
180.99748777186585
182.09956230736705
183.23137559221885
184.39191393247611
185.58226622321752
186.8021046987524
188.05148806460485
189.3304654139682
190.6390888449063
191.97741556708746
193.3455059592473
194.743424884731
196.1712329586838
197.62901432786597
199.11682827255675
200.63475059690919
202.18285746523682
203.76122585289045
205.36992948866953
207.00906036445042
208.67868443434318
210.37888678595215
212.1097493203005
213.87135021740326
215.66376940083066
217.48708804628524
219.3413842630658
221.22673619738865
223.14322040579066
225.09091499116968
227.0698913953067
229.08022316816962
231.12213315362882
233.19524001979
235.30006010728462
237.43650750329974
239.60464800415664
241.80454107604078
244.0362444541835
246.2998135321405
248.5952988945261
250.92276388177902
253.28224265558052
255.67378496530984
258.0974345256709
260.5532310876292
263.0412112586795
265.56141156458494
268.1138624112216
270.698596572968
273.31563853343283
275.96501348673223
278.6467438146408
281.36084937327024
284.1073478727612
286.8862528477654
289.69758463192613
292.54134681854055
295.4175495217597
298.32620135505795
301.26731159389664
304.24091592921303
307.24691310052117
310.2854075163759
313.3563654497732
316.45978550178967
319.59566436876554
322.76399841594207
325.96478512952797
329.1980185891289
332.4636930234282
335.76180243396385
339.09234022633575
342.4552992671964
345.85066913395025
349.27845090134394
352.7386303126084
356.23142658203295
359.7561594245798
363.31349873959715
366.9032100797162
370.5252896805577
374.1797336857905
377.86653605576294
381.58569493272864