0.02949738762224535
0.042234762323762165
0.058792927106043336
0.07989924783673961
0.1063664675678577
0.13910906529054948
0.17916748092789356
0.2277445004797873
0.2862615124819814
0.35644924557344404
0.44050241358340464
0.5413611582938297
0.6632547645712621
0.8126979315166015
0.998887610621624
1.2273460487302479
1.4936815205158522
1.7914933621661338
2.1165180395558205
2.466101562322227
2.838513235350372
3.2325670546091287
3.647418558043054
4.082449903184425
4.537200986067381
5.011326014109865
5.504564943421853
6.016724020210725
6.547662128992847
7.097280973710305
7.665517863586749
8.252340313048592
8.857741931910926
9.481739249701906
10.124369226588243
10.785687275693375
11.465765670434912
12.164692244631054
12.882569317109592
13.619512789690376
14.375651380044202
15.15112596003267
15.94608897707194
16.760703941191036
17.59514496431827
18.44959634133531
19.324252164716786
20.219315966266606
21.135000380859097
22.07152682812705
23.029125208819238
24.008033613212625
25.008498039417773
26.030772119817694
27.075116854174055
28.141800348138062
29.231097556113355
30.34329002755133
31.478665655839603
32.637518429097746
33.82014818218396
35.02686034933419
36.2579657169017
37.513780175663
38.79462447224245
40.10082395921384
41.43270834351107
42.790611432734806
44.17487087908363
45.58582792057148
47.0238271193018
48.48921609657874
49.98234526465818
51.503567555029306
53.053238143112544
54.63171416934304
56.23935445663558
57.87651922427944
59.54356979837229
61.240868318938546
62.96877744395633
64.72766005052546
66.51787893352315
68.3397965020892
70.1937744743832
72.0801735710586
73.99935320800665
75.95167118891042
77.93748339824654
79.95714349536803
82.01100261037082
84.09940904247092
86.22270796162897
88.38124111421729
90.57534653349303
92.80535825569942
95.07160604257
97.37441511108125
99.71410587116793
102.09099367222714
104.50538855912394
106.95759503840546
109.44791185538631
111.97663178272316