 0.73058050680508E+00
 0.91327469808515E-01
 0.27062415412486E-01
 0.11418389651019E-01
 0.58471600408265E-02
 0.33844422494102E-02
 0.21318094300150E-02
 0.14285322171322E-02
 0.10036122167153E-02
 0.73188530458239E-03
 0.55008623354262E-03
 0.42388429813773E-03
 0.33354919885692E-03
 0.26719090433487E-03
 0.21735271416191E-03
 0.17919652933103E-03
 0.14948979323899E-03
 0.12601670330707E-03
 0.10722381611620E-03
 0.92000082309645E-04
 0.79536560239639E-04
 0.69234753625726E-04
 0.60645405536909E-04
 0.53426820789663E-04
 0.47315977523825E-04
 0.42108176870145E-04
 0.37642493453139E-04
 0.33791230811655E-04
 0.30452182960869E-04
 0.27542889120310E-04
 0.24996322132249E-04
 0.22757620294715E-04
 0.20781586886518E-04
 0.19030760314941E-04
 0.17473912451869E-04
 0.16084871164325E-04
 0.14841590368572E-04
 0.13725410567683E-04
 0.12720467072585E-04
 0.11813213531575E-04
 0.10992036091653E-04
 0.10246939246604E-04
 0.95692887271357E-05
 0.89516000389171E-05
 0.83873637284486E-05
 0.78709003523667E-05
 0.73972395875762E-05
 0.69620190535312E-05
 0.65613993034180E-05
 0.61919921296623E-05
 0.58507998957061E-05
 0.55351640017426E-05
 0.52427209854672E-05
 0.49713649974293E-05
 0.47192156307943E-05
 0.44845902633889E-05
 0.42659802078931E-05
 0.40620300945610E-05
 0.38715199993962E-05
 0.36933499140466E-05
 0.35265262177182E-05
 0.33701498654084E-05
 0.32234060513399E-05
 0.30855551434366E-05
 0.29559247163898E-05
 0.28339025337948E-05
 0.27189303572651E-05
 0.26104984714048E-05
 0.25081408346441E-05
 0.24114307756960E-05
 0.23199771698052E-05
 0.22334210290898E-05
 0.21514324674352E-05
 0.20737079844172E-05
 0.19999680368134E-05
 0.19299548616018E-05
 0.18634305230763E-05
 0.18001751563477E-05
 0.17399853873201E-05
 0.16826729082559E-05
 0.16280631922803E-05
 0.15759943317032E-05
 0.15263159868976E-05
 0.14788884340286E-05
 0.14335817012945E-05
 0.13902747845224E-05
 0.13488549340063E-05
 0.13092170053868E-05
 0.12712628681681E-05
 0.12349008661756E-05
 0.12000453248764E-05
 0.11666161010283E-05
 0.11345381706084E-05
 0.11037412513981E-05
 0.10741594569776E-05
 0.10457309792194E-05
 0.10183977966666E-05
 0.99210540644594E-06
 0.96680257760089E-06
 0.94244112393949E-06
 0.91897569467803E-06
 0.89636358132924E-06
 0.87456453943123E-06
 0.85354062385010E-06
 0.83325603650452E-06
 0.81367698547177E-06
 0.79477155452847E-06
 0.77650958226683E-06
 0.75886255000691E-06
 0.74180347779028E-06
 0.72530682781144E-06
 0.70934841469401E-06
 0.69390532207398E-06
 0.67895582499659E-06
 0.66447931767794E-06
 0.65045624621849E-06
 0.63686804589354E-06
 0.62369708267463E-06
 0.61092659866231E-06
 0.59854066114425E-06
