3.971889227456797e-12
3.971889227456797e-12
3.971889227456797e-12
3.971889227456797e-12
3.971889227456797e-12
3.971889227456797e-12
3.971889227456797e-12
3.971889227456797e-12
3.971889227456797e-12
3.971889227456797e-12
3.971889227456797e-12
3.971889227456797e-12
3.971889227456797e-12
3.971889227456797e-12
3.971889227456797e-12
3.971889227456797e-12
5.9578338411851955e-12
5.9578338411851955e-12
3.971889227456797e-12
4.2201323041728465e-12
4.964861534320996e-12
1.1915667682370391e-11
1.8618230753703734e-11
5.411699072409886e-11
1.4820111679948173e-10
4.0190554120328464e-10
1.0307052545250388e-9
2.4692738840945474e-9
5.616996096854059e-9
1.2131142672959923e-8
2.5005773360684413e-8
4.940881253110226e-8
9.391010767860492e-8
1.7228094348401528e-7
3.059653016432959e-7
5.274294047016786e-7
8.845655482346071e-7
1.4464168344398866e-6
2.3103608302916914e-6
3.6110545103238757e-6
5.5313140059532074e-6
8.315217371554595e-6
0.00001228353562235283
0.000017851793411225997
0.0000255510660889435
0.00003605167400935247
0.000050189911606176996
0.00006899785691815636
0.00009373639040067903
0.00012593137809191555
0.00016741302360182575
0.00022035846016980318
0.0002873373074893849
0.0003713603573886999
0.0004759310390886481
0.0006050997094672916
0.0007635204870710535
0.000956510571287358
0.0011901117408432403
0.0014711539199205427
0.0018073206832977839
0.002207216284711545
0.0026804342665262553
0.0032376272416077888
0.0038905777925391434
0.004652270205677592
0.005536962937280666
0.006560261607148672
0.007739192323671726
0.009092275256871611
0.010639598309003165
0.01240289071788181
0.014405596543040319
0.016672947902649567
0.019232037928931616
0.022111893279217677
0.0253435463126227
0.02896010672381228
0.032996832755004646
0.03749120184545379
0.042482980886970875
0.04801429592015393
0.05412970143541465
0.060876249284015235
0.06830355720780393
0.07646387712914772
0.08541216318517467
0.09520613968208197
0.10590636900351907
0.11757631960560756
0.13028243418796548
0.14409419819067468
0.1590842087725917
0.17532824431866437
0.1929053347758841
0.2118978328372362
0.2323914862581355
0.2544755114197865
0.27824266837877537
0.3037893376146438
0.33121559861421423
0.3606253107141821
0.3921261961980027
0.4258299261763291
0.46185220932547116
0.5003128839083737
0.5413360133851894
0.5850499858867616
0.6315876180313688
0.6810862633997502
0.7336879260785097
0.7895393798123249
0.8487922931383166
0.9116033611028326
0.9781344440576276
1.0485527141289874
1.123030810009452
1.2017470007046573
1.2848853589206999
1.3726359449020349