14.365882470582456
14.400923417562023
14.45929077730751
14.540932548806378
14.645774427264815
14.773717817921456
14.924636687348086
15.098373837600457
15.294738181953463
15.513504441709323
15.754415648471422
16.01718790663275
16.30151647831677
16.60708229173535
16.933558207160505
17.280614635458274
17.647924316972837
18.035166216035407
18.442028576216277
18.868211228933177
19.31342726724609
19.777404198585174
20.259884682343724
20.76062694562713
21.27940495616064
21.81600841706927
22.370242635112533
22.9419283022619
23.530901221421143
24.137011996446933
24.760125705165038
25.400121562808334
26.056892584308404
26.73034524870788
27.420399167595587
28.12698675804205
28.850052919654388
29.589554714957746
30.345461052046936
31.117752368458827
31.906420315372742
32.711467441346066
33.5329068750514
34.370762006692324
35.22506616795238
36.095862310547744
36.98320268356984
37.887148509956404
38.80776966247723
39.74514433975233
40.69935874274669
41.670506752324954
42.65868960834227
43.66401559077717
44.68659970337853
45.72656336025747
46.78403407579425
47.859145158225
48.95203540720397
50.06284881556641
51.19173427554828
52.33884528960413
53.504339685973484
54.68837933909886
55.891129894988914
57.112760501570214
58.35344354408334
59.61335438553319
60.89267111223552
62.19157428445597
63.51024669214636
64.84887311580619
66.20764009245528
67.586735686764
68.986349267334
70.40667128816993
71.84789307540323
73.31020661927796
74.79380437148463
76.29887904790549
77.82562343685164
79.3742302128725
80.94489175624913
82.53779997827206
84.15314615240976
85.79112075151235
87.45191329114411
89.1357121791995
90.8427045719385
92.57307623652218
94.32701142027962
96.1046927271072
97.90630099927074
99.73201520858156
101.58201235318423
103.45646736200408
105.3555530065685
107.27943982028022
109.22829602522947
111.20228746660882
113.20157755478118
115.22632721504655
117.27669484513406
119.35283628042502
121.45490476692089
123.58305094193287
125.73742282247125
127.91816580129131
130.1254226505508
132.35933353300697
134.62003602068702
136.9076651209153
139.2223533096858
141.56423057216173
143.93342445027685
146.330060097283
148.7542603391372
151.20614574258533
153.68583468981882
156.1934434595711