0.504633626119234
0.7379967313998835
0.9918034731417706
1.2637886666529698
1.552833897773446
1.858270010637393
2.179651901882959
2.5166629250465644
2.8690673291338897
3.236683932342914
3.6193703762654708
4.0170131368776465
4.429520889847738
4.8568199419549405
5.298850995820122
5.755566809944861
6.22693048087829
6.712914170459328
7.213498159430783
7.728670144898046
8.258424722713723
8.8027630112588
9.361692383671398
9.935226283041724
10.523384100346721
11.126191099065235
11.743678373348052
12.375882829162729
13.02284717982968
13.684619950044466
14.361255476637533
15.052813916282291
15.75936123828713
16.480969213029766
17.217715389221784
17.96968305949196
18.736961213569614
19.519644478687397
20.317833047218933
21.13163259174791
21.96115416805072
22.806514106545954
23.667833892948334
24.545240038866414
25.43886394318525
26.34884174505104
27.275314169299815
28.218426365149977
29.178327738947402
30.15517178173902
31.14911589236935
32.16032119682245
33.188952364402795
34.235177421389324
35.299167562688375
36.38109696201511
37.48114258107051
38.599483978173566
39.73630311671888
40.891784173898806
42.06611334999231
43.259478678589105
44.47206983805425
45.70407796452788
46.95569546676118
48.22711584302755
49.51853350044426
50.830143576876395
52.162141765686144
53.51472414371231
54.888087002500114
56.28242668318321
57.69793941520211
59.134821159090265
60.59326745357119
62.07347326718484
63.57563285561511
65.0999396184243
66.64658597492907
68.21576322692326
69.80766144096687
71.42246933094303
73.06037414757488
74.72156157418523
76.40621562884202
78.11451857311638
79.84665082756909
81.60279089414583
83.38311528561496
85.18779846217595
87.01701277536145
88.87092841933077
90.7497133896527
92.65353344965656
94.58255210440977
96.53693058237793
98.51682782481454
100.52240048288276
102.55380292255481
104.6111872372552
106.69470326826097
108.80449863282705
110.9407187600006
113.10350693408488