 0.60124463440391E-11
 0.38299010139923E-12
 0.21518899823184E-12
 0.21733344480985E-11
 0.34346481535322E-10
 0.29105416261729E-09
 0.13378762985948E-08
 0.41079162715258E-08
 0.96398225502186E-08
 0.18774379019265E-07
 0.31982397206462E-07
 0.49346067524666E-07
 0.70629534466123E-07
 0.95421324482690E-07
 0.12318996654196E-06
 0.15338973949471E-06
 0.18552738717167E-06
 0.21916916405870E-06
 0.25396399383628E-06
 0.28964530627343E-06
 0.32602791948513E-06
 0.36300110464415E-06
 0.40046557022065E-06
 0.43807607423162E-06
 0.47562767970933E-06
 0.51388637160034E-06
 0.55333339686555E-06
 0.59367353987804E-06
 0.63437560641059E-06
 0.67518508977480E-06
 0.71618774883108E-06
 0.75758807599777E-06
 0.79945110816293E-06
 0.84154888650060E-06
 0.88334279274419E-06
 0.92406747098892E-06
 0.96286559997076E-06
 0.99892326697528E-06
 0.10315726808222E-05
 0.10603500208135E-05
 0.10850064027744E-05
 0.11054882837388E-05
 0.11218970438552E-05
 0.11344432689219E-05
 0.11434054891536E-05
 0.11490967351933E-05
 0.11518410492228E-05
 0.11519576717203E-05
 0.11497516321570E-05
 0.11455083479475E-05
 0.11394908982644E-05
 0.11319392227172E-05
 0.11230702528458E-05
 0.11130789077544E-05
 0.11021394089527E-05
 0.10904068032496E-05
 0.10780185886300E-05
 0.10650963182910E-05
 0.10517471529735E-05
 0.10380653173932E-05
 0.10241334621127E-05
 0.10100239008507E-05
 0.99579974832053E-06
 0.98151593931127E-06
 0.96722015128939E-06
 0.95295363750290E-06
 0.93875195254756E-06
 0.92464562542281E-06
 0.91066073857604E-06
 0.89681945190364E-06
 0.88314046818786E-06
 0.86963944348016E-06
 0.85632935344944E-06
 0.84322081779541E-06
 0.83032238614737E-06
 0.81764079330418E-06
 0.80518118519950E-06
 0.79294731738534E-06
 0.78094173233150E-06
 0.76916591569793E-06
 0.75762043472425E-06
 0.74630506066475E-06
 0.73521887706213E-06
 0.72436037548857E-06
 0.71372754022090E-06
 0.70331792267547E-06
 0.69312870804286E-06
 0.68315677290685E-06
 0.67339873692811E-06
 0.66385100804913E-06
 0.65450982234749E-06
 0.64537127910636E-06
 0.63643137152003E-06
 0.62768601388114E-06
 0.61913106506730E-06
 0.61076234931506E-06
 0.60257567425109E-06
 0.59456684660196E-06
 0.58673168582874E-06
 0.57906603592329E-06
 0.57156577557450E-06
 0.56422682689117E-06
 0.55704516284564E-06
 0.55001681358648E-06
 0.54313787174951E-06
 0.53640449688404E-06
 0.52981291909727E-06
 0.52335944200851E-06
 0.51704044509489E-06
 0.51085238550113E-06
 0.50479179937776E-06
 0.49885530280505E-06
 0.49303959235382E-06
 0.48734144532790E-06
 0.48175771972932E-06
 0.47628535398075E-06
 0.47092136643838E-06
 0.46566285472163E-06
 0.46050699488654E-06
 0.45545104046414E-06
