0.
0.
0.
0.
0.
1.9859446137283985e-12
0.
3.723646150740747e-13
1.0426209222074092e-11
1.4820111679948173e-10
1.3242526927417677e-9
8.378576203781755e-9
4.055212016156539e-8
1.5893192027668642e-7
5.25527986855572e-7
1.5125068369970772e-6
3.880413143145393e-6
9.041533419730407e-6
0.000019417844045683037
0.000038896726843798245
0.00007337750923045464
0.00013139844021117311
0.00022482574985959605
0.000369587747041389
0.0005864306120935887
0.0009016813510684716
0.0013479983159781954
0.001965098768140314
0.0028004516400781244
0.003909930852464974
0.005358425566107864
0.00722040723665678
0.009580455460466817
0.012533746249987718
0.01618650769646747
0.0206564479626137
0.026073161633671904
0.03257851904970306
0.04032704353365294
0.049486279725616686
0.06023715564995875
0.0727743394241059
0.08730659028791114
0.1040571021787744
0.12326383665887299
0.145179840730843
0.17007354404183808
0.19822902886475582
0.229946265827381
0.26554130771017015
0.30534643378296833
0.3497102370065959
0.39899764700240814
0.4535898822412991
0.5138843254405718
0.5802943171377802
0.653248866271325
0.7331922565046668
0.820583576606156
0.915896166715667
1.0196169106054485
1.132245481039044
1.254293448598878
1.3862832798488165
1.5287472112520606
1.6822259885117514
1.8472674588273046
2.0244250019649
2.2142557853796103
2.417318829304847
2.6341728707589565
2.8653740215355086
3.1114732251346875
3.37301353196735
3.650527228936338
3.944532887288358
4.25553240486524
4.584008154708243
4.930420351348711
5.295204701747003
5.678770858633625
6.081500900713844
6.503748959615821
6.945841319664957
7.408077227119835
7.8907303067785355
8.394050485139473
8.91826629488768
9.46358742527789
10.030207386657695
10.618306171415977
11.228052814970706
11.859607784400058
12.513125146350946
13.188754487195126
13.886642576123501
14.606934775239296
15.349776210220762
16.115312721090184
16.903691615790244
17.71506225035166
18.549576459138184
19.40738885719919
20.288657036477066
21.193541666967104
22.122206530399506
23.07481849523858
24.0515474354483
25.05256612564123
26.078050083009042
27.12817741235276
28.203128621327757
29.303086427287422
30.428235556986493
31.578762543089873
32.75485551790387
33.956704012687666
35.18449875669635
36.43843148343027
37.71869474311992