12.490608941553164
12.872239133968788
13.272892136632972
13.692282799108302
14.13014777186147
14.586241819216465
15.060339461467004
15.55223494498833
16.061740620916108
16.58868765412879
17.132923766166314
17.694312492991262
18.272733807290052
18.868082663381518
19.480268907493517
20.109215995523172
20.754861109979203
21.417154734481628
22.09605926585049
22.79155211124345
23.503616716644665
24.232258591811956
24.977483227566285
25.739313450459555
26.517782507446736
27.31293487124101
28.124822255616568
28.95350895626993
29.7990708691552
30.661584290096563
31.54115679373391
32.43787614354763
33.35227060829025
34.283222190221416
35.232094411854426
36.198611847499514
37.18291807868331
38.185161710583024
39.20550317046734
40.24410513160042
41.30114058745959
42.37678595493932
43.4712269107754
44.584651050452585
45.7172543241316
46.86924112372663
48.04081101667164
49.232176428110805
50.443553133422235
51.67515867781296
52.9272169662711
54.19995123227717
55.49359800813348
56.80835737496253
58.144546586197244
59.50232397143505
60.8819631763515
62.28368527214059
63.70777932202748
65.15445617016333
66.62396864320316
68.11657154024203
69.63251366738574
71.17204056227169
72.73541728118228
74.32288068801608
75.93469028579075
77.57109551814445
79.23234762710939
80.91869338833143
82.63038424352577
84.36766767225807
86.1307901385915
87.919996529057
89.73552994940898
91.57763152684541
93.4465402181995
95.34249262445695
97.26572281208321
99.21646214158459
101.19493910374555
103.20137916393921
105.23600461498268
107.29903443886329
109.39068417776133
111.51116581515832
113.66068766416407
115.83945427295544
118.04766633157719
120.28552059638527
122.55320982264259
124.85092270874
127.17884385150295
129.5371537129159
131.9260285981055
134.34564064463072
136.79615782310142
139.27774394928082
141.79055870518368
144.33475767635255
146.91049239284138
149.51791038597517
152.1571552532701
154.82836673369053