8.77875901501107
8.81326183096182
8.847941071769911
8.88279644796704
8.917827672151768
8.953034459007778
8.98841652530511
9.023973589899295
9.059705373739916
9.095611599876326
9.131691993454533
9.167946281716587
9.20437419400964
9.240975461782844
9.277749818589207
9.314697000077905
9.3518167440016
9.389108790215078
9.42657288066606
9.464208759400293
9.502016172553239
9.539994868350314
9.578144597104163
9.616465111209074
9.654956165132536
9.69361751542157
9.732448920682746
9.771450141592116
9.810620940875095
9.849961083316405
9.88947033573872
9.92914846700117
9.968995248001956
10.009010451657998
10.049193852899709
10.089545228677082
10.130064357929658
10.170751021598937
10.211605002608508
10.252626085862078
10.293814058229435
10.33516870854087
10.376689827581087
10.418377208070718
10.460230644674757
10.502249933970166
10.54443487445432
10.586785266533573
10.629300912504783
10.671981616551703
10.714827184739145
10.757837424990887
10.801012147096634
10.844351162684076
10.887854285223984
10.931521330012464
10.975352114159161
11.019346456585518
11.063504178002445
11.107825100913532
11.152309049592596
11.196955850083548
11.241765330180911
11.286737319428081
11.331871649097465
11.377168152191848
11.422626663419448
11.468247019200861
11.514029057645606
11.559972618544181
11.606077543360488
11.652343675221907
11.698770858904773
11.745358940829906
11.792107769046977
11.83901719322978
11.88608706465974
11.93331723622205
11.980707562387682
12.028257899216486
12.07596810432964
12.123838036919574
12.171867557718695
12.220056529011178
12.268404814603548
12.316912279831753
12.365578791538706
12.414404218069807
12.463388429268356
12.51253129645619
12.56183269243008
12.611292491453172
12.660910569244924
12.710686802967839
12.760621071225463
12.810713254045025
12.86096323287866
12.911370890586667
12.961936111427452
13.012658781057521
13.06353878651386
13.11457601621394
13.165770359936346
13.217121708821148
13.268629955359485
13.320294993386977
13.37211671806474
13.424095025888443
13.476229814670065
13.5285209835266
13.580968432884022
13.633572064456946
13.686331781250837
13.73924748754714
13.792319088902893
13.845546492133728
13.89892960531784
13.952468337778111
14.006162600085599
14.060012304038915
14.114017362672056
14.16817769023839
14.222493202204689
14.276963815243949
14.331589447236118
14.386370017248739
14.44130544554229
14.496395653558261
14.551640563911468
14.60704010038669
14.662594187931733
14.71830275265245
14.774165721803568
14.830183023782348
14.886354588131697
14.9426803455203
14.999160227749085
15.055794166968003
15.112582098740228
15.169523958260042
15.226619680192599
15.283869202677087
15.34127246416077
15.398829404184292
15.456539963364808
15.514404083408262
15.57242170708383
15.630592778241162
15.688917241786676
15.747395043691757
15.80602613097935
15.864810451724443
15.923747955047764
15.982838591110413
16.042082311113266
16.101479067286164
16.161028812890642
16.220731502209386
16.28058709054586
16.340595534221073
16.400756790565143
16.46107081791494
16.521537575614325
16.58215702400759
16.642929124429756
16.70385383926231
16.764931131725444
16.826160966169706
16.88754330788203
16.949078123121836
17.01076537912687
17.0726050441034
17.134597087224606
17.19674147862858
17.25903818941213
17.32148719163389
17.384088458299154
17.446841963370584
17.509747681754522
17.572805589302508
17.636015662809516
17.699377880008026
17.762892219566382
17.82655866108248
17.890377185088973
17.954347773042844
18.01847040732294
18.08274507123329
18.147171748995078
18.211750425747347
18.276481087536485
18.341363721326868
18.40639831498488
18.471584857287443
18.536923337911126
18.602413747432994
18.668056077329865
18.733850319973854
18.799796468629253
18.865894517450688
18.932144461486825
18.99854629666362
19.06510001979512
19.13180562858136
19.198663121593075
19.26567249828463
19.332833758987178
19.400146904897625
19.467611938086563
19.535228861495803
19.602997678931402
19.670918395062195
19.738991015424375
19.807215546411193
19.875591995271222
19.944120370117293
20.01280067991061
20.08163293446522
20.150617144448866
20.219753321374693
20.28904147760483
20.35848162634395
20.428073781641494
20.49781795838621
20.56771417230914
20.637762439975425
20.70796277878938
20.778315206982104
20.84881974362586
20.919476408617214
20.990285222683337
21.061246207375834
21.132359385073684
21.20362477897819
21.275042413111212
21.346612312317408
21.41833450225395
21.490209009400914
21.562235861048173
21.634415085299068
21.70674671106995
21.779230768086435
21.851867286881056
21.92465629879264
21.99759783596656
22.07069193134777
22.143938618685787
22.21733793149963
22.290889907157457
22.36459458080664
22.438451989382767
22.512462170617418
22.586625163029737
22.66094100593372
22.735409739426462
22.810031404395588
22.88480604251043
22.95973369622751
23.034814408781333
23.110048224190614
23.185435187248206
23.26097534510975
23.336668741003912
23.41251542359156
23.488515440762004
23.56466884118032
23.640975674279776
23.717435990258473
23.79404984008505
23.87081727548345
23.947738348952356
24.024813113739043
24.10204162385996
24.17942393408275
24.256960099931558
24.334650177689678
24.41249422438748
24.4904922978085
24.568644456487466
24.646950759704453
24.725411267486127
24.804026040604622
24.882795140574082
24.96171862965089
25.040796570830572
25.12002902784557
25.19941606516709
25.278957747996053
25.35865414227178
25.438505314661437
25.518511332564383
25.59867226410423
25.678988178136535
25.759459144233027
25.840085232696897
25.920866514546887
26.001803061523756
26.082894946083325
26.164142241402942
26.245545021366077
26.32710336057585
26.408817334342018
26.490687018686415
26.572712490337253
26.654893826727747
26.737231105993036
26.819724406974245
26.902373809210445
26.98517939294286
27.06814123910357
27.151259429324462
27.23453404592641
27.31796517192798
27.401552891034136
27.485297287635234
27.569198446810756
27.65325645432508
27.737471396621046
27.821843360827625
27.90637243474889
27.99105870686922
28.0759022663414
28.160903203000377
28.246061607346142
28.331377570550806
28.416851184454128
28.50248254156129
28.588271735041754
28.674218858731045
28.76032400711469
28.846587275346245
28.933008759235875
29.019588555239295
29.10632676047553
29.193223472709768
29.28027879035116
29.36749281246818
29.45486563876008
29.542397369580375
29.63008810592055
29.717937949406604
29.80594700230798
29.894115367527522
29.982443148601206
30.070930449695055
30.159577375607615
30.248384031764246
30.337350524214013
30.426476959629085
30.515763445306195
30.60521008916232
30.694816999725607
30.784584286148295
30.874512058190433
30.964600426224248
31.054849501237356
31.145259394816012
31.23583021915678
31.326562087060946
31.417455111929414
31.508509407762855
31.599725089158962
31.69110227131196
31.78264107000651
31.87434160162443
31.966203983130534
32.05822833207996
32.150414766613075
32.24276340545152
32.33527436790028
32.427947773840046
32.52078374373089
32.61378239860893
32.70694386007779
32.80026825031626
32.89375569206885
32.987406308648346
33.081220223932874
33.17519756235837
33.26933844892404
33.36364300918441
33.45811136925564
33.55274365579694
33.647539996034006
33.74250051772414
33.83762534918977
33.932914619285945
34.028368457415326
34.123986993519246
34.219770358081355
34.31571868211963
34.411832097187634
34.50811073536794
34.604554729278696
34.70116421205937
34.79793931738215
34.89488017943782
34.991986932942055
35.08925971312689
35.186698655743186
35.28430389705466
35.38207557384301
35.48001382339497
35.57811878350816
35.67639059248575
35.77482938913782
35.87343531276957
35.97220850319399
36.07114910071608
36.17025724613906
36.26953308075904
36.3689767463603
36.46858838521829
36.56836814009423
36.668316154235924
36.768432571369914
36.868717535703205
36.969171191922534
37.06979368519003
37.17058516113873
37.27154576587534
37.37267564597484
37.47397494847732
37.57544382088858
37.67708241117749
37.778890867771445
37.88086933955597
37.983017975874596
38.08533692652117
38.18782634174183
38.2904863722308
38.39331716913075
38.49631888402996
38.599491668950996
38.702835676370086
38.806351059191066
38.910037970757784
39.01389656484181
39.11792699565297
39.222129417826
39.32650398642541
39.43105085693703
39.53577018527004
39.64066212775465
39.745726841137134
39.85096448258153
39.956375209664124
40.061959180371886
40.167716553100284
40.273647486653765
40.37975214024018
40.48603067346827
40.59248324634784
40.699110019287225
40.80591115308998
40.91288680894977
41.02003714845695
41.12736233358751
41.23486252670522
41.34253789055563
41.450388588270194
41.558414783357925
41.66661663970755
41.77499432158001
41.88354799361286
41.992277820813506
42.10118396855839
42.21026660258961
42.319525889015424
42.42896199430378
42.53857508528608
42.64836532914819
42.75833289343334
42.86847794603887
42.978800655210044
43.089301189543995
43.19997971798479
43.3108364098162
43.42187143467004
43.533084962516746
43.644477163661854
43.75604820874891
43.86779826875445
43.97972751498581
44.091836119079005
44.20412425299822
44.316592089031836
44.42923979978936
44.542067558201374
44.65507553751686
44.76826391129929
44.88163285342534
44.99518253808765
45.108913139780874
45.22282483331345
45.33691779379506
45.45119219663598
45.56564821755248
45.68028603255274
45.79510581794818
45.91010775033843
46.02529200661494
46.14065876396193
46.25620819985086
46.37194049203421
46.48785581855204
46.60395435771996
46.72023628813916
46.83670178868183
46.95335103849606
47.070184217002875
47.18720150389155
47.3044030791208
47.421789122915115
47.539359815760605
47.65711533840504
47.775055871857475
47.89318159738388
48.011492696499474
48.12998935098198
48.24867174284968
48.3675400543753
48.486594468075964
48.60583516671481
48.72526233329377
48.84487615105769
48.96467680348626
49.08466447429699
49.204839347441336
49.32520160709705
49.44575143767907