9.71760541071569
10.08538509748616
10.471345229601178
10.875223144436752
11.296780248032091
11.735795759960585
12.192071139805988
12.665428777758
13.1557047587609
13.662763975829689
14.186472314511429
14.726721736259618
15.283415526252249
15.856472657447508
16.44582315926213
17.051411163906675
17.673193248269346
18.31113634273756
18.96521896304075
19.635431168127162
20.321774436850802
21.024258110924094
21.742905656402275
22.477744904772408
23.228818740211437
23.996177928900334
24.7798811593224
25.57999629129284
26.39660591297052
27.229792385983316
28.079651470242673
28.946287691956176
29.82981748879212
30.73035469696119
31.648030607871977
32.58298035179976
33.53534789804151
34.50528093689195
35.49293876938982
36.49848429603668
37.52208773151195
38.563925396597966
39.62418025469471
40.70303825932941
41.80069819330968
42.91735234963654
44.05320988620079
45.2084744216542
46.38333335863673
47.57809108954082
48.79287846758543
50.02795169969744
51.28353797349101
52.55987138451639
53.85718367621271
55.17571422839581
56.51568815736248
57.87739102631257
59.261022676407165
60.66684412823003
62.095103920104066
63.546049761026644
65.01993235430301
66.51700359116629
68.03751532227679
69.58171783681631
71.1498633264266
72.74220432983796
74.35899270935028
76.00047975972446
77.66691605211898
79.35855121855889
81.07563374012072
82.81841073919689
84.58712777624527
86.38202865142938
88.20335521156986
90.05134716285133
91.92624188970332
93.82827428029611
95.7576765591077
97.71467812697198
99.699505409026
101.71238171099884
103.75352708419219
105.82315819956054
107.92148823121902
110.04872674971722
112.20507962535679
114.39074894184665
116.60593292048327
118.85082585509518
121.12561805786949
123.43049581622007
125.76564136072038
128.13123284423352
130.52744433215116
132.95444580375394
135.4124031646282
137.90147827000888
140.4218289589227
142.97360909895514
145.55696864143775
148.17205368682335