10.187970713566362
10.558305088204836
10.946971871223436
11.353704291627384
11.778257042528539
12.220406313539387
12.679946715694067
13.156696740277265
13.650488413863458
14.16117419728644
14.688623559123617
15.232720688033657
15.793364366321951
16.370468236073695
16.963750840086607
17.57377924275312
18.199875428915956
18.84222200868426
19.50078645292846
20.175556104101965
20.866534555113592
21.573727174398858
22.29715300335595
23.03684098158261
23.792833154954423
24.565176119183192
25.3539307292233
26.159159280976784
26.980951117307427
27.81938034393088
28.67457928515286
29.546555150933113
30.43551579753848
31.341550013348435
32.26478422255274
33.2053453812522
34.16340423907706
35.13908389534923
36.13255059673015
37.14396897833377
38.173509511080994
39.22135207778127
40.28766615546469
41.372655280543945
42.4765061328536
43.599419372811624
44.74160289706729
45.90325612342506
47.084601264807276
48.28585410498703
49.50723266329215
50.74896387238274
52.01127680329741
53.29440150410904
54.59857753240676
55.92403824883977
57.27101328092849
58.639780199519855
60.030548299298275
61.4435773267001
62.879113323609594
64.33740477996407
65.81870285712566
67.3232580373034
68.85132287880465
70.40314850578385
71.9789852477793
73.57908844492071
75.20370766782446
76.85309446031049
78.52749915782576
80.22717111806986
81.95235850895806
83.70330810077564
85.48026506292643
87.2834727656606
89.11317258723355
90.96960372691105
92.85300302426002
94.76360478517287
96.70164061504674
98.6673392595556
100.66092645344932
102.68262477775276
104.73265352579276
106.8112285783981
108.91856228863483
111.0548633763752
113.22033683301393
115.41518383658016
117.63960167745603
119.89378369491935
122.17791922462087
124.49219355715687
126.83678790774488
129.21187939713153
131.61764104362686
134.05424176628742
136.52184639915362
139.0206157164174
141.55070646837788
144.11227142801204
146.70545944793298
149.33041552750475