6.321298203057649
6.666892649523176
7.029434098562787
7.408716569077151
7.804544819163148
8.216754527517486
8.645197345281625
9.089747181960858
9.550290522936088
10.026731550426064
10.51898943675919
11.026994348935096
11.550689504557033
12.09003045051148
12.644981521884157
13.215517354249046
13.801624018503041
14.403294343830222
15.020530711228615
15.653344526011399
16.301754646086405
16.96578911991508
17.645482830172817
18.340881297806618
19.052034270745196
19.779001035417807
20.521906607967054
21.28066206549426
22.055511461243757
22.846492166374254
23.653701806528353
24.477247244246662
25.317240557323927
26.173795620309615
27.047059721281745
27.937147933430484
28.84420776892114
29.76837155981243
30.70984011143433
31.668728543422045
32.645219690095765
33.639485613822686
34.65170515234028
35.68206286914448
36.73074955956722
37.797959301621354
38.88389144194291
39.988734872558325
41.11276091179072
42.25609815322461
43.41901429141409
44.601719798007444
45.80443855250467
47.0274035445208
48.27084091618574
49.53498780193211
50.820082797205586
52.12636386914983
53.45407385706976
54.80345620117008
56.17475756188841
57.56822539346429
58.98410859518464
60.42265723457054
61.8841222708954
63.36875535575935
64.87680860077455
66.40853435559607
67.96418498765628
69.54401266393475
71.14826913501817
72.77720552180898
74.4310721052203
76.11011811929419
77.81459154761369
79.54473892495437
81.30080514200827
83.08303325617446
84.8916643073153
86.72693713940265
88.58908822845292
90.47835151715246
92.39495825661507
94.33913685570064
96.31111273830719
98.31110820898083
100.33934232733759
102.39603079148759
104.48138583094057
106.59561610920542
108.73892663641328
110.91151869214134
113.11358975871799
115.34533346515076
117.60693954175989
119.89859378578319
122.22047803778412
124.57277016913156
126.95564408030681
129.3692697102284
131.81381305632615
134.2894362053553
136.79629737548356
139.33455096452707