9.615951131411826
9.973116794049698
10.347932652899592
10.740129753803917
11.14945924626258
11.5756920919302
12.018618481674094
12.47804706733779
12.953804089502114
13.445732462208126
13.953690858868514
14.477552830350687
15.017205975681168
15.572551177600662
16.143501908950924
16.729983611145464
17.331933142558672
17.94929829241707
18.58203735373448
19.2301187492925
19.893520702301355
20.57223094531604
21.26624646019115
21.97557324276195
22.70022608647273
23.440228378675858
24.19561191384738
24.966416694241957
25.752690758070095
26.55448998973974
27.371877936193158
28.20492561937269
29.05371134511505
29.91832050789348
30.798845391127678
31.695384962968372
32.608044667721
33.536936213123
34.48217735387631
35.44389167182011
36.42220835324929
37.41726196384723
38.42919222174909
39.45814376920318
40.5042659433184
41.56771254633932
42.648641615875526
43.74721519545832
44.8635991058076
45.997962717126796
47.15047872272043
48.3213229142207
49.510673958675135
50.71871317769476
51.945624328915066
53.19159338992795
54.456808344894206
55.74145897397581
57.045736645785816
58.36983411298344
59.713945311199836
61.07826516141148
62.46298937595677
63.868314268305504
65.2944365667835
66.74155323237598
68.20986128078867
69.69955760894247
71.2108388260364
72.74390108940618
74.29893994528334
75.87615017478504
77.47572564494804
79.09785916556856
80.74274235145931
82.4105654906263
84.10151741844253
85.81578539799837
87.55355500678927
89.31501002991818
91.10033235993734
92.90970190348986
94.74329649488789
96.60129181674087
98.48386132774742
100.39117619776292
102.32340525021618
104.2807149119549
106.26326917059215
108.27122953938512
110.3047550296978
112.36400213105102
114.44912479878273
116.56027444930893
118.69759996295484
120.86124769434446
123.05136149029421
125.26808271515054
127.51155028353418
129.78190070037422
132.0792681081966
134.4037843415423
136.75557898843147
139.13477945876835