-0.37097072127841E-30
-0.37097072127841E-30
-0.37097072127841E-30
-0.12835538809342E-15
 0.31190432090938E-16
 0.40453945972849E-15
 0.94143755882747E-14
 0.11259837460277E-12
 0.80623961982913E-12
 0.39251795629011E-11
 0.14280868194064E-10
 0.41615825888242E-10
 0.10212537107472E-09
 0.21894870735952E-09
 0.42139040650219E-09
 0.74316190120603E-09
 0.12202249792768E-08
 0.18883604988038E-08
 0.27814759881664E-08
 0.39300192311316E-08
 0.53621121928529E-08
 0.71005628095479E-08
 0.91654983833663E-08
 0.11577504625801E-07
 0.14354843016413E-07
 0.17517231236794E-07
 0.21087564963584E-07
 0.25092973938931E-07
 0.29566864704876E-07
 0.34550724913192E-07
 0.40096186162164E-07
 0.46267338458741E-07
 0.53143483013722E-07
 0.60822449241402E-07
 0.69424699366892E-07
 0.79098467253461E-07
 0.90026240647943E-07
 0.10243291511936E-06
 0.11659605859604E-06
 0.13285838399745E-06
 0.15164233194349E-06
 0.17346512429423E-06
 0.19894979689630E-06
 0.22882132984909E-06
 0.26386691870839E-06
 0.30483269249120E-06
 0.35226336918915E-06
 0.40646345864102E-06
 0.46813002076261E-06
 0.54027608173420E-06
 0.63037844334856E-06
 0.74842811508114E-06
 0.89726943923857E-06
 0.10599565185576E-05
 0.11958095757238E-05
 0.12520373110524E-05
 0.11857426432868E-05
 0.98376971770465E-06
 0.66998285792132E-06
 0.29742740355366E-06
-0.69629690263499E-07
-0.37526820072096E-06
-0.58559704048258E-06
-0.69293552659453E-06
-0.71126316494686E-06
-0.66669669329845E-06
-0.58750864016327E-06
-0.49700860598854E-06
-0.41049433984252E-06
-0.33560032470379E-06
-0.27444874962198E-06
-0.22609117606466E-06
-0.18837026683787E-06
-0.15899257841234E-06
-0.13598509994749E-06
-0.11780045519724E-06
-0.10327322008659E-06
-0.91537415089092E-07
-0.81949621461402E-07
-0.74029100477741E-07
-0.67414024894333E-07
-0.61830034902114E-07
-0.57067595480991E-07
-0.52965554243806E-07
-0.49399111678403E-07
-0.46270935365046E-07
-0.43504580461225E-07
-0.41039560064215E-07
-0.38827667432388E-07
-0.36830195540477E-07
-0.35015834507480E-07
-0.33359070682161E-07
-0.31838963355791E-07
-0.30438202016525E-07
-0.29142376304585E-07
-0.27939413337138E-07
-0.26819128023460E-07
-0.25772878873368E-07
-0.24793289532129E-07
-0.23874026908264E-07
-0.23009627771208E-07
-0.22195353884574E-07
-0.21427077982841E-07
-0.20701189496216E-07
-0.20014518273047E-07
-0.19364271303515E-07
-0.18747976134061E-07
-0.18163443717578E-07
-0.17608724441507E-07
-0.17082084981496E-07
-0.16581975189583E-07
-0.16107008037804E-07
-0.15655942325351E-07
-0.15227664433541E-07
-0.14821174452496E-07
-0.14435574869814E-07
-0.14070059966010E-07
-0.13723902261024E-07
-0.13396453420535E-07
-0.13087127635861E-07
