1.9859446137283985e-12
1.9859446137283985e-12
1.9859446137283985e-12
1.9859446137283985e-12
1.9859446137283985e-12
1.9859446137283985e-12
1.9859446137283985e-12
1.9859446137283985e-12
1.9859446137283985e-12
1.9859446137283985e-12
1.9859446137283985e-12
1.9859446137283985e-12
1.9859446137283985e-12
1.9859446137283985e-12
1.9859446137283985e-12
1.9859446137283985e-12
1.9859446137283985e-12
1.9859446137283985e-12
1.9859446137283985e-12
1.9859446137283985e-12
3.971889227456797e-12
3.971889227456797e-12
4.096010765814822e-12
8.316143069987669e-12
5.461347687753096e-12
8.688507685061743e-12
1.8369987676987686e-11
4.443551073217291e-11
1.1021992606192612e-10
2.659924567012474e-10
6.173805317928158e-10
1.3585102373285825e-9
2.8793714468294616e-9
5.8507169535822195e-9
1.1439785704305723e-8
2.1598140646603198e-8
3.9485295539378164e-8
7.007082853540923e-8
1.2095569440066513e-7
2.0351972813642464e-7
3.3439509176112476e-7
5.374239192133434e-7
8.461217565235912e-7
1.306775387168651e-6
1.9822757051760735e-6
2.956783816115671e-6
4.3413413306333e-6
6.280496841019181e-6
8.960138362642904e-6
0.000012616525534178205
0.000017546706393588122
0.000024120387120838183
0.000032793265918276035
0.00004412211166747582
0.000058781327948532024
0.00007758137379344566
0.00010148894324170902
0.0001316488617450089
0.00016940794319574975
0.00021634051738324018
0.0002742759589096853
0.0003453279298522594
0.00043192549231615355
0.0005368459197149977
0.000663249380921175
0.0008147151952983249
0.0009952797957703363
0.0012094762656273263
0.0014623754944970836
0.0017596286215809914
0.0021075114733989445
0.002512968425610334
0.0029836610181934583
0.0035280144451677194
0.004155266843132381
0.0048755193069093
0.005699786945075909
0.006640050923878006
0.007709311359140892
0.008921641208227752
0.010292240793031926
0.011837493279698005
0.013575020762194209
0.015523741218955662
0.01770392594503729
0.020137257874094018
0.022846890371526332
0.025857506824361987
0.029195380718935383
0.03288843646900573
0.03696631086994428
0.041460415121025815
0.04640399760424095
0.051832207304072016
0.05778215791515053
0.06429299269240972
0.07140595001419112
0.0791644297554925
0.08761406040557267
0.09680276708791977
0.10678084037199097
0.11760100603398538
0.12931849568969492
0.14199111841139075
0.15567933334686698
0.1704463233099836
0.18635806946198968
0.203483427078041
0.22189420237148147
0.24166523049827215
0.2628744547218326
0.28560300732849225
0.3099352889602682
0.3359590547982829
0.36376549625087257
0.39344932729724524
0.4251088710391678
0.4588461478776511
0.4947669650466567
0.5329810080827264