 0.71838216068411E-06
 0.99004330779285E-06
 0.13611144421193E-05
 0.18690080124241E-05
 0.25589708203934E-05
 0.34877083555393E-05
 0.47203971176046E-05
 0.63121206660075E-05
 0.82860537192213E-05
 0.10527095341108E-04
 0.13022397746182E-04
 0.16304356454383E-04
 0.20133388321707E-04
 0.21124400139421E-04
 0.15285529671285E-04
 0.31633876494968E-05
-0.99601718508493E-05
                  NaN
-0.20786483451325E-04
-0.18120000804950E-04
-0.13464697789322E-04
-0.89928667898196E-05
-0.55786809289593E-05
-0.32821096238577E-05
-0.19032244297453E-05
-0.10552258243657E-05
-0.46521087427815E-06
-0.24547028650141E-06
-0.69993533592031E-07
 0.27808476142189E-07
 0.79956769089032E-07
 0.10822533220134E-06
 0.12074214471229E-06
 0.11995826267040E-06
 0.11612687517925E-06
 0.10914476624302E-06
 0.10079491189962E-06
 0.91994527978041E-07
 0.83283140022478E-07
 0.74964939209716E-07
 0.67198771948448E-07
 0.60053873701618E-07
 0.53545328670524E-07
 0.47656792656667E-07
 0.42354072107488E-07
 0.37594347156932E-07
 0.33331276808904E-07
 0.29518490182621E-07
 0.26111415132119E-07
 0.23068350400114E-07
 0.20350866421105E-07
 0.17924031627701E-07
 0.15756299077840E-07
 0.13819496825687E-07
 0.12088268301687E-07
 0.10540187108105E-07
 0.91551806839987E-08
 0.79155858275270E-08
 0.68055588114841E-08
 0.58111401683592E-08
 0.49199237600044E-08
 0.41209147813969E-08
 0.34043345221034E-08
 0.27614564459996E-08
 0.21846224455501E-08
 0.16669547630860E-08
 0.12022925991759E-08
 0.78524064008355E-09
 0.41093173647113E-09
 0.75023787432513E-10
-0.22634298641359E-09
-0.49668223319189E-09
-0.73901227503453E-09
-0.95618777268871E-09
-0.11506542358307E-08
-0.13246384205740E-08
-0.14801690274594E-08
-0.16190479206959E-08
-0.17428884396564E-08
-0.18531613554622E-08
-0.19511339625423E-08
-0.20380704980727E-08
-0.21149443389972E-08
-0.21827836880394E-08
-0.22424355612570E-08
-0.22947039144193E-08
-0.23402472188287E-08
-0.23797502469560E-08
-0.24137821716116E-08
-0.24428106219434E-08
-0.24673815855733E-08
-0.24878618076498E-08
-0.25046809955921E-08
-0.25181760143008E-08
-0.25286434675910E-08
-0.25363801273980E-08
-0.25416353746002E-08
-0.25446583803312E-08
-0.25456495613319E-08
-0.25447925983045E-08
-0.25422551571377E-08
-0.25382118149560E-08
-0.25327944593976E-08
-0.25261426621443E-08
