 0.77551495270169E+01
 0.15327530662281E+01
 0.48535865936136E+00
 0.19900614269875E+00
 0.96091062660638E-01
 0.51943905580791E-01
 0.30500168924718E-01
 0.19077592960004E-01
 0.12543543531093E-01
 0.85875737280377E-02
 0.60789785040769E-02
 0.44257706642748E-02
 0.33002594452914E-02
 0.25123675700000E-02
 0.19473540876556E-02
 0.15335331513676E-02
 0.12247536048625E-02
 0.99050950108405E-03
 0.81015894712944E-03
 0.66943974397106E-03
 0.55831086210929E-03
 0.46958220296298E-03
 0.39802524260158E-03
 0.33978393863671E-03
 0.29197786316133E-03
 0.25242953222462E-03
 0.21947488575281E-03
 0.19182929352127E-03
 0.16849169165452E-03
 0.14867514884249E-03
 0.13175599782249E-03
 0.11723618453349E-03
 0.10471512692521E-03
 0.93868408482189E-04
 0.84431817899026E-04
 0.76188452988411E-04
 0.68959911023101E-04
 0.62598116876027E-04
 0.56979708309814E-04
 0.52001511445224E-04
 0.47576763198915E-04
 0.43632192746439E-04
 0.40105680416190E-04
 0.36944345238480E-04
 0.34103004367290E-04
 0.31542912553843E-04
 0.29230732645092E-04
 0.27137684276785E-04
 0.25238843837208E-04
 0.23512562974357E-04
 0.21939976632826E-04
 0.20504617634653E-04
 0.19192048900200E-04
 0.17989594677538E-04
 0.16886101964891E-04
 0.15871721953444E-04
 0.14937745119484E-04
 0.14076449143559E-04
 0.13280977849996E-04
 0.12545220671713E-04
 0.11863730872302E-04
 0.11231639226265E-04
 0.10644585306855E-04
 0.10098657216795E-04
 0.95903391153450E-05
 0.91164662648682E-05
 0.86741844643015E-05
 0.82609160162532E-05
 0.78743288488656E-05
 0.75123102616213E-05
 0.71729431261565E-05
 0.68544858765477E-05
 0.65553532465201E-05
 0.62741001500733E-05
 0.60094118783224E-05
 0.57600828633911E-05
 0.55250163488809E-05
 0.53031960874038E-05
 0.50936925026706E-05
 0.48956754544324E-05
 0.47083530585016E-05
 0.45310110894622E-05
 0.43629879719796E-05
 0.42036743329119E-05
 0.40525082072721E-05
 0.39089699651151E-05
 0.37725792844257E-05
 0.36428915216057E-05
 0.35194949421737E-05
 0.34020073096981E-05
 0.32900741935829E-05
 0.31833662546444E-05
 0.30815771492873E-05
 0.29844219756719E-05
 0.28916354116531E-05
 0.28029700238373E-05
 0.27181950561150E-05
 0.26370952047491E-05
 0.25594692318411E-05
 0.24851290193552E-05
 0.24138985927303E-05
 0.23456131654694E-05
 0.22801184066161E-05
 0.22172695563553E-05
 0.21569308671929E-05
 0.20989748090268E-05
 0.20432818288554E-05
 0.19897392840642E-05
 0.19382412657874E-05
 0.18886882426862E-05
 0.18409864058091E-05
 0.17950474193228E-05
 0.17507878161663E-05
 0.17081291079385E-05
 0.16669970803671E-05
 0.16273216748365E-05
 0.15890366840556E-05
 0.15520795533091E-05
 0.15163910781119E-05
*********************
