0.35913349144683515
0.5620550089575267
0.7980844584404123
1.05627113862987
1.3335782317332427
1.628554048504595
1.9403499793002532
2.2684119814768797
2.6123520700846194
2.9718852809207474
3.3467951784746885
3.7369134321784476
4.14210697792297
4.56226956363139
4.997315974557084
5.447177974174615
5.911801387422496
6.391143970332012
6.885173836523567
7.39386828742102
7.917212940694075
8.455201082088653
9.007833186159996
9.575116565142766
10.157065115034499
10.753699134720108
11.365045199326463
11.991136072700817
12.632010647156747
13.287713901886493
13.95829686670294
14.643816598808046
15.344336150606882
16.05992453735969
16.790656697252377
17.536613442800547
18.29788140223375
19.074552950098855
19.866726126708805
20.67450454638339
21.49799730477612
22.33731881493839
23.19258878495397
24.063931983919048
24.951478150877104
25.855361835059593
26.77572223904373
27.71270305543189
28.666452297811226
29.637122126703872
30.624868671212226
31.62985184701409
32.65223517129919
33.692185575262855
34.74987321465635
35.8254712789305
36.91915579940837
38.03110545694985
39.161501389479014
40.310526999786845
41.478367763921014
42.665211040533315
43.871245881463864
45.09666284387224
46.341653804209436
47.606411774260216
48.89113071960554
50.19600538064327
51.52123109646232
52.867003631939646
54.23351900806405
55.6209733359196
57.029562654473004
58.45948277242541
59.910929114356684
61.38409657138982
62.87917935750549
64.39637086536942
65.93586354100687
67.49784874566963
69.08251663697561
70.6900560504123
72.32065438776482
73.97449751176647
75.65176964713366
77.35265328818005
79.07732911316111
80.82597590550965
82.59877048211852
84.39588762876197
86.21750004282723
88.06377828342954
89.93489072901417
91.83100354251638
93.75228064418032
95.69888369203937
97.6709720701475
99.66870288455767
101.69223096707806
103.74170888680638
105.81728696942248
107.91911332423629
110.0473338789498
112.20209242208577