-0.20628907545608E-17
 0.30048797389376E-16
-0.13632885733720E-15
 0.60728147153432E-30
-0.19048598535308E-15
 0.29078290577613E-15
-0.67935393745131E-15
 0.27956246646250E-15
 0.75371645172781E-14
 0.59745761841374E-13
 0.33931948688713E-12
 0.13686380298368E-11
 0.44650181927293E-11
 0.12119930095423E-10
 0.28460378554142E-10
 0.59671440842962E-10
 0.11402095858282E-09
 0.20168874459778E-09
 0.33479051510088E-09
 0.52660462842519E-09
 0.79249439968472E-09
 0.11479466705366E-08
 0.16201635659123E-08
 0.22180724324549E-08
 0.29717016296322E-08
 0.39117210169797E-08
 0.50740591612539E-08
 0.65068746994395E-08
 0.82642877897781E-08
 0.10414957093072E-07
 0.13039264273426E-07
 0.16230695391344E-07
 0.20094149292462E-07
 0.24744085962479E-07
 0.30300906281737E-07
 0.36885690947467E-07
 0.44613157362497E-07
 0.53584470312196E-07
 0.63877579058399E-07
 0.75538293263778E-07
 0.88571845753062E-07
 0.10293338786249E-06
 0.11852377761668E-06
 0.13518405130481E-06
 0.15269588914249E-06
 0.17078623456935E-06
 0.18913383070927E-06
 0.20738519103992E-06
 0.22517060458245E-06
 0.24212711595750E-06
 0.25791903967146E-06
 0.27225823508648E-06
 0.28491691180521E-06
 0.29572893125863E-06
 0.30457567000554E-06
 0.31135057174552E-06
 0.31589718810935E-06
 0.31792146452299E-06
 0.31686921590211E-06
 0.31177778380866E-06
 0.30109282252283E-06
 0.28246276561127E-06
 0.25252613747991E-06
 0.20671070824657E-06
 0.13910552979500E-06
 0.42478292431308E-07
-0.91450174390521E-07
-0.27132293648559E-06
-0.50492522225069E-06
-0.79733460847242E-06
-0.11484974337704E-05
-0.15505170432501E-05
-0.19852195774966E-05
-0.24227974532361E-05
-0.28224009653559E-05
-0.31353355813606E-05
-0.33109635635078E-05
-0.33046582885825E-05
-0.30863762160956E-05
-0.26479487189508E-05
-0.20072143883233E-05
-0.12077247565621E-05
-0.31375269279946E-06
 0.59851822082850E-06
 0.14518357764800E-05
 0.21785562904816E-05
 0.27290943511541E-05
 0.30767617312907E-05
 0.32185010719983E-05
 0.31719545946278E-05
 0.29699611241731E-05
 0.26538932514348E-05
 0.22671773153778E-05
 0.18500007422263E-05
 0.14357542356819E-05
 0.10492855242595E-05
 0.70671716086994E-06
 0.41637575381250E-06
 0.18034732046967E-06
-0.37605001367450E-08
-0.14116201380447E-06
-0.23851449139000E-06
-0.30288287987873E-06
-0.34104984718960E-06
-0.35910413116812E-06
-0.36225125872922E-06
-0.35477102103067E-06
-0.34007054130045E-06
-0.32078546394008E-06
-0.29889868796325E-06
-0.27586091173398E-06
-0.25270386558123E-06
-0.23013341967429E-06
-0.20861059289982E-06
-0.18841325749091E-06
-0.16968878649191E-06
-0.15249126989947E-06
-0.13680959501334E-06
-0.12259145503862E-06
-0.10975822773479E-06
