0.516051214672349
0.5385033066073778
0.56119671847197
0.5841240633610625
0.6072789276688837
0.6306556903027053
0.6542493841743767
0.6780555883569539
0.702070342708072
0.7262900795116211
0.7507115679617817
0.7753318687169172
0.8001482962365055
0.8251583873842244
0.8503598749647429
0.8757506653346777
0.9013288192640456
0.9270925355352153
0.953040136783371
0.979170057182662
1.0054808317326533
1.031971086874488
1.0586395322144637
1.0854849532356157
1.1125062048240337
1.1397022055222834
1.1670719323804724
1.194614416359036
1.2223287382123718
1.2502140247480642
1.2782694454981927
1.3064942096408698
1.3348875632782553
1.3634487869152763
1.39217719316735
1.4210721246880498
1.450132952239638
1.4793590729671542
1.5087499087617486
1.5383049048120607
1.568023528209216
1.5979052667128113
1.6279496275852872
1.6581561364831523
1.6885243365062113
1.7190537872338854
1.7497440638855304
1.780594756494904
1.8116054691845522
1.8427758194518604
1.874105437535663
1.9055939657811123
1.9372410580851045
1.9690463793649144
2.001009605041354
2.033130420576667
2.0654085210372513
2.0978436106591047
2.130435402469508
2.163183617919124
2.1960879865179526
2.229148245516461
2.262364139594534
2.2957354205655705
2.3292618470937327
2.3629431844365207
2.3967792041857265
2.430769684043772
2.4649144075843985
2.49921316405333
2.5336657481432403
2.5682719598286705
2.6030316041594914
2.637944491103891
2.6730104353642994
2.7082292562262107
2.7436007774169338
2.779124826937032
2.8148012369565607
2.850629843640426
2.8866104870654734
2.922743011073154
2.959027263153721
2.995463094357975
3.0320503591678127
3.0687889154069756
3.105678624147219
3.1427193496015655
3.179910959049585
3.2172533227485234
3.2547463138377277
3.29238980828391
3.3301836847864426
3.368127824713434
3.406222112025396
3.4444664332131816
3.4828606772333184
3.5214047354430926
3.560098501537124
3.598941871502803
3.6379347435471887
3.677077018057409
3.716368597542077
3.7558093865789126
3.795399291781353
3.835138221727927
3.875026086938673
3.915062799831323
3.9552482746508035
3.9955824274694813
4.036065176125104
4.076696440186045
4.117476140914939
4.158404201231566
4.199480545692867
4.240705100441937
4.282077793179095
4.323598553142404
4.36526731107428
4.407083999178298
4.4490485511128615
4.491160901947509
4.533420988142194
4.575828747528159
4.61838411926984
4.661087043857164
4.703937463071671
4.7469353199651545
4.790080558839318
4.833373125219947
4.876812965856172
4.920400028672553
4.9641342627706955
5.00801561839735
5.052044046942424
5.096219500898153
5.140541933867407
5.185011300526091
5.229627556625869
5.274390658959165
5.319300565359036
5.364357234682794
5.409560626788043
5.454910702529207
5.500407423739659
5.546050753220422
5.5918406547250274
5.637777092946732
5.683860033519509
5.730089442980811
5.776465288785972
5.8229875392807715
5.86965616370268
5.916471132157272
5.963432415626175
6.010539985934668
6.0577938157631035
6.105193878628165
6.152740148876785
6.200432601666288
6.248271212976051
6.296255959586162
6.3443868190740655
6.392663769801033
6.441086790909309
6.48965586232062
6.53837096471905
6.587232079546813
6.6362391890024
6.68539227603027
6.73469132431986
6.784136318284482
6.833727243078209
6.883464084572037
6.933346829355379
6.983375464732092
7.033549978709178
7.08387036000424
7.134336598023504
7.1849486828727445
7.235706605341524
7.2866103569079055
7.337659929723063
7.3888553166213375
7.440196511106082
7.491683507343212
7.543316300172251
7.595094885082747
7.647019258232641
7.69908941642146
7.7513053571106685
7.803667078399098
7.85617457903759
7.908827858411245
7.9616269165481155
8.014571754110142
8.067662372394889
8.120898773324752
8.17428095945428
8.227808933961846
8.281482700651036
8.335302263946161
8.389267628891394
8.443378801137744
8.497635786968862
8.552038593265921
8.606587227529712
8.661281697867727
8.716122012995163
8.77110818223131
8.826240215508252
8.881518123348764
8.936941916887044
8.992511607853446
9.04822720858317
9.104088731995404
9.160096191621134
9.216249601579188
9.272548976581811
9.328994331937166
9.385585683546706
9.442323047903459
9.499206442084061
9.556235883763172
9.613411391199817
9.670732983243834
9.728200679329682
9.785814499478658
9.843574464298909
9.901480594983692
9.959532913311623
10.017731441645054
10.0760762029322
10.134567220698559
10.193204519056724
10.251988122703906
10.310918056914476
10.369994347548037
10.429217021042232
10.488586104417324
10.5481016252736
10.607763612002621
10.667572092957222
10.727527097678825
10.787628655859786
10.847876798449063
10.908271556309602
10.968812961097113
11.029501045053156
11.09033584099311
11.151317382315597
11.21244570299442
11.273720837585513
11.335142821221725
11.396711689613317
11.458427479052066
11.52029022640827
11.582299969126048
11.64445674523649
11.706760593342507
11.769211552628402
11.83180966285713
11.89455496436844
11.957447498087191
12.020487305507332
12.083674428710415
12.147008910353035
12.210490793670825
12.2741201224798
12.337896941175261
12.401821294728796
12.46589322869487
12.530112789205864
12.594480022974047
12.65899497729233
12.72365770002794
12.788468239639538
12.853426645149792
12.918532966174428
12.98378725290472
13.049189556106997
13.114739927138409
13.180438417926563
13.24628508098108
13.31227996939532
13.378423136845639
13.444714637576752
13.511154527428456
13.577742859841651
13.644479691780923
13.71136507982112
13.778399081118348
13.845581753406622
13.912913155001469
13.98039334480402
14.048022382288847
14.115800327516254
14.18372724112681
14.251803184333784
14.32002821894337
14.388402407334462
14.456925812467711
14.525598497886019
14.594420527712064
14.663391966645936
14.73251287997097
14.801783333551516
14.871203393829587
14.940773127825226
15.010492603143339
15.080361887967737
15.150381051055296
15.220550161750735
15.290869289972335
15.36133850621865
15.431957881568994
15.502727487678358
15.573647396782999
15.64471768169509
15.715938415806331
15.787309673083605
15.858831528075422
15.93050405590473
16.00232733227152
16.07430143345133
16.146426436297855
16.218702418243204
16.291129457287585
16.363707632013462
16.43643702157649
16.5093177057044
16.582349764703956
16.655533279450637
16.728868331397223
16.8023550025657
16.875993375554366
16.949783533533214
17.023725560241214
17.09781953999028
17.1720655576634
17.246463698714045
17.32101404916501
17.395716695606342
17.47057172519829
17.545579225672192
17.620739285322653
17.6960519930125
17.7715174381713
17.847135710795985
17.922906901446243
17.998831101247895
18.074908401889147
18.151138895623948
18.227522675267164
18.304059834194554
18.380750466348502
18.457594666223475
18.53459252888106
18.611744149936793
18.689049625572704
18.766509052518817
18.8441225280673
18.92189015006478
18.999812016913072
19.077888227571798
19.156118881550437
19.234504078911055
19.313043920274016
19.39173850680074
19.470587940213036
19.549592322774153
19.628751757301902
19.708066347158244
19.787536196251153
19.86716140903958
19.946942090520665
20.02687834624103
20.106970282285122
20.187218005286628
20.267621622412324
20.348181241372405
20.42889697041922
20.509768918336608
20.590797194449458
20.671981908618484
20.753323171240986
20.83482109323929
20.916475786081243
20.998287361756617
21.080255932790156
21.162381612234483
21.244664513670237
21.327104751205212
21.40970243947445
21.49245769363929
21.575370629378146
21.65844136289993
21.74167001092879
21.825056690713524
21.9086015200178
21.992304617127207
22.076166100838968
22.160186090468383
22.244364705846852
22.328702067313564
22.41319829572144
22.49785351243627
22.582667839327154
22.667641398773963
22.752774313665213
22.8380667073895
22.9235187038411
23.009130427417098
23.094902003016408
23.180833556033186
23.266925212367504
23.35317709840699
23.43958934104234
23.52616206765414
23.61289540611762
23.699789484795424
23.78684443254818
23.874060378715612
23.96143745313146
24.048975786109562
24.136675508453415
24.22453675144376
24.312559646846044
24.400744326903194
24.48909092434061
24.577599572352863
24.66627040461786
24.755103555282307
24.844099158965207
24.933257350758694
25.02257826622248
25.112062041382487
25.20170881273516
25.291518717236574
25.381491892308645
25.471628475835132
25.561928606155814
25.652392422074325
25.743020062843236
25.83381166817859
25.924767378246624
26.01588733366289
26.10717167549859
26.198620545266923
26.290234084934507
26.38201243690822
26.473955744040527
26.566064149629373
26.65833779740676
26.75077683155127
26.843381396668715
26.936151637809388
27.02908770045403
27.12218973051583
27.215457874337066
27.308892278689086
27.402493090773465
27.496260458213282
27.590194529057854
27.684295451776773
27.778563375259413
27.87299844881864
27.96760082217619
28.062370645477294
28.15730806927306
28.252413244531027
28.347686322627837
28.443127455345017
28.53873679487506
28.63451449381311
28.730460705157704
28.82657558230718
28.922859279059782
29.01931194961146
29.115933748556824
29.212724830877008
29.309685351954304
29.406815467556278
29.504115333838996
29.601585107348765
29.69922494501331
29.797035004144767
29.895015442438066
29.993166417968805
30.09148808918322
30.189980614912322
30.288644154357247
30.387478867092373
30.486484913062824
30.58566245258112
30.685011646327062
30.7845326553481
30.88422564104866
30.98409076520452
31.084128189939523
31.18433807774378
31.284720591460772
31.38527589428637
31.48600414977019
31.58690552181236
31.687980174658815
31.789228272907256
31.89064998149448
31.99224546570159
32.09401489115339
32.19595842381292
32.29807622997784
32.400368476283795
32.502835329696595
32.60547695752054
32.708293527382374
32.81128520723927
32.9144521653761
33.017794570398415
33.12131259123664
33.225006397144256
33.32887615768334
33.432922042743
33.53714422252279
33.641542867531825
33.746118148596835
33.85087023684741
33.9557993037237
34.060905520970685
34.16618906063373
34.27165009506465