0.36632397530340427
0.38459559138607785
0.4036137955884865
0.42323993525947257
0.4433809918636907
0.4639723643183564
0.4849672339170163
0.5063303599321183
0.5280343671987571
0.5500574316690043
0.5723817773441422
0.5949926634424136
0.6178776795787148
0.6410262413349112
0.6644292203447614
0.6880786671577045
0.7119675997646789
0.7360898394571936
0.7604398815820526
0.785012792476539
0.8098041262138933
0.8348098566861178
0.8600263217010008
0.8854501764561508
0.9110783546282598
0.936908035494301
0.9629366160105123
0.9891616869502793
1.0155810123674816
1.0421925118524504
1.0689942451229002
1.0959843985460667
1.1231612733466652
1.1505232752232544
1.1780689051610083
1.2057967512866135
1.2337054816129913
1.2617938375939166
1.290060628306315
1.3185047252519302
1.3471250576635436
1.375920608290179
1.4048904095467283
1.434033540053319
1.4633491214658711
1.4928363155850577
1.5224943217540965
1.5523223744301895
1.5823197409698206
1.6124857196357367
1.6428196377047155
1.673320849763003
1.7039887361201655
1.73482270133676
1.765822172876746
1.7969865998543542
1.8283154518515818
1.859808217855711
1.8914644052328242
1.9232835387906873
1.9552651599085316
1.9874088257156197
2.0197141083236763
2.0521805941018947
2.084807883027534
2.117595588027824
2.1505433344220424
2.1836507593284598
2.2169175111674813
2.2503432491656574
2.283927642890104
2.317670371794839
2.351571124845064
2.3856296001011117
2.4198455043387557
2.4542185527423843
2.48874846852978
2.5234349826694937
2.5582778335693015
2.5932767668139354
2.6284315348712863
2.6637418968612914
2.699207618305084
2.734828470896733
2.7706042322888873
2.806534685885738
2.842619620634994
2.878858830854729
2.9152521160434794
2.9517992807087046
2.988500134214988
3.0253544906046836
3.0623621684787543
3.099522990819407
3.1368367848884335
3.174303382065236
3.2119226177452904
3.249694331205355
3.287618365497592
3.325694567331902
3.3639227869752597
3.4023028781486944
3.4408346979293585
3.479518106661033
3.518352967858931
3.5573391481190835
3.5964765170497057
3.6357649471821967
3.6752043138950574
3.714794495337801
3.7545353723674038
3.7944268284675027
3.834468749700483
3.874661024626428
3.915003544249871
3.9554962019626982
3.9961388934882955
4.0369315168060815
4.077873972134627
4.118966161858425
4.160207990467067
4.20159936453899
4.243140192672456
4.284830385440133
4.32666985536327
4.368658516855225
4.410796286188698
4.45308308145452
4.495518822520447
4.538103431000003
4.58083683022046
4.623718945177407
4.666749702514516
4.709929030481968
4.753256858911872
4.796733119191826
4.840357744214155
4.884130668379511
4.9280518275533005
4.972121159032302
5.016338601529518
5.060704095160404
5.105217581383162
5.149879003019341
5.1946883042002225
5.23964543035292
5.284750328189077
5.330002945675827
5.37540323200526
5.420951137604351
5.466646614085558
5.5124896142499304
5.558480092054954
5.6046180026068635
5.650903302139781
5.697335948007162
5.743915898644923
5.790643113586339
5.8375175534238135
5.884539179808758
5.931707955422541
5.979023843982576
6.026486810212653
6.074096819838593
6.1218538395716235
6.169757837100548
6.217808781080581
6.26600664111138
6.314351387746475
6.3628429924574
6.411481427646848
6.460266666622233
6.509198683597181
6.558277453664721
6.607502952813665
6.656875157903661
6.706394046651543
6.75605959763629
6.805871790284387
6.855830604861377
6.905936022462061
6.956188025013845
7.006586595254031
7.057131716736639
7.107823373812052
7.158661551635708
7.2096462361456295
7.260777414073223
7.312055072918456
7.363479200963016
7.415049787247219
7.466766821576465
7.518630294511313
7.570640197363255
7.622796522187145
7.675099261780213
7.727548409674857
7.780143960138027
7.832885908152606
7.885774249437517
7.938808980419056
7.9919900982455285
8.045317600762681
8.098791486539392
8.152411754833416
8.206178405610245
8.26009143952425
8.314150857923762
8.368356662847106
8.422708857019494
8.477207443839621
8.53185242740114
8.586643812462002
8.641581604453766
8.696665809486811
8.751896434334572
8.807273486440248
8.862796973906864
8.918466905498766
8.97428329064224
9.030246139419926
9.086355462565733
9.14261127146694
9.19901357816607
9.255562395350204
9.312257736351734
9.36909961515717
9.426088046377604
9.483223045289046
9.540504627789852
9.597932810426292
9.655507610377283
9.713229045457492
9.771097134119447
9.829111895444356
9.887273349145694
9.945581515569465
10.004036415691093
10.06263807110735
10.121386504052133
10.18028173737559
10.239323794560033
10.298512699705762
10.357848477539406
10.41733115340832
10.476960753282576
10.536737303749009
10.59666083201779
10.656731365912126
10.716948933880554
10.777313564978803
10.837825288890915
10.89848413590751
10.959290136938947
11.02024332350415
11.081343727745514
11.142591382409275
11.203986320862905
11.265528577075239
11.327218185637214
11.389055181746718
11.451039601210956
11.513171480451156
11.57545085649141
11.637877766973807
11.700452250146894
11.763174344861213
11.82604409058468
11.889061527385838
11.952226695947507
12.015539637553132
12.079000394096091
12.142609008075844
12.20636552259782
12.270269981374765
12.334322428722292
12.398522909562342
12.462871469421207
12.527368154433994
12.592013011332584
12.656806087459666
12.721747430757059
12.786837089775272
12.85207511366135
12.917461552172014
12.982996455663002
13.048679875094273
13.114511862024052
13.180492469595102
13.246621748650579
13.312899753501728
13.379326538120068
13.445902157071043
13.512626665526795
13.579500119257496
13.646522574630707
13.713694088621066
13.78101471879751
13.848484523327736
13.916103560981925
13.98387189113064
14.051789573736125
14.119856669366834
14.188073239182666
14.256439344945008
14.324955049014255
14.393620414344111
14.46243550448629
14.531400383591896
14.600515116404083
14.669779768264778
14.739194405108952
14.80875909347109
14.878473900475498
14.948338893845246
15.018354141895463
15.08851971353433
15.158835678266435
15.229302106186436
15.29991906798267
15.370686634936765
15.441604878919069
15.51267387239707
15.583893688421135
15.655264400640768
15.726786083289332
15.798458811192878
15.870282659765792
15.942257705009926
16.01438402351745
16.08666169246752
16.1590907896245
16.231671393344588
16.30440358256349
16.377287436807997
16.45032303618527
16.523510461392316
16.596849793707136
16.67034111498702
16.74398450768206
16.8177800548143
16.89172783999113
16.96582794740358
17.040080461820693
17.11448546859068
17.18904305363953
17.26375330347697
17.338616305183205
17.413632146419314
17.488800915423177
17.56412270100611
17.639597592555727
17.715225680033836
17.791007053974685
17.866941805480376
17.94303002624024
18.019271808493084
18.095667245062828
18.172216429341127
18.248919455285375
18.32577641741723
18.402787410832904
18.479952531191998
18.557271874712782
18.63474553818933
18.712373618970783
18.790156214971038
18.868093424666142
18.94618534709291
19.02443208184672
19.102833729083844
19.181390389517613
19.26010216441458
19.33896915560628
19.417991465468404
19.497169196936692
19.57650245350243
19.655991339203062
19.735635958629096
19.815436416920665
19.895392819768126
19.975505273407975
20.055773884625072
20.13619876074607
20.21678000964959
20.297517739748844
20.378412060004923
20.459463079918834
20.54067090953128
20.6220356594194
20.703557440706977
20.78523636504245
20.867072544616054
20.949066092154972
21.03121712090955
21.11352574467206
21.195992077763155
21.278616235026412
21.361398331841492
21.444338484108616
21.52743680826074
21.610693431396207
21.6941084405478
21.777681984157805
21.861414170595246
21.94530511889876
22.029354948623826
22.11356377984215
22.197931733138667
22.28245892961889
22.367145490893378
22.451991539087302
22.536997196835596
22.62216258728035
22.707487834069582
22.792973061362687
22.8786183938158
22.96442395659456
23.050389875359247
23.136516276276918
23.222803286007526
23.309251031711845
23.395859641044414
23.482629242152026
23.569559963682813
23.656651934763016
23.74390528501896
23.831320144561055
23.918896643987125
24.00663491437994
24.094535087305847
24.182597294814776
24.270821669434643
24.359208344177812
24.447757452525078
24.536469128444175
24.625343506368285
24.714380721209945
24.80358090834678
24.89294420363255
24.982470743383352
25.072160664388704
25.16201410389624
25.252031199620294
25.34221208973818
25.43255691288397
25.52306580815211
25.613738915094558
25.704576373718425
25.795578324483483
25.88674490829921
25.978076266533336
26.06957254099236
26.161233873934957
26.253060408067505
26.34505228653466
26.4372096529258
26.52953265127094
26.622021426036007
26.714676122128925
26.807496884886582
26.900483860084265
26.99363719392721
27.086957033048392
27.18044352451358
27.274096815811067
27.367917054858346
27.46190438999121
27.556058969970316
27.65038094397374
27.74487046159859
27.839527672857795
27.934352728178332
28.029345778402753
28.12450697477849
28.219836468965312
28.315334413034062
28.41100095945254
28.50683626110075
28.60284047125464
28.699013743592936
28.795356232193782
28.891868091526558
28.98854947646218
29.08540054225993
29.182421444572192
29.279612339439602
29.376973383293276
29.474504732942652
29.5722065455899
29.67007897881302
29.768122190570818
29.866336339202785
29.964721583425362
30.063278082326246
30.162005995367725
30.260905482384082
30.35997670357763
30.459219819515827
30.558634991135662
30.658222379737165
30.75798214697772
30.857914454874532
30.95801946581209
31.058297342520806
31.15874824809129
31.259372345959086
31.360169799920197
31.461140774111076
31.56228543301883
31.66360394147537
31.765096464652583
31.86676316806815
31.968604217576498
32.070619779366936
32.17281001996737
32.275175106238734
32.37771520537026
32.4804304848889
32.583321112639254
32.68638725680005
32.789629085868754
32.893046768667666
32.99664047433845
33.100410372342
33.20435663245287
33.30847942476401
33.41277891967839
33.51725528790929
33.621908700481065
33.72673932872351