0.8098288833217917
0.8346964417346284
0.8597337888066695
0.8849400634602579
0.9103144521400257
0.9358561848642156
0.9615645317248264
0.9874387997514334
1.01347833008097
1.0396824954294945
1.0660506978151825
1.0925823664715941
1.1192769559663645
1.1461339445315202
1.17315283246194
1.2003331407358673
1.227674409682342
1.2551761978197942
1.282838080750743
1.3106596501579006
1.3386405128759924
1.3667802900462405
1.3950786163083322
1.4235351390899487
1.4521495179115604
1.4809214237702877
1.5098505385381593
1.5389365544386922
1.5681791735150303
1.59757810717504
1.6271330757334241
1.6568438080149075
1.6867100409410347
1.7167315191935528
1.7469079948595487
1.7772392270990505
1.8077249818692303
1.8383650316250226
1.8691591550440712
1.9001071367984694
1.931208767293609
1.9624638424569238
1.9938721635165835
2.0254335368123297
2.057147773588692
2.089014689831641
2.121034106088615
2.1532058473053
2.1855297426725846
2.2180056254874234
2.250633333007737
2.2834127063132734
2.3163435901873175
2.349425833003743
2.382659286595318
2.416043806157884
2.4495792501370333
2.4832654801451937
2.5171023608418537
2.551089759860081
2.5852275477105766
2.6195155977150235
2.6539537858963604
2.6885419909367063
2.72328009407707
2.7581679790596327
2.793205532063827
2.8283926416272704
2.8637291986025706
2.8992150960775165
2.934850229340448
2.9706344958016864
3.00656779495816
3.0426500283341986
3.078881099438091
3.11526091370474
3.1517893784574333
3.188466402874828
3.2252918979175944
3.2622657763304
3.2993879525539107
3.3366583427287604
3.374076864643296
3.411643437688771
3.449357982839236
3.487220422608717
3.525230681025648
3.5633886836071764
3.601694357310011
3.6401476305222302
3.6787484330244316
3.7174966959601923
3.756392351827751
3.7954353344245275
3.834625578858291
3.87396302148982
3.9134475999355045
3.9530792530284984
3.9928579208091626
4.032783544492171
4.072856066457574
4.113075430219275
4.153441580419189
4.1939544627989545
4.234614024190735
4.275420212486696
4.31637297662659
4.357472266596758
4.39871803339352
4.440110229012375
4.481648806443904
4.523333719650561
4.5651649235502845
4.607142374007194
4.649266027818925
4.691535842696402
4.733951777262964
4.776513791032028
4.81922184440088
4.862075898633297
4.9050759158543356
4.948221859037798
4.99151369199307
5.0349513793564356
5.078534886584374
5.122264179935315
5.1661392264674015
5.210159994028935
5.254326451243107
5.298638567512345
5.343096312990261
5.387699658590585
5.432448575973639
5.477343037533305
5.522383016401239
5.567568486425407
5.612899422172189
5.658375798919057
5.703997592643155
5.749764780014475
5.795677338405785
5.841735245855888
5.887938481092464
5.934287023510468
5.980780853170766
6.027419950795177
6.074204297760377
6.121133876093446
6.168208668467637
6.215428658191457
6.262793829213635
6.310304166110826
6.357959654087124
6.4057602789687165
6.453706027197562
6.501796885831008
6.550032842539321
6.598413885590654
6.646940003865829
6.695611186834126
6.74442742457116
6.793388707737033
6.842495027578196
6.891746375938998
6.94114274523561
6.99068412846758
7.040370519212485
7.090201911623084
7.140178300421731
7.19029968090099
7.240566048920913
7.290977400907916
7.34153373384659
7.392235045288142
7.443081333334877
7.4940725966522415
7.545208834455041
7.59649004651179
7.647916233145949
7.699487395224507
7.751203534164186
7.803064651931942
7.855070751030312
7.907221834514301
7.959517905976108
8.011958969550099
8.064545029910567
8.117276092269252
8.170152162368636
8.223173246507017
8.276339351495565
8.329650484689973
8.383106653983871
8.436707867797045
8.490454135083997
8.544345465329968
8.59838186854983
8.652563355290436
8.706889936629016
8.761361624167582
8.815978430044598
8.870740366918973
8.925647447979737
8.980699686949146
9.035897098066796
9.091239696109978
9.146727496368104
9.202360514675487
9.258138767379425
9.314062271360948
9.370131044019411
9.426345103290378
9.482704467626997
9.539209156011918
9.595859187958292
9.652654583495979
9.70959536319155
9.766681548129405
9.823913159927171
9.88129022072478
9.9388127531939
9.996480780525399
10.05429432644759
10.112253415210224
10.17035807158883
10.228608320896997
10.287004188965417
10.345545702163708
10.404232887381312
10.463065772045613
10.522044384258225
10.581168752212731
10.640438905062307
10.699854872358303
10.759416684178097
10.81912437113031
10.878977964356043
10.938977495534587
10.999122996872877
11.059414501114917
11.119852041533349
11.180435651946697
11.241165366700264
11.302041220678651
11.363063249299572
11.424231488522771
11.485545974840106
11.547006745287085
11.6086138374348
11.670367289393035
11.732267139491757
11.794313427548788
11.856506192987487
11.918845476080698
11.981331317640823
12.04396375902181
12.106742842129325
12.169668609402258
12.232741103827621
12.295960368938811
12.359326448811261
12.422839388062942
12.486499231867139
12.550306025936083
12.614259816534707
12.678360650468749
12.742608575099263
12.807003638331953
12.871545888621007
12.936235374972718
13.00107214694397
13.066056254642259
13.131187748725928
13.19646668039958
13.261893101431081
13.327467064129964
13.393188621365056
13.459057826559132
13.525074733683837
13.59123939727011
13.657551872402468
13.724012214718885
13.790620480412162
13.857376726237867
13.924281009499808
13.991333389085588
14.058533921400626
14.125882666416977
14.19337968366643
14.261025033250002
14.328818775815462
14.396760972575208
14.464851685298571
14.53309097631765
14.601478908518997
14.670015545352546
14.738700950826289
14.80753518951073
14.876518326533805
14.94565042758684
15.014931558923925
15.084361787349506
15.153941180244574
15.22366980554122
15.293547731736783
15.36357502788802
15.43375176361594
15.50407800909936
15.574553835086439
15.64517931287805
15.715954514347267
15.786879511916771
15.857954378585296
15.929179187900562
16.000554013984104
16.072078931511165
16.143754015723598
16.215579342421186
16.28755498796747
16.3596810292946
16.43195754388643
16.50438460979245
16.576962305625656
16.649690710555234
16.722569904319716
16.79559996721233
16.868780980087834
16.942113024365735
17.015596182019994
17.089230535592055
17.163016168178554
17.236953163434684
17.311041605582364
17.385281579394
17.459673170207747
17.53421646391508
17.608911546971743
17.683758506385697
17.75875742972493
17.833908405116482
17.90921152124296
17.984666867340792
18.060274533204968
18.13603460918802
18.21194718619334
18.288012355681115
18.364230209667618
18.440600840719334
18.517124341957082
18.593800807056382
18.67063033024323
18.747613006291374
18.82474893053534
18.902038198852306
18.979480907669824
19.05707715396665
19.134827035271037
19.212730649655388
19.290788095743324
19.368999472702736
19.44736488025002
19.52588441864422
19.604558188689282
19.68338629173677
19.762368829671477
19.841505904933264
19.920797620494355
20.000244079872363
20.07984538712346
20.159601646841885
20.239512964163428
20.31957944475784
20.399801194833685
20.480178321132886
20.560710930936782
20.641399132055987
20.722243032838914
20.803242742161007
20.88439836943478
20.96571002459779
21.047177818121053
21.128801861001126
21.210582264763193
21.292519141462325
21.37461260367266
21.456862764497956
21.53926973756094
21.62183363701246
21.704554577520963
21.78743267427521
21.87046804298576
21.95366079987593
22.03701106169345
22.120518945695558
22.20418456965895
22.28800805187344
22.371989511137365
22.456129066765033
22.540426838578416
22.624882946910862
22.709497512599526
22.794270656992705
22.87920250194175
22.964293169803693
23.04954278343576
23.134951466201862
23.22051934196089
23.306246535076177
23.39213317040666
23.478179373305416
23.564385269626097
23.65075098571264
23.737276648402236
23.823962385025464
23.910808323402804
23.997814591843536
24.084981319141754
24.172308634580585
24.259796667927116
24.347445549432628
24.43525540982701
24.523226380327955
24.61135859262308
24.699652178883824
24.788107271759742
24.87672400436833
24.965502510306322
25.05444292364061
25.143545378908147
25.23281001111767
25.32223695574175
25.41182634872265
25.501578326464223
25.59149302583703
25.681570584171123
25.771811139255068
25.86221482934139
25.952781793132807
26.04351216979476
26.134406098943867
26.225463720645457
26.31668517542261
26.408070604243257
26.49962014852453
26.591333950131517
26.68321215136931
26.7752548949927
26.867462324192385
26.959834582601314
27.052371814291206
27.145074163771184
27.23794177598268
27.33097479630032
27.424173370536252
27.51753764492613
27.61106776613965
27.704763881267304
27.79862613782939
27.892654683771838
27.9868496674565
28.081211237669102
28.175739543611186
28.270434734905056
28.365296961585603
28.460326374102902
28.55552312331973
28.65088736050214
28.7464192373331
28.842118905900975
28.937986518689932
29.034022228600463
29.130226188925768
29.226598553359466
29.323139475999934
29.41984911133232
29.516727614244655
29.613775140011995
29.710991844303482
29.80837788317526
29.905933413074834
30.003658590830387
30.101553573658602
30.19961851915623
30.297853585299325
30.396258930445498
30.49483471332684
30.593581093051636
30.692498229101055
30.7915862813275
30.890845409952014
30.990275775567763
31.089877539129226
31.189650861956796
31.289595905731932
31.38971283250114
31.49000180466615
31.590462984984065
31.691096536572804
31.791902622895467
31.892881407775235
31.99403305537972
32.09535773022532
32.19685559717373
32.298526821433214
32.40037156855384
32.50239000442157
32.604582295267036
32.706948607654645
32.80948910848331
32.91220396498532
33.01509334472675
33.11815741559972
33.22139634582293
33.32481030394399
33.428399458834356
33.53216397968298
33.63610403600152
33.7402197976199
33.84451143468777
33.94897911766136
34.05362301731404
34.158443304729595
34.263440151298774
34.36861372872374
34.47396420900566
34.57949176445019
34.685196567667305
34.79107879156403
34.89713860934365
35.00337619450884
35.1097917208506