1.0618508643059361
1.0878715118911704
1.1140491062948528
1.1403833552270204
1.1668739757201068
1.1935206936386615
1.2203232432263076
1.247281366700731
1.2743948138690302
1.3016633417477783
1.3290867142524725
1.3566647018606668
1.3843970813374162
1.4122836354440875
1.4403241526916046
1.4685184270924552
1.496866257937271
1.5253674495727745
1.554021811220934
1.5828291567628685
1.611789304575999
1.6409020773661132
1.670167302000421
1.699584809367051
1.7291544342150544
1.7588760150412097
1.7887493939415713
1.8187744165091932
1.8489509316992105
1.8792787917357467
1.90975785199524
1.9403879709163312
1.9711690099016834
2.002100833221167
2.0331833079511656
2.064416303847969
2.095799693317988
2.127333351311751
2.159017155260604
2.1908509850126645
2.2228347227629386
2.254968252992007
2.2872514624006133
2.3196842398682045
2.352266476380323
2.3849980649837983
2.4178789007262975
2.4509088806310073
2.48408790362489
2.5174158704948693
2.5508926838695847
2.584518248146903
2.618292469467483
2.6522152556864733
2.686286516313438
2.720506162487783
2.754874106948963
2.7893902639992483
2.8240545494646243
2.858866880668107
2.8938271764034273
2.928935356903259
2.964191343801234
2.9995950601236294
3.0351464302510105
3.0708453798916726
3.106691836055944
3.142685727036579
3.1788269823916253
3.2151155329059478
3.2515513105832854
3.2881342486144756
3.3248642813692624
3.3617413443651407
3.398765374245016
3.435936308784527
3.4732540868302335
3.5107186483238184
3.5483299342685775
3.586087886697145
3.6239924486760886
3.6620435642898967
3.700241178611686
3.738585237700345
3.7770756885748438
3.8157124792164665
3.854495558536167
3.8934248763809
3.9325003834941503
3.971722031534302
4.011089773036038
4.0506035614233715
4.0902633509680655
4.130069096804281
4.170020754903377
4.210118282066217
4.250361635922549
4.290750774895133
4.331285658220967
4.371966245926212
4.412792498807453
4.453764378438151
4.494881847161197
4.5361448680560175
4.57755340496328
4.6191074224524895
4.660806885821747
4.702651761094766
4.744642015003378
4.786777614982556
4.829058529172041
4.871484726392874
4.9140561761675094
4.956772848675125
4.9996347147800515
5.042641746003721
5.085793914525529
5.12909119318272
5.172533555455114
5.2161209754596465
5.259853427950367
5.30373088831435
5.34775333254897
5.391920737292444
5.436233079776785
5.48069033785139
5.525292489967391
5.570039515177048
5.614931393127405
5.659968104049625
5.705149628773014
5.750475948693116
5.795947045797663
5.841562902639884
5.887323502347937
5.9332288286110115
5.9792788656866485
6.025473598388702
6.0718130120882075
6.118297092708913
6.164925826720703
6.211699201150641
6.258617203554303
6.305679822039108
6.3528870452437145
6.400238862348821
6.447735263062889
6.495376237622766
6.5431617767990256
6.59109187188305
6.6391665146901415
6.687385697557781
6.735749413339795
6.784257655409086
6.832910417650435
6.881707694468691
6.930649480769782
6.97973577197747
7.02896656401697
7.0783418533258695
7.1278616368410965
7.177525912006245
7.22733467676462
7.2772879295616
7.327385669343518
7.377627895549715
7.428014608119124
7.478545807490144
7.529221494591574
7.580041670845103
7.631006338174242
7.682115498986081
7.733369156177741
7.784767313145682
7.836309973771186
7.887997142427055
7.939828823967682
7.991805023749407
8.043925747605694
8.0961910018588
8.148600793322004
8.201155129294145
8.253854017555414
8.30669746638124
8.359685484523059
8.412818081225694
8.466095266215309
8.519517049707229
8.57308344239738
8.626794455470229
8.68065010059469
8.734650389929586
8.788795336109372
8.843084952262506
8.897519252001029
8.952098249424397
9.00682195911193
9.0616903961398
9.116703576060067
9.17186151491742
9.22716422924473
9.282611736061538
9.33820405287221
9.393941197674742
9.449823188951077
9.505850045674933
9.562021787310178
9.618338433809225
9.674800005613031
9.731406523664871
9.788158009383778
9.84505448469334
9.902095972004199
9.959282494219257
10.016614074745728
10.074090737469314
10.131712506787467
10.189479407582956
10.247391465238017
10.305448705635463
10.363651155149759
10.421998840663267
10.480491789549385
10.539130029684936
10.597913589450064
10.656842497858056
10.71591678402683
10.775136477974435
10.834501610090912
10.894012211268377
10.95366831290846
11.013469946919086
11.073417145715338
11.133509942215118
11.193748369856893
11.25413246257549
11.314662254826924
11.375337781570648
11.436159078284694
11.49712618095413
11.558239126083967
11.619497950689857
11.680902692304166
11.742453388975855
11.804150079265641
11.865992802265474
11.927981597569133
11.99011650530536
12.052397566111425
12.11482482115484
12.177398312119962
12.240118081213948
12.302984170804942
12.365996624867341
12.42915548683003
12.492460801000924
12.55591261221235
12.619510965832841
12.683255907745412
12.747147484377104
12.811185742675027
12.875370730119144
12.939702494721656
13.004181085027112
13.068806550112178
13.133578939585876
13.198498303596654
13.263564692823714
13.328778158481212
13.394138752321627
13.459646526634256
13.52530153424647
13.591103828522835
13.657053463368838
13.72315049322828
13.789394973085765
13.855786958466066
13.922326505434263
13.989013670602315
14.055848511118755
14.122831084679001
14.18996144952435
14.257239664433554
14.324665788736704
14.392239883364693
14.459962006654024
14.52783222059186
14.595850586694327
14.66401716701884
14.73233202417355
14.80079522131186
14.869406822139778
14.938166890907075
15.007075492418725
15.076132692021616
15.145338555624408
15.214693149674202
15.284196541172175
15.353848797679793
15.423649987297454
15.493600178682984
15.563699441044323
15.633947844144476
15.704345458293579
15.774892354363912
15.845588603769547
15.916434278483724
15.987429451032396
16.05857419449224
16.129868582500475
16.20131268923659
16.272906589444602
16.344650358416754
16.416544071999866
16.488587806596215
16.560781639161643
16.633125647204224
16.705619908789203
16.77826450253293
16.851059507607566
16.924005003741094
16.99710107121185
17.070347790854484
17.143745244054493
17.21729351275766
17.290992679455538
17.36484282719846
17.438844039588247
17.51299640078178
17.5872999954832
17.661754908961022
17.7363612270232
17.811119036037965
17.886028422924156
17.961089475151834
18.036302280743154
18.11166692827199
18.187183506864187
18.262852106191847
18.338672816484745
18.414645728512472
18.490770933607248
18.567048523640864
18.643478591036697
18.720061228765626
18.796796530349138
18.873684589853355
18.950725501895384
19.027919361635487
19.105266264781797
19.182766307586093
19.260419586847043
19.33822619990895
19.416186244655545
19.49429981952129
19.572567023476363
19.650987956035696
19.729562717257142
19.80829140773959
19.887174128619996
19.966210981578364
20.04540206883001
20.124747493129085
20.204247357771138
20.283901766585945
20.363710823937634
20.443674634729753
20.523793304395728
20.604066938908296
20.68449564476895
20.76507952901402
20.845818699210714
20.926713263456346
21.00776333037514
21.088969009126654
21.17033040939473
21.25184764139048
21.33352081585105
21.41535004404035
21.497335437744965
21.579477109277512
21.66177517146981
21.744229737676594
21.826840921776025
21.909608838160377
21.99253360174633
22.07561532796407
22.158854132762837
22.24225013260228
22.325803444466818
22.409514185842458
22.493382474736755
22.577408429662817
22.66159216964588
22.74593381422131
22.830433483430895
22.915091297824457
22.999907378453383
23.084881846879455
23.170014825165033
23.25530643587443
23.34075680207105
23.42636604732309
23.512134295692142
23.598061671740002
23.68414830052446
23.77039430759569
23.856799819001353
23.943364961275904
24.03008986145166
24.11697464704488
24.204019446063104
24.291224387001787
24.37858959883872
24.46611521103925
24.55380135355031
24.641648156803154
24.729655751705298
24.81782426964733
24.906153842495602
24.994644602592842
25.083296682757165
25.172110216282068
25.261085336927504
25.350222178932523
25.439520876995687
25.52898156629267
25.61860438246163
25.708389461602952
25.79833694028545
25.888446955536946
25.978719644847242
26.06915514616452
26.159753597896454
26.250515138901537
26.341439908499243
26.432528046458494
26.523779693001625
26.615194988797935
26.706774074970756
26.79851709308505
26.890424185150874
26.982495493629838
27.074731161414878
27.167131331848502
27.25969614870912
27.352425756209833
27.445320299005353
27.538379922179978
27.631604771253553
27.724994992177496
27.818550731328955
27.91227213551727
28.00615935197417
28.10021252836134
28.19443181275739
28.288817353665173
28.38336930000894
28.478087801127508
28.572973006781204
28.66802506713537
28.76324413277935
28.858630354709096
28.954183884327694
29.049904873449687
29.145793474296863
29.241849839489927
29.338074122057336
29.434466475430565
29.531027053433434
29.627756010293908
29.724653500631426
29.821719679464106
29.918954702198576
30.016358724634912
30.113931902957734
30.211674393743507
30.309586353957197
30.40766794094197
30.505919312422908
30.60434062650603
30.702932041678654
30.801693716800834
30.900625811111688
30.999728484218604
31.099001896106927
31.19844620712257
31.2980615779879
31.397848169787363
31.497806143968067
31.597935662342305
31.69823688708231
31.79870998071804
31.899355106138408
32.00017242658496
32.10116210565385
32.202324307292756
32.30365919580049
32.40516693581831
32.50684769233961
32.608701630702235
32.71072891658
32.81292971599193
32.91530419529674
33.01785252118608
33.120574860689786
33.22347138116988
33.326542250318276
33.429787636157556
33.53320770703798
33.636802631638375
33.74057257895441
33.84451771830962
33.94863821934609
34.05293425202421
34.15740598661997
34.262053593724666
34.366877244242474
34.47187710938813
34.577053360686314
34.6824061699648
34.787935709362785
34.8936421513171
34.9995256685692
35.10558643416049
35.21182462142897
35.31824040400624
35.4248339558216
35.53160545109339
35.63855506433253
35.745682970335416