1.1484256203573942
1.1747626674192415
1.2012545027666552
1.2279009053802592
1.2547016600561445
1.2816565571372693
1.3087653922987295
1.336027966305596
1.3634440848247482
1.3910135582105156
1.4187362013335134
1.446611833398433
1.4746402777978267
1.5028213619241868
1.5311549170682914
1.5596407782484123
1.588278784086318
1.617068776698791
1.6460106015677969
1.6751041074308854
1.7043491461766798
1.733745572751661
1.7632932450561547
1.792992023855336
1.8228417726975572
1.8528423578381366
1.8829936481405591
1.913295515020993
1.943747832365625
1.9743504764772881
2.0051033259930455
2.036006261832679
2.0670591671332783
2.0982619271912744
2.129614429421481
2.1611165632879596
2.1927682202570984
2.2245692937534285
2.2565196791167996
2.2886192735491333
2.3208679760639046
2.353265687476957
2.3858123103340176
2.4185077488800353
2.451351909032374
2.4843446983347612
2.5174860259248937
2.55077580251706
2.5842139403380937
2.617800353125387
2.6515349560865533
2.6854176658656623
2.719448400520902
2.753627079503476
2.787953623612796
2.822427954989779
2.8570499970925205
2.8918196746529747
2.9267369136779484
2.961801641404169
2.9970137862993997
3.032373278022477
3.067880047414864
3.103534026473971
3.139335148334531
3.1752833472664945
3.2113785586186756
3.2476207188428328
3.2840097654573004
3.320545637025393
3.357228273146342
3.3940576144519476
3.4310336025539483
3.4681561800792733
3.505425290611828
3.54284087870677
3.58040288986047
3.6181112705086504
3.655965968000568
3.693966930595663
3.732114107459091
3.77040744862734
3.8088469050128237
3.8474324283904773
3.8861639713865848
3.9250414874591684
3.9640649308987346
4.0032342568149915
4.04254942112034
4.0820103805312415
4.1216170925468685
4.161369515449227
4.201267608286525
4.241311330871312
4.28150064376521
4.321835508277053
4.362315886446628
4.402941741045167
4.443713035559838
4.484629734196845
4.525691801856602
4.566899204142548
4.608251907346501
4.649749878446546
4.691393085091521
4.733181495600769
4.775115078963268
4.817193804817774
4.859417643453809
4.901786565808315
4.944300543457337
4.98695954860944
5.029763554100503
5.072712533383659
5.115806460536621
5.159045310247284
5.2024290578045385
5.245957679105472
5.28963115063923
5.333449449491115
5.377412553335016
5.42152044042049
5.46577308958693
5.510170480238474
5.554712592358663
5.599399406490701
5.644230903747881
5.689207065800558
5.734327874869062
5.779593313731782
5.825003365718697
5.870558014694255
5.9162572450789686
5.962101041820123
6.0080893904058
6.054222276862274
6.100499687737499
6.146921610110423
6.193488031583416
6.240198940287231
6.287054324863381
6.334054174477298
6.381198478801324
6.428487228029487
6.47592041286049
6.523498024504791
6.571220054674918
6.619086495589941
6.667097339967649
6.715252581034978
6.763552212513364
6.811996228612537
6.860584624049388
6.90931739403295
6.958194534260798
7.00721604091967
7.05638191069428
7.105692140749816
7.15514672874249
7.204745672813459
7.254488971589319
7.304376624177882
7.354408630175259
7.404584989653811
7.454905703169851
7.505370771759671
7.555980196939291
7.606733980703716
7.657632125521722
7.70867463434455
7.759861510601303
7.811192758188654
7.862668381490452
7.914288385358234
7.966052775124883
8.017961556589233
8.070014736032702
8.122212320207751
8.17455431633788
8.227040732129176
8.279671575747967
8.332446855848254
8.3853665815454
8.43843076243921
8.491639408593588
8.544992530555136
8.598490139331824
8.65213224641867
8.705918863776274
8.759850003843228
8.813925679528172
8.868145904220592
8.922510691778909
8.977020056540397
9.031674013315365
9.08647257739385
9.141415764538168
9.19650359098863
9.251736073465153
9.30711322915981
9.36263507574937
9.418301631384375
9.474112914694226
9.530068944792273
9.586169741271226
9.642415324199181
9.698805714134014
9.755340932106135
9.812020999639707
9.868845938732171
9.925815771872486
9.982930522030214
10.040190212662836
10.097594867712152
10.155144511608388
10.212839169267948
10.27067886609938
10.328663627993693
10.386793481341732
10.445068453016056
10.503488570386834
10.562053861314258
10.62076435415253
10.679620077876708
10.738621061581002
10.797767335229592
10.85705892915307
10.916495874190295
10.976078201672403
11.035805943429862
11.09567913179497
11.155697799601844
11.21586198018705
11.276171707386737
11.336627015544094
11.397227939504631
11.457974514623869
11.51886677676015
11.579904762276119
11.64108850805263
11.702418051470373
11.763893430423282
11.82551468332089
11.887281849076542
11.949194967122407
12.011254077399931
12.073459220373975
12.135810437012838
12.198307768807247
12.260951257769488
12.323740946421491
12.386676877810592
12.449759095127485
12.51298764319097
12.576362566248635
12.639883909431694
12.703551718389319
12.767366039301049
12.831326918868484
12.895434404317388
12.959688543408115
13.024089384415747
13.088636976154188
13.1533313679579
13.218172609702762
13.28316075178088
13.348295845123541
13.413577941194639
13.479007091989429
13.544583350035028
13.610306768394265
13.676177400664683
13.742195300976302
13.808360524003916
13.874673124947602
13.94113315955208
14.007740684103116
14.074495755415606
14.141398430851574
14.20844876831285
14.275646826236848
14.342992663606491
14.41048633994675
14.478127916366876
14.545917451416118
14.613855007264718
14.681940645605797
14.750174428677
14.818556419269546
14.887086680708887
14.955765276873544
15.024592272188185
15.093567731617899
15.16269172068235
15.231964305445722
15.301385552517218
15.370955529059003
15.440674302777019
15.510541941933766
15.580558515332172
15.650724092328
15.721038742827744
15.791502537290857
15.862115546720068
15.932877842673559
16.003789497260232
16.074850583138723
16.146061173518277
16.21742134215849
16.28893116337726
16.360590712036128
16.432400063551963
16.50435929389609
16.576468479584463
16.648727697691598
16.72113702584236
16.793696542216065
16.866406325537916
16.93926645509228
17.01227701071116
17.085438072781983
17.158749722240316
17.232212040579515
17.305825109839333
17.37958901261594
17.453503832052654
17.52756965185046
17.601786556259206
17.67615463007662
17.750673958656122
17.825344627901853
17.90016672426608
17.975140334756382
18.05026554692748
18.125542448882946
18.200971129279942
18.27655167732288
18.352284182765906
18.4281687359134
18.504205427616487
18.580394349278894
18.65673559284328
18.73322925080861
18.80987541621875
18.886674182664194
18.963625644280825
19.040729895746942
19.117987032297403
19.19539714970041
19.272960344273784
19.35067671287713
19.428546352918183
19.506569362343722
19.58474583964308
19.66307588384699
19.74155959452886
19.820197071804497
19.89898841632406
19.977933729283464
20.057033112411485
20.136286667981164
20.21569449879567
20.2952567082012
20.37497340007582
20.454844678836395
20.53487064943402
20.61505141734606
20.695387088595517
20.77587776972758
20.85652356782115
20.937324590490228
21.01828094587582
21.099392742644977
21.18066008999622
21.26208309765684
21.343661875875068
21.42539653542912
21.507287187624122
21.589333944282036
21.6715369177542
21.75389622090868
21.83641196713583
21.91908427034969
22.001913244979885
22.08489900597376
22.168041668796867
22.251341349432096
22.334798164371726
22.418412230630352
22.502183665727603
22.58611258770009
22.670199115093435
22.75444336696142
22.838845462869088
22.923405522887133
23.008123667593186
23.093000018069667
23.178034695903428
23.26322782318401
23.348579522501172
23.43408991694786
23.51975913011523
23.605587286092437
23.69157450946473
23.777720925315467
23.864026659219153
23.950491837244545
24.037116585956763
24.12390103240289
24.210845304129723
24.297949529161922
24.385213836018035
24.472638353699686
24.560223211695057
24.647968539970197
24.73587446897535
24.8239411296436
24.912168653383908
25.000557172082733
25.089106818102287
25.177817724282534
25.266690023933847
25.355723850838896
25.44491933925225
25.534276623895177
25.623795839961108
25.713477123104457
25.803320609447827
25.89332643557344
25.98349473853121
26.073825655827193
26.164319325427453
26.25497588575617
26.34579547569306
26.43677823457187
26.52792430217965
26.61923381875499
26.710706924985555
26.802343762007343
26.894144471406413
26.98610919521368
27.07823807589559
27.170531256372144
27.262988879996513
27.355611090564
27.44839803230768
27.541349849894804
27.634466688427672
27.727748693443132
27.821196010904387
27.914808787207456
28.008587169180423
28.102531304066186
28.1966413395448
28.290917423710642
28.385359705084184
28.47996833260284
28.574743455623047
28.669685223918044
28.76479378767353
28.860069297494228
28.95551190438927
29.051121759779594
29.14689901549701
29.242843823773967
29.338956337255265
29.43523670898201
29.531685092400078
29.628301641350546
29.72508651007999
29.822039853220517
29.91916182580898
30.016452583266535
30.11391228141386
30.211541076451713
30.309339124972194
30.407306583954295
30.505443610760796
30.603750363130928
30.70222699919231
30.800873677443178
30.899690556770768
30.998677796424378
31.09783555603126
31.197163995591403
31.296663275474543
31.39633355641547
31.496174999517613
31.596187766251298
31.69637201843899
31.796727918277373
31.897255628314284
31.997955311453776
32.098827130957005
32.19987125044223
32.3010878338751
32.40247704557171
32.504039050195765
32.60577401276053
32.707682098618356
32.809763473468145
32.91201830334803
33.01444675463461
33.11704899404173
33.21982518862172
33.32277550575185
33.42590011315147
33.52919917886104
33.632672871252545
33.73632135902552
33.84014481119912
33.94414339711732
34.04831728644521
34.15266664916376
34.257191655573806
34.361892476289334
34.46676928223377
34.57182224464817
34.677051535079414
34.782457325380854
34.88803978771143
34.993799094535646
35.09973541861853
35.2058489330236
35.31213981111205
35.4186082265459
35.52525435327505
35.63207836554503
35.73908043789108
35.84626074513727
35.95361946239279