0.18010395548283215
0.18640390658391515
0.19289654393061126
0.19958764636320123
0.20648320180655907
0.2135894174931742
0.22091273083632237
0.22845982100067547
0.23623762106099916
0.24425333087790077
0.25251443062558726
0.2610286948173512
0.2698042070426447
0.2788493748883505
0.2881729451537241
0.29778401883869005
0.3076920655464091
0.3179069365713974
0.32843887575470043
0.3392985268696203
0.3504969357165156
0.36204554456923094
0.3739561759395034
0.3862410014176159
0.39891249053444716
0.4119833330347026
0.4254663270440292
0.4393742243930983
0.4537195246479668
0.46851421053980474
0.48376942189786265
0.49949507259091686
0.5156994267186209
0.5323886650090476
0.5495664872017946
0.5672338058818543
0.5853885854821874
0.6040258635942737
0.6231379624179648
0.6427148642859863
0.6627446980734076
0.6832142718323317
0.7041095909931117
0.7254163178364685
0.7471201476465439
0.7692070948753409
0.7916636949654625
0.8144771344171955
0.8376353238203832
0.8611269282612225
0.8849413673326906
0.9090687947283435
0.9335000649010364
0.9582266923375301
0.9832408072534318
1.0085351104318216
1.0341028288522853
1.0599376732197507
1.0860337982750123
1.1123857642268182
1.13898850527862
1.1658372954337084
1.192927721216404
1.2202556553206811
1.2478172329198347
1.2756088301604376
1.3036270446781146
1.3318686779118363
1.3603307191017977
1.3890103307076205
1.4179048352172121
1.447011703140862
1.4763285420818433
1.505853086803835
1.5355831901237524
1.565516814656176
1.5956520252395776
1.6259869819989217
1.6565199339901442
1.6872492133800943
1.7181732300834909
1.749290466851434
1.7805994747115508
1.8120988688022286
1.8437873244930731
1.8756635738213783
1.9077264021903688
1.939974645283664
1.9724071862520618
2.005022953038473
2.037820915956432
2.0708000853893824
2.1039595096588877
2.1372982730371977
2.170815493905782
2.2045103230211036
2.238381941889122
2.272429561229168
2.3066524196009066
2.341049782019022
2.3756209387380633
2.4103652040520673
2.445281915205143
2.480370431343514
2.5156301325357027
2.5510604188453425
2.5866607094671674
2.6224304418963915
2.6583690711673467
2.6944760690915013
2.7307509235862097
2.7671931380109114
2.803802230543419
2.840577733580414
2.877519193196273
2.91462616859284
2.9518982316116267
2.9893349662393143
3.0269359681614105
3.064700844327949
3.102629212544262
3.1407207010600113
3.1789749482225194
3.2173916021075057
3.255970320162363
3.294710768913477
3.333612623637804
3.3726755680644787
3.4118992941027417
3.451283501568129
3.4908278979173444
3.5305321980140465
3.570396123879734
3.6104194044818705
3.65060177549669
3.6909429791164334
3.7314427638547287
3.772100884338065
3.8129171011316503
3.853891180574827
3.8950228945844625
3.9363120205324424
3.9777583410392547
4.019361643871716
4.0611217217759
4.103038372334032
4.145111397845448
4.1873406051946604
4.2297258057264875
4.272266815114736
4.314963453273327
4.357815544225971
4.4008229160016565
4.443985400553846
4.4873028336299
4.530775054687051
4.574401906824626
4.618183236657697
4.662118894259609
4.706208733055983
4.750452609775562
4.79485038434545
4.839401919824465
4.884107082340329
4.928965741013583
4.9739777678824915
5.019143037858981
5.064461428640764
5.109932820667148
5.155557097061319
5.201334143561459
5.247263848468981
5.293346102608194
5.339580799263743
5.385967834121901
5.432507105240284
5.479198512994105
5.526041960019077
5.573037351192425
5.6201845935671
5.667483596334172
5.714934270801851
5.762536530322007
5.81029029029067
5.858195468086709
5.906251983036711
5.954459756392758
6.002818711297429
6.051328772737375
6.0999898675247035
6.148801924267933
6.197764873328426
6.246878646806488
6.296143178506364
6.3455584039140245
6.395124260157316
6.444840685993803
6.494707621787432
6.544725009469305
6.594892792538554
6.645210916002386
6.695679326392221
6.746297971728193
6.797066801482411
6.847985766580445
6.899054819371539
6.950273913610864
7.001643004437544
7.053162048362992
7.10483100325229
7.156649828293283
7.208618484004274
7.260736932191081
7.31300513595175
7.365423059653221
7.417990668916062
7.4707079305925
7.523574812773616
7.576591284746655
7.629757317009912
7.683072881232274
7.736537950268857
7.790152498119797
7.843916499941797
7.897829932023548
7.951892771775052
8.00610499772043
8.06046658948724
8.114977527786621
8.169637794415783
8.224447372240858
8.279406245187614
8.334514398229029
8.389771817390383
8.445178489711646
8.500734403269583
8.55643954715304
8.612293911449177
8.668297487253884
8.724450266643244
8.78075224268097
8.837203409403026
8.893803761811906
8.950553295869437
9.007452008489588
9.064499897535853
9.121696961800284
9.179043201020113
9.236538615849089
9.29418320786281
9.351976979547555
9.409919934306615
9.468012076431735
9.526253411118525
9.584643944451418
9.643183683397977
9.701872635807899
9.760710810404444
9.819698216774759
9.878834865379188
9.938120767533766
9.997555935408736
10.057140382022336
10.116874121244402
10.176757167779616
10.236789537176183
10.2969712458107
10.357302310888153
10.417782750444637
10.478412583325282
10.539191829205459
10.600120508565347
10.661198642695389
10.722426253695426
10.783803364462157
10.845329998698576
10.90700618089895
10.968831936349694
11.030807291122287
11.092932272086685
11.155206906881402
11.217631223933125
11.280205252442068
11.342929022382712
11.405802564499343
11.468825910310265
11.531999092089317
11.595322142882612
11.658795096487205
11.722417987466976
11.786190851129781
11.850113723546087
11.914186641524756
11.978409643535894
12.042782766114055
12.10730604917871
12.171979532521489
12.236803256674154
12.30177726289545
12.366901593185501
12.432176290272771
12.497601397613328
12.56317695939643
12.628903020528002
12.694779626643317
12.760806824094324
12.82698465995523
12.893313182014937
12.959792438778285
13.026422479460825
13.093203353992557
13.160135113013455
13.227217807866642
13.294451490603729
13.361836213979343
13.429372031451393
13.49705899717485
13.564897166008828
13.63288659350206
13.701027335902204
13.769319450150764
13.837762993879851
13.906358025413432
13.975104603757769
14.044002788613833
14.113052640363897
14.182254220068186
14.251607589479772
14.321112811024962
14.390769947807643
14.46057906361313
14.530540222897985
14.600653498701899
14.670918933112748
14.741336616320593
14.81190660756964
14.882628974667854
14.953503786094206
15.024531110995689
15.095711019177015
15.167043581103842
15.238528867908983
15.310166951377632
15.381957903953078
15.453901798734838
15.525998709483876
15.598248710598517
15.670651877142129
15.743208284820536
15.815918009992066
15.888781129659362
15.961797721468393
16.03496786371614
16.108291635335462
16.181769115902046
16.255400385630793
16.3291855253787
16.403124616631683
16.477217741516984
16.551464982795128
16.625866423855058
16.700422148720474
16.7751322420419
16.84999678909939
16.9250158757956
17.000189588664103
17.075518014857572
17.151001242147938
17.226639358937906
17.302432454239504
17.378380617685984
17.45448393952562
17.530742510619845
17.607156422448714
17.683725767098622
17.76045063726601
17.837331126259745
17.91436732799105
17.99155933698394
18.06890724835771
18.146411157839488
18.224071161756026
18.301887357036815
18.379859841202403
18.4579887123772
18.536274069276562
18.61471601120987
18.693314638080576
18.772070050379085
18.850982349186875
18.930051636171527
19.009278013590944
19.088661584277833
19.16820245165721
19.24790071973076
19.327756493080564
19.40776987686586
19.48794097682157
19.568269899260397
19.64875675106662
19.729401639693013
19.81020467316961
19.891165960088617
19.972285609611323
20.053563731464646
20.13500043593777
20.21659583388513
20.298350036716485
20.38026315640336
20.462335305477446
20.544566597019173
20.626957144666655
20.709507062612197
20.79221646559363
20.87508546890447
20.958114188378037
21.04130274039553
21.1246512418885
21.208159810320478
21.2918285637025
21.375657620584168
21.459647100048674
21.543797121717034
21.628107805744982
21.71257927281738
21.797211644153304
21.882005041499102
21.966959587124425
22.05207540382941
22.137352614934887
22.222791344287096
22.308391716243896
22.394153855693034
22.480077888031268
22.56616393916923
22.652412135536494
22.738822604069306
22.825395472216275
22.912130867931076
22.999028919675776
23.086089756416744
23.173313507620694
23.260700303257643
23.348250273793358
23.435963550196664
23.523840263921205
23.611880546927416
23.70008453165807
23.7884523510482
23.876984138523248
23.965680027991116
24.05454015384837
24.14356465097156
24.232753654717573
24.322107300925403
24.411625725910778
24.501309066459605
24.591157459837152
24.68117104377873
24.7713499564897
24.861694336641627
24.952204323375494
25.042880056291917
25.13372167545932
25.22472932140327
25.31590313510808
25.407243258016823
25.49874983202587
25.590422999486105
25.682262903197877
25.774269686409852
25.866443492823986
25.95878446658064
26.05129275226899
26.14396849491823
26.236811839994953
26.329822933408
26.42300192150014
26.516348951048197
26.609864169261677
26.70354772378055
26.797399762672118
26.89142043443168
26.98560988798037
27.07996827265763
27.174495738227144
27.26919243487026
27.36405851318724
27.45909412418869
27.554299419305377
27.649674550371575
27.745219669635503
27.840934929753875
27.936820483780338
28.032876485182857
28.129103087824102
28.225500445967167
28.322068714277044
28.418808047805367
28.515718602004924
28.61280053272024
28.710053996180367
28.807479149006948
28.905076148204667
29.00284515116324
29.10078631565367
29.198899799829146
29.2971857622167
29.395644361721818
29.494275757623704
29.593080109576924
29.692057577597225
29.791208322078674
29.890532503777038
29.990030283811134
30.089701823661095
30.18954728517359
30.28956683054791
30.389760622337846
30.490128823457514
30.59067159717141
30.69138910709097
30.792281517180864
30.8933489917476
30.994591695445852
31.096009793270124
31.197603450558255
31.29937283298395
31.40131810655765
31.503439437623946
31.60573699286155