0.2664388157267263
0.2765390809872471
0.28704341062694405
0.29797581822089286
0.3093628867859967
0.32123409573933587
0.333622102730891
0.3465628617785758
0.36009533906876406
0.37426039172261866
0.389098138371414
0.40464311542161113
0.4209172813011978
0.4379229871675198
0.45563999782043796
0.4740292058967478
0.4930409635512802
0.5126233686047605
0.5327276455293788
0.5533105306052585
0.5743347457375495
0.595768562524332
0.6175850535496631
0.6397613144388032
0.6622777670616204
0.685117573159605
0.7082661546822805
0.7317108061162929
0.7554403822298776
0.7794450462507383
0.8037160659691135
0.8282456477780944
0.8530268007663744
0.8780532247271088
0.9033192172503363
0.9288195961704772
0.9545496344539114
0.9805050051731702
1.0066817347575516
1.0330761630586291
1.0596849090639109
1.0865048413250071
1.113533052288552
1.140766835999009
1.1682036685650459
1.1958411910452822
1.2236771943507683
1.2517096059072557
1.2799364778418059
1.3083559764149586
1.3369663726727665
1.3657660340070266
1.3947534166089397
1.4239270586760615
1.4532855742874027
1.4828276478580498
1.5125520291047962
1.5424575284919986
1.5725430130854208
1.6028074027179962
1.633249666586538
1.6638688200305383
1.6946639216526718
1.7256340706191529
1.7567784042311725
1.7880960956173564
1.8195863516863784
1.8512484111386591
1.8830815427306493
1.9150850435656768
1.9472582375673755
1.979600474067679
2.012111126434532
2.0447895908516536
2.077635285157005
2.1106476477510183
2.1438261365999005
2.177170228259417
2.2106794170193225
2.244353214044191
2.278191146614413
2.312192757377619
2.346357603650121
2.3806852567977983
2.415175301586318
2.449827335626934
2.4846409688297313
2.519615822887651
2.5547515307860893
2.590047736339425
2.6255040937801795
2.6611202673088252
2.696895930753198
2.732830767136306
2.768924468385512
2.805176734953839
2.8415872755316363
2.878155806736523
2.9148820528202135
2.9517657454009116
2.9888066232133292
3.026004431827304
3.0633589234664553
3.1008698567359887
3.1385369964211205
3.1763601133001513
3.2143389839211722
3.2524733904333814
3.290763120402022
3.329207966631258
3.3678077270194495
3.4065622043764465
3.4454712062941297
3.484534544984927
3.5237520371679962
3.563123503907742
3.602648770508684
3.642327666379297
3.682160024932093
3.722145683449196
3.762284482986398
3.802576268282922
3.8430208876307206
3.8836181927960327
3.9243680389358504
3.9652702844939034
4.006324791116381
4.0475314235784525
4.088890049696638
4.130400540258057
4.172062768944096
4.213876612258293
4.255841949449506
4.297958662468471
4.3402266358888575
4.382645756836527
4.425215914953282
4.467937002323387
4.5108089134111395
4.553831545034553
4.597004796287285
4.640328568499788
4.6838027651874246
4.727427292011123
4.771202056719413
4.815126969122853
4.859201941027753
4.903426886221527
4.947801720408645
4.992326361187796
5.0370007280178815
5.081824742160665
5.126798326670845
5.171921406346161
5.217193907702072
5.262615758940223
5.308186889914942
5.35390723209823
5.399776718564374
5.4457952839453885
5.491962864426789
5.53827939769733
5.5847448229314995
5.631359080781452
5.678122113323888
5.725033864051855
5.772094277862464
5.819303301020772
5.866660881138801
5.914166967156797
5.961821509327221
6.009624459198361
6.0575757695795795
6.10567539454231
6.153923289384302
6.202319410631741
6.250863716004113
6.2995561644080045
6.348396715915626
6.39738533176593
6.446521974321669
6.495806607075471
6.545239194631719
6.594819702687567
6.644548098026723
6.69442434850531
6.744448423031627
6.794620291560814
6.8449399250829375
6.895407295616658
6.946022376173732
6.996785140783343
7.047695564456598
7.098753623188762
7.149959293935681
7.201312554623206
7.252813384117164
7.304461762232785
7.356257669710876
7.408201088218189
7.4602920003404725
7.512530389561121
7.564916240270609
7.617449537741917
7.670130268144183
7.72295841851018
7.775933976749105
7.829056931629077
7.882327272776636
7.93574499066285
7.989310076605789
8.043022522754518
8.096882322095423
8.150889468436704
8.20504395640129
8.259345781434169
8.313794939777935
8.368391428490161
8.423135245413615
8.47802638919463
8.533064859259513
8.58825065582399
8.64358377988289
8.699064233197753
8.754692018309715
8.810467138525622
8.86638959790487
8.922459401275168
8.978676554216767
9.03504106305652
9.091552934872205
9.148212177486583
9.205018799456719
9.261972810082915
9.319074219398038
9.376323038162184
9.433719277865658
9.491262950724872
9.548954069677388
9.606792648378063
9.664778701194836
9.722912243221504
9.781193290250178
9.839621858788647
9.898197966049466
9.956921629949704
10.01579286910536
10.074811702835822
10.133978151156187
10.193292234773528
10.252753975094466
10.312363394213131
10.372120514911906
10.432025360662548
10.492077955621713
10.552278324627984
10.612626493207205
10.67312248756143
10.73376633457191
10.794558061793504
10.855497697467955
10.916585270496343
10.97782081046428
11.039204347622046
11.100735912891293
11.16241553786133
11.224243254792704
11.286219096600837
11.348343096877235
11.410615289872371
11.473035710499024
11.535604394327823
11.598321377592574
11.66118669718468
11.724200390650413
11.787362496196861
11.850673052683998
11.91413209962244
11.977739677181267
12.041495826182812
12.105400588091488
12.169454005032037
12.233656119773514
12.298006975734125
12.36250661697814
12.427155088220214
12.491952434816593
12.55689870277007
12.621993938725023
12.687238189976227
12.752631505404977
12.818173931706045
12.883865519021553
12.949706317202931
13.01569637673798
13.08183574876465
13.148124485048944
13.214562637994357
13.281150260640754
13.347887406665855
13.414774130380284
13.481810486724205
13.548996531277258
13.616332320247508
13.683817910477654
13.75145335943597
13.819238725221387
13.887174066566857
13.955259442833002
14.023494913999576
14.09188054068617
14.16041638413075
14.229102506197355
14.297938969377704
14.366925836785365
14.436063172159352
14.50535103985892
14.574789504868024
14.644378632789365
14.714118489847616
14.784009142887813
14.85405065937237
14.924243107381328
14.994586555615463
15.06508107339343
15.135726730641949
15.206523597912325
15.277471746365046
15.348571247778237
15.419822174536474
15.491224599644323
15.562778596713054
15.634484239968836
15.706341604240325
15.778350764974427
15.850511798217553
15.922824780631633
15.995289789481953
16.0679069026374
16.140676198575555
16.213597756376114
16.28667165572237
16.359897976902342
16.433276800803057
16.506808208913412
16.580492283322545
16.654329106717995
16.728318762386806
16.80246133421639
16.87675690667915
16.951205564858046
17.025807394416425
17.100562481624465
17.175470913336707
17.2505327770005
17.32574816065811
17.401117152938394
17.476639843057928
17.552316320824353
17.628146676633275
17.704131001461192
17.78026938687728
17.856561925023286
17.93300870863835
18.00960983103271
18.086365386099832
18.163275468317064
18.240340172737675
18.31755959499197
18.394933831289777
18.472462978413382
18.55014713372223
18.62798639514846
18.70598086119654
18.784130630941522
18.862435804028923
18.94089648067584
19.01951276166176
19.098284748339488
19.177212542623614
19.25629624699334
19.335535964491765
19.414931798721277
19.49448385385112
19.574192234607725
19.65405704627161
19.734078394685547
19.814256386248008
19.894591127909685
19.97508272717634
20.055731292105943
20.136536931308445
20.217499753943404
20.298619869711914
20.379897388875854
20.46133242223207
20.542925081125517
20.62467547744569
20.706583723620017
20.78864993262156
20.870874217957972
20.953256693680324
21.0357974743683
21.118496675146748
21.201354411665406
21.28437080011048
21.3675459572009
21.450880000181247
21.534373046827096
21.618025215441794
21.701836624848248
21.785807394401242
21.869937643973376
21.954227493957834
22.038677065270587
22.12328647934433
22.208055858127974
22.29298532408579
22.378075000194546
22.463325009948093
22.548735477344596
22.634306526895458
22.72003828362073
22.80593087304254
22.891984421192788
22.97819905460009
23.06457490030384
23.151112085832708
23.2378107392239
23.32467098900303
23.411692964197048
23.498876794325536
23.586222609398728
23.673730539917024
23.761400716875556
23.84923327174833
23.937228336500993
24.02538604358252
24.113706525921373
24.20218991693517
24.290836350508602
24.37964596101465
24.46861888329772
24.557755252677463
24.647055204945577
24.736518876367526
24.826146403673114
24.91593792406555
25.005893575211623
25.096013495239003
25.186297822745885
25.27674669678502
25.36736025687298
25.458138642977037
25.549081995529907
25.640190455410906
25.731464163953753
25.822903262945832
25.91450789462025
26.006278201659555
26.09821432718792
26.19031641478008
26.28258460844507
26.37501905263914
26.46761989225159
26.56038727261298
26.653321339483952
26.74642223906416
26.83969011797937
26.933125123288285
27.02672740247882
27.120497103457552
27.214434374564362
27.308539364557927
27.402812222614955
27.497253098335907
27.591862141734328
27.68663950324204
27.781585333701848
27.876699784371475
27.97198300691355
28.067435153404006
28.163056376317844
28.258846828545988
28.35480666336935
28.45093603447745
28.54723509595366
28.643704002285467
28.740342908345657
28.837151969408154
28.934131341134776
29.03128117957857
29.128601641176612
29.226092882757957
29.32375506152886
29.421588335084458
29.51959286139559
29.617768798810065
29.716116306056744
29.814635542235973
29.913326666820474
30.012189839657562
30.111225220961085
30.210432971308073
30.309813251647416
30.409366223286973
30.509092047898772
30.608990887510195
30.709062904510073
30.80930826164136
30.90972712200099
31.010319649038045
31.111086006550007
31.212026358682646
31.313140869933243
31.414429705132346
31.51589302946251
31.61753100844664
31.719343807936053
31.821331594130235
31.923494533556728
32.02583279307682
32.128346539886465
32.23103594150293
32.33390116577664
32.43694238088111
32.54015975531271
32.643553457890604
32.74712365774928
32.85087052434503
32.95479422744435