3.971889227456797e-12
3.971889227456797e-12
3.971889227456797e-12
3.971889227456797e-12
3.971889227456797e-12
3.971889227456797e-12
3.971889227456797e-12
3.971889227456797e-12
3.971889227456797e-12
3.971889227456797e-12
3.971889227456797e-12
3.971889227456797e-12
3.971889227456797e-12
3.971889227456797e-12
3.971889227456797e-12
3.971889227456797e-12
3.971889227456797e-12
3.971889227456797e-12
3.971889227456797e-12
3.971889227456797e-12
5.9578338411851955e-12
0.
0.
1.9859446137283985e-12
1.9859446137283985e-12
3.971889227456797e-12
3.971889227456797e-12
3.971889227456797e-12
3.971889227456797e-12
6.206076917901245e-12
4.964861534320996e-12
6.454319994617295e-12
8.688507685061743e-12
2.0604175367432134e-11
4.4931996885605015e-11
9.160169530822237e-11
1.9487081522209909e-10
3.9520297813195127e-10
7.849446085761494e-10
1.5175099279652124e-9
2.8480928191632394e-9
5.20094070027796e-9
9.239359072294659e-9
1.6022601143560718e-8
2.7155310161968687e-8
4.50446992424341e-8
7.321929547739889e-8
1.1678099057953131e-7
1.8297599995817286e-7
2.8191302994027777e-7
4.2751777240038636e-7
6.387080874857986e-7
9.408459773722864e-7
1.3675214610133751e-6
1.962721225658535e-6
2.7834247529494785e-6
3.902669376188371e-6
5.413206900857859e-6
7.431754022580606e-6
0.000010103882467487518
0.000013609696063139161
0.000018170301194320373
0.000024055104156523395
0.00003159013424982403
0.00004116722827623395
0.000053254415788815144
0.00006840733430131962
0.00008728181074380349
0.00011064772931386473
0.00013940413185475661
0.00017459563615599566
0.00021743023696790676
0.00026929850735536406
0.00033179419741181075
0.00040673632541065593
0.0004961927507195966
0.0006025052436206922
0.0007283160309355299
0.0008765959152632536
0.0010506739072601455
0.001254268386848317
0.0014915197521451582
0.001767024671298334
0.0020858717542711794
0.002453678706391018
0.002876631099697615
0.003361522445085347
0.003915795754896811
0.00454758653713425
0.005265767141851019
0.006079992510116445
0.007000747190509816
0.008039393746023863
0.009208222347818379
0.0105205016918612
0.011990531106391221
0.01363369385591305
0.0154665116389926
0.017506700184776566
0.019773226043809308
0.0222863644537423
0.02506775828043255
0.028140478047090436
0.03152908306959871
0.035259683578597684
0.0393600039536995
0.04385944696184548
0.048789159088677946
0.054182096939343026
0.06007309465063587
0.06649893246020684
0.07349840637722214
0.08111239896018872
0.0893839513198586
0.09835833628291793
0.10808313285721449
0.11860830198958683
0.1299862636999531
0.142271975641308
0.15552301319435874