7.721805140432248
8.068888481780007
8.433015687264186
8.813937692427826
9.211426988607334
9.625276779553673
10.055299934473151
10.501327836686704
10.96320920034725
11.440808906836757
11.934006896034088
12.44269713524695
12.966786678966779
13.506194825440426
14.06085237068668
14.63070095673245
15.215692508126562
15.815788749085359
16.43096079221513
17.06118879029398
17.706461641036686
18.36677673650364
19.042139748546198
19.732564442686087
20.438072513484038
21.15869343442959
21.894464322788846
22.645429803554613
23.411641875297466
24.193159787864694
24.990049902789604
25.802385556528982
26.630246916740372
27.47372083222772
28.332900676107716
29.207886182096857
30.098783273994613
31.00570388860745
31.928765792545036
32.86809239334255
33.823812545455816
34.79606035173527
35.78497496094475
36.79070036194872
37.81338517510447
38.853182441472676
39.910249410349266
40.98474732558835
42.07684121125484
43.18669965694831
44.31449460326308
45.46040112771319
46.62459723146255
47.80726362716616
49.00858352821696
50.22874243963011
51.467927950843155
52.72632953062257
54.00413832432402
55.30154695367646
56.61874931931824
57.955940406256886
59.313316092439216
60.69107296062615
62.08940811375336
63.50851899395498
64.94860320543759
66.4098583414105
67.89248181522132
69.39667069592537
70.92262154844097
72.47053027861885
74.04059198300737
75.63300080421456
77.24794979250574
78.88563076607011
80.54623419458652
82.22994906530509
83.93696277281563
85.66746100807171
87.42162765504555
89.19964469398647
91.00169211145062
92.8279478172121
94.67858756821559
96.55378489965109
98.45371106328655
100.3785349731273
102.32842315849172
104.30353972455768
106.3040463204406
108.33010211483239
110.38186377922682
112.45948547874002
114.56311887052819
116.69291310977364
118.84901486322657
121.03156833025176
123.24071527132979
125.47659504395635
127.7393446458675
130.02909876550916
132.34598983966117
134.69014811813418