7.952585441461288
8.301000338950882
8.666536997612361
9.04894343730334
9.44798908089097
9.863463983833544
10.29517784717569
10.742958914452093
11.206652826531126
11.686121487442264
12.18124197790637
12.691905540493538
13.218016650729782
13.759492180993618
14.316260658618177
14.888261615580104
15.475445024340612
16.077770812598903
16.695208448271067
17.327736586433588
17.975342768416095
18.63802316489002
19.315782354535198
20.0086331307727
20.716596329847683
21.43970067326182
22.177982625310452
22.93148624960204
23.700263067623442
24.484371929644297
25.283878868206457
26.098856954893083
26.92938615038992
27.775553148514692
28.637451213822438
29.515180012622583
30.408845437528075
31.31855942579023
32.2444397717893
33.186609934178676
34.14519883820417
35.12034067376291
36.112174689799694
37.12084498559814
38.146500299565666
39.189293796002474
40.24938285044268
41.3269288339831
42.42209689708965
43.53505575328924
44.66597746312273
45.81503721871863
46.98241312930962
48.168286007981536
49.37283915993853
50.596258172513544
51.838730707201755
53.10044629387617
54.381596127450194
55.68237286713987
57.00297043855691
58.34358383878301
59.70440894462271
61.08564232422968
62.48748105225787
63.91012252874437
65.35376430188913
66.81860389492284
68.30483863726266
69.81266550010213
71.34228093665415
72.89388072734923
74.467659829749
76.06381223410992
77.68253082521993
79.32400724287407
80.98843176584457
82.67599317817397
84.38687865935208
86.12127367370849
87.87936186747206
89.661324972454
91.46734271652409
93.29759274099739
95.15225052506364
97.03148931737158
98.9354800748713
100.86439140901012
102.81838953933666
104.79763825460515
106.80229888139942
108.83253026033174
110.88848872982825
112.97032811751531
115.07819973918701
117.21225240535897
119.37263243535212
121.55948367888907
123.77294754513345
126.01316303911116
128.28026680545582
130.57439317937624
132.8956742447732
135.244239899408