7.943778454913594e-12
7.943778454913594e-12
7.943778454913594e-12
7.943778454913594e-12
1.5887556909827188e-11
7.943778454913594e-12
1.4273976911172864e-11
8.254082300808657e-11
1.0591290868090264e-9
9.385450122942053e-9
5.748316684436849e-8
2.65508010337036e-7
9.852710618952372e-7
3.0745711841282097e-6
8.344634796753139e-6
0.000020205397192509318
0.00004450905075770543
0.00009056928983686491
0.00017231590728015536
0.0003095359464008627
0.0005291508324155536
0.0008664852713990856
0.0013664897347350755
0.002084905532638262
0.003089330517710956
0.004460217630182858
0.006291786934410525
0.008692870337191662
0.011787700946756205
0.01571666102555695
0.02063700081732058
0.026723537634305735
0.03416933984952019
0.04318639466712181
0.054006252876714435
0.06688063707656489
0.08208199446078976
0.0999039701801768
0.12066177381748121
0.1446924096399542
0.17235474124767394
0.2040293636733752
0.2401182596519284
0.28104422315299754
0.327250040230894
0.3791974258185936
0.43736572382706934
0.5022503867515232
0.5743612587991812
0.6542206940434282
0.7423615457121057
0.8393250665890267
0.9456587612245566
1.061914229539111
1.188645037528344
1.3264046453841032
1.4757444155124213
1.637211714247504
1.8113481115014602
1.9986876722799827
2.199755325323676
2.415065285368897
2.6451194995545797
2.890406085230537
3.151397726388238
3.4285500011317684
3.722299622562595
4.0330625916959235
4.361232282553947
4.707177505996944
5.071240627571206
5.453735841635046
5.854947725064095
6.2751302030483025
6.714506052407317
7.173267042800823
7.6515747734508315
8.14956220869117
8.667335857634804
9.204978490624331
9.762552246692026
10.340101966645289
10.93765858644114
11.555242442448451
12.192866368773098
12.850538500635245
13.528264731979283
14.226050805667
14.943904038712981
15.681834702721652
16.439857090774836
17.217990307986653
18.016258824958356
18.834692832258902
19.673328431539087
20.532207694994348
21.411378620983726
22.31089500934495
23.230816276232403
24.171207224808665
25.132137785053864
26.113682733450347
27.11592140100847
28.13893737645789
29.182818209742642
30.24765512002775
31.333542711184823
32.44057869720022
33.56886363914093
34.71850069503026
35.88959538339137
37.082255361172
38.296590216315295
39.53271127522788
40.790731425165
42.070764951565934
43.37292739016486
44.69733539377788
46.04410661355557
47.4133595944826