1.9859446137283985e-12
1.9859446137283985e-12
1.9859446137283985e-12
1.9859446137283985e-12
1.9859446137283985e-12
1.9859446137283985e-12
1.9859446137283985e-12
1.9859446137283985e-12
1.9859446137283985e-12
1.9859446137283985e-12
1.9859446137283985e-12
1.9859446137283985e-12
1.9859446137283985e-12
1.9859446137283985e-12
0.
1.241215383580249e-13
4.964861534320996e-13
2.482430767160498e-12
1.3901612296098789e-11
4.8903886113061813e-11
1.7823852908212375e-10
5.722002918304948e-10
1.6633527355358918e-9
4.478925711649329e-9
1.1165228861457772e-8
2.6064530082878367e-8
5.7366989084465384e-8
1.197584180416636e-7
2.3839899750887485e-7
4.546472652823766e-7
8.340233819367578e-7
1.4769208195852164e-6
2.5326637467062975e-6
4.2173054361367425e-6
6.835926078829816e-6
0.00001080970232603427
0.00001670830350729194
0.000025287918870266036
0.00003753523024225677
0.000054717505000651896
0.0000784388613592367
0.00011070283356730493
0.00015398092262171385
0.0002112872500349806
0.00028625874705162435
0.000383240895448555
0.0005073782252934191
0.0006647096204266125
0.0008622675825515168
0.001108181184216854
0.0014117821289335124
0.0017837134682370222
0.002236040519176663
0.0027823633945157186
0.0034379307916482544
0.004219754673577387
0.005146725320768713
0.006239726429797564
0.007521750137895686
0.009018011383199466
0.010756061665242869
0.012765901879627829
0.01508009401325892
0.017733871786282645
0.020765249909699204
0.02421513215674474
0.028127417992353652
0.032549107893138696
0.03753040736533612
0.04312482959704156
0.049389296841179035
0.05638424058145829
0.06417370042645873
0.0728254218060646
0.08241095252821627
0.09300573810065214
0.10468921585636719
0.11754490783227066
0.13166051233575501
0.14712799413997005
0.16404367315649815
0.18250831148178917
0.20262719872252596
0.22451023525436642
0.24827201350628422
0.2740318967976049
0.30191409564321137
0.3320477413881497
0.36456695676526246
0.39961092334134335
0.4373239455910335
0.4778555113510854
0.5213603485981474
0.5679984783399299
0.6179352635384543
0.6713414539446149
0.7283932268487688
0.7892722237135951
0.8541655827419721
0.9232659673660985
0.9967715909489199
1.0748862376683228
1.1578192798385436
1.24578569204997
1.3390060620892288
1.4377065992506148
1.5421191402348406
1.6524811529542311
1.7690357387582234
1.8920316333673806
2.021723207017497
2.158370464151777
2.3022390431725928
2.4536002165874486
2.6127308919730363
2.7799136141286165
2.955436568704094
3.1395935876236307
3.3326841564333933
3.5350134238139796