-0.12649693845078E-33
-0.20239510152125E-32
-0.10246252014513E-31
-0.32383216243401E-31
-0.79060586531740E-31
-0.16394003223222E-30
-0.30371914922033E-30
-0.51813145989441E-30
-0.82994641317559E-30
-0.12649693845078E-29
 0.57905405000144E-14
 0.35849264712641E-15
-0.52372996243937E-14
 0.58681478935243E-15
-0.18166055632963E-13
-0.16101360189458E-13
 0.51938757877801E-15
-0.59254119485786E-14
 0.34256200101269E-13
 0.11705840496071E-13
 0.11637751759322E-12
 0.20132947192426E-12
 0.46211157874671E-12
 0.58983200830799E-12
 0.13478472381137E-11
 0.26156834954446E-11
 0.41281980830418E-11
 0.73223510403077E-11
 0.10325997167671E-10
 0.14623256147016E-10
 0.21453888283771E-10
 0.31021933533272E-10
 0.42951283933144E-10
 0.58774387514921E-10
 0.73698740504119E-10
 0.10145649351818E-09
 0.12961135346732E-09
 0.17024495473007E-09
 0.21609798055825E-09
 0.26074666386803E-09
 0.33005590590631E-09
 0.39933343014927E-09
 0.48951845511407E-09
 0.59739278954946E-09
 0.72202335462829E-09
 0.86963116544650E-09
 0.10482579955794E-08
 0.12488224010091E-08
 0.14925976172135E-08
 0.17777938530629E-08
 0.21069492017431E-08
 0.24906912191030E-08
 0.29323490759687E-08
 0.34533124900724E-08
 0.40422251887050E-08
 0.47381149175382E-08
 0.55248887435906E-08
 0.64099301852839E-08
 0.73983850612317E-08
 0.85187589631443E-08
 0.97705388700245E-08
 0.11138918880215E-07
 0.12634858476221E-07
 0.14234632460167E-07
 0.15993512864527E-07
 0.17842437904224E-07
 0.19785871108263E-07
 0.21876223552017E-07
 0.23979230951515E-07
 0.26157945310387E-07
 0.28331638103953E-07
 0.30572201787676E-07
 0.32789973240600E-07
 0.34961552824298E-07
 0.37044596380900E-07
 0.39012353351407E-07
 0.40837383789719E-07
 0.42234455798366E-07
 0.44219630245190E-07
 0.45087580274171E-07
 0.45736293383799E-07
 0.46796588924038E-07
 0.46534179033683E-07
 0.45458208367404E-07
 0.45392850455790E-07
 0.42721800708614E-07
 0.39788925015551E-07
 0.35533999038480E-07
 0.29680896436367E-07
 0.21870305236940E-07
 0.11672824757533E-07
-0.18954622633276E-08
-0.19305948460749E-07
-0.41938091170003E-07
-0.70845129414824E-07
-0.10745687110070E-06
-0.15368899349726E-06
-0.23128490564957E-06
-0.29887362838090E-06
-0.37512137124230E-06
-0.45237380147409E-06
-0.62519061238318E-06
-0.76415922427971E-06
-0.94471249701171E-06
-0.11526937512464E-05
-0.13876565902188E-05
-0.16465222156720E-05
-0.19231582443225E-05
-0.22072112238817E-05
-0.24837536396373E-05
-0.27306449503101E-05
-0.29196001507444E-05
-0.30156766444203E-05
-0.30175911484509E-05
-0.27570217801734E-05
-0.23099840302981E-05
-0.15928981559833E-05
-0.57510899625070E-06
 0.75572599884218E-06
 0.23759127538431E-05
