 0.28798397413039E-06
 0.44168295974906E-06
 0.66328566521437E-06
 0.99084813876661E-06
 0.14722113024673E-05
 0.21789739171810E-05
 0.31759937468774E-05
 0.45652035158068E-05
 0.64665144810012E-05
 0.90212074861084E-05
 0.12350067640257E-04
 0.16616223646101E-04
 0.21813518316751E-04
 0.27840485684575E-04
 0.34152915417891E-04
 0.39302116751235E-04
 0.40336670681203E-04
 0.31592992265557E-04
 0.44166638985379E-05
-0.50724609826149E-04
-0.13588024784045E-03
-0.23060418771203E-03
-0.28326040792655E-03
-0.23579666805092E-03
-0.83235233682025E-04
 0.99503801548968E-04
 0.21752240061942E-03
 0.23547988861939E-03
 0.18418271524657E-03
 0.11270858550693E-03
 0.52482234661646E-04
 0.12966042020093E-04
-0.84588333680420E-05
-0.17772967849964E-04
-0.19076025798552E-04
-0.19175679041003E-04
-0.16832871006836E-04
-0.14115508198121E-04
-0.11572968909079E-04
-0.93513756563387E-05
-0.75150320751809E-05
-0.60207019417597E-05
-0.48279826727257E-05
-0.38862778837318E-05
-0.31233344662764E-05
-0.25370184097930E-05
-0.20678341815688E-05
-0.16798398691495E-05
-0.13807462911712E-05
-0.11522564914938E-05
-0.96669406255874E-06
-0.79994119206239E-06
-0.65912469469921E-06
-0.57744329580938E-06
-0.47895523929461E-06
-0.39677486168451E-06
-0.34581503209838E-06
-0.29178830920228E-06
-0.24184880229333E-06
-0.22302586943214E-06
-0.20316957057500E-06
-0.14621705322151E-06
-0.14932110880732E-06
-0.11247215759425E-06
-0.11269142643225E-06
-0.99245286680374E-07
-0.87704848037230E-07
-0.77171735428110E-07
-0.77633780300268E-07
-0.73806919124010E-07
-0.71581257552718E-07
 0.38608145688544E-03
-0.50490386929083E-07
-0.42980968312533E-07
-0.43250132103731E-07
-0.24181649640653E-07
-0.37049734786595E-07
-0.40855533039847E-07
-0.25635565013215E-07
-0.27963910758584E-06
-0.27196087478069E-07
-0.23537885747153E-07
-0.18078247354538E-07
-0.62331788139879E-09
-0.26500991233236E-07
-0.27359598453439E-07
-0.24025773472110E-07
 0.21518828174707E-08
-0.26666603295116E-07
-0.16061046494580E-07
-0.29655965017893E-07
-0.26947945417835E-08
 0.49410344754582E-08
-0.22936359083223E-07
-0.82074049009580E-08
 0.26947461713890E-07
-0.19592030106938E-07
-0.78069062112996E-08
-0.19315356251695E-07
-0.15122130940726E-07
-0.35784337042484E-07
-0.14035678435834E-07
 0.11615381209628E-08
 0.15030885194105E-07
