0.22078150211928213
0.22883242523362055
0.23718441235182483
0.24585463622766252
0.2548623157682666
0.2642291456758757
0.27397985501101646
0.284142943582256
0.29475166547459725
0.30584535489489934
0.3174712127086614
0.3296866548278447
0.3425621166430715
0.35618331577627427
0.37064906827207567
0.38605465644507925
0.40245007987594533
0.41980446746376515
0.4380157392762314
0.4569673953987189
0.4765576077826058
0.4967060285481045
0.5173517043119632
0.5384467728244591
0.559953341306254
0.5818420917163892
0.6040877399778044
0.6266701856725735
0.6495723511776478
0.672780447060164
0.6962810142624265
0.7200638120655428
0.7441195816959705
0.7684392177540487
0.7930157565371531
0.8178423193268153
0.8429134244340615
0.8682235701673597
0.8937675221369928
0.9195406389983826
0.9455397168792146
0.971760360610743
0.9981996457021006
1.0248543214594743
1.0517204388310064
1.0787960912607157
1.1060794194326578
1.1335666570288143
1.1612564440304984
1.1891461094638442
1.2172345516756016
1.2455196099096233
1.2739993714635538
1.302672326372441
1.331536509176193
1.360590926987775
1.3898345333893865
1.4192650912267084
1.4488825860842651
1.4786827752877918
1.5086706787349335
1.5388396708578154
1.569186051328504
1.59972257622151
1.6304350129277692
1.66132070636271
1.6923947322999573
1.7236415856713139
1.7550652834989566
1.7866649455716455
1.818439187454125
1.8503879655209021
1.8825113266418831
1.9148072741647375
1.9472763325035853
1.9799170020529064
2.012729541875576
2.0457128777514386
2.078866476972076
2.1121899614388306
2.1456832072456393
2.179345323474413
2.2131755436181773
2.24717407232989
2.281340390323388
2.3156731169152387
2.35017394326165
2.3848405265207986
2.419672700685092
2.4546715864032165
2.4898358292006217
2.5251641774108915
2.560657650944181
2.596315700707906
2.6321374550207057
2.6681234716001234
2.70427230044097
2.740584640112545
2.7770593188398798
2.813697959921193
2.8504876502259022
2.8874606531557534
2.9245850896949106
2.9618709639030807
2.999318721642702
3.0369271802153674
3.07469724132756
3.1126275773534613
3.150718700007075
3.1889702572651957
3.2273818025968666
3.2659520767631385
3.304684959692833
3.343576115766747
3.3826268286799905
3.4218364485506836
3.461205949435755
3.500733811740656
3.5404203488761183
3.5802658792235693
3.620269779779027
3.66043172979357
3.700752545094983
3.741231341895587
3.7818683751092474
3.8226624103504925
3.8636147428308014
3.904724339844205
3.9459915177720366
3.987416011724907
4.028997723700173
4.070736613233096
4.112632453223464
4.154685055314854
4.196882094731146
4.239260617830541
4.281783285826854
4.324463537900086
4.36729636440044
4.410291606305946
4.453439954940122
4.496744219255796
4.5402045053077495
4.58380572928623
4.627594007057621
4.671522524075774
4.7156058368290195
4.759846198698582
4.8042415710971715
4.8487934367173855
4.89349791831602
4.938361087820798
4.983378782678531
5.028551182419231
5.073878315379472
5.119361860841999
5.1649999516535825
5.210793592871127
5.256741543331132
5.302844867946997
5.349103215372103
5.395516406665393
5.442083610089927
5.4888073739972985
5.535684079367621
5.582716595310841
5.629902728759121
5.677245246768437
5.724741216428386
5.772391943180793
5.820197450749504
5.868156407261385
5.916270876766886
5.964539391788104
6.012962511226084
6.061539399389123
6.11027188141084
6.159157961316608
6.2081978506406825
6.257393250417609
6.306742368861876
6.3562440154510735
6.405902836514626
6.455714573304156
6.505679733130579
6.555800367542578
6.606074847929159
6.656503182782222
6.707085681966842
6.75782228565557
6.808712430624582
6.8597580426765195
6.910957000095802
6.962309591009977
7.013817421045211
7.0654785833460165
7.117293714337268
7.169263685405782
7.221387105000044
7.273664065427383
7.326096736531129
7.378681815803431
7.43142224305436
7.48431295532851
7.537363603957495
7.590566367051948
7.643922597908257
7.697432320259828
7.751097628790427
7.804919686865667
7.8588927825222
7.913015852567323
7.96729621042317
8.021730051943324
8.0763214928318
8.13106476163355
8.185959997607599
8.241015065897686
8.29622120558933
8.351579298602056
8.40709624278444
8.462766146469228
8.518589323004221
8.5745673429798
8.630699662356117
8.686986042984653
8.743427274308806
8.80002215498065
8.856772585011244
8.913676937062089
8.97073578717491
9.02794933303225
9.085317684128794
9.142839753454034
9.200517076820608
9.25834834546483
9.316335896276522
9.374476513462364
9.432773145924578
9.491224169525019
9.549829069150485
9.60858986949671
9.667504583901033
9.726573017420156
9.785800521054988
9.84518128818635
9.904716981048766
9.964366134509238
10.024252564505488
10.084252561299298
10.14440804823347
10.204719914951612
10.265186738459121
10.325808983555909
10.386585542238418
10.447518415168105
10.508605891157778
10.569850440086789
10.631249103006887
10.692804210613241
10.75451520360104
10.816380786768237
10.878402829690788
10.940580263031727
11.002914329156548
11.06540314577751
11.128049695841018
11.190849985375506
11.253803994392067
11.316922363801515
11.380193022419821
11.443619269395242
11.507202372463095
11.570941289935103
11.634836497214138
11.698886638809716
11.763097176177013
11.827462587520282
11.891984290017545
11.956662862124569
12.02149876840978
12.086481375941396
12.151640038314492
12.2169450624452
12.282409748052798
12.348031095093514
12.413808613297823
12.479741451343896
12.545835847008297
12.61208623263039
12.678493015030426
12.745058699912464
12.811780208373474
12.878661583601945
12.945698442662673
13.012894917625593
13.080249276271616
13.147761790731877
13.21543154042833
13.283260007695603
13.351246890261258
13.41939176670636
13.487694655440242
13.556155503572484
13.624775992567757
13.69355576539952
13.762493934156403
13.831590831818637
13.900846291918386
13.970260224034476
14.039834537738171
14.109566873518872
14.179459206183518
14.24951089004628
14.319721574876764
14.39009229950696
14.460621619291372
14.53131110167129
14.602160502151738
14.673170766594692
14.744338915166967
14.815668582610922
14.887157997502564
14.958805316010235
15.03061977752168
15.102590237723883
15.174720071068268
15.247013712836562
15.319430718673528
15.392079960885416
15.46485433913871