146.3370473084283
146.38322062584606
146.46016417363117
146.5678599190297
146.70628249152412
146.87539905078674
147.075169104461
147.3055442632578
147.56646792248355
147.85787488410713
148.17969098848417
148.53183288177905
148.91420806394376
149.3267153280875
149.76924563322703
150.24168337886903
150.7439079943467
151.2757957270077
151.83722150940937
152.42806079912003
153.04819130739153
153.6974945584429
154.37585724490233
155.0831723647962
155.81934014064186
156.58426873175648
157.37787475753797
158.20008365296408
159.05082987877802
159.93005700840504
160.8377177122602
161.7737736581303
162.7381953440444
163.73096187781255
164.75206071520196
165.8014873667443
166.87924508137837
167.985344513602
169.1198033794734
170.28264610570685
171.47390347520417
172.69361227158097
173.94181492469616
175.21855915866024
176.52389764346495
177.8578876510481
179.22059071642755
180.61207230432072
182.03240148160313
183.48165059583516
184.9598949600469
186.4672125439567
188.00368367174252
189.5693907265459
191.16441786181895
192.78885071972513
194.44277615674844
196.126281976723
197.83945667152145
199.58238916963276
201.3551685928933
203.15788402166393
204.99062426871538
206.85347766214116
208.74653183758303
210.66987354005687
212.62358843568958
214.6077609336193
216.62247401832877
218.66780909265407
220.74384583167182
222.85066204765576
224.98833356624687
227.15693410675036
229.35653521704677
231.58720611191154
233.84901366679134
236.14202231492231
238.4662939989321
240.82188812636107
243.20886153611912
245.62726847565114
248.0771605885377
250.55858691221954
253.07159388550087
255.61622536546253
258.19252265336496
260.8005245291239
263.4402672938947
266.11178482030846
268.81510860986685
271.5502678570143
274.3172895193932
277.11619839378204
279.9470171972347
282.8097666529332
285.7044655802878
288.6311309888247
291.58977817541734
294.5804208244602
297.6030711105607
300.6577398034034
303.74443637442
306.86316910495134
310.01394519561
313.19677087657664
316.4116515185917
319.6585917444373
322.9375955407278
326.2486663698607
329.59180728199095
332.96702102694934
336.3743101660017
339.81367718344006
343.2851245979027
346.78865507353163
350.3242715308423
353.89197725749034
357.4917760187711
361.1236721681542