 0.66738601698677E-06
 0.74863382086576E-06
 0.83224521104317E-06
 0.91850182409766E-06
 0.10076720837488E-05
 0.10999398521170E-05
 0.11953196561264E-05
 0.12935353470874E-05
 0.13938143026416E-05
 0.14945483566655E-05
 0.15929374583757E-05
 0.16851244095550E-05
 0.17672278432351E-05
 0.18365585895510E-05
 0.18920306000687E-05
 0.19338396198600E-05
 0.19629559230691E-05
 0.19807206208130E-05
 0.19885895979770E-05
 0.19879893567802E-05
 0.19802438907568E-05
 0.19665432942948E-05
 0.19479357300472E-05
 0.19253318196064E-05
 0.18995151238553E-05
 0.18711551208189E-05
 0.18408206974289E-05
 0.18089931075227E-05
 0.17760778881505E-05
 0.17424155330878E-05
 0.17082908926242E-05
 0.16739413575445E-05
 0.16395639314960E-05
 0.16053213076451E-05
 0.15713470719871E-05
 0.15377501466950E-05
 0.15046185778888E-05
 0.14720227607302E-05
 0.14400181833301E-05
 0.14086477601852E-05
 0.13779438160403E-05
 0.13479297723443E-05
 0.13186215808339E-05
 0.12900289421546E-05
 0.12621563417455E-05
 0.12350039303517E-05
 0.12085682723840E-05
 0.11828429818287E-05
 0.11578192624274E-05
 0.11334863663167E-05
 0.11098319831795E-05
 0.10868425701474E-05
 0.10645036311610E-05
 0.10427999531970E-05
 0.10217158056701E-05
 0.10012351083859E-05
 0.98134157263214E-06
 0.96201881931996E-06
 0.94325047752132E-06
 0.92502026625981E-06
 0.90731206200074E-06
 0.89010995393433E-06
 0.87339828884554E-06
 0.85716170710692E-06
 0.84138517111407E-06
 0.82605398729227E-06
 0.81115382264851E-06
 0.79667071669779E-06
 0.78259108948166E-06
 0.76890174629249E-06
 0.75558987963038E-06
 0.74264306884564E-06
 0.73004927776709E-06
 0.71779685126599E-06
 0.70587450919070E-06
 0.69427134100097E-06
 0.68297679823578E-06
 0.67198068678060E-06
 0.66127315866027E-06
 0.65084470325803E-06
 0.64068613838854E-06
 0.63078860112784E-06
 0.62114353854284E-06
 0.61174269837773E-06
 0.60257811975287E-06
 0.59364212392277E-06
 0.58492730513138E-06
 0.57642652159627E-06
 0.56813288664741E-06
 0.56003976004099E-06
 0.55214073946454E-06
 0.54442965224601E-06
 0.53690054727589E-06
 0.52954768714933E-06
 0.52236554053244E-06
 0.51534877475542E-06
 0.50849224863314E-06
 0.50179100551287E-06
 0.49524026654745E-06
 0.48883542419118E-06
 0.48257203591537E-06
 0.47644581813934E-06
 0.47045264037260E-06
*********************
