60.27144300370206
60.31480223211599
60.387047051619
60.488146505007954
60.61805676859249
60.77672086243197
60.964067575046116
61.18001148882444
61.424449542666906
61.6972614384168
61.998307300437325
62.32742612329472
62.68443641526542
63.06913596049892
63.48130561829433
63.92070807530403
64.38709469342061
64.88020492649187
65.39977271964887
65.94552852284075
66.51720195302886
67.11452627883841
67.73723945343977
68.38509040814183
69.05783253071988
69.7552382201428
70.47708795077105
71.22317902726854
71.99349825521465
72.78735444293783
73.60511395554599
74.44646806362967
75.31129543449302
76.19949509749023
77.1109814189188
78.0456865958792
79.00355875324558
79.98456096847617
80.9886744501948
82.01589419905557
83.06622809388192
84.1397015049058
85.23634984999369
86.35622458271199
87.49939133159852
88.66591234396459
89.85584820428623
91.06940126021973
92.3065684624216
93.56750012215272
94.85232527229007
96.16117465107423
97.49419144430767
98.85152412735164
100.2333290276248
101.63977310294872
103.07102052351935
104.5272553525202
106.00864993951683
107.51539564367592
109.04768073489298
110.60570051381688
112.18965615996618
113.79974744494683
115.43617891857436
117.09915982309043
118.7888998268979
120.50561183415446
122.24950731634105
124.02080323782005
125.81971251397403
127.64645651680361
129.50125034176529
131.3843073665772
133.29584485492953
135.23607628745157
137.20522028294332
139.20348670135863
141.23108470988717
143.28822797103524
145.37512063143285
147.49196362905283
149.63896956182177
151.81632634866492
154.02423417773016
156.26288557477943
158.53246919988084
160.83316440525815
163.16515955926204
165.5286269634367
167.9237385733142
170.35066423410652
172.80956530744302
175.30059978784516
177.82394742403324
180.3796842533132
182.96802918160398
185.58909018641495
188.2430070421131
190.92990424417135
193.64991097239425
196.40314391796798
199.18971604569592
202.00973657217386
204.8633097073151
207.7505357525968
210.6715054376433
213.62632500602706
216.6150614043893
219.63780442884575
222.6946287773718
225.78560851921404
228.9108127167611
232.0703066105151
235.26415177479055
238.49240627924473
241.75512485536728
245.05235906754655
248.38415748778849
251.75056587363397