 0.79862662136433E-05
 0.71136060729209E-05
 0.63696004324059E-05
 0.57305172303503E-05
 0.51778553956095E-05
 0.46970144336534E-05
 0.42763439016946E-05
 0.39064535403270E-05
 0.35797052884165E-05
 0.32898342424191E-05
 0.30316623334363E-05
 0.28008796258758E-05
 0.25938754618240E-05
 0.24076068692906E-05
 0.22394949532767E-05
 0.20873434299538E-05
 0.19492715769947E-05
 0.18236628219769E-05
 0.17091217287458E-05
 0.16044383055128E-05
 0.15085599393448E-05
 0.14205676038838E-05
 0.13396562432391E-05
 0.12651184251666E-05
 0.11963306471341E-05
 0.11327418235394E-05
 0.10738632054058E-05
 0.10192619223457E-05
 0.96855039254980E-06
 0.92138390667761E-06
 0.87745370869057E-06
 0.83648293842589E-06
 0.79822282725640E-06
 0.76244940722208E-06
 0.72896065510811E-06
 0.69757401400359E-06
 0.66812422616903E-06
 0.64046144175483E-06
 0.61444956315531E-06
 0.58996478630430E-06
 0.56689432309485E-06
 0.54513526811161E-06
 0.52459360211133E-06
 0.50518330538536E-06
 0.48682557377125E-06
 0.46944812177040E-06
 0.45298455684255E-06
 0.43737383095020E-06
 0.42255973984018E-06
 0.40849048182261E-06
 0.39511825977133E-06
 0.38239892381482E-06
 0.37029165036400E-06
 0.35875865337871E-06
 0.34776492254423E-06
 0.33727798951740E-06
 0.32726771341859E-06
 0.31770608967303E-06
 0.30856707441362E-06
 0.29982642624576E-06
 0.29146156265556E-06
 0.28345142827458E-06
 0.27577637688874E-06
 0.26841806140630E-06
 0.26135933559545E-06
 0.25458416291255E-06
 0.24807753523233E-06
 0.24182235130231E-06
 0.23581456060792E-06
 0.23003268089834E-06
 0.22446815522610E-06
 0.21911009002215E-06
 0.21394825214773E-06
 0.20897301426254E-06
 0.20417533400491E-06
 0.19954664781760E-06
 0.19507896346642E-06
 0.19076469940501E-06
 0.18659671834914E-06
 0.18256828621213E-06
 0.17867304616123E-06
 0.17490499419738E-06
 0.17125845699644E-06
 0.16772807083301E-06
 0.16430876255709E-06
 0.16099573117016E-06
 0.15778443179833E-06
 0.15467055939673E-06
 0.15165003474296E-06
 0.14871899059942E-06
 0.14587375942597E-06
 0.14311086122078E-06
 0.14042699289514E-06
 0.13781901765910E-06
 0.13528395568411E-06
 0.13281897487695E-06
 0.13042138245187E-06
 0.12808861736290E-06
 0.12581824234530E-06
 0.12360793744818E-06
 0.12145549323235E-06
 0.11935880475009E-06
 0.11731586582812E-06
 0.11532476349179E-06
