5.064238472438063
5.392929004591553
5.73767493792982
6.098276206931566
6.474554752188868
6.866352760442451
7.273530920175238
7.695966756050118
8.133553080901626
8.586196586542531
9.053816582790668
9.536343886033418
10.033719853273555
10.545895553887076
11.072831069203128
11.614494908470332
12.170863529135614
12.741920949020122
13.327658438115508
13.928074278226187
14.543173578985455
15.17296813990508
15.81747634869953
16.476723107246478
17.15073977743705
17.83956414021559
18.54324036201533
19.26181896379169
19.99535678863858
20.74391696484154
21.507568861864453
22.286388037482254
23.080456174729267
23.889861007898816
24.71469623713893
25.555061431599434
26.411061921288198
27.28280867799887
28.170418185906094
29.07401230240803
29.993718110017316
30.929667760009398
31.8819983086917
32.85085154701875
33.83637382441048
34.83871586747607
35.85803259441289
36.89448292572899
37.948229591971
39.019438939026976
40.10828073159484
41.21492795529017
42.33955661791376
43.48234555028516
44.643476207053475
45.82313246786465
47.02150043921455
48.23876825731656
49.47512589227572
50.73076495386878
52.00587849923723
53.30066084247831
54.615307366585576
55.95001433840395
57.304978725953845
58.680398018918474
60.07647005239184
61.49339283407743
62.93136437519423
64.39058252527118
65.87124481106666
67.37354827981278
68.89768934701918
70.44386364901362
72.01226590047521
73.60308975712705
75.21652768382114
76.85277082820579
78.51200890016858
80.19443005725704
81.90022079625764
83.62956585110119
85.38264809726238
87.15964846284648
88.96074584644653
90.78611704197863
92.63593667056567
94.51037711961317
96.40960848917744
98.33379854569236
100.28311268314596
102.25771389177409
104.25776273427009
106.28341732963882
108.33483334459622
110.41216399261137
112.51556004053725
114.64516982283482
116.80113926334485
118.98361190456586
121.19272894440262
123.42862928030115
125.69144956071507
127.98132424381268