8.752819761746512
9.105616355908833
9.475795907102704
9.863097462755116
10.267280882490919
10.688126308359246
11.12543337865229
11.57902028927613
12.048722780978817
12.534393109823888
13.035899041783198
13.553122899167738
14.085960676452203
14.634321235231008
15.198125582008432
15.777306228277608
16.371806629063705
16.98158069400173
17.606592363838818
18.24681524426016
18.90223228898128
19.572835524082063
20.258625805971324
20.959612606026297
21.675813815577694
22.407255565719744
23.153972057250158
23.916005396644877
24.693405434908843
25.48622960657349
26.294542766913953
27.118417025807407
27.957931577222993
28.813172523653126
29.684232695130266
30.571211462734063
31.474214546679846
32.39335381923882
33.328747102881934
34.280517964060756
35.24879550316616
36.233714141144404
37.235413403366536
38.25403770122498
39.2897361120157
40.342662157595456
41.41297358226406
42.50083213032261
43.606403323720414
44.7298562401264
45.87136329183507
47.03110000573406
48.20924480468984
49.40597879058454
50.621485529239585
51.85595083746703
53.10956257243656
54.38251042357184
55.6749857071522
56.98718116379371
58.319290758991784
59.67150948689218
61.04403317745953
62.437058307196445
63.85078181361596
65.28540091359945
66.74111292611808
68.21811509809112
69.71660443632571
71.23677754297513
72.77883045606008
74.34295849496998
75.92935611111041
77.53821674391114
79.16973268236715
80.82409493227559
82.50149308938457
84.20211521860391
85.92614773945776
87.67377531794088
89.4451807649449
91.24054494139233
93.06004667022438
94.9038626553807
96.77216740786693
98.66513317905124
100.58292990125344
102.52572513572284
104.49368402808328
106.48696927127816
108.50574107607727
110.5501571491632
112.62037267882002
114.71654032819448
116.83881023619254
118.9873300258929
121.16224482050306
123.36369726679854
125.5918275659693
127.84677351182788
130.12867053628563
132.4376517620248
134.77384806225504
137.13738812747948