 0.49358574841800E-04
 0.42154583691129E-04
 0.36312313789947E-04
 0.31523376577615E-04
 0.27559597515793E-04
 0.24249691638044E-04
 0.21463378865638E-04
 0.19100372375651E-04
 0.17082620715339E-04
 0.15348760843324E-04
 0.13850097798209E-04
 0.12547654157643E-04
 0.11409979428445E-04
 0.10411506101488E-04
 0.95313035809830E-05
 0.87521248640566E-05
 0.80596708267194E-05
 0.74420177722208E-05
 0.68891686617047E-05
 0.63926986651149E-05
 0.59454733830696E-05
 0.55414233670208E-05
 0.51753625971273E-05
 0.48428415094574E-05
 0.45400273463376E-05
 0.42636062446762E-05
 0.40107027206625E-05
 0.37788131396982E-05
 0.35657505101315E-05
 0.33695984635595E-05
 0.31886727438073E-05
 0.30214888504202E-05
 0.28667347514364E-05
 0.27232477882412E-05
 0.25899950608080E-05
 0.24660567134099E-05
 0.23506116463028E-05
 0.22429252637174E-05
 0.21423389366548E-05
 0.20482609145867E-05
 0.19601584652163E-05
 0.18775510581727E-05
 0.18000044388211E-05
 0.17271254630918E-05
 0.16585575847739E-05
 0.15939769037001E-05
 0.15330886972836E-05
 0.14756243695968E-05
 0.14213387622215E-05
 0.13700077788456E-05
 0.13214262831082E-05
 0.12754062344963E-05
 0.12317750323123E-05
 0.11903740418179E-05
 0.11510572801855E-05
 0.11136902429446E-05
 0.10781488541495E-05
 0.10443185256984E-05
 0.10120933131669E-05
 0.98137515705189E-06
 0.95207319981300E-06
 0.92410317021894E-06
 0.89738682760869E-06
 0.87185145953493E-06
 0.84742942706882E-06
 0.82405775269144E-06
 0.80167774633854E-06
 0.78023466560867E-06
 0.75967740667165E-06
 0.73995822279605E-06
 0.72103246763251E-06
 0.70285836095749E-06
 0.68539677452770E-06
 0.66861103628722E-06
 0.65246675095488E-06
 0.63693163563539E-06
 0.62197536895199E-06
 0.60756945247549E-06
 0.59368708332399E-06
 0.58030303693037E-06
 0.56739355904803E-06
 0.55493626620322E-06
 0.54291005382668E-06
 0.53129501141593E-06
 0.52007234411744E-06
 0.50922430018065E-06
 0.49873410379215E-06
 0.48858589284215E-06
 0.47876466121065E-06
 0.46925620520870E-06
 0.46004707383580E-06
 0.45112452254606E-06
 0.44247647024797E-06
 0.43409145927641E-06
 0.42595861811472E-06
 0.41806762664323E-06
 0.41040868373147E-06
 0.40297247698662E-06
 0.39575015450481E-06
 0.38873329847015E-06
 0.38191390046701E-06
 0.37528433838224E-06
 0.36883735477916E-06
 0.36256603663970E-06
