0.06485576542464416
0.09101181695974567
0.12495792339724483
0.1684570829542672
0.22364241022091602
0.2931146170931811
0.38006627426987477
0.4884177333654863
0.6228536327244198
0.7883223117220638
0.988215190404044
1.2221860268898066
1.4869342191513337
1.7787790985491325
2.094836364732849
2.4330422037089297
2.7919271998752535
3.1704275333517784
3.567753338958434
3.983307301270265
4.416629548099891
4.867364220191072
5.335226310985352
5.820001125805032
6.321509012638479
6.8396175877227865
7.374222018772363
7.925248403385616
8.49263779088553
9.07636304224036
9.676404676505397
10.292762832826721
10.92545287555855
11.574502876327378
12.239953287462999
12.921856138195873
13.620274355602442
14.335281181998637
15.06695966708492
15.815402218088625
16.58071019500487
17.362993540806823
18.16237043897542
18.9789669922569
19.812916917991373
20.66436125639529
21.533448089021903
22.420332265199878
23.325175134850877
24.24814428634016
25.189413288431993
26.149161435568065
27.127573495916135
28.124839461720924
29.141154301658553
30.176717714899638
31.231733886725284
32.306411245519456
33.40096222104154
34.51560300391092
35.650553306237896
36.80603612337175
37.9822774967701
39.17950627799306
40.397953893836906
41.63785411269282
42.899442812150646
44.182957747967755
45.488638324509864
46.816725366763706
48.167460894113624
49.54108789601312
50.93785010977042
52.357991800655526
53.801757544562754
55.26939201348592
56.76113976409751
58.277245029700254
59.8179515158979
61.383502200289115
62.97413913654667
64.59010326323485
66.23163421771785
67.89897015556525
69.59234757579392
71.31200115237276
73.0581635723316
74.83106538088775
76.63093483393685
78.45799775829317
80.31247742001108
82.1945944011588
84.1045664853349
86.04260855224146
88.00893248160607
90.00374706670405
92.0272579377038
94.07966749506485
96.16117485315117
98.27197579421134
100.41226273284816
102.58222469107245
104.78204728398887
107.01191271615967