0.0014451839292415425
0.0024253397839137194
0.0038845648430253367
0.005977823279809602
0.008886854159296478
0.012820743441996003
0.018016311079009285
0.02473841286592831
0.033280248074345126
0.043963754864347115
0.05714016823267732
0.07319081113834738
0.09252818896763686
0.11559746215372912
0.14287838127146157
0.17488778460769316
0.2121827814200103
0.255364775102051
0.3050845217011945
0.3620484704188566
0.427026692726716
0.5008627670902633
0.5844860240773887
0.678926512679524
0.7853327856186074
0.9049918186473573
1.0393484674886233
1.1900177691002811
1.3587758924087927
1.5475054022916024
1.7580665658439232
1.9920907819229148
2.250757851795341
2.534672757374861
2.843909585903371
3.1781728325263834
3.53697460021751
3.9197657959811236
4.326012596922259
4.755233126608191
5.207010889233558
5.680996344608238
6.176903132123475
6.694502311003596
7.233616234739538
7.794112771862672
8.37590013863434
8.978922398973056
9.603155595065845
10.248604437466334
10.915299475879095
11.603294675933105
12.31266533579527
13.043506286170306
13.795930326278501
14.570066856478224
15.3660606750737
16.184070912497493
17.024270080837685
17.8868432204134
18.771987128344822
19.679909656546588
20.610829068681646
21.564973447329002
22.542580143972618
23.54389526561587
24.569173192741406
25.61867612410062
26.692673644526664
27.79144231245748
28.915265264319757
30.064431833348443
31.23923718071567
32.43998193711315
33.66697185323194
34.92051745773529
36.20093372155214
37.50853972745365
38.84365834405988
40.206615903513075
41.597741882218656
43.017368584144414
44.465830826259555
45.94346562582785
47.45061188933249
48.98761010288523
50.55480202408293
52.15253037531674
53.781138538644775
55.44097025235
57.132369309430395
58.855679258295005
60.611243105964
62.399403024181666
64.22050005887073
66.07487384334503
67.9628623158313
69.88480144179881
71.84102494165758
73.83186402440448
75.8576471277994
77.91869966566786
80.01534378294629
82.14789811904566