0.062180278227946806
0.08755746004683967
0.12056763329318534
0.1629025022743471
0.21654285879023832
0.2837860726184319
0.3672593291073806
0.46990433656072667
0.5949042065276378
0.7454892022563774
0.9245129386423695
1.1337527646015317
1.3732786011423657
1.6415643601808398
1.9363290460137477
2.2553221698553987
2.59666135214615
2.9588691331143124
3.3408065619211555
3.7415937734665965
4.160543909106276
4.597122812979149
5.050898112014355
5.521525279320126
6.008730362615989
6.5122889632214065
7.0320193812896585
7.567780122268448
8.119455339726663
8.686954499151089
9.270211922032974
9.869179100784558
10.483825397629094
11.114135323680358
11.760107282179675
12.421752385848276
13.09909346923397
13.79216425347969
14.501008630803412
15.225680043357356
15.966240936754993
16.722762272882335
17.495323089970245
18.284010100409745
19.088917318924725
19.910145715172884
20.747802886215805
21.602002745158206
22.47286522309787
23.36051598215964
24.265086137765017
25.186711988813435
26.125534754643983
27.081700317922397
28.055358972824365
29.046665177988015
30.05577731384524
31.082857444056025
32.128071080817065
33.19158695393551
34.2735767834855
35.374215056092076
36.49367880472756
37.632147392089685
38.78980229753866
39.96682690766959
41.163406310592634
42.37972709396598
43.61597714692012
44.87234546594914
46.149021964904314
47.446197289224806
48.764062634520606
50.102809569698955
51.46262986473816
52.84371532331057
54.24625762040973
55.670448145148995
57.11647784891904
58.5845370990641
60.07481553828328
61.587501949914994
63.122784129287986
64.68084876132656
66.26188130456383
67.86606588176127
69.49358517725977
71.14462034125717
72.81935090113761
74.51795468000164
76.24060772252936
77.98748422830548
79.75875649269628
81.5545948554082
83.37516765679734
85.220641202009
87.09117973301964
88.98694540863362
90.90809829245602
92.8547963489099
94.82719544726426
96.8254493737233
98.84970985153431
100.90012656912391