0.00421625475364474
0.004424063213453036
0.004639972880400571
0.004864212639941304
0.005097015224303909
0.005338617276910857
0.0055892592688446185
0.005849185640842703
0.0061186447344102075
0.006397888825456749
0.006687174171959142
0.006986760995963768
0.007296913535593506
0.007617900016499774
0.007949992746319025
0.008293468029649488
0.008648606281994743
0.0090156920071736
0.009395013800174896
0.009786864393951312
0.010191540692187463
0.010609343726353842
0.011040578765926748
0.011485555245528944
0.011944586860130873
0.0124179915422123
0.012906091499247013
0.013409213238899499
0.013927687575479254
0.014461849669287328
0.015012039027609277
0.01557859955597738
0.016161879575299392
0.016762231796289516
0.017380013423234014
0.01801558612109898
0.01866931605065677
0.019341573894427356
0.0200327349150155
0.02074317891564007
0.021473290317337645
0.02222345817236764
0.022994076168804816
0.02378554269197943
0.02459826081976061
0.025432638365626543
0.02628908790957073
0.02716802680827996
0.02806987723907332
0.028995066221375234
0.029944025639926188
0.030917192282763916
0.03191500787572919
0.03293791907849395
0.033986377547987355
0.035060839950063274
0.03616176801187954
0.03728962850576216
0.03844489332405057
0.03962803947462933
0.04083954915986935
0.04207990973157181
0.043349613781949244
0.044649159166836254
0.04597904899700103
0.04733979170790161
0.048731901068498555
0.05015589622941408
0.05161230173075172
0.05310164755360675
0.05462446911634258
0.05618130733491378
0.05777270865923371
0.05939922507354688
0.06106141412547339
0.06275983899650998
0.06449506846926194
0.06626767701494873
0.06807824476411142
0.06992735759362177
0.07181560711129123
0.07374359069136968
0.07571191150470695
0.07772117855847174
0.07977200669428977
0.0818650166429814
0.08400083501103238
0.08618009434550937
0.08840343313021226
0.09067149581384967
0.09298493285186797
0.09534440070682362
0.09775056186067119
0.10020408484926917
0.10270564430172648
0.10525592091744003
0.10785560152480413
0.11050537904037455
0.11320595256047025
0.11595802733634901
0.11876231476676015
0.12161953243828405
0.12453040416033442
0.1274956599224605
0.13051603593704483
0.13359227466164514
0.1367251247636198
0.1399153411722587
0.14316368505346258
0.14647092382786475
0.1498378311667351
0.1532651870076193
0.15675377753994085
0.16030439521555134
0.1639178387410349
0.16759491305300808
0.1713364293779463
0.17514320514989143
0.17901606405141182
0.18295583597773116
0.18696335705286427
0.19103946959126364
0.1951850221082455
0.19940086926847955
0.2036878719305484
0.20804689705162238
0.2124788177417006
0.21698451317908413
0.2215648686374346
0.22622077542346514
0.23095313087557495
0.23576283832164818
0.24065080705596714
0.24561795229341152
0.2506651951590322
0.25579346264386393
0.2610036875469606
0.2662968084601285
0.2716737697367712
0.27713552141021836
0.2826830191778376
0.2883172243650396
0.2940391038248634
0.29984962997173803
0.3057497806347701
0.3117405390748733
0.3178228939027236
0.3239978390143404
0.33026637355571176
0.33662950182039414
0.3430882332272947
0.3496435822360205
0.35629656828357625
0.36304821571038814
0.3698995536885615
0.37685161615448265
0.383905441738194
0.391062073668441
0.39832255971805847
0.40568795209201325
0.4131593073780036
0.4207376864342535
0.42842415432496944
0.43621978020974783
0.44412563726451015
0.45214280258729406
0.4602723571189402
0.4685153855023383
0.47687297603972906
0.48534622055244725
0.4939362142872096
0.5026440558296021
0.5114708469619614
0.5204176925994515
0.529485700627961
0.5386759818507316
0.5479896498054024
0.5574278207237945
0.5669916133444876
0.5766821488336304
0.5865005506458006
0.5964479444029861
0.6065254577659951
0.6167342203205126
0.627075363408916
0.6375500200457477
0.6481593247340159
0.6589044133644074
0.6697864230616255
0.6808064920349474
0.691965759449386
0.703265365262098
0.7147064500849815
0.7262901550349846
0.7380176215810644
0.7498899913617282
0.7619084060705926
0.7740740072603971
0.786387936199394
0.798851333689387
0.8114653399021391
0.8242310942298058
0.8371497350692119
0.8502223996895379
0.8634502240194523
0.876834342472471
0.8903758877607769
0.9040759907408112
0.9179357801542327
0.9319563825088845
0.9461389218093268
0.9604845194288674
0.97499429383277
0.989669360436757
1.004510831351442
1.0195198151923
1.0346974168630763
1.050044737308659
1.0655628733352278
1.0812529173395449
1.09711595711607
1.1131530756008976
1.1293653506441175
1.1457538547510224
1.1623196548792931
1.1790638121373822
1.1959873815769844
1.2130914119188503
1.2303769452968496
1.2478450170176703
1.2654966552362414
1.283332880773896
1.3013547067823716
1.3195631384873778
1.3379591729288085
1.3565437986618571
1.3753179954782406
1.3942827341260557
1.4134389760298864
1.4327876729822369
1.4523297668667403
1.4720661893536893
1.4919978616332987
1.5121256940731298
1.5324505859669926
1.5529734252068923
1.5736950879975504
1.594616438560623
1.6157383288323397
1.637061598163503
1.658587073023334
1.6803155667182128
1.7022478790816231
1.7243847961856933
1.7467270900661438
1.769275518426505
1.7920308243543757
1.8149937360677184
1.8381649666064173
1.8615452135964479
1.885135158975443
1.908935468740852
1.932946792705916
1.957169764254033
1.981605000110373
2.0062531001195767
2.0311146470294124
2.056190206299006
2.0814803258843626
2.106985536074895
2.13270634930414
2.1586432600097494
2.184796744478834
2.2111672607033617
2.2377552482885577
2.264561128314133
2.2915853032589477
2.318828156932615
2.3462900543927145
2.3739713419114046
2.4018723469421555
2.4299933781094487
2.4583347251967367
2.4868966591728814
2.5156794322323686
2.5446832778322968
2.573908410767346
2.603355027245369
2.6330233050059264
2.662913403414991
2.6930254636029725
2.723359608616765
2.753915943593765
2.784694555918019
2.8156955154307304
2.846918874638537
2.8783646689366815
2.9100329168464554
2.9419236202469348
2.9740367646793255
3.006372319586023
3.03893023862836
3.071710459949499
3.1047129065127868
3.13793748642596
3.1713840932379185
3.205052606298555
3.2389428911060474
3.27305479964695
3.3073881707642165
3.3419428305028753
3.3767185925087113
3.4117152583687287
3.4469326180205044
3.4823704501009707
3.518028522350305
3.5539065919752355
3.5900044060664604
3.626321701931418
3.662858207525609
3.6996136418193775
3.7365877151639424
3.7737801296966555
3.811190579692515
3.84881875195254
3.886664326175764
3.924726975308635
3.9630063659250787
4.001502158569816
4.040214008106279
4.079141564082018
4.118284471047207
4.157642368902299
4.19721489320362
4.2370016755096644
4.277002343680602
4.317216522191308
4.357643832417473
4.398283892929761
4.439136319802753
4.480200726856112
4.521476725953101
4.562963927228216
4.604661939381107
4.64657036989789
4.6886888252818855
4.731016911313655
4.7735542332518275
4.816300396046095
4.859255004553677
4.902417663749835
4.945787978900895
4.989365555748442
5.033150000717354
5.077140921055431
5.121337925015736
5.165740622000199
5.210348622725571
5.255161539864633
5.300178986194182
5.345400577679943
5.390825931649628
5.436454667404606
5.482286406319818
5.528320771978703
5.574557390232523
5.62099588933429
5.667635900031242
5.714477055615229
5.761518992059254
5.808761348039932
5.85620376504697
5.903845887436041
5.951687362511698
5.999727840557535
6.047966974910287
6.096404422016803
6.145039841467186
6.193872896059957
6.242903251822904
6.292130578054794
6.341554547381344
6.391174835755602
6.440991122513667
6.49100309038438
6.541210425521343
6.5916128175209145
6.642209959436614
6.693001547802202
6.743987282644095
6.795166867490801
6.846540009380363
6.89810641887513
6.949865810061016
7.001817900549106
7.05396241149019
7.106299067567302
7.158827596982821
7.211547731485653
7.264459206337091
7.3175617603273295
7.370855135750142
7.424339078414548
7.478013337629671
7.531877666177427
7.585931820334006
7.640175559831636
7.694608647859084
7.74923085103633
7.804041939428596
7.85904168648714
7.914229869070109
7.969606267417216
8.025170665118836
8.08092284911923
8.136862609686014
8.192989740391294
8.249304038099124
8.305805302937834
8.362493338288976
8.419367950767223
8.476428950187593
8.533676149557392
8.5911093650484
8.648728415983596
8.706533124805878
8.76452331705833
8.822698821370686
8.881059469424956
8.939605095945243
8.9983355386656
9.057250638313143
9.116350238586458
9.175634186123085
9.235102330489582
9.294754524156824
9.354590622465254
9.41461048362538
9.474813968667249
9.535200941436734
9.595771268564993
9.656524819450974
9.717461466241545
9.778581083788062
9.839883549659897
9.901368744083985
9.963036549951031
10.024886852777415
10.086919540687052
10.149134504391924
10.211531637179158
10.274110834856046
10.336871995774121
10.39981502076574
10.462939813157595
10.526246278717613
10.589734325663871
10.653403864614836
10.717254808593458
10.781287072988688
10.845500575547298
10.909895236344694
10.974470977761598
11.039227724483295
11.104165403452095
11.169283943873292
11.234583277175574
11.300063337003188
11.365724059185675
11.431565381740958
11.497587244829793
11.56378959074411
11.630172363906002
11.696735510826288
11.763478980095194
11.830402722368198
11.897506690340848
11.964790838733604
12.032255124278443
12.099899505691923
12.167723943665743
12.235728400847265
12.303912841818905
12.372277233085347
12.440821543057288
12.509545742031328
12.578449802172837
12.647533697503926
12.71679740388891
12.78624089900875
12.855864162352116
12.925667175199493
12.995649920606553
13.065812383391993
13.136154550114068
13.206676409063773
13.277377950242126
13.348259165359174
13.419320047800106
13.490560592625384
13.561980796553108
13.63358065794078
13.705360176775613
13.777319354657536
13.849458194787019
13.921776701948579
13.994274882507415
14.06695274437727
14.139810297029483
14.212847551456383
14.286064520184812
14.359461217236657
14.433037658132571
14.506793859877329
14.580729840944683
14.654845621258872
14.729141222199832
14.803616666572038
14.878271978604142
14.953107183929347
15.028122309585424
15.103317383988756
15.17869243693112
15.254247499571491
15.329982604413948
15.405897785304447
15.4819930774199
15.558268517249438
15.634724142595015
15.711359992555291
15.788176107506754