0.006274042284448912
0.006568903282163732
0.006874647390661287
0.007191562754617474
0.007519941973057834
0.00786008221019809
0.008212285125067236
0.008576856953055378
0.00895410851882239
0.00934435521780379
0.009747917109674266
0.01016511887900115
0.01059628990053234
0.011041764244037043
0.011501880693544618
0.01197698280059271
0.012467418855679303
0.012973541992028314
0.013495710144505374
0.014034286108575562
0.014589637552839667
0.015162137058877211
0.015752162154635145
0.016360095306856427
0.016986324008709835
0.017631240757323963
0.018295243105173546
0.018978733696819423
0.01968212027734881
0.0204058157499677
0.02115023818977834
0.02191581088300165
0.022702962368682033
0.02351212643980452
0.024343742202500688
0.025198254133889333
0.02607611203838568
0.026977771181504386
0.027903692228543525
0.028854341352073824
0.02983019025328757
0.03083171615219301
0.03185940187884369
0.03291373587991687
0.03399521226699684
0.03510433084214392
0.03624159715350095
0.03740752251949694
0.03860262407030371
0.03982742476657822
0.04108245348448581
0.04236824499522019
0.04368534004022104
0.045034285383553335
0.04641563379465445
0.047829944148376095
0.049277781391843876
0.050759716679501556
0.05227632731775281
0.053828196853584004
0.05541591509789908
0.05704007817653349
0.05870128854316282
0.060400155038757015
0.062137292921617814
0.06391332389381661
0.06572887615171193
0.06758458442579242
0.06948109000177757
0.07141904075921947
0.07339909120489148
0.07542190252218864
0.07748814259049062
0.07959848601917105
0.08175361418073789
0.08395421525725497
0.08620098424431384
0.08849462300502667
0.09083584028727908
0.09322535176630387
0.09566388004170213
0.09815215470906133
0.1006909123547422
0.10328089658864685
0.10592285806382999
0.1086175545112529
0.11136575075927056
0.11416821875187749
0.11702573754883189
0.11993909339963207
0.12290907967773203
0.12593649698592066
0.129022153110645
0.13216686303268468
0.1353714489964118
0.13863674046920305
0.141963574142557
0.14535279399030696
0.14880525121884824
0.1523218043151733
0.1559033190390519
0.15955066838045773
0.16326473261554678
0.16704639929114257
0.17089656319916688
0.17481612636472413
0.17880599808743386
0.18286709488160416
0.18700034045972352
0.19120666577577916
0.1954870089341519
0.19984231525515236
0.20427353714965812
0.20878163419507617
0.21336757304796122
0.21803232746499251
0.22277687820380038
0.22760221306529194
0.23250932683469322
0.23749922120310443
0.24257290480262636
0.24773139310569772
0.2529757084131795
0.25830687979092903
0.2637259430436101
0.26923394062544964
0.27483192164160314
0.28052094174376846
0.2863020630939422
0.29217635430571015
0.29814489038231107
0.30420875262354496
0.3103690286046728
0.3166268120552739
0.32298320282933224
0.3294393068179796
0.3359962358241324
0.342655107560754
0.349417045506874
0.3562831788450307
0.3632546423617258
0.37033257637866085
0.37751812661037026
0.38481244411767523
0.39221668518927216
0.3997320112230723
0.40735958865433536
0.41510058878661615
0.42295618776694
0.4309275663980071
0.4390159100694292
0.4472224085864415
0.45554825612050287
0.46399465100995607
0.47256279568878246
0.4812538965159346
0.4900691636726878
0.4990098110033923
0.5080770558865109
0.5172721191015603
0.5265962246577004
0.5360505996632811
0.5456364741971291
0.5553550810857499
0.5652076558427558
0.5751954364137969
0.5853196630840897
0.5955815782604607
0.6059824263369217
0.616523453524376
0.6272059076334051
0.6380310379342599
0.6490000949514391
0.6601143303096552
0.6713749964925413
0.6827833466915961
0.6943406346093264
0.7060481142090181
0.717907039576714
0.7299186646653979
0.7420842431253214
0.7544050280185244
0.7668822716940924
0.7795172254630826
0.7923111394612451
0.805265262358455
0.8183808411316934
0.8316591208488284
0.8451013443938095
0.858708752232574
0.8724825821497866
0.8864240690003465
0.9005344444263915
0.9148149366191078
0.929266770001352
0.9438911649907028
0.9586893376921359
0.9736624996075799
0.9888118573536636
1.0041386123485576
1.0196439605241363
1.0353290919968081
1.0511951907451706
1.0672434343421577
1.0834749935540018
1.0998910320561206
1.116492706092154
1.1332811641111578
1.1502575464378129
1.1674229849132167
1.1847786025403926
1.2023255131108084
1.2200648208655236
1.2379976200672198
1.256124994693247
1.2744480180086453
1.2929677521951468
1.3116852479547307
1.3306015441347763
1.3497176673206959
1.3690346314206245
1.3885534373202375
1.4082750724254876
1.428200510282295
1.448330710168562
1.4686666167026916
1.4892091594073014
1.5099592523445544
1.5309177936901741
1.552085665332779
1.5734637324898524
1.5950528432942919
1.616853828435823
1.6388675007314149
1.6610946547895304
1.6835360666185244
1.7061924932495607
1.729064672411787
1.7521533221514058
1.775459140524101
1.7989828052461323
1.822724973403395
1.8466862811265923
1.8708673433220175
1.8952687533964998
1.919891082997121
1.9447348817776198
1.9698006771683938
1.995088974183739
2.020600255230579
2.0463349799533117
2.072293585063516
2.098476484257287
2.1248840680899947
2.1515167038933756
2.178374735743131
2.2054584844000997
2.2327682473271326
2.2603042986985304
2.288066889424121
2.316056247243345
2.3442725767807353
2.3727160596984653
2.4013868548008594
2.4302850982108906
2.4594109035676612
2.4887643622166804
2.5183455434598425
2.5481544947895247
2.578191242200997
2.6084557904579193
2.6389481234283396
2.6696682044261517
2.700615976562855
2.73179136313109
2.7631942679972363
2.794824576012253
2.82668215342575
2.8587668483542954
2.8910784911963585
2.9236168951371084
2.9563818565974866
2.98937315571493
3.022590556857731
3.0560338091108488
3.089702646800074
3.1235967899686563
3.157715944941064
3.1920598047981215
3.226628049925378
3.2614203485191515
3.2964363571134236
3.3316757210976764
3.367138075240683
3.402823044188983
3.4387302429869466
3.47485927759263
3.5112097453438462
3.547781235495615
3.584573329667247
3.621585602344663
3.658817621346225
3.696268948272052
3.7339391389808987
3.7718277440055874
3.809934309015984
3.8482583752087374
3.886799479748905
3.9255571561594462
3.964530934710839
4.003720342795804
4.043124905316314
4.082744145024559
4.12257758286378
4.162624738324499
4.202885129739185
4.243358274625076
4.284043689940245
4.324940892425672
4.366049398842572
4.407368726250796
4.448898392262412
4.490637915295159
4.532586814795746
4.574744611474685
4.617110827497195
4.659684986720269
4.702466614859996
4.74545523967848
4.788650391180208
4.83205160174982
4.87565840633246
4.919470342564351
4.963486950922609
5.00770777486637
5.052132360942047
5.096760258906206
5.141591021858132
5.1866242063017625
5.231859372278622
5.277296083437458
5.322933907129189
5.368772414466733
5.414811180420459
5.461049783859889
5.507487807635247
5.554124838620155
5.6009604677590525
5.647994290132602
5.695225905496257
5.74265491625981
5.790280930599492
5.83810356045316
5.886122422041363
5.9343371358963815
5.982747326875389
6.031352624188375
6.0801526613815176
6.129147076387572
6.178335511486776
6.227717613349296
6.277293033014255
6.3270614258850095
6.377022451753486
6.427175774759711
6.477521063407697
6.528057990542487
6.578786233358342
6.629705473355049
6.680815396355302
6.7321156924662215
6.783606056079231
6.8352861858309595
6.8871557846073355
6.939214559504491
6.991462221813123
7.043898486999249
7.0965230746731836
7.149335708571785
7.202336116528915
7.255524030456822
7.30889918630009
7.362461324030302
7.4162101876167466
7.470145524972553
7.524267087962505
7.578574632343591
7.633067917752839
7.687746707671816
7.742610769398082
7.797659874010562
7.8528937963414895
7.908312314952703
7.963915212091952
8.019702273667088
8.07567328922346
8.131828051898998
8.18816635840397
8.244688008979159
8.301392807374262
8.358280560815993
8.415351079966007
8.47260417890464
8.530039675089816
8.58765738932479
8.645457145746349
8.703438771760883
8.761602098037201
8.819946958485664
8.878473190195885
8.937180633432007
8.996069131586038
9.055138531170774
9.114388681763941
9.1738194359979
9.233430649519553
9.29322218097035
9.353193891945592
9.413345646974195
9.47367731349373
9.534188761818667
9.594879865100392
9.655750499320261
9.716800543248523
9.778029878423206
9.83943838911699
9.901025962325157
9.962792487712472
10.024737857618643
10.086861967009913
10.14916471345933
10.21164599712638
10.274305720728576
10.337143789512899
10.400160111234829
10.463354596136247
10.526727156913664
10.590277708709154
10.654006169066795
10.717912457923601
10.78199649758309
10.846258212694675
10.910697530216925
10.975314379422164
11.040108691839734
11.10508040127438
11.170229443745917
11.235555757498295
11.301059282951806
11.366739962706575
11.432597741504061
11.498632566224096
11.564844385839445
11.63123315142152
11.697798816108115
11.76454133508465
11.831460665563077
11.898556766767486
11.965829599917592
12.03327912819324
12.100905316746807
12.168708132652823
12.23668754490759
12.304843524412053
12.373176043943381
12.441685078147517
12.510370603520306
12.57923259838467
12.648271042877807
12.71748591894674
12.786877210299153
12.856444902422378
12.926188982554613
12.996109439657111
13.066206264419638
13.136479449222993
13.20692898814633
13.277554876933399
13.348357112988323
13.419335695355237
13.490490624702913
13.56182190332437
13.633329535098035
13.705013525499776
13.776873881564926
13.848910611888284
13.921123726615665
13.99351323741338
14.066079157471325
14.138821501479038
14.211740285614766
14.28483552753927
14.358107246373594
14.43155546269163
14.505180198509558
14.578981477267236
14.6529593238236
14.727113764435568
14.801444826752952
14.875952539809393
14.950636933999524
15.025498041077608
15.10053589414239
15.175750527623073
15.251141977275724
15.326710280165267
15.402455474654568
15.47837760039909
15.554476698330769
15.630752810651172
15.70720598082146
15.783836253542637
15.860643674759034
15.937628291639943
16.01479015257141
16.092129307145576
16.169645806151987
16.247339701566407
16.325211046546123
16.40325989541106
16.48148630364057
16.559890327866967
16.638472025857777
16.71723145651426
16.796168679858113
16.875283757023784
16.95457675024855
17.03404772286542
17.11369673929199
17.19352386503004
17.27352916663988