1.095566673977565
1.3654218452280376
1.650870163616726
1.9517668609916334
2.2680133007119196
2.5995109465941386
2.9461944186878877
3.3080080297035006
3.684908510061448
4.076864279489059
4.4838476096189455
4.905836503395877
5.342838885317019
5.794830937977045
6.261820493928104
6.743813408885277
7.2408215118682415
7.752861662547217
8.279953859149503
8.822127115892224
9.379410628007758
9.951840577891442
10.539459226087438
11.142314271704459
11.760456594517157
12.393943341468226
13.042841605553111
13.707216369817283
14.38714785708113
15.082711974060965
15.794002042367268
16.521107019880265
17.264131641435494
18.023178498277858
18.79836450036108
19.589806251153895
20.3976301164316
21.221965770960338
22.062959744962924
22.92074650559147
23.795484009285776
24.687324653118306
25.596430968391576
26.52297164209007
27.467120233946353
28.429047661414916
29.40896131700219
30.407028001175235
31.423449599494266
32.45842506018045
33.51215595713563
34.58485178881441
35.67672396341321
36.787988274126434
37.91886424130454
39.06957490560947
40.240346618829285
41.43140883271885
42.642993886123
43.87533679072001
45.12867501559453
46.403248270902566
47.69929829087076
49.017068616354365
50.356804377148
51.71875207435186
53.1031593629486
54.51027483490569
55.94034780300446
57.393628085708926
58.870365793330954
60.37081111580625
61.89521411237662
63.44382450354602
65.01689146561856
66.61466342820502
68.2373878750701
69.88531114870304
71.55867825908545
73.25773269662882
74.9827162520989
76.73386883395112
78.51142830929675
80.31563032815079
82.1467081713138
84.0048925985497
85.89041170532714
87.80349078743083
89.74435221377534
91.71321530781329
93.71029623784689
95.73580791657247
97.78995991014831
99.87295835699894
101.98500589668255
104.1263016089142
106.29704096297847
108.49741577764671
110.7276141916947
112.98782064511408
115.2782158710028
117.5989768981945
119.95027706455333
122.33228604088117