1.1374887178964321
1.408829182162226
1.6957001772189972
1.9979742922623167
2.3155535170335417
2.6483560038517493
2.9963184789135515
3.3593903618867667
3.737531643879944
4.13071048495133
4.538906165053756
4.962101984457411
5.4002884913071485
5.853462417896187
6.321626432919028
6.804787406439391
7.302957850566311
7.8161552437672634
8.344401714168955
8.887723231286556
9.446153643750586
10.019727786593133
10.608485035055137
11.212485063014713
11.831766534262291
12.46639343917886
13.116429369566937
13.781944089437294
14.463013431244699
15.15971928512858
15.872149791311578
16.60039923617073
17.344568296153533
18.104763672180564
18.881099315757893
19.673695285050243
20.482676030489877
21.308155986144804
22.150331615750716
23.009288715047294
23.88519811741232
24.77821760665512
25.68850754064963
26.616237641400428
27.561580933761647
28.524719297992394
29.505833437003144
30.505113456254954
31.522756670898808
32.558959778352026
33.61392692328215
34.68786587501769
35.780988895000036
36.893511977215745
38.02565483415317
39.177640689904564
40.34969607095766
41.54205059498844
42.75493675799359
43.98858971998186
45.24324708955535
46.51914870756643
47.81653643010082
49.13565391103025
50.476746384347045
51.840060446506996
53.225843839050924
54.63434523168447
56.06581400621742
57.52050004114879
58.99865349844833
60.50052461078517
62.02636347155764
63.57641982683362
65.15094286994474
66.75018103913317
68.37438181818335
70.02379154164944
71.69865520309821
73.39921626874268
75.1257164956975
76.87839575569949
78.65749186462376
80.46324041824037
82.29587463463102
84.15562520366207
86.04272014394053
87.95738466764767
89.89984105343318
91.87030852835402
93.86900315809095
95.89613774699012
97.95192174724667
100.03656117807034
102.15025855478471
104.29321282815907
106.46561933410517
108.66766975389702
110.89955208500321
113.16145062257898
115.4535459517036
117.77601495027668
120.12903080266278
122.51276302388354