                  NaN
-0.60573239992612E-01
-0.17950777306589E-01
-0.75748490375263E-02
-0.38795534879336E-02
-0.22459855952926E-02
-0.14150342605462E-02
-0.94846963238189E-03
-0.66654672346866E-03
-0.48624572283875E-03
-0.36560273019062E-03
-0.28184478431718E-03
-0.22188379332643E-03
-0.17783200809303E-03
-0.14474268038298E-03
-0.11940479840402E-03
-0.99676018543595E-04
-0.84083591404757E-04
-0.71598355378972E-04
-0.61482006710479E-04
-0.53197943719995E-04
-0.46349218026504E-04
-0.40637269852929E-04
-0.35835604386756E-04
-0.31769398647822E-04
-0.28302460787228E-04
-0.25329291127268E-04
-0.22764326468627E-04
-0.20538568785166E-04
-0.18598999712705E-04
-0.16900323704114E-04
-0.15406259012635E-04
-0.14086789847923E-04
-0.12917141551085E-04
-0.11876296541723E-04
-0.10947154558720E-04
-0.10115009400094E-04
-0.93674333256200E-05
-0.86939227109812E-05
-0.80854651496222E-05
-0.75343213696561E-05
-0.70338959088616E-05
-0.65784625649402E-05
-0.61629825419409E-05
-0.57831784464589E-05
-0.54352645953568E-05
-0.51159293493950E-05
-0.48222804190766E-05
-0.45517584199825E-05
-0.43021122428944E-05
-0.40713381494850E-05
-0.38576837308333E-05
-0.36595611443384E-05
-0.34755707981621E-05
-0.33044572308699E-05
-0.31451033754196E-05
-0.29965014614550E-05
-0.28577484456717E-05
-0.27280273588317E-05
-0.26065977921707E-05
-0.24928136986590E-05
-0.23860552247005E-05
-0.22857860802807E-05
-0.21915281272481E-05
-0.21028445631551E-05
-0.20192309980565E-05
-0.19403840941843E-05
-0.18660024858828E-05
-0.17956750874353E-05
-0.17292161874325E-05
-0.16663000210989E-05
-0.16067025719087E-05
-0.15502046818577E-05
-0.14965966400296E-05
-0.14456940433505E-05
-0.13973200475741E-05
-0.13512930099728E-05
-0.13075497448950E-05
-0.12658607874965E-05
-0.12261306211973E-05
-0.11882425926588E-05
-0.11520866314128E-05
-0.11175615031923E-05
-0.10845729502288E-05
-0.10530331338194E-05
-0.10228606885381E-05
-0.99397906315555E-06
-0.96631493495438E-06
-0.93980369302909E-06
-0.91438332756606E-06
-0.88999494361923E-06
-0.86658355432214E-06
-0.84410203228551E-06
-0.82249882733045E-06
-0.80172803517274E-06
-0.78175198379300E-06
-0.76252237636506E-06
-0.74401901063665E-06
-0.72619156772572E-06
-0.70901141316335E-06
-0.69246179384234E-06
-0.67647312753163E-06
-0.66105846563314E-06
-0.64617812500627E-06
-0.63180837220197E-06
-0.61792398237722E-06
-0.60450551358451E-06
-0.59153110977268E-06
-0.57898167172479E-06
-0.56683848967878E-06
-0.55508413258234E-06
-0.54370199880801E-06
-0.53267643526707E-06
-0.52199248832161E-06
-0.51163605173781E-06
-0.50159369545725E-06
-0.49185268178413E-06
-0.48240090600712E-06
-0.47322686276464E-06
-0.46431961147018E-06
