                  NaN
 0.34072250996240E-07
 0.33907037141034E-07
 0.33825376345214E-07
 0.33664661685520E-07
 0.33443608860797E-07
 0.33705101375688E-07
 0.32953633917279E-07
 0.32705423142827E-07
 0.32580047557142E-07
 0.32098720714496E-07
 0.32070708094853E-07
 0.31610366449667E-07
 0.31077534316464E-07
 0.28577116512659E-07
 0.32074687674136E-07
 0.29282944148479E-07
 0.22867827543334E-07
 0.27977846930926E-07
 0.27210797946887E-07
 0.28267017000611E-07
 0.25229065781183E-07
 0.25170757848608E-07
 0.62752848874853E-08
 0.23509605074390E-07
-0.87776139309337E-08
 0.32139965845535E-07
 0.50564970013379E-08
 0.21361007865688E-07
-0.75472478635339E-08
 0.19244715431065E-07
 0.18086884388048E-07
 0.18239038720013E-07
 0.40836749676035E-07
 0.16163197513218E-07
 0.15655132151176E-07
 0.14220427382796E-07
 0.15275075225155E-07
 0.15198657307514E-07
 0.10456349440973E-07
 0.10910270751306E-07
 0.17286408881199E-07
 0.90268676017139E-08
 0.10185155979953E-07
 0.25160384029035E-07
 0.14694421248281E-07
 0.96827831795948E-08
 0.10010686614094E-07
 0.89376453415719E-08
 0.79188454629693E-08
 0.75362571589158E-08
 0.58952020317624E-08
 0.76883900865959E-08
 0.78568781520825E-08
 0.80561542359396E-08
 0.66857811756705E-08
 0.48352618301053E-08
 0.35377515984027E-08
-0.23195042642612E-07
 0.29998604031494E-07
 0.29532693294817E-08
-0.27705539785109E-08
 0.60962895431132E-08
 0.12799696667610E-07
-0.73481661564039E-09
-0.29829234797509E-07
 0.56794993219439E-08
 0.46593631328924E-07
-0.21135467039225E-07
 0.37803794195246E-08
-0.12824217821183E-08
 0.36729115882592E-08
 0.35408571901174E-08
 0.18199356202532E-08
 0.16420753623474E-08
-0.27248298109781E-08
-0.48222108399754E-06
-0.43588539222977E-09
 0.84985014117299E-09
 0.15524271313701E-08
 0.73283482024859E-09
 0.27680559881542E-08
 0.59478045184389E-09
-0.26535407821459E-08
 0.25179481778858E-08
 0.91204496443505E-09
 0.14470429585104E-09
-0.16435999931414E-09
 0.62568655864344E-09
 0.13768294210190E-08
 0.32260110275730E-08
-0.12058615241773E-07
-0.16481938575534E-08
-0.76472846160327E-08
 0.50021829525087E-10
-0.27161641591896E-09
-0.19252328245228E-07
 0.17060777417804E-09
 0.13690482091107E-08
 0.47383576759171E-09
-0.47911421871991E-07
-0.85430988250437E-08
-0.55362259334396E-09
 0.51419489638449E-08
 0.15252765576240E-09
-0.16271806199425E-09
 0.96867609242759E-09
-0.19446171286332E-08
-0.46221020347263E-09
-0.70966783960750E-09
-0.50022141290559E-09
-0.67363379128468E-09
-0.51625885693942E-09
-0.73010029528995E-09
-0.69948688700484E-09
-0.73044842468703E-09
-0.76009777662545E-09
-0.78846156777650E-09
-0.81556674765086E-09
-0.84144020217991E-09
