7.543420271485938
7.917985207230211
8.311201389873691
8.722863468426123
9.152790799355172
9.600824709150181
10.066828892618767
10.550680182178514
11.052305392842877
11.571600283239736
12.108509048442869
12.662982692541458
13.234985902834714
13.824485943742948
14.431505930031248
15.056015638669285
15.698039464179505
16.35760282299783
17.034740675467837
17.729500782153426
18.441938894940954
19.172121367301553
19.92012646281785
20.686041218641407
21.469964133237106
22.272002117863636
23.09227109880917
23.930899191933534
24.788023835318164
25.663796379560377
26.558362409673027
27.471899751301095
28.404574289331222
29.356571428580335
30.32809299172756
31.319328566826254
32.33049655490617
33.361815648601244
34.41351254725871
35.48582450007397
36.578992662276235
37.69357483029543
38.82894204564495
39.986203530861154
41.165396612219155
42.366780825640085
43.590646590570806
44.8372838791954
46.10699550237311
47.40008617028585
48.71686420699804
50.057668513821966
51.42280094146057
52.812599491005884
54.22737682304464
55.66753409984525
57.13335334898669
58.62520256435283
60.14343575887851
61.688406431319116
63.26047724031733
64.86001169475283
66.48736682213351
68.1429201604974
69.82705525674099
71.54012186984916
73.28250840277921
75.05459046274147
76.85674629546064
78.68935644852432
80.55280164157128
82.44746304014633
84.37372192756955
86.33195937039116
88.32255587776233
90.34589105506859
92.40234325228008
94.49228920752661
96.61610368649411
98.77415911829615
100.96682522855983
103.19446867050397
105.45745265490058
107.75613657978658
110.09087566093676
112.4620205640751
114.86991703988447
117.3149055628717
119.79732097518632
122.3174921364671
124.87574158082211
127.47238518200064
130.10773182779212
132.78208310466707
135.4957329935907
138.24896757790114
141.04206476406176
143.87529401599892
146.74891610366228
149.66318286633665
152.6183369910813
155.61461180670267
158.6522310933226
161.73140890770983