8.088054353735313
8.466934922417101
8.864695292796249
9.281120027327649
9.716018091182896
10.169221667328241
10.640584965828417
11.129984172163162
11.637312037552087
12.162479638367298
12.705416680072533
13.266066729873756
13.844385242154752
14.440347322292746
15.053935727524461
15.685143711871344
16.333991001889057
17.00048762423611
17.684670201750397
18.386580404348198
19.106272116378
19.843808608773376
20.599270051108682
21.37273668847506
22.16430532175419
22.97408461140341
23.802188968432677
24.648745875827437
25.51388004383401
26.397826195286694
27.30054608144482
28.222377389188747
29.16344089682606
30.12392261140419
31.10402146743309
32.10392281989861
33.12385528231906
34.164035131193415
35.22468985816722
36.30605462840744
37.40837840736175
38.53190938605578
39.67691496075336
40.84362720130834
42.032412311244485
43.24346228689348
44.47709662876224
45.73361221893078
47.013310196691236
48.31649027438342
49.643488090901414
50.99450336909947
52.37016753532582
53.77052895441097
55.19597201833663
56.6468863207476
58.12360072781148
59.62645039612601
61.15583211278387
62.71205761738674
64.29556821687464
65.90653690514343
67.54552163474781
69.21282534801608
70.90882404690154
72.63389083868559
74.38840040869414
76.17273701845146
77.98727394430117
79.83239321466392
81.70847636940809
83.61590493274878
85.55506047011224
87.5263242501143
89.5300769004281
91.56669805794417
93.63656601366424
95.74005735285326
97.87754659108506
100.04940580681624
102.25600427127732
104.49770807645994
106.77487976210132
109.08787794257842
111.4370569347041
113.82276638744912
116.24535091463564
118.7051497317022
121.20249629762814
123.73771796311017
126.31113562610285
128.92306339578263
131.5738082659825
134.26366979910054
136.99293982141057
139.761902130673
142.57083221682626
145.41999699646976
148.30965456176224
151.2400539442305
154.21143489389573
157.2240276739734
160.27805287139444
163.3737212231004