10.281744072472488
10.676061483578593
11.09011149044951
11.523647690433293
11.97643812879635
12.4483127834647
12.939063169939036
13.448543284668935
13.976615861526213
14.523163070840505
15.088084821859466
15.671300445753685
16.272738225177484
16.892354622072975
17.53010725721719
18.185974376925827
18.85994712517355
19.552031699657835
20.26224459720651
20.990614855535647
21.73718583746164
22.502013914897418
23.28516124652443
24.086713982845186
24.90675177425524
25.745344515970764
26.60272420325823
27.478893566950113
28.374026735761916
29.288265302657432
30.221758880551068
31.17472155523164
32.14724236544232
33.139578185349386
34.15190074636136
35.18441503326827
36.237336219985785
37.31088741879484
38.40530293073199
39.52081904276399
40.65768500546904
41.81616166812682
42.99650644715286
44.1990144772628
45.42391458598406
46.67153504474123
47.94216474297842
49.23609269832425
50.55363081501051
51.89508730347155
53.260787499639726
54.65104920059358
56.06620337412462
57.506579443059216
58.97253398768841
60.464395112333946
61.9825065354839
63.52724616136463
65.09895299636872
66.69798782064204
68.32471584884175
69.97950870043564
71.66273313155645
73.374761944831
75.11597278766897
76.8867394600123
78.68744422750146
80.51846344809294
82.38018110566874
84.27297815039903
86.19723844204029
88.1533424775088
90.14167417942714
92.16261481870816
94.2165451558673
96.30384462247744
98.42489095230661
100.58005980790823
102.76972440332557
104.99425512365215
107.25401914226764
109.54938003662268
111.88069740352859
114.24832647493297
116.65261773524206
119.09391654126483
121.57256274588589
124.08889032662259
126.64322702017552
129.23589396412777
131.86720534690218
134.5374680670722
137.24698140305645
139.99603669421145
142.7849170342184
145.61389697764102
148.48324226036863
151.3932095346513
154.34404611922474
157.335989765001
160.3692684366441
163.4441001101911
166.56069258691986
169.71924332333052