71.77751440089612
71.81926880249956
71.88884252428936
71.9862098903704
72.11133498460195
72.26417072629013
72.44465892241291
72.65272932067533
72.88829852573507
73.15127079242293
73.4415321507949
73.75895428089187
74.10339097942766
74.474679426646
74.87263972208916
75.29707779531367
75.7477852421866
76.22454297766099
76.72712314458641
77.25529361820062
77.80881629081455
78.38745283308482
78.99097269328205
79.61913972322932
80.27173067792603
80.9485282643689
81.64932474494898
82.37392406734718
83.12214049167721
83.89380193633917
84.68877980963418
85.50683896728606
86.34793800035757
87.21192816146086
88.09870722446671
89.00819071026008
89.94029461582221
90.89496614386961
91.87214946700236
92.87181166068667
93.8939292071283
94.93849014643885
96.00549459847495
97.09495361443835
98.20688551111252
99.34132987408618
100.49831993772344
101.67790813721231
102.88015212916811
104.10512048782527
105.35288519540781
106.62352926306443
107.91713949497897
109.23381081872718
110.57364175266594
111.93674176600581
113.32321702206174
114.7331858097312
116.16676588883652
117.62408111791248
119.10525762998189
120.61042664624028
122.13972004180474
123.69326575121185
125.27122656081072
126.87371594939907
128.50088469281653
130.1528733018136
131.82982725166002
133.53290377306092
135.25920077162743
137.01192283975584
138.79018305480596
140.59413303626792
142.42391775162704
144.27968005526967
146.1615642561599
148.06971268085417
150.00426662529966
151.96536558820802
153.95314848411186
155.967752811934
158.00931250053134
160.07796179031493
162.17383134529953
164.29705035936462
166.447746360499
168.62604324516008
170.83206417310086
173.06592859740937
175.32775420986565
177.61765619798697
179.93574785211337
182.2821362271881
184.65692915906754
187.06023341312172
189.49214778576783
191.9527742031941
194.44220009921793
196.96054016711682
199.5078672260988
202.0842739148373
204.68985021280284
207.3246690237049
209.98883519112974
212.68240717880784
215.40545924270444
218.1580889398104
220.9403472670756
223.75231135374685
226.59404997517706
229.46562932883893
232.36711459400067
235.29856730443848
238.260051988173
241.25162494307364
244.2733489232483
247.32527801821763
250.40746963323488
253.51997903115702