73.21205959300661
73.25392238759082
73.3236767536871
73.42129755123563
73.54674882658155
73.69998384358591
73.88094616222858
74.08956506575166
74.32575883939424
74.58943131922618
74.88047116655936
75.19875184413542
75.5441278360424
75.91643865837814
76.31550644906271
76.74113803151037
77.19312992014751
77.67126316940853
78.17531126216943
78.70504480007673
79.26022826962432
79.8406266293187
80.44600636192203
81.07613797619526
81.7307980672023
82.40977227710438
83.1128535871362
83.83984836817777
84.59057208320006
85.36485467906634
86.16313220550131
86.98348030905206
87.82754979964795
88.69463080944132
89.58462353825131
90.49743799253069
91.43300037157637
92.39125091394644
93.37214134401071
94.37563742375802
95.4017155282378
96.45036522948439
97.52158677891478
98.61539289232728
99.73180498236128
100.87085405076469
102.03258285301628
103.21703943321872
104.42428486036256
105.65438598013458
106.9074154462116
108.18345499926642
109.48259271766705
110.80492225740987
112.15054373289762
113.51956333659965
114.9120898526322
116.32825742320892
117.7681274664715
119.23188481519084
120.71963337913758
122.2314943257705
123.76761109786285
125.32810917411615
126.9131419143537
128.52283128132217
130.1573217434657
131.81675550567275
133.50127847711818
135.2110289859194
136.94615321617587
138.70679552822003
140.49309798718605
142.30520637256038
144.14326125107618
146.00741189582504
147.89779389714727
149.81455031636384
151.75782162421714
153.727745260463
155.72445787085874
157.74809685008668
159.7987890323294
161.87667640122638
163.98188244659286
166.11454253659764
168.27477284190866
170.46269673879948
172.67842951395377
174.92211245667906
177.193840361483
179.4937290482618
181.82189527672048
184.17844282710615
186.56347828849994
188.97710290836986
191.41941899300627
193.8905236862779
196.3905071323318
198.9194748225169
201.47750166663948
204.06468139281202
206.6810982070475
209.32683279649027
212.00196613778067
214.7065729492588
217.44073490287556
220.20451943498904
222.99799849519192
225.8212409696213
228.67431603137118
231.55728473448966
234.47021426089788
237.41316318325832
240.38618717710946
243.38936145860413
246.42273135218448
249.48635121381767
252.5802790783406
255.70456897799727