96.28016449809886
96.3236065846916
96.39599530311975
96.49730836003334
96.62751506305158
96.78657429454736
96.9744360096758
97.19104024543316
97.43631361920397
97.71018093004062
98.01254022190412
98.34328593749744
98.70229536412833
99.08943193789841
99.50454470727585
99.94746960156274
100.41802993619876
100.9160408088996
101.44130774126994
101.99363190536252
102.57281170795055
103.17864483334387
103.81093173968115
104.46947545499293
105.15408884301675
105.86458851046906
106.60080398406515
107.36256381151024
108.14972697649341
108.9621496466568
109.79970487924176
110.6622760933018
111.54976745740926
112.46208340630083
113.3991500326226
114.36090306027708
115.34728983905762
116.35827204978956
117.39382036260834
118.45391750711975
119.53855720038487
120.64774303686971
121.78148962543708
122.93981837679651
124.12275804039353
125.3303576327671
126.56266188117266
127.81972229410013
129.1016040719935
130.40837600122967
131.7401145955183
133.09690336659014
134.47882516516242
135.88597044469878
137.31844317303853
138.77633603910658
140.2597572558877
141.76881094047
143.30361058277933
144.86426277778702
146.45090451031243
148.06363217200018
149.70257310578435
151.3678478490202
153.0595830607944
154.77789770821516
156.52290786165372
158.29477019364828
160.09357873524948
161.9194633677473
163.77256339118986
165.65298949067167
167.56086931160644
169.49632807986757
171.4594851301019
173.45046158813022
175.46937730132893
177.51634992580688
179.59149513263333
181.694926828111
183.82675840823913
185.98709957012142
188.17605728102436
190.39373881607528
192.64024459531313
194.91568381981818
197.22014680250078
199.55373079186776
201.91653612617284
204.3086436150874
206.73014891084802
209.18113673275766
211.6616893014396
214.17187994235113
216.71180897201353
219.28153019060272
221.8811239996966
224.51066085926357
227.17020905170145
229.8598328122497
232.57959754567165
235.32956320265046
238.10978926021454
240.92043318365614
243.76124389528508
246.6325795549487
249.53439466265903
252.46670800691524
255.42963874564606
258.42316210868717
261.4473480221259
264.5022374102033
267.5878730040448
270.70429370265214
273.8515407243293
277.02965003057557
280.23866020159664
283.4786083623266
286.749531674137
290.05146402774056