3.971889227456797e-12
3.971889227456797e-12
3.971889227456797e-12
3.971889227456797e-12
3.971889227456797e-12
3.971889227456797e-12
3.971889227456797e-12
3.971889227456797e-12
3.971889227456797e-12
3.971889227456797e-12
3.971889227456797e-12
3.971889227456797e-12
3.971889227456797e-12
3.971889227456797e-12
3.971889227456797e-12
3.971889227456797e-12
3.971889227456797e-12
5.9578338411851955e-12
3.971889227456797e-12
3.971889227456797e-12
4.096010765814822e-12
6.33019845625927e-12
7.571413839839519e-12
1.1543303067296316e-11
2.432782151817288e-11
6.08195537954322e-11
1.5775847525304966e-10
3.956994642853834e-10
9.539981438197794e-10
2.1840425889478064e-9
4.750751880653403e-9
9.887397624061905e-9
1.972142298662986e-8
3.787879046841025e-8
7.02412474075748e-8
1.2613019721327282e-7
2.198736096658629e-7
3.7295233055819995e-7
6.167785423317795e-7
9.96363183170602e-7
1.5749063338542687e-6
2.439433576814818e-6
3.7078679449062133e-6
5.5373958372112125e-6
8.13448809556224e-6
0.000011766645129230055
0.000016776068281766197
0.00002359525520581151
0.00003276482694316437
0.00004495354413642089
0.000060980588210447136
0.00008184027757019079
0.0001087292220419924
0.00014307579503638226
0.00018657221077372448
0.00024120890942574532
0.00030931140780729915
0.00039357944904726836
0.0004971285007630901
0.000623533378444263
0.0007768740726137677
0.0009617834668570021
0.0011834971310387167
0.0014479047701771502
0.00176160340431714
0.0021319520717468696
0.002567128016459977
0.003076184140664377
0.0036691076088907182
0.004356879666133609
0.005151536228897661
0.006066229495281359
0.007115290216380491
0.008314290680025092
0.009680108244374791
0.011230989417524815
0.0129866143642142
0.014968161766652754
0.01719837408204046
0.019701623041999756
0.02250397546454583
0.025633259270857498
0.029119129766551014
0.03299313614550387
0.037288788232736646
0.042041623436936085
0.04728927396090286
0.053071534339431785
0.05943042926391296
0.06641028165616882
0.07405778127216608
0.08242205356538998
0.0915547290907678
0.10151001335071322
0.11234475723310647
0.12411852797083299
0.13689368074874017
0.15073543100455755
0.16571192739349494
0.18189432555441729
0.19935686262633448
0.21817693265397356
0.2384351627799091
0.26021549044530534
0.28360524142053484
0.30869520889604335
0.33557973355005105
0.3643567846329337
0.3951280421295986
0.4279989800385831
0.4630789507904637
0.5004812707987505
0.5403233072915922
0.5827265663966109
0.6278167825036943
0.6757240090678437
0.7265827108687138
0.7805318577617212
0.8377150201412841
0.8982804660958398