3.971889227456797e-12
3.971889227456797e-12
3.971889227456797e-12
3.971889227456797e-12
3.971889227456797e-12
3.971889227456797e-12
3.971889227456797e-12
3.971889227456797e-12
7.943778454913594e-12
3.971889227456797e-12
1.1915667682370391e-11
7.943778454913594e-12
7.943778454913594e-12
7.943778454913594e-12
8.067899993271618e-12
9.060872300135818e-12
1.439809844953089e-11
3.9346527659493897e-11
1.3454774758009899e-10
4.825845411360008e-10
1.5423342356368175e-9
4.491834351638563e-9
1.2005531676141601e-8
2.9728970259822335e-8
6.873776321344405e-8
1.49665254465953e-7
3.0877057253172556e-7
6.069829946461024e-7
1.142532430387163e-6
2.0680196086030272e-6
3.612738094870164e-6
6.111154847320407e-6
0.000010038120518156208
0.00001605166569122571
0.000025043707012872778
0.000038199094910772355
0.000057063300916564804
0.00008361870685934148
0.00012036937826276331
0.00017043415947071852
0.00023764765855856606
0.0003266685652207438
0.000443094866961114
0.0005935850887774436
0.0007859849897251972
0.0010294589285612381
0.0013346251095509405
0.0017136939403746318
0.0021806088800362176
0.002751188938208873
0.0034432722694568243
0.00427686029658725
0.005274261763749387
0.006460236312162209
0.007862137171103765
0.009510052736647429
0.01143694652229592
0.013678795662606432
0.0162747274870982
0.019267154206519737
0.022701905737292943
0.026628360408816193
0.031099573745518215
0.036172405244349115
0.04190764304766661
0.048370126603615636
0.055628867271427664
0.0637571667162395
0.07283273302032406
0.08293779436414549
0.09415921009850377
0.1065885789092563
0.12032234378268278
0.13546189352250546
0.15211366027528492
0.1703892127456953
0.19040534464342254
0.2122841578022696
0.2361531396677434
0.26214523439834037
0.2903989073698964
0.3210582024800185
0.3542727918583888
0.3901980176792146
0.42899492568757314
0.4708302902044401
0.5158766304620771
0.5643122181603026
0.6163210761561411
0.6720929683842848
0.7318233812118051
0.795713496352226
0.8639701556547258
0.9368058181892399
1.0144385101699982
1.097091767997268
1.1849945752640605
1.2783812942678512
1.3774915927520621
1.4825703665737506
1.5938676591960226
1.711638578734007
1.8361432133049609
1.9676465458352175
2.106418368714836
2.2527331995220576
2.4068701983779697
2.5691130878284136
2.7397500759444844
2.9190737832389004
3.107381174081405
3.304973493045768
3.5121562066476324
3.7292389506376655
3.9565354831029826
4.194363643173897
4.4430453153302905
4.702906398659062
4.974276780534781
5.257490313746694