0.07460092061287728
0.10432301549347273
0.14289943566630664
0.1924077826409874
0.25541308408864943
0.33512058100941977
0.4355750527778825
0.5618346882113139
0.7196619809275062
0.9134533682490034
1.1429624154404279
1.4040945471291932
1.6925169648195901
2.00504953233173
2.33952314044689
2.6944412135770053
3.0687409475308165
3.4616460741968114
3.8725733755944676
4.301079149791909
4.746819423588034
5.20952405302709
5.688982746208401
6.185031414409726
6.69753986648953
7.2264110599146605
7.771573822228776
NaN
8.910587317876901
9.50439489599647
10.114398569399642
10.740614372862769
11.383070309725765
12.04180494997868
12.716870998098209
13.408329523842967
14.116252202695659
14.840720273324328
15.58182412895266
16.339662949708377
17.114344366340145
17.905984147846592
18.714705907346755
19.54064082175034
20.383927361912523
21.244711030690233
22.123144106954243
23.01938539410281
23.933599971969898
24.86595895132532
25.81663923035745
26.7858232527081
27.773698766738292
28.780458585817435
29.806300349456865
30.851426285221667
31.91604297132501
33.000361099875
34.10459524076562
35.22896360621404
36.37368781595324
37.53899266311072
38.72510588082796
39.932257909659434
41.16068166582551
42.41061231041563
43.6822870196184
44.975944756108085
46.29182604172069
47.630172731564336
48.99122778973996
50.37523506685616
51.78243907956369
53.21308479232976
54.66741740169387
56.145682123310735
57.64812398203482
59.174987605369054
60.7265170206149
62.30295545604898
63.904545146472024
65.53152714353658
67.18414113117261
68.86262524653682
70.56721590685181
72.2981476425238
74.05565293692844
75.83996207324874
77.6513029887314
79.48990113675006
81.35597935698165
83.24975775411575
85.17145358532366
87.12128115686139
89.0994517300507
91.10617343690475
93.14165120562282
95.20608669616739
97.29967824608265
99.42262082670888
101.57510600990193
103.75732194535286
105.96945334854253
108.21168149935778