0.01293761238460113
0.019375616517109156
0.028079838320207412
0.039569899612500625
0.05443444916993046
0.07333755982375505
0.09702609390524618
0.1263378634185031
0.1622103242293045
0.20568944691155355
0.2579382844766382
0.32024457430937797
0.39402639694156877
0.48083433403202763
0.582347492972918
0.7003588751675061
0.8367426102891871
0.9933920416047218
1.1721163573721518
1.37449153194996
1.6016872741000439
1.8543291568013405
2.132466806270096
2.4356705640206604
2.7632051505917974
3.11420230631441
3.4877852636210913
3.883138937337295
4.299540159489564
4.7363644890619465
5.19308145706581
5.669245168499084
6.1644838099392905
6.678489679546144
7.211010355497709
7.76184113945551
8.330818702515867
8.917815784474982
9.52273678216619
10.14551407339839
10.786104943374369
11.444489002014759
12.120666000621082
12.814653973614465
13.52648764529258
14.256217053292499
15.00390634981332
15.769632749221435
16.55348559664547
17.355565537081027
18.17598376823747
19.01486136358366
19.872328654426244
20.748524661897115
21.643596571315555
22.557699242686542
23.490994752175176
24.443651960225168
25.41584610272533
26.407758402180857
27.419575696359193
28.45149008222479
29.50369857335438
30.576402769289214
31.66980853550047
32.78412569286086
33.919567715674695
35.07635143748228
36.25469676395921
37.454826392372155
38.676965537113766
39.92134166098336
41.1881842119089
42.47772436487572
43.79019476896819
45.125829299373784
46.484862814355424
47.86753091717849
49.27406972306412
50.70471563126067
52.15970510236963
53.63927444108021
55.14365958453739
56.67309589652481
58.227817967752515
59.8080594224687
61.41405273170119
63.04602903341358
64.70421795986263
66.38884747247306
68.1001437045378
69.83833081201908
71.60363083279499
73.39626355459639
75.21644639195746
77.06439427241057
78.94031953220684
80.84443182178738
82.77693802121712
84.73804216577356
86.72794538188279
88.7468458335127
90.79493867918032
92.87241603964335