0.007031342902340843
0.010861200054779687
0.016173330478197523
0.023341529327372167
0.032791645716393314
0.04500497485964328
0.06052205169134092
0.07994668110777961
0.10394994807196281
0.13327386968755214
0.16873428697191775
0.21122255407840893
0.26170557615218215
0.32122377597873103
0.3908866337529886
0.47186552769425694
0.5653836805064428
0.6727030470383644
0.7951079204941676
0.9338848649568846
1.0902983341975088
1.2655611590460933
1.460799289399267
1.6770112274980402
1.9150248784621795
2.175457854135383
2.458690139955626
2.7648579825338997
3.0938732226397128
3.44546459516159
3.8192310790130364
4.214695742203627
4.631351530629745
5.068695233294946
5.526249758116971
6.003576897663127
6.500283272582562
7.016021837977894
7.5504907336616895
8.103430708980722
8.674621898506926
9.26388041607075
9.871055029442017
10.496024050141935
11.138692496273215
11.798989542503522
12.476866247345239
13.172293536441499
13.885260415625142
14.61577238683358
15.363850041242934
16.129527806176817
16.91285282493378
17.71388395137219
18.532690843463175
19.369353142310562
20.22395972504458
21.09660802173958
21.987403387957087
22.896458525739277
23.823892946994967
24.769832474091768
25.734408773196076
26.717758916694265
27.720024971353194
28.74135360956474
29.781895741301952
30.84180616477677
31.921243234070836
33.02036854229727
34.13934661902971
35.27834464091818
36.43753215459555
37.61708081111359
38.817164111216705
40.037957160963956
41.27963643718374
42.54237956242308
43.826365089067885
45.131772292992125
46.45878097225764
47.80757126357875
49.17832345498582
50.5712178160582
51.986434432807044
53.424153051478534
54.88455293063604
56.36781270155388
57.874110236940474
59.40362252800968
60.956525569965805
62.532994255927726
64.13320227935183
65.7573220450091
67.40552458855248
69.07797950473329
70.77485488430828
72.49631725967797
74.24253155928217
76.01366107079129
77.80986741310628
79.63131051717141
81.47814861562482
83.35053824125822