 0.10114789503981E+00
-0.13995117226853E-01
-0.47101228868584E+03
 0.23564975570924E-03
 0.18098850787658E-03
 0.14716710158423E-03
 0.69165244447271E-04
-0.50245727025245E+03
 0.31808928115331E-04
-0.66777008501061E+03
 0.27335719781196E-04
-0.23767240433654E-04
-0.13041483544417E-03
-0.14036967967921E-04
 0.84353379248930E-03
 0.24481650658470E-03
-0.15665317272824E-04
 0.51525193125627E-05
 0.31740137147398E-03
 0.57081854253570E-03
 0.94912873753509E+03
 0.13396623885238E-02
-0.14047609057283E-04
 0.17778986115980E-04
 0.56361410898627E-04
 0.19586233140790E-04
-0.60470876521609E-05
-0.82488113592522E-05
-0.88501261945781E-04
 0.11125655438944E-03
-0.20273012172601E-03
 0.73553065257853E-03
 0.27740665455375E-04
 0.32426176464812E-03
 0.29530874240340E-04
-0.16345752310457E-03
-0.33299973509023E-03
-0.12518404848648E-03
-0.27910737492609E-03
 0.25968299553370E-04
-0.24114694442871E-03
-0.16740027997852E-03
 0.17878086814832E-03
-0.93408254243353E+03
 0.22731511869005E-02
-0.15401655713186E-02
-0.24153245454498E-02
-0.87237547116343E-02
-0.13212129101086E-03
 0.12230100953567E-04
-0.63241462021748E-03
-0.37758302010478E-04
 0.19665443139111E-03
 0.21403202185391E-04
 0.16134921174037E-03
-0.71119568657121E-08
-0.74172144833878E-08
-0.75707754814943E-08
-0.75071715714716E-08
-0.74087085220213E-08
-0.74554965398127E-08
-0.69242176828023E-08
 0.30948112804793E-08
-0.12098700885428E-07
-0.90349846202600E-08
-0.66281949298793E-08
-0.54836492680975E-08
-0.52580661307452E-08
-0.63866470034134E-08
-0.21104974943183E-08
-0.13575935612210E-07
-0.17154655426072E-08
-0.26050072756697E-08
 0.57144817333861E-08
-0.33869265619080E-08
-0.55371569207068E-08
-0.94779203448200E-08
-0.13886444872597E-06
 0.10402390028631E-07
-0.13390350892069E-07
-0.52119918000536E-07
 0.45245673131840E-06
-0.11381402536127E-07
-0.42349941749631E-07
-0.51572145678163E-09
-0.46833002972212E-07
 0.24066921517643E-07
-0.80065881885807E-07
-0.26873950328640E-07
 0.85714720000446E-07
 0.24292063276200E-05
 0.15217849345872E-07
 0.55333603918443E-07
-0.96837719773558E-08
-0.17578647951200E-07
 0.25820225614214E-05
-0.26576374252084E-08
-0.37254894532679E-06
-0.80892212491613E-08
-0.13522431850751E-05
 0.45677771155767E-07
-0.40941792118294E-07
 0.39943186320872E-06
-0.84157821875854E-08
