0.0452901430334023
0.06439831492034294
0.08935058102705835
0.12141170604961603
0.16204521542748168
0.21293278809701666
0.2759876754473664
0.3533574810218156
0.44740982343984503
0.5606906502242753
0.6958367436878302
0.8554099080736091
1.041612683574293
1.2558933677481283
1.498602489818049
1.768980492139489
2.065541822961063
2.3865711020438094
2.7304563729761226
3.0958220979569595
3.48154395503651
3.886717759504558
4.310618743450217
4.7526645386497455
5.212385153272962
5.689399669939773
6.183398445557224
6.694129552820349
7.221388416068423
7.7650098353766674
8.324861797032417
8.900840626245117
9.492867154705646
10.100883660808199
10.724851402359974
11.364748606827952
12.020568817179088
12.69231951578988
13.38002096712249
14.083705233375168
14.803415327588457
15.539204476580963
16.291135471985353
17.059280092300614
17.84371858251984
18.64453918056955
19.461837682106083
20.295717036875327
21.146286971182537
22.013663632180982
22.897969250461443
23.79933181815443
24.71788478027951
25.653766737570272
26.607121159247697
27.578096104612268
28.5668439524778
29.57352113770571
30.598287894179094
31.641308003771023
32.702748550899535
33.78277968232837
34.88157437203697
35.99930819091272
37.13615908117631
38.29230713542813
39.4679343802764
40.663224564498535
41.87836295176653
43.1135361179468
44.3689317530255
45.64473846772722
46.941145604920344
48.25834305588727
49.596521081592
50.95587013906712
52.3365807130339
53.73884315292294
55.16284751543405
56.6087834127852
58.07683986682103
59.56720516913811
61.08006674737995
62.61561103789178
64.17402336486688
65.75548782616953
67.36018718596284
68.9883027743429
70.64001439404983
72.3155002344699
74.01493679300252
75.73849880394661
77.48635917500283
79.25868893149334
81.05565716840205
82.87743101029622
84.72417557921337
86.59605397055749
88.49322723706358
90.41585438084128
92.3640923535355
94.33809606461465
96.3380183977657
98.36401023539828