0.13891148743025253
0.193627396394244
0.26581608616172275
0.3605293805457196
0.48425218918425667
0.6443519606764965
0.8449120237358564
1.0819553046443793
1.3485263139794441
1.6396915809288055
1.952484925352806
2.2850392364483536
2.6361339076869905
3.0049175824272307
3.3907736029640247
3.7932410771201495
4.211968004282336
4.646677967695014
5.0971556614751234
5.563227398958446
6.044755719725389
6.541630822923175
7.053767185591918
7.581096362675414
8.12356919894007
8.681149745115246
9.253815134869955
9.841554474125658
10.444366327120616
11.062262819591133
11.695263483854333
12.34339314532555
13.006689162747353
13.685195410128715
14.378966234185247
15.088058934625831
15.812541346225764
16.552486221092018
17.307974933700343
18.079093771213415
18.86593724695258
19.668604803077304
20.487201543970922
21.32183971571353
22.172636311852482
23.03971398177729
23.92320062506438
24.823229195703423
25.73993750447473
26.67346801959953
27.623967665829504
28.591587622227
29.57648311890185
30.57881323298847
31.598740684138097
32.63643162985196
33.69205546091097
34.76578459723291
35.857794284377384
36.968262391000366
38.09736920753075
39.24529724627289
40.41223104320709
41.59835696172616
42.80386299851413
44.02893859180095
45.273774432229374
46.53856227651855
47.823494764160344
49.12876523736409
50.45456756445196
51.8010959669202
53.168544850389026
54.55710863964055
55.966981617975854
57.3983577710868
58.851430635667754
60.326393152975385
61.82343752755079
63.342755091305406
64.88453617318808
66.44896997462227
68.03624445091485
69.6465461988343
71.28006035054656
72.93697047405848
74.61745848037619
76.32170453750376
78.04988699147731
79.80218229451725
81.57876494047972
83.37980740768587
85.20548010926295
87.0559513510755
88.93138729731653
90.83195194385607
92.75780709936511
94.70911237428612
96.68602517765575
98.68870072181483
100.71729203498985
102.77194998175547
104.85282329134735
106.96005859380462