 0.16089784696541E-05
 0.16260115192457E-05
 0.16431380099577E-05
 0.16603619195408E-05
 0.16776850850595E-05
 0.16951115860805E-05
 0.17126448263007E-05
 0.17302882623128E-05
 0.17480461531727E-05
 0.17659205668746E-05
 0.17839158657062E-05
 0.18020357196507E-05
 0.18202838520333E-05
 0.18386648059296E-05
 0.18571808810221E-05
 0.18758367215316E-05
 0.18946362592653E-05
 0.19135834746382E-05
 0.19326831782579E-05
 0.19519378729947E-05
 0.19713524438047E-05
 0.19909310243420E-05
 0.20106777694863E-05
 0.20305976506033E-05
 0.20506932432643E-05
 0.20709695353176E-05
 0.20914307424040E-05
 0.21120811390189E-05
 0.21329259235241E-05
 0.21539679718269E-05
 0.21752127567809E-05
 0.21966650027722E-05
 0.22183293520265E-05
 0.22402109918738E-05
 0.22623120659275E-05
 0.22846365356848E-05
 0.23071867386671E-05
 0.23299642384022E-05
 0.23529707734370E-05
 0.23762049203190E-05
 0.23996673409973E-05
 0.24233573508380E-05
 0.24472736821926E-05
 0.24714151639862E-05
 0.24957768818920E-05
 0.25203551006587E-05
 0.25451433260069E-05
 0.25701327777764E-05
 0.25953129318464E-05
 0.26206675987333E-05
 0.26461801645524E-05
 0.26718298905166E-05
 0.26975928553836E-05
 0.27234430435338E-05
 0.27493488872718E-05
 0.27752792003106E-05
 0.28011998955187E-05
 0.28270753934226E-05
 0.28528700881460E-05
 0.28785450509922E-05
 0.29040642508910E-05
 0.29293912250395E-05
 0.29544904618907E-05
 0.29793287560464E-05
 0.30038716291965E-05
 0.30280894281794E-05
 0.30519536281026E-05
 0.30754379368591E-05
 0.30985193656849E-05
 0.31211742868176E-05
 0.31433843686519E-05
 0.31651325619377E-05
 0.31864040115275E-05
 0.32071869640474E-05
 0.32274686284565E-05
 0.32472410872770E-05
 0.32664971482098E-05
 0.32852312195033E-05
 0.33034401990526E-05
 0.33211192874379E-05
 0.33382679633833E-05
 0.33548858114597E-05
 0.33709734318288E-05
 0.33865333636957E-05
 0.34015648881355E-05
 0.34160751781633E-05
 0.34300649209194E-05
 0.34435394836960E-05
 0.34565047618434E-05
 0.34689630294991E-05
 0.34809241271195E-05
 0.34923911032983E-05
 0.35033714093815E-05
 0.35138727675040E-05
 0.35238990566776E-05
 0.35334614896252E-05
 0.35425643159320E-05
 0.35512159975842E-05
 0.35594251040786E-05
 0.35671962395982E-05
 0.35745411659254E-05
 0.35814646063272E-05
 0.35879753602865E-05
 0.35940822339585E-05
 0.35997900136539E-05
 0.36051104993947E-05
 0.36100484440794E-05
 0.36146125737116E-05
 0.36188115591923E-05
 0.36226500447088E-05
 0.36261395586797E-05
 0.36292846227817E-05
 0.36320936459437E-05
 0.36345749467829E-05
 0.36367328402272E-05
 0.36385784061715E-05
 0.36401157874692E-05
 0.36413529411920E-05
 0.36422977142172E-05
 0.36429539945835E-05
 0.36433323168097E-05
 0.36434363743966E-05
 0.36432736039730E-05
 0.36428513235974E-05
 0.36421729526870E-05
 0.36412484372917E-05
 0.36400809948067E-05
 0.36386775172910E-05
 0.36370447769997E-05
 0.36351857162266E-05
 0.36331096826417E-05
 0.36308194201056E-05
 0.36283212785306E-05
 0.36256214903599E-05
 0.36227225343290E-05
 0.36196331709959E-05
 0.36163556891472E-05
 0.36128959153453E-05
 0.36092595632745E-05
 0.36054486735511E-05
 0.36014714424676E-05
 0.35973297328324E-05
 0.35930288755620E-05
 0.35885740946307E-05
 0.35839670250387E-05
 0.35792153282540E-05
 0.35743204749066E-05
 0.35692873329148E-05
 0.35641206699597E-05
 0.35588217500576E-05
 0.35533977334241E-05
 0.35478505771214E-05
 0.35421821909418E-05
 0.35363994507175E-05
 0.35305024419282E-05
 0.35244978577641E-05
 0.35183873140730E-05
 0.35121723864100E-05
 0.35058595042233E-05
 0.34994484720741E-05
 0.34929455502988E-05
 0.34863520475926E-05
 0.34796692389492E-05
 0.34729015495144E-05
 0.34660533099409E-05
 0.34591256065088E-05
 0.34521210643845E-05
 0.34450406896652E-05
 0.34378885658414E-05
 0.34306686881661E-05
 0.34233818922160E-05
 0.34160305188873E-05
 0.34086153348527E-05
 0.34011401115866E-05
 0.33936085382481E-05
 0.33860212277810E-05
 0.33783802648005E-05
 0.33706862036165E-05
 0.33629425311647E-05
 0.33551526576192E-05
 0.33473169989634E-05
 0.33394374092133E-05
 0.33315142549730E-05
 0.33235507639393E-05
 0.33155500922070E-05
 0.33075124821100E-05
 0.32994395804852E-05
 0.32913315885841E-05
 0.32831914980176E-05
 0.32750222335744E-05
 0.32668238849949E-05
 0.32585979132078E-05
 0.32503443742674E-05
 0.32420660448080E-05
 0.32337656390714E-05
 0.32254431131413E-05
 0.32170997612794E-05
 0.32087355124584E-05
 0.32003529475351E-05
 0.31919545890548E-05
 0.31835402764342E-05
 0.31751111546322E-05
 0.31666670417645E-05
 0.31582103403323E-05
 0.31497433982847E-05
 0.31412659535626E-05
 0.31327790174568E-05
 0.31242823117295E-05
 0.31157780763096E-05
 0.31072685000381E-05
 0.30987532329345E-05
 0.30902331666791E-05
 0.30817079396182E-05
 0.30731796433948E-05
 0.30646503217509E-05
 0.30561195488619E-05
 0.30475881094103E-05
 0.30390555698675E-05
 0.30305238865128E-05
 0.30219949706349E-05
 0.30134683313164E-05
 0.30049446575937E-05
 0.29964234542534E-05
 0.29879065538939E-05
 0.29793957468556E-05
 0.29708904866412E-05
 0.29623913767820E-05
 0.29538978694952E-05
 0.29454116842653E-05
 0.29369345008117E-05
 0.29284657255254E-05
 0.29200058855650E-05
 0.29115543885515E-05
 0.29031128504953E-05
 0.28946828498240E-05
 0.28862637533108E-05
 0.28778560198342E-05
 0.28694590197381E-05
 0.28610742740192E-05
 0.28527032683347E-05
 0.28443453364723E-05
 0.28360008763592E-05
 0.28276692273735E-05
 0.28193518231549E-05
 0.28110500644662E-05
 0.28027632578834E-05
 0.27944917469242E-05
 0.27862348454138E-05
 0.27779939072105E-05
 0.27697702546122E-05
 0.27615631723216E-05
 0.27533729554396E-05
 0.27451988968345E-05
 0.27370422771562E-05
 0.27289043466247E-05
 0.27207843725452E-05
 0.27126826065681E-05
 0.27045983257766E-05
 0.26965327425919E-05
 0.26884870413046E-05
 0.26804604752787E-05
 0.26724532581050E-05
 0.26644646543039E-05
 0.26564958137501E-05
 0.26485478594535E-05
 0.26406200354803E-05
 0.26327125204502E-05
 0.26248245702723E-05
 0.26169572763993E-05
 0.26091117060857E-05
 0.26012870964183E-05
 0.25934835953705E-05
 0.25857004525624E-05
 0.25779387066884E-05
 0.25701993721808E-05
 0.25624816823007E-05
 0.25547857577467E-05
 0.25471108446525E-05
 0.25394579322468E-05
 0.25318279866646E-05
 0.25242202397133E-05
 0.25166347871784E-05
 0.25090708746243E-05
 0.25015294451896E-05
 0.24940114202322E-05
 0.24865160317339E-05
 0.24790433547789E-05
 0.24715926344519E-05
 0.24641647720792E-05
 0.24567606472582E-05
 0.24493794941657E-05
 0.24420213685761E-05
 0.24346855185856E-05
 0.24273728053675E-05
 0.24200840700171E-05
 0.24128185505199E-05
 0.24055762857766E-05
 0.23983565276991E-05
 0.23911601004952E-05
 0.23839878094128E-05
 0.23768388975057E-05
 0.23697133885669E-05
 0.23626105398608E-05
 0.23555311412849E-05
 0.23484759644468E-05
 0.23414442586467E-05
 0.23344360344477E-05
 0.23274505554237E-05
 0.23204885793706E-05
 0.23135508465805E-05
 0.23066366136128E-05
 0.22997458793349E-05
 0.22928779145860E-05
 0.22860334471478E-05
 0.22792131880383E-05
 0.22724164019229E-05
 0.22656430773737E-05
 0.22588924932983E-05
 0.22521653493787E-05
 0.22454623292312E-05
 0.22387827063420E-05
 0.22321257665669E-05
 0.22254928785903E-05
 0.22188833214856E-05
 0.22122963865700E-05
 0.22057334170421E-05
 0.21991930212026E-05
 0.21926765256779E-05
 0.21861832192726E-05
 0.21797124028165E-05
 0.21732653786833E-05
 0.21668407817851E-05
 0.21604398987170E-05
 0.21540620284556E-05
 0.21477064817784E-05
 0.21413745221762E-05
 0.21350648110618E-05
 0.21287785969148E-05
 0.21225151891603E-05
 0.21162739089576E-05
 0.21100559827007E-05
 0.21038600981294E-05
 0.20976874673178E-05
 0.20915374105736E-05
 0.20854092595955E-05
 0.20793042053879E-05
 0.20732209617802E-05
 0.20671607061749E-05
 0.20611227699008E-05
 0.20551064954184E-05
 0.20491130399307E-05
 0.20431411431643E-05
 0.20371919492667E-05
 0.20312648007865E-05
 0.20253590511299E-05
 0.20194758252515E-05
 0.20136138883410E-05
 0.20077743528269E-05
 0.20019565725627E-05
 0.19961599120188E-05
 0.19903854652406E-05
 0.19846320225958E-05
 0.19789006661368E-05
 0.19731907610883E-05
 0.19675016830518E-05
 0.19618344964721E-05
 0.19561880165264E-05
 0.19505632961676E-05
 0.19449597120192E-05
 0.19393766508427E-05
 0.19338151487126E-05
 0.19282740452251E-05
 0.19227543654343E-05
 0.19172554973561E-05
 0.19117768389080E-05
 0.19063193989523E-05
 0.19008820410950E-05
 0.18954657636225E-05
 0.18900699659078E-05
 0.18846940569906E-05
 0.18793390196123E-05
 0.18740037409660E-05
 0.18686891936364E-05
 0.18633947882920E-05
 0.18581199450363E-05
 0.18528656215196E-05
 0.18476307280876E-05
 0.18424162126292E-05
 0.18372214970254E-05
 0.18320460123634E-05
 0.18268906921738E-05
 0.18217544695133E-05
 0.18166382685247E-05
 0.18115415221992E-05
 0.18064636725091E-05
 0.18014056297840E-05
 0.17963663493430E-05
 0.17913467324819E-05
 0.17863462231834E-05
 0.17813642741894E-05
 0.17764017734985E-05
 0.17714576982402E-05
 0.17665329277137E-05
 0.17616269167604E-05
 0.17567391287639E-05
 0.17518704302147E-05
 0.17470198195990E-05
 0.17421881550252E-05
 0.17373749020496E-05
 0.17325795345568E-05
 0.17278028983100E-05
 0.17230440126984E-05
 0.17183037154037E-05
 0.17135814825428E-05
 0.17088767983517E-05
 0.17041904886071E-05
 0.16995215931482E-05
 0.16948709299558E-05
 0.16902379855452E-05
 0.16856222543456E-05
 0.16810245428507E-05
 0.16764439108996E-05
 0.16718811574617E-05
 0.16673357792814E-05
 0.16628072808170E-05
 0.16582964499478E-05
 0.16538023660660E-05
 0.16493258097851E-05
 0.16448662879045E-05
 0.16404233147415E-05
 0.16359976601978E-05
 0.16315884227758E-05
 0.16271963653576E-05
 0.16228210046184E-05
 0.16184618645612E-05
 0.16141196977156E-05
 0.16097936212576E-05
 0.16054843809313E-05
 0.16011915031070E-05
 0.15969145212958E-05
 0.15926541712328E-05
 0.15884095883360E-05
 0.15841815017783E-05
 0.15799694474412E-05
 0.15757729681646E-05
 0.15715927834396E-05
 0.15674280465015E-05
 0.15632794704925E-05
 0.15591466006197E-05
 0.15550289888712E-05
 0.15509273390201E-05
 0.15468408217003E-05
 0.15427701345394E-05
 0.15387148318842E-05
 0.15346744746896E-05
 0.15306497515123E-05
 0.15266398499743E-05
 0.15226454526813E-05
 0.15186661229340E-05
 0.15147014304721E-05
 0.15107520491161E-05
 0.15068171830722E-05
 0.15028975003959E-05
 0.14989925731557E-05
 0.14951019796952E-05
 0.14912263795574E-05
 0.14873649931371E-05
 0.14835184743905E-05
 0.14796864039692E-05
 0.14758683686400E-05
 0.14720650141080E-05
 0.14682752270504E-05
 0.14645010443864E-05
 0.14607396157412E-05
 0.14569929698008E-05
 0.14532603508487E-05
 0.14495410147558E-05
 0.14458369567047E-05
 0.14421453842575E-05
 0.14384682846016E-05
 0.14348049172578E-05
 0.14311545530318E-05
 0.14275191465291E-05
 0.14238959617377E-05
 0.14202869454968E-05
 0.14166913721955E-05
 0.14131085272144E-05
 0.14095403257010E-05
 0.14059840866025E-05
 0.14024417175202E-05
 0.13989125073510E-05
 0.13953957556987E-05
 0.13918933393327E-05
 0.13884026307362E-05
 0.13849254993447E-05
 0.13814612482107E-05
 0.13780091908170E-05
 0.13745711665985E-05
 0.13711446001929E-05
 0.13677313239053E-05
 0.13643306545996E-05
 0.13609419193022E-05
 0.13575669211207E-05
 0.13542031355067E-05
 0.13508523586355E-05
 0.13475139208463E-05
 0.13441871623812E-05
 0.13408738509946E-05
 0.13375715116505E-05
 0.13342819053605E-05
 0.13310043756125E-05
 0.13277382755435E-05
 0.13244853384959E-05
 0.13212431376833E-05
 0.13180133998882E-05
 0.13147954814268E-05
 0.13115887480196E-05
 0.13083948995066E-05
 0.13052115561249E-05
 0.13020404113315E-05
 0.12988808339593E-05
 0.12957322020076E-05
 0.12925961826937E-05
 0.12894704420888E-05
 0.12863566411976E-05
 0.12832541610659E-05
 0.12801623916752E-05
 0.12770829684710E-05
 0.12740136022035E-05
 0.12709559222703E-05
 0.12679093216341E-05
