94.17290127753853
94.21621000865647
94.28837635078247
94.38937788868068
94.51918303336787
94.6777507975362
94.86503047533093
95.0809611870056
95.32547123644505
95.59847726027297
95.89988323459137
96.22957950542907
96.58744205825388
96.97333222875875
97.38709698079921
97.82856979304825
98.29757211249525
98.79391527570505
99.31740276734664
99.86783267737445
100.44500022692058
101.04870025194751
101.67872955729808
102.33488907809763
103.0169858082535
103.72483447181071
104.45825893912064
105.21709337963668
106.00118317853138
106.8103856279207
107.64457041741346
108.50361994683904
109.3874294844072
110.29590719258665
111.22897404250988
112.18656363585987
113.16862195114939
114.17510702934361
115.20598861173232
116.26124774118186
117.34087633616232
118.4448767454458
119.57326129003376
120.72605179770756
121.90327913455536
123.1049827370063
124.33121014714925
125.58201655352129
126.85746433901477
128.15762263718523
129.48256689785768
130.83237846268239
132.2071441510796
133.60695585682964
135.0319101554402
136.4821079223528
137.9576539619372
139.4586566472242
140.98522757025233
142.53748120044972
144.11553456836322
145.7195069222519
147.34951944476114
149.0056949422658
150.68815755920377
152.39703249989725
154.13244576032406
155.89452386982708
157.68339364278134
159.4991819402333
161.34201544156068
163.212020426205
165.10932256553443
167.034046724893
168.98631677592735
170.9662554192273
172.97398401736785
175.00962243837827
177.0732889097126
179.16509988271562
181.28516990762813
183.43361151910312
185.61053513221577
187.81604894891916
190.0502588748763
192.31326844655794
194.60517876851083
196.92608846062873
199.27609361526612
201.6552877640032
204.06376185384127
206.5016042325871
208.96890064317873
211.4657342266596
213.99218553351795
216.54833254308568
219.1342506906579
221.7500129020209
224.39568963504794
227.0713489280086
229.77705645425527
232.51287558294604
235.27886744544293
238.07509100707392
240.9016031438966
243.75845872418927
246.64571069427345
249.5634101684696
252.51160652282664
255.49034749239127
258.4996792717366
261.53964661854025
264.61029295996997
267.7116605016848
270.84379033926456
274.0067225719076
277.2004964182431
280.42515033413093
283.68072213234484
286.96724910403645