 0.25528580962481E-32
 0.20422864769985E-31
 0.68927168598698E-31
 0.16338291815988E-30
 0.31910726203101E-30
 0.55141734878958E-30
 0.87563032701309E-30
 0.13070633452790E-29
 0.18610335521648E-29
 0.25528580962481E-29
 0.33978541261062E-29
 0.44113387903167E-29
 0.56086292374570E-29
 0.70050426161047E-29
 0.86158960748372E-29
 0.10456506762232E-28
 0.12542191826867E-28
 0.14888268417319E-28
 0.57862087187518E-14
 0.20422864769985E-28
-0.16472631892225E-13
-0.21008684075729E-13
 0.62121248914100E-28
 0.20577688433859E-13
 0.66763174594099E-13
 0.14372466472013E-12
 0.63011547124697E-13
-0.31761346515394E-13
 0.61699944370278E-13
-0.58916142781710E-13
 0.27867431675533E-12
 0.11544328584313E-12
 0.42585022991250E-12
-0.18036395236253E-12
 0.53886931490205E-14
 0.27234789485199E-12
-0.23606234695861E-12
 0.19448210279801E-12
 0.11754576702849E-12
 0.30512604184305E-12
 0.31390774191484E-12
 0.40882192033878E-12
-0.21091696301187E-12
 0.63411112774667E-12
 0.47871890684492E-12
 0.51039701777010E-12
 0.14876916888430E-12
-0.63389289687046E-12
-0.81562312915957E-12
 0.17710814074898E-11
-0.81519518826187E-12
-0.68464473521743E-12
-0.12703379569928E-11
-0.26690357602937E-11
-0.53787717660784E-11
-0.18560300771856E-11
-0.10771228303802E-11
 0.52810958599801E-12
-0.13242564646105E-11
 0.29066290740277E-12
-0.36966587446817E-11
-0.60291728298446E-11
 0.15672672605012E-11
-0.10047713351904E-10
-0.13114959820424E-10
-0.91921545583356E-11
-0.45115827610759E-11
-0.17648249600278E-10
-0.12979777393543E-10
-0.12208809583438E-10
-0.48168215204090E-11
-0.11837826289702E-10
-0.25162423377978E-10
-0.41289986264857E-11
-0.38230336057185E-10
-0.25876728931845E-10
-0.42148999214486E-10
-0.31009478523073E-10
-0.40298289006283E-10
-0.46615405047581E-10
-0.51819759162293E-10
-0.49515983445659E-10
-0.68290534535137E-10
-0.72452086223215E-10
-0.80988697982868E-10
-0.88158530902310E-10
-0.96957044240726E-10
-0.10351880741192E-09
-0.12084121653735E-09
-0.13110625727412E-09
-0.13574775365746E-09
-0.14099696355339E-09
-0.18363801948071E-09
-0.20580323260947E-09
-0.19287982079034E-09
-0.21578862754556E-09
-0.24837968349955E-09
-0.25327186171236E-09
-0.25948289635772E-09
-0.30534532209604E-09
-0.29554809308195E-09
-0.34045796951545E-09
-0.38260964368900E-09
-0.40835353772631E-09
-0.43039672020622E-09
-0.48201070704585E-09
-0.50926990808337E-09
-0.57122514394289E-09
-0.56356237177188E-09
-0.63781125271675E-09
-0.61546541915354E-09
-0.71155032007732E-09
-0.73219570256546E-09
-0.80677237017423E-09
-0.91207009205936E-09
-0.94940481256762E-09
-0.97455405671811E-09
-0.97442581300215E-09
-0.10660407186236E-08
-0.12102744716481E-08
