0.013040239571005224
0.019537859588318093
0.02833142507229126
0.03995271280027082
0.0550056796047323
0.07417259587931396
0.09822041507253854
0.12800686076444745
0.16448557769120387
0.20870958840854498
0.26183224047615006
0.32510483354799496
0.39987017692358956
0.48755141186165846
0.5896354632143104
0.707650348491572
0.8431351696381467
0.9976009812608407
1.1724802784799422
1.3690636401127283
1.5884257712660486
1.831350876876705
2.09827653533539
2.389278306737729
2.7041065507619115
3.0422658624037466
3.4031114428746414
3.785936627135257
4.190037451369535
4.614752495561102
5.059483037017219
5.5237000973840145
6.006943868537455
6.508819269981176
7.02898991516818
7.5671717469939415
8.123126976066882
8.696658596735933
9.287605563143938
9.895838611000508
10.521256667292812
11.163783775291371
11.823366461138109
12.499971474115688
13.19358384063441
13.90420518079785
14.631852244213322
15.376555629054476
16.138358654365017
16.917316360889117
17.713494619906207
18.52696933319691
19.35782571010583
20.206157610164468
21.072066941642444
21.95566310803765
22.85706249587535
23.77638799823734
24.71376856939328
25.669338806615368
26.643238555924643
27.635612538980897
28.646609998802074
29.676384362348053
30.725092918293065
31.792896508590268
32.879959232624685
33.98644816296509
35.11253307184245
36.258386167673564
37.424181840987956
38.61009641931034
39.81630793054721
41.04299587455916
42.290341002654635
43.55852510478998
44.84773080428535
46.15814136000151
47.48994047581605
48.84331211742579
50.21844033640203
51.61550910152465
53.034702137426954
54.47620277057439
55.94019378265227
57.4268572714169
58.936374519097285
60.46892586841051
62.02469060631807
63.603846855562146
65.20657147411214
66.83303996258626
68.48342637974449
70.15790326612493
71.85664157592339
73.57981061714241
75.32757800011824
77.10010959444648
78.89756949436844
80.72011999264639
82.5679215629603
84.44113285083414
86.33991067310949
88.26441002594747