3.971889227456797e-12
3.971889227456797e-12
4.2201323041728465e-12
2.1733681366490162e-10
1.5988840085127334e-8
3.0918997920983733e-7
2.725196360388808e-6
0.000014587559551625191
0.00005572277191825507
0.00016752297418414945
0.0004221456150988158
0.0009303604884482217
0.0018474326043134964
0.003377733439513408
0.005774911462600444
0.009349535569843892
0.014466130237237376
0.0215487982666501
0.03108454437398547
0.04362824095953334
0.0598087834006846
0.08033641389406772
0.10601109977631035
0.13773176067786846
0.1765060426940042
0.22346022253521794
0.27984866611226433
0.34706196937840156
0.4266325509676293
0.5202352595015166
0.629679184643774
0.7568835885616788
0.9038266338602154
1.072451954223429
1.2645207765946385
1.4814201618485021
1.72398222836957
1.992403027087138
2.286314265533539
2.604968104611247
2.9474402378876507
3.312782542446661
3.700110314469517
4.108639793826948
4.537696603407281
4.9867101139460965
5.455202374044141
5.942775915436197
6.449102320309224
6.973912220992118
7.516986841840688
8.078150961183997
8.65726710010077
9.25423072158174
9.868966269353606
10.501423879014244
11.151576633288437
11.819418257557492
12.50496117089167
13.208234824506896
13.929284274071401
14.668168942643954
15.424961539715639
16.19974710858809
16.992622179779595
17.8036940124322
18.63307990904058
19.480906591635158
20.34730962966004
21.232432911550223
22.136428153489245
23.05945443982173
24.00167779067479
24.96327075300149
25.94441201189836
26.945286019530656
27.96608263950589
29.006996804743242
30.068228187274784
31.149980878667876
32.252463079871134
33.37588679953481
34.52046756003289
35.68642411043477
36.87397814590147
38.08335403301705
39.31477854069875
40.56848057633651
41.84469092698647
43.14364200542074
44.46556760093665
45.810702634876336
47.17928292085554
48.57154492974434
49.9877255594851
51.42806190986428
52.892791062414915
54.38214986560217
55.89637472554911
57.435701402501444
59.00036481332399
60.590598840266736
62.206636146336514
63.84870799753648
65.51704409228441
67.21187239835294
68.93341899762984
70.68190793884602
72.45756109910779
74.26059805364955
76.09123595494893
77.94968942098772
79.83617043303484
81.75088824320571
83.69404929200165
85.66585713599602
87.666512385878
89.69621265496082
91.75515251829634
93.84352348247485