0.009940727873269918
0.01038233530569654
0.010839236288076327
0.011311807416079355
0.011800430778250253
0.012305493949553895
0.01282739007577803
0.013366517848460756
0.013923281601705289
0.014498091284252642
0.01509136254971797
0.015703516774215835
0.016334981087142344
0.016986188407046274
0.017657577508654702
0.018349593026472537
0.019062685522676988
0.01979731149977797
0.020553933488247914
0.021333020044659926
0.022135045810893792
0.02296049155559253
0.023809844240443336
0.024683597034948008
0.025582249360362002
0.026506306975710634
0.027456281983250442
0.028432692875387123
0.029436064635834588
0.03046692872335504
0.031525823160754106
0.03261329254841012
0.0337298881705221
0.034876167990020836
0.03605269672676539
0.03726004589440726
0.03849879387151196
0.03976952594301565
0.04107283432504944
0.042409318268456744
0.04377958409094076
0.045184245194441496
0.04662392215946811
0.04809924279648528
0.0496108421755782
0.051159362673742895
0.052745454081754906
0.05436977358542688
0.05603298587086368
0.057735763143452946
0.059478785197124955
0.061262739466359496
0.06308832106081581
0.06495623285333478
0.06686718548329014
0.06882189742510365
0.07082109507314417
0.07286551271020084
0.07495589265444288
0.07709298522503807
0.07927754883834684
0.08151035001909321
0.0837921634830298
0.08612377215357005
0.08850596719554929
0.09093954810918481
0.09342532272672448
0.09596410723913293
0.09855672627987361
0.1012040129458853
0.10390680879981629
0.10666596398793987
0.10948233716344719
0.11235679559753606
0.11529021521031721
0.11828348053370193
0.12133748480759629
0.12445312997530862
0.12763132669993357
0.1308729944018368
0.13417906128385168
0.1375504643057102
0.14098814925355108
0.14449307072837644
0.14806619215188555
0.1517084857813694
0.15542093271231716
0.15920452290609544
0.16306025513508648
0.1669891370584023
0.17099218513487546
0.17507042469604261
0.17922488988135304
0.18345662366113105
0.18776667776408912
0.19215611275862737
0.19662599792672622
0.20117741131831157
0.20581143968596682
0.21052917846681118
0.2153317317463803
0.22022021221915553
0.22519574115505134
0.23025944837061882
0.23541247214638097
0.24065595921913702
0.24599106470438659
0.25141895203253106
0.25694079292491834
0.2625577672965313
0.2682710631962855
0.27408187675514656
0.27999141208484646
0.2860008812300972
0.2921115040516682
0.29832450817773065
0.3046411288830871
0.31106260901854654
0.3175901989048004
0.3242251562250574
0.330968745948088
0.33782224017419005
0.3447869180631979
0.35186406569782464
0.3590549759658709
0.3663609484436746
0.373783289254116
0.3813233109215196
0.388982332284769
0.3967616783160894
0.4046626799460365
0.4126866739928711
0.42083500293082426
0.4291090147906759
0.4375100629373292
0.4460395059675341
0.45469870746487173
0.4634890358954922
0.47241186437004923
0.48146857048544567
0.4906605361211498
0.49998914724928917
0.5094557937338224
0.5190618691319444
0.5288087704499393
0.5386978979665559
0.5487306550010236
0.558908447667417
0.5692326846642694
0.5797047770180132
0.5903261378748285
0.6010981821979109
0.6120223265539819
0.6230999888511445
0.6343325880468252
0.6457215439042476
0.6572682766825009
0.6689742068807248
0.6808407549213528
0.692869340869596
0.70506138412947
0.7174183030871941
0.7299415148612102
0.7426324349392512
0.755492476814169
0.7685230516845525
0.781725568085839
0.7951014315401678
0.808652044196178
0.8223788043971912
0.8362831063982136
0.8503663398713117
0.8646298895711052
0.8790751349118844
0.8937034495163044
0.9085162008177
0.9235147496230535
0.9387004496490284
0.9540746470845651
0.9696386800978704
0.9853938783920618
1.0013415626945323
1.0174830442763512
1.0338196244573916
1.0503525940507625
1.0670832329003324
1.0840128093106378
1.101142579508942
1.1184737871123804
1.136007662564821
1.1537454225572177
1.171688269501706
1.1898373908876618
1.2081939587466128
1.2267591290568272
1.2455340411268023
1.2645198170110252
1.2837175609134435
1.3031283585606515
1.3227532766272088
1.342593362101254
1.362649641680405
1.3829231211978223
1.4034147849829817
1.4241255952946874
1.4450564917163529
1.46620839056183
1.4875821843369696
1.509178741151535
1.530998904156806
1.5530434910323367
1.5753132934637766
1.59780907661796
1.6205315786739751
1.6434815103568399
1.6666595544865674
1.6900663655721655
1.7137025694107229
1.7375687627286998
1.7616655128489074
1.7859933573795859
1.8105528039498997
1.8353443299748518
1.8603683824499873
1.8856253777812215
1.91111570165439
1.936839708970704
1.9627977237704153
1.9889900392415067
2.015416917725027
2.0420785908286643
2.068975259495011
2.096107094187126
2.1234742350816695
2.151076792288968
2.178914846152148
2.2069884475403123
2.23529761822922
2.263842351279483
2.292622611464417
2.3216383357556007
2.35088943380087
2.3803757884738044
2.410097256420854
2.4400536686746235
2.4702448312504015
2.500670525806114
2.531330510316677
2.5622245197312195
2.593352266720048
2.624713442360541
2.65630771691415
2.6881347405494083
2.720194144099196
2.7524855398611994
2.785008522333952
2.817762669029211
2.8507475412185452
2.8839626847393856
2.917407630763456
2.9510818965709227
2.9849849863084046
3.0191163917813633
3.0534755931501776
3.0880620597462434
3.1228752507283266
3.15791461586478
3.1931795961864182
3.2286696247115163
3.264384127111098
3.300322522356602
3.3364842233710266
3.372868637648168
3.4094751678680173
3.446303212456052
3.4833521661967684
3.520621420733022
3.5581103651223414
3.595818386354017
3.6337448698144352
3.6718891997886502
3.710250759873092
3.748828933450575
3.7876231040779342
3.826632655889665
3.865856973976495
3.9052954447314363
3.944947456209611
3.9848123984409156
4.024889663730146
4.065178646970406
4.105678745887497
4.146389361319324
4.187309897451597
4.228439762047457
4.269778366655501
4.311325126822162
4.353079462264599
4.395040797059621
4.437208559790017
4.479582183709521
4.522161106872141
4.564944772261995
4.607932627904146
4.651124126997295
4.6945187279709915
4.738115894610635
4.781915096113071
4.825915807180063
4.8701175080612344
4.914519684616002
4.959121828374653
5.003923436571352
5.048924012172196
5.094123063921887
5.139520106356885
5.185114659826633
5.230906250512301
5.276894410422069
5.323078677410366
5.369458595173276
5.4160337132440715
5.462803586976084
5.509767777545806
5.556925851936756
5.604277382912548
5.651821949004595
5.699559134479347
5.747488529331961
5.795609729233919
5.843922335515404
5.892425955141345
5.941120200662761
5.9900046901872175
6.039079047342093
6.088342901228647
6.137795886400426
6.187437642810016
6.237267815754305
6.287286056417759
6.337492019591572
6.387885366934702
6.438465764734851
6.48923288443337
6.540186402544334
6.591326000631328
6.642651365247379
6.694162187893863
6.745858164969125
6.797738997717463
6.849804392197105
6.902054059208218
6.954487714260014
7.007105077520239
7.059905873765145
7.112889832330215
7.166056687061884
7.219406176273966
7.27293804269429
7.326652033418765
7.380547899872289
7.4346253977453225
7.488884286961612
7.54332433162048
7.597945299960327
7.652746964315442
7.707729101045499
7.762891490531213
7.8182339170849735
7.873756168945382
7.929458038211345
7.985339320803345
8.041399816415161
8.09763932848594
8.15405766414111
8.210654634168312
8.26743005295049
8.324383738453719
8.381515512167773
8.438825199075202
8.496312627597463
8.553977629581402
8.61182004023271
8.66983969810489
8.728036445033965
8.786410126120472
8.844960589688387
8.903687687243421
8.962591273444588
9.021671206064616
9.080927345951471
9.140359557003402
9.19996770612476
9.25975166320241
9.319711301056214
9.379846495435299
9.440157124947802
9.500643071064115
9.561304218061009
9.622140453001037
9.683151665703626
9.744337748709183
9.805698597252432
9.867234109231239
9.92894418518342
9.990828728247502
10.052887644143373
10.115120841140252
10.177528230037572
10.240109724120554
10.302865239146294
10.365794693325402
10.42889800726875
10.49217510399442
10.55562590887893
10.619250349642213
10.683048356320683
10.747019861243396
10.811164799009727
10.87548310646291
10.939974722672181
11.004639588897515
11.069477648590754
11.134488847337263
11.199673132871203
11.265030455034685
11.330560765755438
11.396264019033772
11.462140170913534
11.528189179467585
11.594411004777816
11.660805608912192
11.727372955898177
11.79411301173119
11.861025744311412
11.928111123465644
11.995369120903607
12.062799710216211
12.130402866838065
12.198178568052318
12.266126792956662
12.334247522445061
12.4025407392048
12.47100642769077
12.539644574104505
12.608455166383006
12.677438194181114
12.746593648863941
12.81592152346914
12.885421812717198
12.95509451297955
13.02493962226764
13.094957140218542
13.16514706808079
13.235509408694162
13.306044166486943
13.376751347446136
13.447630959118205
13.518683010582517
13.589907512447741
13.661304476835086
13.732873917359946
13.804615849126169
13.876530288704231
13.948617254127377
14.020876764873382
14.093308841859205
14.165913507413816
14.23869078527881
14.31164070059103
14.384763279876493
14.458058551030149
14.5315265433067
14.605167287314393
14.678980814993421
14.752967159617297
14.827126355770003
14.901458439343394
14.975963447521178
15.050641418767501
15.125492392822979
15.200516410686943
15.275713514610112
15.351083748083562
15.42662715583163
15.502343783795794
15.578233679130326
15.654296890186519
15.730533466511334
15.806943458832626
15.883526919045233
15.960283900210868
16.037214456541722
16.114318643394757
16.191596517263523
16.26904813576524
16.34667355763136
16.424472842705097
16.50244605192814
16.580593247330977
16.65891449202556
16.73740985020271
16.81607938710939
16.89492316905307
16.973941263395126
17.053133738529876
17.13250066388781
17.212042109920308
17.291758148102517
17.37164885090887
17.45171429181982
17.531954545306547
17.61236968683235
17.692959792829026
17.773724940705602
17.854665208830426
17.93578067653268
18.017071424085234
18.098537532706523
18.18017908454465
18.261996162680493
18.343988851113792
18.426157234752747
18.508501399420446
18.591021431834157
18.673717419606312
18.756589451235932
18.83963761610108
18.92286200445301
19.00626270741319
19.08983981695667