7.384003476475049
7.729076755807331
8.091077705120913
8.46976182816319
8.864906389356626
9.276309460789863
9.703788786115895
10.14718055823147
10.606338180687116
11.081131061906225
11.571443475280521
12.077173505840067
12.598232095028163
13.134542188176171
13.68603798411099
14.252664282770882
14.834375924096431
15.431137309877643
16.042921999394768
16.669712368787337
17.311499325565823
17.968282067854194
18.640067880558902
19.326871960311212
20.028717262144582
20.7456343607696
21.477661326608597
22.224843601010928
22.987233873140415
23.764891967937412
24.557884716950234
25.366285831302108
26.19017576729907
27.02964158521291
27.884776800817182
28.755681229531877
29.64246082325783
30.545227500194073
31.464098968017996
32.39919854094411
33.35065495121608
34.31860215562989
35.30317913773295
36.30452970626454
37.32280229049038
38.35814973298195
39.41072908041372
40.480701372875664
41.56823143220707
42.67348764978791
43.79664177420302
44.9378686991709
46.09734625207078
47.27525498340464
48.47177795747575
49.68710054457761
50.921410214922076
52.174896334558724
53.44774996351114
54.74016365633857
56.05233126531873
57.38444774646821
58.73670896857304
60.10931152544804
61.50245255157125
62.91632954133038
64.3511401720371
65.80708213091508
67.28435294624215
68.78314982284252
70.30366948217494
71.84610800710212
73.41066069152849
74.99752189542376
76.60688490606019
78.23894179797595
79.8938833159385
81.57189874070352
83.27317577818485
84.99790044792684
86.74625697915944
88.51842771343239
90.31459301396265
92.13493118187012
93.97961837939154
95.84882856022138
97.74273340707875
99.66150227657428
101.60530215149518
103.57429760053782
105.56865074556129
107.58852123639998
109.63406623326037
111.70544039670595
113.80279588524041
115.92628236047598
118.07604699985062
120.25223451686148
122.45498718877677
124.68444489174989
126.94074514327151
129.22402315190124
131.53441187415922
133.8720420785198