0.5163736236794243
0.7510696821914772
1.0058656431160813
1.278676614856468
1.56845046051447
1.8745503962641474
2.196549725595795
2.5341433296275415
2.8871031799096656
3.255253532938464
3.6384560107897936
4.036600094240347
4.449596785483722
4.877374231468196
5.319874617177316
5.777051914524074
6.248870227555482
6.735302565549516
7.236329930535629
7.751940640361574
8.28212983065958
8.826899093796282
9.38625622301938
9.96021503703779
10.548795265506609
11.1520224796443
11.769928055282449
12.402549157977516
13.049928741753229
13.712115555753751
14.389164147157189
15.081134870660946
15.788093882713317
16.510113131154295
17.24727033345582
17.999648943128047
18.767338103558536
19.550432588994333
20.349032732625314
21.1632443420413
21.993178602533668
22.83895196882489
23.70068604593494
24.578507459989126
25.472547719746387
26.382943069747622
27.309834335858085
28.253366764063436
29.213689853330408
30.19095718325387
31.185326237244077
32.19695822193778
33.22601788345019
34.27267332109996
35.33709579911691
36.41945955689138
37.51994161821034
38.63872159993779
39.77598152053845
40.931905608854265
42.10668011344151
43.30049311285902
44.51353432717967
45.745994931051044
46.99806736857911
48.26994517030454
49.56182277257224
50.873895339496876
52.206358587766815
53.55940861467869
54.93324172943414
56.32805428807777
57.744042532275344
59.18140243216432
60.640329533513366
62.12101880941744
63.62366451768901
65.1484600576482
66.6955978460956
68.26526918007804
69.8576641192644
71.47297136856643
73.11137816774165
74.77307018720744
76.45823143028657
78.16704414202916
79.8996887247764
81.65634366064006
83.43718544101992
85.24238850328328
87.07212517476168
88.9265656241139
90.80587782019197
92.71022749847717
94.6397781351306
96.59469092874345
98.57512478979264
100.58123633785553
102.6131799065755
104.67110755638642
106.7551690949932
108.86551210555807
111.00228198259818
113.16562197551849