0.5463802877033751
0.784203598722123
1.0413791567369062
1.3161986076503542
1.6077557729413103
1.9154870578702399
2.2390080578891154
2.578040433521294
2.932374241329375
3.301846552204036
3.6863284134322263
4.085716449153356
4.499927210867686
4.92889324723568
5.372560297826053
5.830885250544559
6.303834635410555
6.7913835058816066
7.293514606818892
7.8102177583131445
8.341489404276457
8.88733228757389
9.447755222585153
10.022772942324105
10.612406002075634
11.216680723497019
11.835629171345776
12.469289146070578
13.117704191284503
13.780923606546196
14.459002455401697
15.152001579168648
15.859987594607759
16.583032886454177
17.321215587998665
18.07461954945027
18.843334293389216
19.62745495705772
20.427082221554613
21.242322228217763
22.07328648267253
22.920091747207852
23.782859922185313
24.66171791729718
25.55679751349733
26.46823521646682
27.396172102476438
28.34075365742872
29.302129609942803
30.280453759230475
31.275883798459947
32.288581134353386
33.31871070360444
34.36644078675169
35.431942820053685
36.51539120587409
37.61696312205629
38.73683833075016
39.87519898707403
41.032229448009424
42.20811608189563
43.403047078835904
44.617212262343635
45.850802902546796
47.104011531194196
48.37703175877702
49.67005809403694
50.983285766063126
52.31691054924184
53.671128591440564
55.046136245441495
56.442129904031205
57.85930583893793
59.29786004382749
60.75798808162501
62.23988493637097
63.743744870778166
65.26976128318168
66.81812658370228
68.389032057167
69.98266774566976
71.5992223313775
73.23888302630796
74.90183546834578
76.58826362366514
78.2983496957451
80.03227404113696
81.7902150921332
83.57234928648144
85.37885100427668
87.20989251213531
89.06564391478409
90.94627311411605
92.85194577582155
94.78282530365588
96.73907282137031
98.72084716238186
100.72830486717207
102.76160018845609
104.82088510408997
106.90630933774128
109.01802038726458
111.15616356077473
113.32088202035244