0.002707939761777366
0.004396760408177578
0.006840865552172317
0.010262712191178504
0.014920362655818718
0.021109116687628597
0.02916329088999036
0.03945818810202469
0.052412249419808724
0.06848933169031947
0.0882010067914379
0.11210873635747871
0.1408257422479515
0.17501836946547794
0.21540672917201392
0.26276441599534317
0.31791711703188924
0.38173996760229817
0.45515355630191884
0.5391185314064704
0.634628800540421
0.7427033349980913
0.8643765765757642
1.0006873954466897
1.1526664680996055
1.3213218639347373
1.5076226016401617
1.7124800476588762
1.9367273802344758
2.1810980027842692
2.446204716119953
2.7325223936829404
3.040377375095027
3.3699463039750372
3.721265536135585
4.0942500013811225
4.488718432308839
4.904420971664621
5.341065512369459
5.798340303659422
6.275931700852526
6.773537035258092
7.290873218832755
7.827681958537838
8.383732458886385
8.95882236802781
9.552777559985726
10.165451189750824
10.79672232847855
11.44649438667229
12.114693461231777
12.801266691342283
13.50618067392319
14.229419966344894
14.970985689398448
15.73089423409001
16.509176070305934
17.30587465211454
18.12104541277761
18.95475484200741
19.807079637765646
20.678105925373416
21.567928537008502
22.47665034541639
23.40438164611216
24.351239583088148
25.31734761348296
26.30283500728142
27.307836378544163
28.33249124509887
29.376943614026338
30.441341590585296
31.525837008541224
32.6305850801235
33.75574406406001
34.901474950348
36.067941160615526
37.25530826306391
38.46374370112468
39.693416535100795
40.9444971967099
42.2171572521494
43.51156918474606
44.82790617761555
46.1663419152069
47.527050391946894
48.910205731624046
50.31598201674675
51.744553127793026
53.196092592183014
54.67077344293095
56.16876808689642
57.69024818256717
59.235384527370286
60.804346954479435
62.397304239078856
64.0144240140978
65.65587269540242
67.3218154164225
69.01241597223017
70.72783677303339
72.46823880710362
74.23378161307924
76.02462326167493