0.06591353027821997
0.0682729503668634
0.07069875510372961
0.07319237101604538
0.07575524909266199
0.07838886517156274
0.08109472034350612
0.08387434131197835
0.086729280793237
0.08966111789128224
0.0926714585255796
0.09576193579672211
0.09893421034414844
0.10218997083034115
0.10553093420905327
0.10895884620553452
0.11247548165947918
0.11608264491315408
0.11978217019245174
0.12357592198409577
0.12746579540949485
0.13145371656198104
0.13554164289853732
0.13973156360297723
0.14402549989761396
0.1484255054086743
0.1529336664592254
0.15755210245879225
0.16228296615209734
0.16712844392514417
0.1720907561379874
0.17717215734691016
0.1823749365942479
0.1877014176498048
0.19315395922347403
0.19873495518604983
0.2044468347757659
0.21029206274091086
0.21627313951670166
0.22239260130124577
0.2286530202337799
0.23505700439913818
0.24160719788621346
0.2483062808347513
0.25515696935789783
0.2621620155134039
0.26932420721388484
0.27664636807998494
0.28413135722428184
0.29178206907068954
0.29960143301945447
0.30759241313325214
0.3157580077249794
0.3241012488684676
0.3326252018926869
0.34133296471000085
0.35022766714777176
0.35931247015001105
0.36859056483529673
0.3780651715550632
0.3877395387246247
0.3976169415787328
0.40770068081194905
0.417994080992868
0.4285004888833878
0.43922327156931557
0.4501658143577483
0.4613315185119791
0.47272379874684906
0.4843460804525199
0.4962017966997946
0.5082943849273126
0.5206272833594032
0.5332039270453662
0.5460277436309005
0.5591021486599784
0.5724305406374164
0.5860162954942946
0.5998627608145679
0.6139732494940693
0.6283510330266512
0.6429993343027782
0.6579213199393127
0.6731200921593591
0.6885986802940349
0.7043600317726125
0.7204070027987571
0.7367423486586206
0.7533687137777136
0.7702886215492692
0.7875044640299211
0.8050184916876375
0.8228328031723676
0.8409493353592611
0.8593698537652433
0.8780959434816894
0.8971290007790909
0.9164702255732513
0.9361206148672004
0.9560809573504178
0.9763518292724122
0.9969335917100617
1.017826389307284
1.039030150633251
1.0605445900070993
1.082369211042345
1.1045033116518368
1.1269459905635153
1.1496961552114409
1.1727525308947213
1.1961136710164217
1.2197779682585994
1.2437436664859312
1.2680088732226587
1.2925715724837772
1.317429637776642
1.342580845122683
1.3680228858986476
1.393753379392859
1.4197698849476534
1.4460699135551875
1.4726509388465385
1.4995104074330141
1.526645748497272
1.5540543826642863
1.5817337301138072
1.6096812179453608
1.6378942867828798
1.6663703967136716
1.695107032466396
1.7241017080421634
1.7533519706315643
1.7828554040347115
1.812609631515417
1.8426123181854415
1.87286117297902
1.9033539501714896
1.934088450583143
1.965062522434551
1.9962740619479311
2.0277210136624157
2.059401370540674
2.091313173894933
2.1234545131088245
2.155823525265141
2.1884183945941182
2.221237351865238
2.254278673650817
2.2875406815404387
2.321021741300901
2.3547202619583376
2.3886346948831916
2.4227635328102792
2.4571053088644335
2.4916585955599606
2.5264220038008425
2.5613941818801917
2.5965738144707706
2.631959621643564
2.6675503578723228
2.7033448110649214
2.739341801613577
2.775540181464685
2.811938833171771
2.848536669014228
2.885332630131568
2.9223256856354567
2.9595148317929953
2.996899091208261
3.0344775120381073
3.072249167212187
3.1102131536967836
3.148368591758152
3.186714624280222
3.225250416057602
3.263975153162809
3.302888042297233
3.341988310168796
3.3812752028934354
3.4207479854349447
3.460405941015643
3.500248370613064
3.5402745923960706
3.5804839412543106
3.6208757682910555
3.6614494403589877
3.7022043395971
3.7431398629921775
3.7842554219652222
3.825550441937526
3.867024361952842
3.908676634278834
3.950506724043273
3.9925141088871197
4.034698278587565
4.077058734749963
4.119594990469227
4.162306570027341
4.205193008584554
4.248253851887313
4.291488655984774
4.334896986957474
4.378478420650463
4.422232542428546
4.466158946911644
4.510257237741334
4.554527027358911
4.598967936777006
4.643579595349467
4.688361640586541
4.733313717922143
4.778435480553002
4.823726589210516
4.869186712004739
4.914815524238444
4.960612708227517
5.006577953139976
5.052710954831257
5.099011415687951
5.145479044478849
5.192113556204765
5.238914671944618
5.285882118745587
5.333015629457783
5.380314942614593
5.427779802319854
5.475409958106729
5.523205164814821
5.5711651825076425
5.619289776323534
5.667578716383323
5.7160317776859415
5.764648739998944
5.813429387775597
5.862373510026165
5.9114809002613145
5.960751356372701
6.010184680559002
6.059780679237161
6.109539162956131
6.1594599463140804
6.209542847890003
6.2597876901517475
6.3101942993912195
6.360762505650783
6.411492142655611
6.462383047728168
6.513435061744394
6.564648029059726
6.6160217974343825
6.667556217991777
6.719251145141564
6.7711064365344615
6.823121952994106
6.875297558476092
6.92763311999201
6.980128507583012
7.032783594245951
7.085598255900872
7.138572371335893
7.191705822152967
7.244998492738343
7.298450270194918
7.352061044326472
7.405830707568786
7.459759154969772
7.5138462841304055
7.568091995178151
7.622496190717941
7.677058775814051
7.731779657924566
7.786658746891819
7.841695954899947
7.896891196423996
7.952244388223224
8.007755449292809
8.06342430083469
8.119250866230752
8.175235071005217
8.23137684280255
8.287676111354944
8.344132808458854
8.400746867936771
8.457518225626425
8.514446819339323
8.571532588843505
8.628775475835115
8.686175423925608
8.74373237859026
8.801446287177454
8.859317098869106
8.917344764650858
8.975529237311969
9.03387047140186
9.09236842322764
9.151023050815253
9.209834313912705
9.26880217394389
9.327926594009211
9.387207538863864
9.446644974893127
9.50623887009549
9.565989194069742
9.625895917996843
9.685959014613378
9.746178458219482
9.806554225425199
9.867086292008084
9.927774637576459
9.988619242450358
10.049620088422268
10.11077715874236
10.172090438100863
10.233559912611431
10.295185569809407
10.356967398624391
10.418905389373412
10.480999533750634
10.543249824809838
10.605656256954758
10.668218825924301
10.73093752878436
10.793812363913036
10.856843330989726
10.920030430987541
10.983373666154323
11.046873040008544
11.110528557329133
11.174340224135486
11.23830804769182
11.30243203648494
11.366712200218672
11.431148549805282
11.49574109735556
11.560489856162425
11.625394840710237
11.690456066637571
11.755673550756931
11.821047311023248
11.886577366541802
11.952263737550984
12.018106445410249
12.08410551260657
12.150260962729742
12.2165728204771
12.2830411116334
12.349665863078778
12.41644710276354
12.483384859717605
12.550479164027411
12.61773004684635
12.685137540363979
12.752701677824883
12.820422493503239
12.888300022703186
12.956334301753238
13.024525367994611
13.092873259778257
13.161378016459516
13.23003967838769
13.29885828690407
13.367833884331738
13.436966513971983
13.50625622010355
13.575703047958314
13.645307043741013
13.71506825460145
13.784986728643672
13.855062514913556
13.925295663389386
13.995686224986441
14.06623425154743
14.13693979582959
14.207802911510775
14.278823653177524
14.350002076325445
14.42133823734432
14.492832193522322
14.564484003038565
14.636293724954298
14.708261419215258
14.78038714663914
14.852670968917694
14.925112948605328
14.997713149119331
15.070471634735297
15.143388470578062
15.216463722624052
15.289697457689016
15.363089743428123
15.43664064833499
15.510350241728023
15.584218593755875
15.658245775382673
15.732431858400815
15.806776915399803
15.881281019794923
15.955944245790866
16.03076666840781
16.105748363452733
16.180889407527374
16.25618987802374
16.33164985311978
16.40726941176909
16.483048633711558
16.55898759944981
16.635086390265084
16.711345088197245
16.787763776053733
16.864342537396645
16.94108145654248
17.01798061856278
17.095040109271576
17.172260015227504
17.249640423732817
17.32718142282369
17.40488310126527
17.48274554856458
17.560768854937
17.638953111335443
17.717298409427883
17.795804841589916
17.874472500923492
17.95330148122639
18.032291877010334
18.11144378348697
18.190757296563522
18.270232512849244
18.34986952964115
18.429668444925618
18.509629357376795
18.58975236635037
18.670037571884702
18.750485074684192
18.831094976138008
18.911867378301494
18.992802383893903
19.07390009630116
19.155160619568015
19.2365840584003
19.318170518153117
19.399920104834333
19.481832925103316
19.563909086260413
19.646148696253995
19.72855186366323
19.81111869771172
19.893849308249383
19.976743805764
20.059802301363337
20.14302490678496
20.22641173438653
20.309962897137027
20.39367850863583
20.47755868308034
20.56160353528906
20.64581318067889
20.730187735274914
20.81472731570397
20.89943203919003
20.98430202355386
21.06933738720579
21.15453824914908
21.239904728973965
21.325436946856165
21.411135023546564
21.496999080381546
21.583029239271916
21.669225622701056
21.755588353719837
21.842117555953553
21.928813353586055
22.01567587136793
22.10270523460632
22.189901569165933
22.277265001466166
22.36479565847851
22.45249366771923
22.540359157258173
22.6283922556994
22.716593092195218
22.804961796430916
22.893498498632574
22.98220332955082
23.071076420474334
23.160117903214612
23.24932791010991
23.338706574021412
23.42825402832491
23.517970406919744
23.607855844216875
23.69791047513704
23.788134435113466
23.87852786008344
23.96909088648807
24.059823651272993
24.150726291879486
24.241798946248778
24.333041752809404
24.42445485048774
24.516038378695367
24.60779247732917
24.69971728677235
24.791812947888204
24.884079602017525
24.976517390978238
25.069126457060168
25.161906943024803
25.254858992102196
25.34798274798996
25.441278354846947
25.534745957291133
25.628385700403093
25.72219772971819
25.81618219122308
25.910339231356613
26.004668997007688
26.09917163550981
26.193847294640843
26.2886961226168
26.38371826809668
26.478913880174407
26.574283108374356
26.669826102657442
26.765543013409815
26.861433991445104
26.95749918799969
27.053738754737687
27.150152843732798
27.246741607482484
27.34350519889567