 0.48048812393836E-04
 0.41048725610094E-04
 0.35371096495762E-04
 0.30716461927614E-04
 0.26863251688319E-04
 0.23645138588989E-04
 0.20935613186996E-04
 0.18637290657075E-04
 0.16674377346325E-04
 0.14987284343592E-04
 0.13528723543110E-04
 0.12260842567227E-04
 0.11153097641837E-04
 0.10180657319957E-04
 0.93231925624463E-05
 0.85639510985818E-05
 0.78890430452126E-05
 0.72868851510296E-05
 0.67477650109414E-05
 0.62634969461925E-05
 0.58271484202766E-05
 0.54328211110367E-05
 0.50754746667728E-05
 0.47507840050476E-05
 0.44550231391658E-05
 0.41849701094179E-05
 0.39378288015656E-05
 0.37111643562016E-05
 0.35028495397775E-05
 0.33110200771639E-05
 0.31340372423125E-05
 0.29704564371048E-05
 0.28190006896708E-05
 0.26785382230057E-05
 0.25480634027342E-05
 0.24266805011964E-05
 0.23135898171512E-05
 0.22080757727106E-05
 0.21094966755008E-05
 0.20172758878885E-05
 0.19308941887592E-05
 0.18498831491956E-05
 0.17738193726581E-05
 0.17023194743522E-05
 0.16350356943504E-05
 0.15716520555733E-05
 0.15118809912761E-05
 0.14554603783847E-05
 0.14021509220191E-05
 0.13517338451867E-05
 0.13040088438071E-05
 0.12587922731696E-05
 0.12159155365989E-05
 0.11752236511858E-05
 0.11365739688848E-05
 0.10998350341957E-05
 0.10648855621149E-05
 0.10316135222630E-05
 0.99991531682937E-06
 0.96969504161762E-06
 0.94086382079593E-06
 0.91333920713699E-06
 0.88704464054169E-06
 0.86190895850319E-06
 0.83786595295902E-06
 0.81485396858860E-06
 0.79281553823276E-06
 0.77169705160567E-06
 0.75144845387090E-06
 0.73202297108036E-06
 0.71337685981921E-06
 0.69546917857564E-06
 0.67826157895218E-06
 0.66171811436861E-06
 0.64580506509904E-06
 0.63049077788783E-06
 0.61574551834818E-06
 0.60154133597158E-06
 0.58785193955839E-06
 0.57465258273799E-06
 0.56191995848290E-06
 0.54963210184180E-06
 0.53776830018038E-06
 0.52630901026875E-06
 0.51523578163481E-06
 0.50453118565161E-06
 0.49417874987133E-06
 0.48416289717094E-06
 0.47446888931517E-06
 0.46508277457150E-06
 0.45599133905412E-06
 0.44718206149244E-06
 0.43864307115472E-06
 0.43036310868400E-06
 0.42233148960821E-06
 0.41453807032787E-06
 0.40697321638853E-06
 0.39962777286413E-06
 0.39249303669443E-06
 0.38556073082901E-06
 0.37882298004826E-06
 0.37227228833577E-06
 0.36590151769207E-06
 0.35970386828460E-06
