3.971889227456797e-12
3.971889227456797e-12
3.971889227456797e-12
3.971889227456797e-12
3.971889227456797e-12
3.971889227456797e-12
3.971889227456797e-12
3.971889227456797e-12
3.971889227456797e-12
3.971889227456797e-12
3.971889227456797e-12
3.971889227456797e-12
3.971889227456797e-12
3.971889227456797e-12
3.971889227456797e-12
5.9578338411851955e-12
6.08195537954322e-12
4.716618457604946e-12
7.819656916555568e-12
2.0480053829074108e-11
6.652914455990135e-11
2.153508690511732e-10
6.47790308690532e-10
1.808326692338065e-9
4.673796526871428e-9
1.1285254389049983e-8
2.5623402135553945e-8
5.505386009562523e-8
1.1256160300458862e-7
2.201105576825884e-7
4.133327906322162e-7
7.481848978975752e-7
1.309719425936965e-6
2.223608067000964e-6
3.670819031043265e-6
5.905816738647037e-6
9.278837913514042e-6
0.000014262500881979358
0.000021483170092782155
0.000031757258688118494
0.0000461327944485282
0.0000659362374441912
0.00009282472614170395
0.0001288436485730945
0.00017648954613849006
0.00023877804333811566
0.00031931678220884115
0.00042238291549658865
0.0005530049806984369
0.000717048693987028
0.0009213064252074372
0.001173589794778976
0.0014828251190621786
0.0018591512626906603
0.002314019453885105
0.002860294721663394
0.003512358559123293
0.004286212449990433
0.005199581973200303
0.006272021108060642
0.007525016563865776
0.008982091809633322
0.010668910681579411
0.012613380260635155
0.01484575312736946
0.01739872854822542
0.020307552813137723
0.02361011853040504
0.027347062818121912
0.03156186449481871
0.03630094019173362
0.04161373948725519
0.04755283905075088
0.054174035848160856
0.06153643959094695
0.06970256427113468
0.07873841907053451
0.08871359860479575
0.09970137254312919
0.11177877471714535
0.12502669174574305
0.1395299511563125
0.15537740913357412
0.17266203780258887
0.19148101207846063
0.21193579611661517
0.23413222921669624
0.258180611288561
0.2841957876552179
0.31229723331471915
0.34260913641921814
0.37526048102096565
0.4103851289609981
0.44812190076957037
0.4886146556497028
0.5320123703457443
0.5784692168450689
0.6281446390011564
0.681203427896963
0.7378157960130017
0.7981574502118008
0.8624096635552452
0.9307593460178589
1.003399114151756
1.0805273598445115
1.1623483183105816
1.2490721353363814
1.3409149341619349
1.438098882048
1.540852256732727
1.6494095130721396
1.7640113500709789
1.884904778491581
2.0123431893209314
2.14658642332552
2.2879008417815045
2.4365593986809237
2.5928417144788836
2.757034151335536
2.9294298900557956