0.019549726063655896
0.02881291031215632
0.041215969819939226
0.057475925757164634
0.07841249808958753
0.10495511508413977
0.13814712131865584
0.17914554481484835
0.22921489955221402
0.2897139779566612
0.3620754491334863
0.44777918559512164
0.5483212667721521
0.6651811090701996
0.7997887865048788
0.9534932824539614
1.1275305613633024
1.322988858121776
1.5407687313965432
1.7815385520987481
2.045692505252522
2.333325189582653
2.6442382794645947
2.977985484754736
3.333946134592112
3.7114068181721995
4.109631887121462
4.527913246579149
4.965599323530785
5.4221080265020785
5.8969293729916945
6.3896223551426266
6.899809101129082
7.427168143285331
7.971427760570956
8.532359851769732
9.109774509548611
9.703515316589268
10.3134553144548
10.939493567937065
11.581552241583871
12.239574109387473
12.913520427317824
13.603369108249906
14.309113148203283
15.030759261468525
15.76832668943155
16.52184615422086
17.291358933280556
18.07691603543582
18.878577462245126
19.69641154153511
20.530494322080926
21.38090902053383
22.247745513036364
23.131099865429025
24.031073896828282
24.9477747723257
25.88131462123255
26.83181017781212
27.799382442089687
28.784156358520345
29.786260510792644
30.805826831274832
31.842990323803424
32.89788879878402
33.97066261967849
35.06145446013803
36.17040907113572
37.29767305755546
38.44339466380043
39.60772356803376
40.79081068475905
41.99280797544386
43.213868267047644
44.45414507819678
45.71379245295451
46.99296480202
48.29181675134036
49.61050299801095
50.94917817347499
52.30799671401507
53.68711273843211
55.0866799330747
56.5068514440529
57.94777977679566
59.40961670289488
60.89251317428611
62.39661924480629
63.922083999133115
65.46905548916138
67.03768067783074
68.62810539044153
70.24047427346771
71.87493076092562
73.53161704827768
75.21067407391475
76.91224150822066
78.63645775023639
80.38345993190826
82.15338392995241
83.94636438530193
85.7625347301499
87.60202722256592