1.9859446137283985e-12
0.
0.
0.
2.358309228802473e-12
1.9958743367970405e-10
5.0227021711958356e-9
5.905951038151541e-8
4.160014037069137e-7
2.039878152818804e-6
7.666792801803052e-6
0.00002356022177748842
0.00006192427284740167
0.0001437880507208144
0.000302102338002499
0.0005847945833493854
0.0010575893024021522
0.0018064816482604928
0.0029398313659147936
0.004590096732279928
0.006915284211732993
0.010100188269544117
0.014357517196306568
0.019928985094725443
0.02708643923347336
0.036133072809449086
0.047404753657674714
0.06127147833238686
0.07813897652947233
0.0984501841030447
0.12268729056118424
0.15137304100070917
0.18507247015047854
0.22439423227149094
0.269991675527972
0.3225635294933482
0.38285410443954077
0.45165283253448346
0.5297931958953769
0.6181506162745417
0.7176391650545763
0.8292076648657661
0.9538330635364936
1.0925127158813512
1.2462538379919224
1.4160601000843551
1.6029149173200523
1.8077613706220874
2.031479293744765
2.2748609726180904
2.538587954314705
2.8232122693326422
3.129145418094245
3.4566574271505632
3.8058863162854557
4.176856059832228
4.569500014324178
4.98368556398024
5.41923751275263
5.875957968697209
6.353642080933355
6.852089682077444
7.371113371478306
7.910543747188562
8.470232485683248
9.050053871460172
9.649905255020101
10.269706799161456
10.909400774277929
11.568950585485783
12.24833965661175
12.947570254221986
13.6666623055279
14.405652243542846
15.164591899245396
15.943547451147188
16.742598436703112
17.561836887254184
18.401366157187475
19.261300726740114
20.14176483696088
21.04289209034246
21.964824730281002
22.907713022912404
23.871714676456598
24.856994294496314
25.863722860032627
26.89207724739627
27.942239759527354
29.01439768776595
30.1087428932014
31.225471406667967
32.3647830463491
33.526881051516966
34.71197173117666
35.92026412663262
37.15196968706557
38.407301957365874
39.68647627762736
40.9897094937718
42.31721967840114
43.66922586441038
45.045947783976054
46.447605622254244
47.87441977850835
49.32661063746104
50.80439835038248
52.308002625894154
53.83764253058462
55.39353629946274
56.97590115638575
58.58495314454163
60.22090696715829
61.883975838511276
63.57437134544437
65.29230331947186
67.03797971965506
68.81160652635006
70.61338764596255
72.44352482682784