3.971889227456797e-12
3.971889227456797e-12
3.971889227456797e-12
3.971889227456797e-12
3.971889227456797e-12
3.971889227456797e-12
3.971889227456797e-12
3.971889227456797e-12
3.971889227456797e-12
3.971889227456797e-12
3.971889227456797e-12
3.971889227456797e-12
3.971889227456797e-12
3.971889227456797e-12
3.971889227456797e-12
3.971889227456797e-12
3.971889227456797e-12
3.971889227456797e-12
3.971889227456797e-12
3.971889227456797e-12
3.971889227456797e-12
3.971889227456797e-12
3.971889227456797e-12
3.971889227456797e-12
3.971889227456797e-12
5.9578338411851955e-12
3.971889227456797e-12
3.971889227456797e-12
5.9578338411851955e-12
4.2201323041728465e-12
4.964861534320996e-12
8.936750761777794e-12
1.1667424605654342e-11
2.4576064594888932e-11
5.163455995693836e-11
1.0326911991387673e-10
2.127443167456547e-10
4.3467362732980323e-10
8.616517192814089e-10
1.6577672663097806e-9
3.10005954203003e-9
5.631642438380306e-9
9.975151551681029e-9
1.724668775484756e-8
2.9142495991080667e-8
4.820384063672255e-8
7.815114068251665e-8
1.2433924753630487e-7
1.9435769678252703e-7
2.9878213997544024e-7
4.521482022290761e-7
6.741616672162314e-7
9.911978653518328e-7
1.4381245227052636e-6
2.060538431121574e-6
2.9174040238838976e-6
4.084215496024659e-6
5.656701335759407e-6
7.755174287920114e-6
0.000010529510861831018
0.000014164935891482263
0.000018888581614102887
0.00002497693049408693
0.000032764213534521804
0.000042651800568051245
0.000055118647318515816
0.00007073287072737711
0.0000901645198187994
0.00011419954334460415
0.00014375508031658037
0.0001798960133513261
0.00022385297473357502
0.00027704164657068193
0.0003410835943445929
0.00041782849856882384
0.0005093778781380868
0.000618110333670275
0.0007467082917260897
0.0008981862513957678
0.0010759205915900321
0.0012836808831805727
0.0015256627057418164
0.0018065220190390868
0.002131411041848724
0.0025060154727802784
0.0029365934406082204
0.003430015692343629
0.003993807286403656
0.004636190714171654
0.005366130315648461
0.0061933781763701245
0.007128521231779955
0.008183029750590862
0.009369307037021208
0.01070074040775885
0.012191753387053961
0.013857859058872851
0.015715714640407684
0.017783177143387403
0.020079360195428525
0.022624691944222237
0.02544097407161631
0.028551441842870614
0.03198082525488474
0.03575541120867659
0.03990310676221479
0.04445350338540843
0.04943794233864496
0.054889581024192696
0.06084346050658003
0.06733657402098198
0.07440793669973561
0.08209865634147637
0.09045200545003766
0.09951349439739522
0.10933094594400453
0.11995457095939349
0.13143704560689287
0.1438335899942421
0.15720204818382216