3.971889227456797e-12
3.971889227456797e-12
3.971889227456797e-12
3.971889227456797e-12
3.971889227456797e-12
3.971889227456797e-12
3.971889227456797e-12
3.971889227456797e-12
3.971889227456797e-12
3.971889227456797e-12
3.971889227456797e-12
3.971889227456797e-12
3.971889227456797e-12
3.971889227456797e-12
3.971889227456797e-12
3.971889227456797e-12
3.971889227456797e-12
3.971889227456797e-12
3.971889227456797e-12
3.971889227456797e-12
3.971889227456797e-12
5.9578338411851955e-12
5.9578338411851955e-12
3.971889227456797e-12
5.9578338411851955e-12
8.067899993271618e-12
4.468375380888897e-12
7.32317076312347e-12
1.0053844607000017e-11
1.5266949218037063e-11
3.711233996904945e-11
7.707947532033347e-11
1.7079123678064227e-10
3.703786704603463e-10
7.758837362760137e-10
1.575350564840052e-9
3.0883921174243757e-9
5.860398433574146e-9
1.0780327971009536e-8
1.926540045470248e-8
3.353193007357386e-8
5.693603910328632e-8
9.446865460121604e-8
1.5340094040591447e-7
2.441257170456374e-7
3.812532066789696e-7
5.849603583383148e-7
8.827366173669016e-7
1.3114841859693394e-6
1.920040545235668e-6
2.7723496363248687e-6
3.951049717652638e-6
5.5618532416154314e-6
7.738556896364743e-6
0.000010648884130739158
0.000014501194792263371
0.0000195520451218065
0.00002611487365471484
0.000034569563544126966
0.000045373301582000056
0.000059072456257966154
0.00007631573091875195
0.00009786862541685595
0.0001246291474148739
0.00015764491496814744
0.00019813154761310283
0.00024749264000520333
0.0003073409754069486
0.00037952131775359857
0.0004661346004585688
0.0005695635875485138
0.0006925000271116654
0.0008379732599470883
0.001009380285649037
0.0012105172694941318
0.0014456124975786434
0.001719360779212915
0.002036959219493446
0.0024041443845186374
0.0028272308253630145
0.0033131509698708073
0.003869496250700048
0.004504559612605204
0.005227379223574617
0.006047783411916363
0.00697643684257357
0.008024887868622443
0.009205617043430807
0.010532086764929192
0.012018792027418413
0.0136813123026349
0.015536364492605516
0.017601856954291853
0.01989694455493979
0.022442084862520507
0.025259095289921426
0.02837121135151434
0.03180314595911734
0.03558114975871581
0.03973307255510875
0.044288425837637216
0.049278446348657814
0.05473616082533714
0.06069645191166402
0.0671961251727852
0.07427397740591456
0.08197086614293322
0.09032978051261709
0.09939591338094372
0.10921673489235913
0.1198420675671562
0.13132416269269614
0.14371777849527742
0.15708025983994087
0.17147161960405385
0.18695462194809187
0.20359486728489962
0.22146087931979555
0.24062419400810606
0.26115945073944014