3.971889227456797e-12
3.971889227456797e-12
3.971889227456797e-12
3.971889227456797e-12
3.971889227456797e-12
3.971889227456797e-12
3.971889227456797e-12
3.971889227456797e-12
3.971889227456797e-12
3.971889227456797e-12
3.971889227456797e-12
3.971889227456797e-12
3.971889227456797e-12
3.971889227456797e-12
3.971889227456797e-12
3.971889227456797e-12
3.971889227456797e-12
3.971889227456797e-12
3.971889227456797e-12
3.971889227456797e-12
3.971889227456797e-12
5.9578338411851955e-12
5.9578338411851955e-12
3.971889227456797e-12
5.9578338411851955e-12
8.067899993271618e-12
4.468375380888897e-12
7.571413839839519e-12
1.0674452298790142e-11
1.7004650755049412e-11
4.145659381158032e-11
8.738156300404953e-11
1.9400196445359291e-10
4.2027552888027235e-10
8.781598838830262e-10
1.7772963077485587e-9
3.473293007872611e-9
6.5704977545204065e-9
1.2050960159180637e-8
2.1476253295935618e-8
3.7280152288909494e-8
6.313826825349847e-8
1.0450326036977056e-7
1.6929793055265686e-7
2.688200694665815e-7
4.1891441209063824e-7
6.414164194527707e-7
9.66013729340528e-7
1.432456016169991e-6
2.0932960910388706e-6
3.017149829809943e-6
4.292581425504734e-6
6.032647477822803e-6
8.380212001535775e-6
0.000011514066238936083
0.000015655967716398786
0.00002107853636016576
0.000028114324181275054
0.00003716582927715407
0.00004871672101118406
0.00006334425489720975
0.00008173288240209881
0.00010468923899386315
0.00013315839996717304
0.0001682415142661902
0.00021121485453415328
0.0002635502785489764
0.00032693712811038294
0.0004033056079522632
0.0004948516086850089
0.0006040630286295453
0.0007337475084027125
0.0008870616935629054
0.0010675419565526411
0.0012791365292824086
0.0015262390454869512
0.0018137235767601424
0.0021469810280930713
0.0025319568544376597
0.00297519018369143
0.0034838542371247185
0.004065798039554785
0.004729589421749264
0.005484559228422122
0.006340846762356005
0.007309446418974266
0.008402255467671888
0.009632122999516497
0.011012899942642856
0.012559490253947167
0.014287903103381325
0.016215306228837396
0.018360080207669657
0.020741873929340755
0.023381660935677444
0.026301796950210617
0.029526078377897575
0.033079801791734594
0.036989824558681154
0.041284626461411206
0.04599437244113022
0.05115097638115132
0.0567881660332584
0.06294154910659161
0.06964868050552589
0.07694913078530592
0.08488455587843739
0.09349876806775503
0.10283780833872908
0.11295002015916954
0.12388612459472644
0.1356992970779371
0.14844524560032699
0.16218229064233616
0.17697144680073185
0.19287650611325896
0.20996412334019085
0.2283039031340168
0.24796848921890552
0.2690336557158577