1.9859446137283985e-12
1.9859446137283985e-12
1.9859446137283985e-12
1.9859446137283985e-12
1.9859446137283985e-12
1.9859446137283985e-12
1.9859446137283985e-12
1.9859446137283985e-12
1.9859446137283985e-12
1.9859446137283985e-12
1.9859446137283985e-12
1.9859446137283985e-12
1.9859446137283985e-12
1.9859446137283985e-12
1.9859446137283985e-12
1.9859446137283985e-12
1.9859446137283985e-12
5.9578338411851955e-12
1.9859446137283985e-12
1.9859446137283985e-12
1.9859446137283985e-12
3.971889227456797e-12
1.9859446137283985e-12
3.971889227456797e-12
5.9578338411851955e-12
2.1100661520864233e-12
4.2201323041728465e-12
4.840739995962971e-12
6.57844153297532e-12
1.1170938452222241e-11
2.097653998250621e-11
5.0765709188432184e-11
1.1394357221266686e-10
2.481189551776918e-10
5.311160626339886e-10
1.0906559575519648e-9
2.1547499058953123e-9
4.123689868868661e-9
7.66177431976416e-9
1.3807652291561764e-8
2.423535097209615e-8
4.1473226097720295e-8
6.934198686217091e-8
1.1341481445926167e-7
1.8175154098227094e-7
2.8574366885708313e-7
4.4123779488586733e-7
6.699802608320262e-7
1.0013057028280187e-6
1.474336485035064e-6
2.140557104470226e-6
3.0669039484607577e-6
4.339473301481012e-6
6.067808503087326e-6
8.389987689775315e-6
0.000011478319980618202
0.000015546091979362728
0.000020855040635767537
0.000027723888711431434
0.00003653786788070238
0.00004775936662096707
0.0000619396704965996
0.0000797319355903937
0.00010190543219481861
0.00012936099037213073
0.00016314782760781509
0.00020448175396485925
0.00025476473276934785
0.0003156058431247113
0.00038884370197114396
0.0004765703680320688
0.0005811566032778671
0.0007052787001828146
0.0008519467192509364
0.001024534236728619
0.0012268094574059015
0.0014629679301991912
0.0017376665210851626
0.002056058961136979
0.0024238326956024796
0.0028472471722957218
0.0033331735203980016
0.0038891354674953373
0.004523351678428174
0.005244779373089424
0.006063159206414425
0.006989061374319337
0.008033933036072574
0.009210146834148876
0.010531050732874726
0.012011018952198109
0.01366550405665741
0.015511090281717946
0.017565547859659237
0.019847888638808712
0.022378422702202028
0.025178816173093567
0.02827215011993548
0.03168298064895166
0.03543740006999061
0.03956309924624956
0.04408943116820933
0.04904747561499798
0.05447010514608911
0.060392052266196934
0.06684997789146158
0.07388254112399946
0.08153047039017715
0.08983663599970429
0.09884612404772167
0.10860631196199622
0.11916694544859324
0.13058021714732296
0.14290084688612056
0.15618616370626853
0.17049618965275096
0.18589372540657187
0.20244443788799926
0.22021694984836024
0.2392829315671859