0.09600029735023827
0.13364429383651652
0.18267717486767676
0.24606683314260672
0.32770262904013225
0.4328187764371646
0.5684286432909806
0.7421463699432946
0.9561371613649993
1.2047976520633283
1.482022747930743
1.7835497394952942
2.1069041105478314
2.450453348258138
2.813090011082988
3.19403065698099
3.5926980867260516
4.0086616946120355
4.441590914480296
4.891227716990597
5.357375746625842
5.839875857793258
6.338608839957078
6.8534877044699645
7.384439233480718
7.931417764546262
8.494394735139538
9.073359845058022
9.668308518702204
10.279258928910695
10.90623272998504
11.549271764299595
12.208419422580603
12.883734935435891
13.57528440514798
14.283144273319444
15.00740035463538
15.748143800239593
16.505478206897607
17.27951260393215
18.07036434227831
18.878158270324334
19.703026505224535
20.54510820818618
21.404549362100898
22.281502550297194
23.17612673565733
24.088587039472614
25.0190545197689
25.967705948838947
26.934723589936635
27.92029497308302
28.924612670045676
29.947874068550192
30.990281145810737
32.052040241491554
33.13336183020604
34.234460293647665
35.35555369249944
36.496863538184165
37.65861456460882
38.84103449998058
40.04435383883958
41.26880561438539
42.51462517126462
43.782049938925674
45.07131920568013
46.38267389365685
47.71635633477733
49.072610047967764
50.45167951780713
51.85380997480959
53.27924717759854
54.7282371972335
56.201026203936536
57.69786025654891
59.21898509499768
60.76464593611152
62.335087273139166
63.93055267930216
65.55128461577982
67.19752424447564
68.86951124597812
70.56748364309176
72.29167763033001
74.04232740978695
75.81966503374822
77.6239202544568
79.45532038140067
81.31409014648004
83.20045157741697
85.11462387977235
87.0568233278246
89.02726316467076
91.02615351179014
93.05370128833408
95.11011014035206
97.19558038016083
99.31030893601286
101.45448931220048
103.6283115597017
105.83196225743806
108.06562450418312
110.32947792113892