3.971889227456797e-12
3.971889227456797e-12
3.971889227456797e-12
3.971889227456797e-12
3.971889227456797e-12
3.971889227456797e-12
3.971889227456797e-12
3.971889227456797e-12
6.08195537954322e-12
7.571413839839519e-12
4.865564303634576e-11
3.7881893506869203e-10
2.3084123703825474e-9
1.1088645872290871e-8
4.3775556512723295e-8
1.4715588932496881e-7
4.329914081204369e-7
1.139587026281927e-6
2.729269036305412e-6
6.030559008818391e-6
0.000012432101656475085
0.000024132299561360555
0.00004444541029370774
0.00007816176213491857
0.0001319565923031707
0.00021484013064209916
0.0003386398451860109
0.0005185052949738532
0.0007734259956411418
0.0011267531538802394
0.00160671741735101
0.0022469357913877273
0.003086902449322801
0.004172459664497891
0.005556246296136024
0.007298122791791025
0.009465572664545284
0.012134081074252085
0.015387492439436993
0.01931834878181284
0.02402821132257907
0.02962796764152432
0.036238126782810576
0.043989104337446565
0.0530214992071357
0.06348636335054046
0.07554546502259925
0.08937154571169624
0.10514857013421719
0.12307196792289175
0.14334886542798653
0.16619830499587612
0.1918514489636602
0.2205517651946737
0.2525551904285134
0.2881302681490365
0.3275582569054753
0.37113320599157373
0.41916199474643784
0.47196433281357764
0.5298727185574611
0.5932323535968982
0.6624010115574367
0.7377488599800415
0.8196582342235343
0.908523362844697
1.004750043855787
1.1087552714777904
1.2209668125110047
1.341822731434366
1.4717708624373564
1.611268226031149
1.7607803867104614
1.9207807472805334
2.0917497739091426
2.2741741451454893
2.4685458169804204
2.6753609953296054
2.8951190074618043
3.128321064537908
3.3754689095359107
3.6370633481954204
3.9136026657678773
4.205580939257054
4.513486263420036
4.837798918677839
5.178989519607816
5.537517192782388
5.913827840992377
6.308352556012429
6.721506242718725
7.153686512640665
7.60527289472774
8.076626395873763
8.568089425110266
9.079986075093537
9.612622735234487
10.166288994399977
10.741258779026388
11.337791665879283
11.956134307129902
12.596521908505034
13.259179707914626
13.944324410648786
14.6521655470235
15.382906728019945
16.136746783453667
16.913880774701074
17.714500880412132
18.538797158268682
19.386958189264476
20.259171613239214
21.155624565695017
22.0765040264388
23.021997090666197
23.992291172656422
24.987574151767138
26.008034469514605
27.053861185831426
28.12524400168369