0.0003536506360968308
0.0006415914951168124
0.0011017191396424184
0.001804931834336833
0.0028394845662306923
0.004312434628328639
0.0063509014646428354
0.009103179464840464
0.01273974814873256
0.01745422309898819
0.02346428487009525
0.031012613775344935
0.04036784580041913
0.051825551819183094
0.06570922790681241
0.08237127115837924
0.1021939024173051
0.12558998739730198
0.15300369922216744
0.18491096155419887
0.2218196105549275
0.26426921767170913
0.31283052266232836
0.36810443698233125
0.430720591272458
0.5013354151486717
0.5806297521961244
0.669306025552794
0.7680849788691174
0.8777020215526457
0.9989032055662274
1.1324408530586516
1.2790688406089596
1.4395375287851435
1.6145883091586515
1.8049477305240376
2.01132116972935
2.2343860391649106
2.4747845814212535
2.7331163967917105
3.0099309784270885
3.3057206745857375
3.6209146279254187
3.955874310452271
4.310891237491278
4.686187279996785
5.081917717481483
5.49817683926545
5.935005592405958
6.392400565313174
6.870323526822037
7.368710805832994
7.887481954780776
8.426547337426317
8.985814470163103
9.565193097511695
10.164599086046623
10.783957279802928
11.42320348378006
12.082285741741948
12.761165060261266
13.45981570998412
14.178225212530387
14.916394099946046
15.674335514725005
16.452074702605163
17.24964843739505
18.067104406963427
18.904500581548557
19.76190457957507
20.63939304156035
21.53705101929322
22.454971385013422
23.39325426343829
24.352006488240857
25.331341083588114
26.33137677079351
27.352237499624852
28.394052003610454
29.456953378462455
30.541078682677277
31.646568559354943
32.77356687824644
33.92222039712971
35.09267844158424
36.285092602411936
37.49961644986827
38.736405264066924
39.99561578091468
41.27740595298968
42.581934724902496
43.90936182263587
45.25984755650508
46.63355263735158
48.03063800567022
49.45126467338905
50.895593578042494
52.36378544913654
53.85600068649362
55.3723992504028
56.91314056342959
58.478383423728
60.068285929720695
61.68300541603729