0.7817971162689988
0.8065050382058783
0.8313852906159485
0.8564368741232244
0.8816588481497071
0.9070503257565202
0.9326104690840575
0.9583384852881193
0.9842336229202799
1.0102951686818618
1.0365224445351302
1.0629148050623598
1.0894716351180753
1.1161923476834865
1.143076381940371
1.1701232014865783
1.1973322927559622
1.2247031635254475
1.2522353415982246
1.279928373553101
1.3077818236311307
1.3357952726779745
1.3639683172138577
1.39230056851445
1.4207916518154948
1.4494412055638592
1.4782488806958924
1.5072143399888898
1.5363372574720127
1.5656173178419235
1.595054215946689
1.6246476562958727
1.654397352604015
1.6843030273519886
1.714364411390181
1.744581243567
1.7749532703761193
1.8054802456058348
1.8361619300542067
1.86699809121466
1.897988503013341
1.9291329455307156
1.9604312047775279
1.9918830724393588
2.0234883456789006
2.0552468269072
2.087158323599836
2.119222648114086
2.15143961748897
2.1838090533109473
2.216330781525749
2.249004632296262
2.281830439871824
2.314808042423146
2.3479372819440067
2.381218004101436
2.4146500581276094
2.4482332967067673
2.481967575869842
2.5158527548836127
2.549888696166057
2.584075265171537
2.6184123303150866
2.6528997628959514
2.687537436983149
2.722325229375627
2.7572630194945233
2.792350689329548
2.827588123358303
2.8629752084886895
2.8985118339903937
2.9341978914385356
2.9700332746373332
3.0060178795842325
3.0421516044031294
3.078434349301052
3.1148660165028725
3.151446510215683
3.188175736572322
3.2250536036049358
3.2620800211693877
3.29925490093471
3.336578156322033
3.37404970247244
3.411669456218667
3.449437336023165
3.4873532619720193
3.5254171557253002
3.563628940482061
3.601988540954025
3.64049588334622
3.6791508952894603
3.7179535058641733
3.756903645533377
3.7960012461223243
3.835246240809812
3.874638564086354
3.9141781517291085
3.9538649407993947
3.9936988695823694
4.033679877605896
4.073807905586175
4.114082895428619
4.154504790197188
4.195073534098132
4.235789072457653
4.276651351702536
4.317660319348856
4.358815923983489
4.40011811524027
4.441566843792184
4.4831620613226875
4.524903720532911
4.566791775100323
4.608826179678485
4.651006889889355
4.693333862287538
4.735807054373078
4.778426424562153
4.821191932170953
4.864103537422121
4.907161201408523
4.950364886111233
4.993714554356969
5.03721016983087
5.080851697053541
5.124639101372233
5.168572348952161
5.212651406776125
5.25687624262056
5.301246825046103
5.345763123406152
5.3904251078215495
5.435232749175493
5.480186019108817
5.525284890011432
5.5705293350111456
5.615919327972309
5.661454843479671
5.707135856845706
5.752962344085167
5.798934281915584
5.84505164776856
5.891314419749303
5.937722576660461
5.9842760979821366
6.030974963863696
6.077819155134817
6.1248086532756965
6.1719434404317
6.219223499399582
6.266648813622769
6.314219367187269
6.361935144821911
6.409796131886435
6.457802314370126
6.505953678883996
6.554250212667851
6.602691903572056
6.651278740066714
6.700010711220439
6.748887806722208
6.797910016852931
6.8470773324963785
6.896389745133841
6.945847246834945
6.995449830260135
7.0451974886624145
7.095090215870334
7.145128006298921
7.1953108549361495
7.245638757353735
7.29611170969373
7.3467297086670404
7.397492751552797
7.448400836203323
7.499453961027134
7.550652125000973
7.6019953276618635
7.653483569101161
7.705116849972862
7.75689517148318
7.8088185353920325
7.860886944013418
7.913100400208216
7.965458907389765
8.017962469518414
8.070611091100394
8.123404777186211
8.17634353337412
8.229427365804037
8.282656281154201
8.336030286650223
8.389549390052427
8.443213599659458
8.497022924317085
8.550977373401448
8.605076956822908
8.659321685032126
8.713711569021552
8.768246620305945
8.82292685094644
8.877752273529207
8.932722901178368
8.987838747550017
9.043099826833854
9.098506153750943
9.15405774355731
9.209754612035503
9.265596775505768
9.321584250816738
9.37771705534778
9.433995207011376
9.490418724250494
9.546987626036739
9.60370193188177
9.660561661815077
9.717566836407325
9.774717476754708
9.83201360449173
9.889455241775703
9.947042411301132
10.004775136292647
10.062653440509466
10.120677348235102
10.178846884295227
10.23716207403993
10.2956229433586
10.354229518669147
10.412981826925426
10.47187989561329
10.530923752909437
10.590113427063192
10.649448947314731
10.708930343290127
10.768557645147936
10.828330883586768
10.888250089836713
10.948315295669042
11.008526533390604
11.06888383584247
11.129387236411223
11.190036769015181
11.250832468112224
11.311774368703011
11.372862506328502
11.434096917065121
11.495477637534306
11.557004704897054
11.618678156858133
11.68049803134487
11.74246436776734
11.804577205152087
11.86683658337427
11.92924254285345
11.991795124558296
12.054494369993565
12.11734032121709
12.180333020834588
12.243472511991325
12.306758838386147
12.370192044260067
12.433772174410537
12.497499274176548
12.561373389449553
12.625394566671615
12.689562852830802
12.753878295474228
12.818340942692661
12.88295084312871
12.947708045984896
13.012612601006776
13.077664558502667
13.142863969322313
13.208210884881819
13.273705357144417
13.339347438632139
13.405137182420715
13.471074642138227
13.537159871974149
13.603392926671416
13.66977386153288
13.73630273241596
13.802979595734516
13.869804508464682
13.936777529153591
14.00389871389152
14.071168122315639
14.138585813632048
14.206151847609858
14.273866284581324
14.341729185432031
14.409740611610706
14.477900625131943
14.54620928856293
14.614666665039449
14.683272818251119
14.752027812460998
14.820931712479144
14.889984583689685
14.959186492033922
15.028537504015308
15.098037686699813
15.167687107718532
15.23748583526322
15.307433938090627
15.377531485518043
15.44777854742974
15.518175194264817
15.588721497036182
15.659417527311943
15.730263357229802
15.801259059485632
15.872404707341552
15.943700374623191
16.01514613571497
16.086742065571904
16.15848823970668
16.230384734195255
16.302431625682175
16.374628991366947
16.44697690901767
16.519475456963104
16.592124714096883
16.6649247598661
16.73787567429787
16.810977537959364
16.884230431997015
16.957634438111224
17.031189638563788
17.104896116180512
17.17875395434451
17.252763237002405
17.32692404866123
17.40123647438383
17.475700599800167
17.550316511089687
17.62508429500019
17.700004038833423
17.77507583044895
17.850299758266605
17.925675911261052
18.001204378965873
18.07688525147121
18.152718619420792
18.22870457401912
18.304843207017957
18.381134610732694
18.457578878025608
18.534176102318387
18.610926377579474
18.687829798334498
18.764886459659685
18.842096457183363
18.919459887084077
18.996976846088135
19.074647431476038
19.15247174107182
19.230449873253463
19.308581926941496
19.3868680016053
19.465308197260274
19.543902614469197
19.62265135433464
19.701554518508424
19.78061220918192
19.859824529090652
19.939191581512546
20.018713470262863
20.098390299700633
20.178222174724443
20.25820920076561
20.3383514837996
20.418649130335226
20.4991022474164
20.579710942624835
20.66047532407313
20.741395500409205
20.822471580813968
20.9037036749946
20.985091893193367
21.0666363461808
21.148337145253702
21.23019440223987
21.31220822948767
21.394378739878434
21.476706046809852
21.55919026420911
21.64183150652223
21.72462988871641
21.807585526281283
21.89069853522108
21.973969032064833
22.057397133850337
22.140982958135336
22.224726622993295
22.30862824700708
22.39268794927565
22.47690584940525
22.561282067515616
22.645816724231164
22.73050994068806
22.815361838528016
22.900372539892707
22.985542167432715
23.0708708443008
23.15635869415044
23.242005841129867
23.327812409898556
23.413778525599934
23.499904313881746
23.58618990088312
23.672635413240055
23.759240978076953
23.846006723012113
23.932932776153727
24.020019266093946
24.107266321914327
24.194674073185716
24.28224264995621
24.369972182762194
24.45786280261755
24.54591464101987
24.634127829941246
24.722502501833763
24.811038789625258
24.89973682671448
24.988596746978807
25.077618684762296
25.166802774879304
25.25614915261214
25.34565795371401
25.43532931439863
25.52516337134838
25.615160261703917
25.705320123069722
25.79564309350668
25.886129311536415
25.976778916137317
26.067592046738586
26.158568843228917
26.249709445940994
26.34101399566488
26.432482633633885
26.524115501532
26.6159127414867
26.707874496071433
26.8000009082968
26.892292121619498
26.98474827993524
27.077369527572177
27.170156009299838
27.26310787031684
27.35622525625796
27.44950831319018
27.54295718760408
27.636572026422343
27.730352976992737
27.824300187085438
27.918413804897956
28.012693979043867
28.10714085855429
28.20175459288707
28.296535331908043
28.3914832258986
28.486598425556565
28.581881081984772
28.677331346697134
28.772949371617425
28.868735309071695
28.964689311793975
29.060811532915118
29.157102125970987
29.25356124489562
29.350189044015416
29.44698567806139
29.543951302145135
29.64108607178237
29.738390142870244
29.83586367169863
29.93350681494254
30.03131972966227
30.129302573299285
30.227455503675987
30.325778678998432
30.424272257844795
30.52293639917219
30.6217712623101
30.720777006960994
30.819953793197588
30.91930178146125
31.018821132560245
31.118512007666013
31.218374568316037
31.318408976406015
31.418615394195434
31.51899398429444
31.619544909676343
31.720268333663245
31.821164419933105
31.922233332513155
32.02347523577556
32.124890294445116
32.22647867358485
32.32824053860831
32.430176055261576
32.53228538963837
32.63456870816581
32.73702617760255
32.839657965048836
32.942464237932704
33.045445164008626
33.148600911368696
33.251931648419905
33.35543754390225
33.45911876687609
33.562975486719424
33.66700787313146
33.7712160961278
33.87560032603944
33.98016073350917
34.0848974894943
34.18981076525611
34.29490073236843
34.40016756270831
34.50561142845839
34.611232502098574
34.717030956413744
34.823006964484314
34.929160699687834
35.035492335695785