0.0020056164778395574
0.0033092881431360673
0.005222780459634776
0.007935066334098831
0.011667188939316621
0.016673708870328215
0.023244205468160004
0.03170489780168717
0.042420411596317584
0.055795677393771635
0.07227790551181572
0.09235854526302628
0.11657510324260807
0.14551266951305214
0.17980498414402343
0.2201348714073752
0.2672338771993934
0.32188096586803694
0.3849001647594973
0.45715708430243784
0.5395542823088353
0.6330254758625649
0.7385286235928833
0.8570378981354086
0.9895345382264181
1.136996515624871
1.3003868878614004
1.4806406643687469
1.678650040964563
1.8952480191489591
2.1311907844856712
2.3871397886020973
2.663645177014473
2.961132800384064
3.279897202039366
3.6201024055407998
3.981791033947845
4.3649006677522735
4.769285009870002
5.194736848437476
5.641010090784999
6.107838955725496
6.594953400737821
7.1020906583818135
7.629003272300304
8.175464259036703
8.741270064259654
9.326241915440418
9.930226063408663
10.553093290346597
11.194737960480264
11.855076808294488
12.534047597304829
13.231607737319438
13.947732916205632
14.68241578012942
15.43566468134864
16.207502502752227
16.997965562048105
17.80710259442011
18.634973810327736
19.481650023638217
20.347211844834906
21.23174893384174
22.135359307180405
23.05814869438702
24.000229939071577
24.961722440345586
25.94275163079108
26.943448487522925
27.963949073285168
29.004394104857486
30.064928546383886
31.145701225497163
32.246864470393
33.36857376624393
34.510987429489234
35.674266298833935
36.85857344181999
38.06407387608219
39.29093430446105
40.539322863301265
41.809408883327556
43.10136266259901
44.41535525111279
45.75155824669784
47.11014360188445
48.49128344150076
49.89514989078699
51.321914913854464
52.771750162344766
54.244826834176536
55.74131554228994
57.26138619331363
58.80520787609805
60.37294876006866
61.96477600336063
63.580855670703166
65.22135266103227
66.88643064479587
68.57625201095067
70.29097782358144
72.03076778817736
73.79578022747079