1.9859446137283985e-12
1.9859446137283985e-12
1.9859446137283985e-12
3.971889227456797e-12
1.9859446137283985e-12
1.9859446137283985e-12
1.9859446137283985e-12
1.9859446137283985e-12
1.9859446137283985e-12
1.9859446137283985e-12
1.9859446137283985e-12
1.9859446137283985e-12
1.9859446137283985e-12
1.9859446137283985e-12
1.9859446137283985e-12
1.9859446137283985e-12
1.9859446137283985e-12
3.971889227456797e-12
1.9859446137283985e-12
7.943778454913594e-12
1.9859446137283985e-12
3.971889227456797e-12
0.
1.9859446137283985e-12
3.971889227456797e-12
5.9578338411851955e-12
6.08195537954322e-12
4.344253842530871e-12
7.074927686407419e-12
9.184993838493843e-12
1.266039691251854e-11
2.606552305518523e-11
6.106779687214825e-11
1.2548687527996317e-10
2.717020474657165e-10
5.616499610700627e-10
1.1285130267511624e-9
2.2012954827795717e-9
4.151244850384143e-9
7.607905572116778e-9
1.3554444353311393e-8
2.3539649749599424e-8
3.9908922349794106e-8
6.615826940328757e-8
1.0739591282120433e-7
1.709386931682116e-7
2.6711588074492583e-7
4.102497357409412e-7
6.199159624568552e-7
9.225267554044872e-7
1.353204413928392e-6
1.9581077521993057e-6
2.7972348876718074e-6
3.947703773343121e-6
5.507612501717589e-6
7.600607101539789e-6
0.000010381062122562512
0.000014040110211637132
0.000018812499951829412
0.00002498428345401926
0.00003290156233285803
0.00004298020902977428
0.00005571660990448329
0.00007169970415535695
0.00009162400056927301
0.00011630399870667064
0.00014668981667208058
0.00018388411930601243
0.00022916042722895646
0.0002839828362784255
0.0003500270892501574
0.00042920311239759163
0.0005236790145795539
0.0006359065181498857
0.0007686478922141743
0.0009250043340124701
0.0011084458688049054
0.0013228426567990714
0.0015724978585474295
0.0018621819050281757
0.0021971681742713736
0.0025832702386190363
0.003026880386713407
0.003535009601058518
0.004115328992768614
0.004776212449604608
0.005526780763539279
0.0063769470118258805
0.007337463241218785
0.008419968488858976
0.00963703802079182
0.01100223382622246
0.01253015637483197
0.014236497560447176
0.01613809491087429
0.018252986925252603
0.02060046969767967
0.02320115465234489
0.026077027548178155
0.029251508644407256
0.03274951408982956
0.036597518520655056
0.04082361894337976
0.045457599813570046
0.05053099941705437
0.05607717760962519
0.062131384807017125
0.0687308324683155
0.07591476485818911
0.083724532422827
0.09220366652277205
0.10139795588856146
0.11135552456098485
0.12212691156196916
0.13376515236212264
0.14632586204427564
0.1598673204558208
0.17445055921679434
0.19013945091398587
0.2070008002027963