5.796962307422291
6.131412634717352
6.4822081311561615
6.849131712122767
7.231988538183099
7.630604511651788
8.044824713163974
8.474511857032532
8.919544817174595
9.379817256183589
9.855236376234606
10.34572180044537
10.85120458632536
11.371626367914024
11.90693861983859
12.4571020341804
13.022085999713918
13.601868172251967
14.19643412454094
14.805777064490265
15.42989761060961
16.068803614487518
16.72251002074956
17.391038755939135
18.074418638650744
18.772685304245577
19.48588113843915
20.21405521492937
20.957263233146847
21.715567452915717
22.489036623597855
23.2777459058762
24.08177678486298
24.90121697372666
25.73616030739128
26.586706626172496
27.45296164950393
28.335036840061658
29.23304925880034
30.14712141147604
31.077381087329584
32.02396119064009
32.986999565890585
33.9666388172767
34.96302612327465
35.9763130469751
37.00665534285397
38.054212760601075
39.11914884659456
40.201630743597775
41.301828989158345
42.41991731318579
43.556072435167124
44.710473861378645
45.88330368249738
47.07474637192365
48.28498858515889
49.51421896048589
50.76262792127472
52.0304074801345
53.31775104517277
54.62485322864421
55.95190965814833
57.29911679015933
58.66667172746493
60.05477203914879
61.463615584148144
62.89340033846375
64.3443242261954
65.81658495462976
67.3103798535798
68.82590571918837
70.36335866240955
71.9229339623503
73.50482592471934
75.10922774554533
76.73633138038863
78.38632741923473
80.05940496726177
81.75575153167826
83.4755529147852
85.21899311346309
86.98625422522296
88.77751636099535
90.59295756477391
92.43275374027195
94.29707858469536
96.18610352974007
98.09999768991459
100.0389278182617
102.00305826955086
103.99255097099089
106.00756540051495
108.04825857262024
110.11478503186878
112.20729685393282
114.32594365425872
116.4708726042756
118.6422284551505
120.8401535690025
123.06478795755099
125.31626932811146
127.59473313687218
129.90031264936454