89.07354606666472
89.1249084910184
89.21049403480679
89.33027542490679
89.48421327998582
89.67225710059898
89.89434453495502
90.15039935819588
90.44033266299107
90.76403879896534
91.12140143403823
91.51227858409482
91.93651571944604
92.39393948314206
92.88436048833697
93.40757361222208
93.96336335171166
94.55150483983967
95.17176927066835
95.82396459902746
96.50774813742439
97.22301271232715
97.96950547222913
98.74702501237066
99.5553818226482
100.39440288074329
101.26393072286356
102.16382475287898
103.09396474203105
104.0542509112984
105.04459827617008
106.06494413019863
107.11524413430287
108.19547261484644
109.30563065852083
110.44572306790143
111.61578120674712
112.81586298986583
114.04602331029564
115.30635283232601
116.59694780626056
117.9179225837064
119.26940812334796
120.6515478345414
122.06450572642534
123.50844969162998
124.98356672581244
126.4900434461788
128.02813392696564
129.59801354550694
131.19993789818668
132.83414712309352
134.500902602314
136.20046130522928
137.93310492108216
139.6991208974586
141.49879530155772
143.33243268764542
145.200343087654
147.102843115762
149.04025103166254
151.0129038808235
153.02113372393032
155.06528062724414
157.14568801686517
159.26271467870083
161.41670742564474
163.60802474719887
165.83702213702088
168.10406994562175
170.40952325489855
172.75374990776336
175.1371099338915
177.55996712572775
180.02265178356348
182.52561760804065
185.06912408112254
187.65355584880882
190.27925916485637
192.9465770935106
195.65585067316678
198.407393738791
201.2015362662786
204.03858970394086
206.91884448651862
209.84260916469816
212.81014118374884
215.82171554731127
218.87757631873643
221.9779653951607
225.12309862013132
228.31317222465796
231.54838754544903
234.8288938925221
238.15484076335065
241.5262426764183
244.9435585457412
248.4065079204829
251.91481406498318
255.46998102421804
259.0703755355558
262.7167110065355
266.4088618201798
270.1467371398802
273.9303235732572
277.75948598217695
281.6340621053863
285.55391032988206
289.51884390723956
293.5286756076245
297.58319462089105
301.6821571962992
305.8253193668437
310.012421998665
314.24319724360487
318.51737159817725
322.83466905904095
327.19481428645867
331.5975356827595
336.0425682952088