103.58954326457527
103.6422894606583
103.73018257106334
103.85319680959837
104.01129537715481
104.20443115500446
104.43254580443056
104.69556820744057
104.993415538642
105.32599151057347
105.69318467810771
106.09487147259705
106.5309032623292
107.00112311719151
107.50536401115318
108.04343952056847
108.61515255612221
109.22031021436281
109.85870308697467
110.53013157881172
111.23439702904678
111.97130565218882
112.7406782925186
113.54234262731086
114.3761402183998
115.24192987537705
116.13958462003592
117.06899611351767
118.03007243180474
119.02274144238724
120.04694700227532
121.10265306353078
122.18984039847146
123.30914593239045
124.45867700114741
125.64037725680517
126.85366373329346
128.0986036127719
129.37528290193558
130.6837991370937
132.0242720008397
133.39682897913917
134.80161672304962
136.2387900045592
137.7085307305274
139.2110170346989
140.74645193710984
142.31503621728723
143.91700626369425
145.55258386297888
147.22201949572582
148.9255645583336
150.66348369779038
152.43605317485665
154.24355345375793
156.08628417181072
157.96453758526428
159.87862211349423
161.8288592017194
163.81556490873672
165.8390698161141
167.89970603169587
169.9978175427804
172.1337437802875
174.30783302358708
176.52043934990874
178.77191383720216
181.06261539801605
183.39290156321405
185.76312434741197
188.17365834682064
190.62484677230208
193.1170370809683
195.65061984926504
198.2259101833237
200.84326806612594
203.5030343883756
206.20553787772255
208.95111791943768
211.74006481574747
214.57275161000405
217.44942054397816
220.37038011193718
223.33590523404627
226.34625171132882
229.40169717900812
232.5024413873413
235.64871872245834
238.84070993116669
242.07862165536005
245.36257322195047
248.69274984992077
252.06922675398357
255.492102815051
258.96145783677446
262.4772506615493
266.039715825887
269.6486298217546
273.3040240621055
277.0058344663837
280.75395818463664
284.5483120340259
288.3887181607153
292.27500897222427
296.2069869312666
300.18446748357576
304.2071716922076
308.2748527214776
312.3872337927583
316.54403036658283
320.744940508369
324.9896576279537
329.27787409013234
333.6092816252502
337.9835761688749
342.4004610773281
346.8596501233952
351.3608701031996
355.903863000957
360.4883876849881