3.971889227456797e-12
3.971889227456797e-12
3.971889227456797e-12
3.971889227456797e-12
3.971889227456797e-12
3.971889227456797e-12
3.971889227456797e-12
3.971889227456797e-12
3.971889227456797e-12
3.971889227456797e-12
3.971889227456797e-12
3.971889227456797e-12
3.971889227456797e-12
3.971889227456797e-12
3.971889227456797e-12
3.971889227456797e-12
3.971889227456797e-12
4.2201323041728465e-12
5.0889830726790214e-12
1.3032761527592615e-11
2.631376613190128e-11
7.645886762854335e-11
2.380651105706918e-10
6.814272455855567e-10
1.829054989243855e-9
4.570279163880835e-9
1.0720004903367538e-8
2.3758227778647904e-8
4.9997893352149446e-8
1.0044485843007822e-7
1.9345744326481628e-7
3.585887378963326e-7
6.418517136877922e-7
1.112828532678089e-6
1.8737948459880817e-6
3.071508733412302e-6
4.911774876486808e-6
7.677327245006574e-6
0.00001174922740199535
0.00001763216742402916
0.00002598390631703022
0.00003764903517071109
0.00005369725065553506
0.00007546621319693888
0.00010460905859015003
0.0001431464843625433
0.0001935234275158228
0.000258670077461174
0.00034206725691547256
0.00044781571498426006
0.0005807092872512477
0.0007463114735543791
0.0009510353044861719
0.001202226061448228
0.0015082465603119962
0.0018785646573515578
0.0023238426615591187
0.0028560283980252075
0.003488447431358768
0.004235896402973938
0.005114736948893266
0.006142990207376471
0.007340431431183668
0.00872868466549888
0.010331317299870192
0.012173934207942277
0.014284271548088876
0.01669228986610987
0.019430266700821593
0.022532888400606514
0.02603734122216809
0.02998340169932682
0.03441352623605668
0.0393729399547924
0.044909724881803496
0.0510749073564364
0.0579225449421327
0.06550981267302483
0.07389708881484412
0.08314804017750185
0.09332970699808578
0.1045125875059812
0.11677072216043548
0.13018177763441802
0.1448271306166422
0.16079195133096272
0.17816528699247058
0.19704014495502245
0.2175135758077556
0.23968675616365767
0.26366507132935174
0.2895581976643297
0.3174801846576849
0.34754953672879807
0.37988929455524506
0.414627116052543
0.451895356860762
0.4918311502482618
0.5345764865318512
0.5802782918157684
0.6290885061985519
0.6811641612919067
0.7366674570637273
0.7957658382128114
0.8586320698146076
0.9254443126030378
0.9963861976967529
1.0716469010844671
1.1514212178958125
1.2359096365514204
1.325318413093354
1.4198596457822763
1.5197513501547377
1.6252175348613118
1.736488278421617
1.8537998071817028
1.9773945746692951
2.107521342732168
2.244435264492418
2.38839796951171