 0.32829031877921E-16
 0.26263225502337E-15
 0.88638386070386E-15
 0.13439833802901E-14
 0.41642340650395E-14
 0.31338134205519E-14
-0.93405946084778E-13
-0.10984318132993E-11
-0.66769884143082E-11
-0.27202973346867E-10
-0.84327185531858E-10
-0.21266111984646E-09
-0.46110676743348E-09
-0.88867062860245E-09
-0.15481801570140E-08
-0.26086298227316E-08
-0.38611790072272E-08
-0.56855689476723E-08
-0.93166932348964E-08
-0.12420044254406E-07
-0.19242458987491E-07
-0.27469194741341E-07
-0.38114494058711E-07
-0.53301706333693E-07
-0.74243288452821E-07
-0.10163297331796E-06
-0.13207025946999E-06
-0.19096027452062E-06
-0.26717007845736E-06
-0.36272137964331E-06
 0.22117658927073E-04
-0.62763808306985E-06
 0.55081934106893E-04
-0.10960244018077E-05
-0.14139660420056E-05
-0.18099918332843E-05
-0.23159342420262E-05
-0.28981718242283E-05
-0.36319370880461E-05
-0.45166929371455E-05
-0.55381683899590E-05
-0.66113807545257E-05
-0.76667014511091E-05
-0.84799266654931E-05
-0.87487227517604E-05
-0.76245021890631E-05
-0.35343409727021E-05
 0.51857428339563E-05
 0.20926183557727E-04
 0.43632994800566E-04
 0.70337897962872E-04
 0.93719245257728E-04
 0.10919968671938E-03
 0.91102923729739E-04
 0.56097701237013E-04
-0.31846646691630E-04
-0.65793720164473E-04
-0.11802173757885E-03
-0.14286063040766E-03
-0.14533024278561E-03
-0.35302603214898E-04
-0.80042209827356E-04
-0.34802938918595E-04
 0.59235665352471E-05
 0.29794211702924E-04
 0.44354337757116E-04
 0.49340873393189E-04
 0.47019043483470E-04
 0.39424264332094E-04
 0.31461772877424E-04
 0.23704485106842E-04
 0.16982848954443E-04
 0.11586283559471E-04
 0.74863223739290E-05
 0.45011924479508E-05
 0.24697548377218E-05
 0.11913911159157E-05
 0.17891863801967E-08
-0.71045056478376E-06
-0.93665189062532E-06
-0.96825218530470E-06
-0.89570900347305E-06
-0.10280593878644E-05
-0.11013447821097E-05
-0.12211994248504E-05
-0.11025416523404E-05
-0.73162240948134E-06
-0.55448085350427E-06
-0.69155412740527E-06
-0.77455884102056E-06
-0.48885455948560E-06
-0.17839058503383E-02
-0.43315659579001E-06
-0.38638323529761E-06
-0.34267786851671E-06
-0.30168568421315E-06
-0.26463141241559E-06
-0.23245963852476E-06
-0.19224794518971E-06
-0.16730134039220E-06
-0.16063717129166E-06
-0.15317966584389E-06
-0.15075833728870E-06
-0.79247477447921E-07
-0.12132142496530E-06
-0.47741932664553E-06
-0.84583061970194E-07
-0.68536759612988E-07
-0.56754098389200E-07
-0.49805999233808E-07
-0.43013826704636E-07
-0.28908606766857E-06
-0.41019407796722E-07
-0.56677045370354E-07
-0.25832968660455E-07
 0.17510917442575E-06
 0.49316153699673E-08
 0.75715425656446E-08
 0.13471023193202E-08
-0.13787203694430E-07
