0.03320583163507053
0.047676920358091165
0.06665494560404779
0.09110183204790673
0.12212694212094015
0.16100993480145842
0.20922677582682542
0.26847840091324393
0.34072085355406323
0.4281931541907649
0.5334330652589359
0.6592554151460891
0.80863615410632
0.9844057998056034
1.1886927724514622
1.4223244473797962
1.6846921317512675
1.9742493082916566
2.289173794199658
2.627776233185599
2.9886400012527834
3.3706241745222854
3.772821868968111
4.194513156218617
4.635124690744316
5.094198013807606
5.571365443408777
6.066331894678053
6.578861150677796
7.108765427254052
7.65589737216107
8.22014387050634
8.80142119952968
9.3996711982966
10.014858214396833
10.646966625977587
11.295998837058457
11.961973612190869
12.644924691726063
13.344899623244064
14.06195876375057
14.796174418300657
15.547630087234664
16.31641980072353
17.102647523805608
17.906426618607
18.727879352948126
19.56713644774223
20.42433665514013
21.299626363318595
22.193159222853623
23.10509579136434
24.035603193606054
24.984854794643205
25.953029884236972
26.94031337087155
27.94689548412382
28.972971484345717
30.018741378709247
31.0844096429496
32.170184948122994
33.27627989191469
34.40291073403424
35.55029713538064
36.7186619006578
37.9082307242536
39.11923193914761
40.35189626878838
41.606456581808565
42.88314764954879
44.182205906395595
45.503869212942625
46.848376622080636
48.21596814806749
49.60688453876178
51.02136705113492
52.45965723028808
53.92199669217213
55.40862691024901
56.91978900637514
58.45572354617066
60.016670339193674
61.60286824422399
63.21455497999564
64.85196694171594
66.51533902373319
68.2049044486321
69.92089460331209
71.66353888208593
73.4330645374768
75.22969653884985
77.05365743916525
78.90516725062588
80.78444332870434
82.69170026575381
84.62714979342346
86.59100069593906
88.58345873169377
90.60472656611682
92.65500371432039
94.73448649425183
96.84336799033629
98.98183802777052
101.15008315745982