5.328548255210192
5.361524219280005
5.394670632554184
5.427982329577011
5.461460614346282
5.4951059825459545
5.52891786953126
5.562909342486479
5.597038763578879
5.631348540663909
5.665823673428874
5.700464010525183
5.735269701478702
5.770240049510214
5.80537554843912
5.8406751077184405
5.876139638551201
5.9117682547032855
5.947560652126823
5.9835167736949995
6.019637042277731
6.055920513358396
6.092367192751962
6.128976834614128
6.165749932343646
6.20268543774058
6.239784022118503
6.27704460062203
6.314467498766848
6.352052737445589
6.389799389844216
6.427708509482762
6.465778349191453
6.5040117354423765
6.542404925426381
6.580959427484786
6.6196751712373265
6.65855207996808
6.697589876951677
6.736787456087716
6.77614562069191
6.815665469228082
6.855344677268708
6.895183665186505
6.935183466757866
6.975341158929374
7.015661605289816
7.0561402123125605
7.096778125566794
7.137573045730188
7.178532197721999
7.219647804927681
7.260922632567949
7.302356291526373
7.34394817247518
7.385699537959293
7.427609472206775
7.469677608374311
7.511903837508138
7.55428856024937
7.596831209185581
7.639531558962697
7.682390777039237
7.725407393040428
7.768581585609186
7.811913873156866
7.855403497352501
7.899050502052206
7.94285496395229
7.986816563541821
8.030934873749493
8.0752114401259
8.119644548496868
8.16423454358825
8.208981321491947
8.253885039878558
8.298944750056629
8.344162171716173
8.389533725432322
8.435065821025889
8.480751567139974
8.526595001937386
8.572593857264573
8.618748968462842
8.66506021862919
8.711527678708507
8.758150854453051
8.804929936086772
8.851865238944288
8.898956214324617
8.946202786377336
8.99360489626275
9.04116273550164
9.088875363511782
9.136745409202007
9.18477006777346
9.232949990687219
9.281284587004242
9.329775154356751
9.37842095771015
9.427222129764143
9.476178212153652
9.52528955021049
9.574555766906547
9.623976658237524
9.673552790945966
9.723284050845644
9.773169960566483
9.823210326358488
9.873405810022932
9.923756059755062
9.974261444922579
10.024920639946304
10.075734325991585
10.126704078208158
10.177822913191465
10.229105994341088
10.280538090638014
10.332125371365073
10.38386690972436
10.435754513200834
10.487813424249886
10.540017940966225
10.592377114769555
10.644890564904395
10.697557826562521
10.75037974727943
10.803355699530014
10.856485671439195
10.909770481581068
10.9632092824323
11.01680201244561
11.070549210743271
11.124450126321836
11.178505012001485
11.232713980666665
11.287077518401395
11.341595105267878
11.396266837423935
11.451092075569795
11.506071664418432
11.561204787779502
11.616492807081219
11.671934182274793
11.727529577793993
11.783278695256225
11.839182477316909
11.895239998977287
11.951442567177267
12.007816252583252
12.064336060885005
12.121007439784163
12.177836553179784
12.23481736411675
12.291952741519323
12.349242112418402
12.406684133846868
12.464281653158025
12.522032676505312
12.579936815015822
12.637996458135914
12.696208448529667
12.75457587348712
12.813094136933554
12.871770987270068
12.930600017918772
12.989583018535754
13.04871918159795
13.108010612631517
13.167455781441186
13.227054422837563
13.286797634038972
13.346714615961817
13.406773997170767
13.466991265581417
13.527360564632056
13.587883925642902
13.648561810512529
13.709393963090196
13.77038026479317
13.83151349733065
13.892814870400839
13.954264545305382
14.01586783646272
14.077625377701352
14.13950137566517
14.201603168930163
14.263823433702967
14.326199170570598
14.388728593012038
14.45141090862322
14.514250864603792
14.577244087236062
14.640391857653151
14.703694295974548
14.767150717301698
14.830761882429005
14.894528303531835
14.958448929967913
15.022525008419304
15.086757593628517
15.151140596447329
15.21568086142777
15.28037582361699
15.345226069657075
15.410230527226428
15.475390750664817
15.54070474233178
15.606175466655158
15.671801282078578
15.73758144755587
15.80351696687777
15.869608443279926
15.935854216279536
16.002255981551578
16.068813460288418
16.135525456005716
16.20239263377597
16.26941758382255
16.33659624346058
16.403931167168412
16.471422125971976
16.539068009566375
16.606869988754827
16.67482850570095
16.742941039156086
16.81121163672633
16.879638091021587
16.948217773679154
17.01695783239087
17.085852371617126
17.154902812423433
17.2241096312672
17.293472979825562
17.362992258374152
17.432668593713373
17.50250089670043
17.572490156181203
17.642636024641213
17.712936829772104
17.78339871334218
17.854014737875325
17.924788389458254
17.995718054895498
18.066804317011155
18.138050473612722
18.20945252515607
18.281151977003372
18.352751322908336
18.424606275694945
18.496717473907196
18.569085552830895
18.641168225374727
18.71366376363177
18.786333358015565
18.859154240893456
18.932130805838238
19.005267471783213
19.07856165497199
19.152013689968715
19.225624042431846
19.299392578463785
19.373319804520378
19.447405406359398
19.52164934803587
19.59605217035379
19.67061356164509
19.745334359078775
19.82021319189864
19.89525200648296
19.970449181815486
20.045805850122466
20.12132114028543
20.196993949202636
20.272831186153002
20.34882507514533
20.424978833707286
20.50129292777114
20.57776587227755
20.65439728103935
20.731191368622
20.80814533320965
20.885258743749805
20.962532442630387
21.039966505562933
21.117560559693416
21.195313396149547
21.273232292355605
21.35130800395042
21.42954528723808
21.507944424488215
21.586503294406885
21.665224071327025
21.74410611123497
21.82314900388012
21.90235402339377
21.98171842584242
22.061248424270797
22.14092744080939
22.220790004344867
22.30080364771187
22.38097887488225
22.46131609995749
22.541818739224674
22.62247894731275
22.70330681109209
22.78429499698397
22.865445781685963
22.946759786388764
23.028236603749193
23.10987437028851
23.191680074547804
23.27364490384857
23.355777250579884
23.438070060117976
23.52052787201921
23.603147258273577
23.685928197505124
23.768883997373802
23.851997235962898
23.935275736328528
24.018717200421968
24.102324262428205
24.186095914114066
24.270032751303276
24.35412949557971
24.43839811112954
24.522832402088696
24.607428980012777
24.692191446300882
24.777119544002318