 0.14002191335544E-01
-0.33647090957265E-02
-0.87031740051054E-05
-0.27247600208284E-02
-0.12049042307812E-02
 0.31059990034588E-03
-0.10858011434313E-01
-0.19732923237296E-02
 0.68055881172998E-02
 0.24415524982868E-02
-0.94603125899873E-01
-0.55581523389979E-01
 0.64475100488155E-02
-0.87458524464400E-01
 0.26245122046390E-01
 0.10394469244526E-01
-0.12580397234920E-01
 0.23422792971244E-01
 0.82980204242481E-02
 0.99005040137889E-02
 0.30314105915673E-01
-0.21720688310668E-01
-0.82979915741692E-02
-0.11682941535858E-01
 0.15369767175146E-01
-0.46439451285641E-01
-0.37493320301755E+00
-0.32195908543366E+07
-0.27210111000352E+01
-0.17395959369050E+01
 0.23161405810585E+01
-0.46674661209825E+01
 0.15789199432300E+01
-0.19350862860778E+00
 0.35732371802087E-01
-0.37278164704408E-01
-0.47711756758004E-02
-0.39212027327364E-01
 0.28421370177829E+00
-0.27146240052996E+00
-0.72793126049531E+00
 0.26271404343566E+00
-0.68008146869685E+00
 0.19166069911388E+00
 0.65547490349030E+00
 0.23133447847996E+01
 0.62094677369058E+00
 0.67383054807365E+00
-0.20435865961485E+08
 0.12065508387326E+01
 0.26843839911605E+02
 0.44887894285079E+00
-0.21063901087921E+01
 0.52641976612118E+00
 0.41805214661314E+00
 0.42131973296336E+00
-0.46838595011979E+00
-0.21128794154132E+01
 0.13297935321248E+01
-0.23551377991236E+00
-0.30076488557562E+00
-0.31541009605721E+01
-0.49029208538510E+01
 0.28201029105971E+00
 0.17556130144305E+00
-0.37120026785854E+00
-0.36561890859464E+00
 0.35598813409923E+00
-0.71289566322103E+00
 0.90658619028451E+00
 0.39676517057214E-04
 0.54854360973252E-05
-0.26411282622716E-04
-0.24608238412682E-03
-0.61755043795571E-05
-0.14723401103404E-02
 0.23074990998694E-02
-0.17099591200963E-03
-0.23514142656319E-07
-0.31170269721309E-03
-0.10943236622518E-03
 0.14657141693627E-03
 0.18979352512986E-02
-0.10128211856590E-01
-0.13762261860095E+00
-0.10064960005316E-03
-0.38714428551881E-03
-0.13800151227666E-05
 0.24038374959336E-04
-0.69940028835867E-05
 0.39656416603184E-01
 0.22761329983289E-04
-0.99121879468928E-02
-0.10939404638581E+00
 0.10946994119016E+00
 0.79132550058537E-07
-0.37621701562019E-01
 0.28056702755112E-03
 0.22490752857275E+00
 0.18368575101150E+00
-0.27220857222899E-04
 0.25170663979430E-04
 0.18576553491971E-03
 0.72080775402270E-04
