0.009561650136601728
0.009988457516257852
0.010430125374276506
0.010887021831433249
0.011359520372167671
0.01184799989174959
0.012352844727309424
0.012874444694205813
0.013413195110601676
0.013969496845251008
0.014543756341330209
0.01513638564784084
0.015747802464293376
0.016378430198175472
0.01702869794757496
0.017699040600104694
0.018389898828558324
0.01910171914961976
0.019834953966809236
0.02059006160784389
0.0213675063438766
0.022167758476008704
0.022991294344599105
0.02383859636774196
0.0247101531261658
0.02560645934821483
0.02652801602602669
0.027475330383136726
0.028448915986808
0.029449292759078087
0.030476987023801146
0.03153253158509273
0.032616465732667015
0.033729335306752366
0.034871692789320674
0.03604409726784384
0.037247114552092175
0.03848131722142469
0.03974728461883126
0.04104560296946869
0.042376865404367955
0.04374167198352078
0.04514062978686073
0.04657435295671278
0.048043462735898636
0.049548587499884195
0.051090362888100156
0.052669431747218456
0.05428644427389205
0.055942057986703445
0.057636937865429054
0.05937175630734842
0.06114719325484118
0.06296393618992566
0.06482268021841335
0.06672412810503525
0.06866899034332233
0.07065798514915114
0.07269183855929641
0.07477128448703745
0.07689706470155393
0.07906992895353697
0.08129063496153571
0.08355994848729911
0.08587864335811776
0.08824750152007214
0.09066731309574905
0.09313887640223922
0.09566299797409986
0.09824049263472451
0.10087218352141557
0.10355890213031634
0.10630148831938992
0.10910079035992963
0.11195766498931067
0.11487297739075836
0.11784760128048136
0.12088241888408868
0.12397832097357783
0.12713620692021063
0.13035698466124862
0.1336415707750466
0.136990890462062
0.1404058775643421
0.1438874745822802
0.1474366327107352
0.15105431180266388
0.1547414803881115
0.15849911570511815
0.16232820367191542
0.16622973891162662
0.17020472470448
0.17425417303869864
0.1783791045547697
0.18258054857833686
0.18685954305367097
0.19121713456352962
0.19565437831674498
0.20017233809261725
0.2047720862252755
0.20945470361286253
0.2142212796228302
0.2190729121125436
0.2240107073646137
0.22903578003551112
0.23414925315246293
0.23935225802867782
0.24464593422176525
0.25003142948433515
0.2555098997123633
0.2610825088692291
0.26675042892712997
0.27251483982239777
0.2783769293317495
0.2843378930640955
0.2903989343141999
0.2965612640424489
0.302826100745268
0.30919467038499315
0.3156682062863535
0.32224794904846915
0.32893514646379995
0.33573105335194653
0.3426369315227863
0.34965404961201263
0.35678368299710406
0.36402711366153595
0.37138563007388553
0.37886052706147666
0.3864531056698739
0.3941646730344169
0.4019965422424454
0.40995003219366255
0.41802646742375815
0.4262271779866175
0.4345534992651599
0.4430067718417559
0.4515883413106797
0.46029955810309764
0.4691417773407291
0.47811635863588653
0.48722466589101926
0.4964680671567184
0.5058479343978719
0.5153656433206392
0.5250225731464258
0.5348201064352581
0.5447596288487119
0.5548425289458558
0.5650701979474211
0.5754440295354688
0.5859654195921145
0.5966357659705234
0.6074564682587079
0.6184289275259466
0.6295545460742932
0.6408347271586826
0.6522708747528375
0.6638643932389643
0.675616687156656
0.6875291609191494
0.6996032185011603
0.7118402631519136
0.7242416971009764
0.7368089212244943
0.7495433347659177
0.7624463349475027
0.7755193166986075
0.7887636722799778
0.8021807909528377
0.8157720586021817
0.8295388574093415
0.8434825654238913
0.857604556254088
0.8719061986019128
0.8863888559383682
0.9010538860350448
0.9159026405980849
0.9309364648106724
0.9461566969282713
0.9615646678074609
0.9771617004805709
0.9929491096816615
1.0089282013965828
1.0251002723647509
1.0414666095945773
1.0580284898856012
1.0747871793198391
1.0917439327234704
1.10889999319232
1.1262565915179203
1.1438149456875506
1.16157626031489
1.1795417261075378
1.1977125192984115
1.2160898010942751
1.2346747170876513
1.2534683967155276
1.2724719526438377
1.2916864802209538
1.3111130568740839
1.3307527415391815
1.3506065740631772
1.370675574624205
1.3909607431601483
1.4114630587668986
1.4321834791487447
1.4531229400314023
1.4742823545860897
1.4956626129178996
1.5172645814623196
1.5390891025081088
1.5611369936265875
1.5834090471927762
1.6059060298901504
1.6286286822338896
1.6515777181034363
1.6747538243345081
1.6981576602947261
1.7217898574854331
1.74565101920942
1.7697417202083667
1.7940625063776123
1.8186138944798043
1.8433963719077042
1.8684103964896879
1.8936563962905317
1.919134769484435
1.9448458842526204
1.9707900787141985
1.9969676609082934
2.023378908790444
2.050024070287465
2.076903363394511
2.104016976297832
2.1313650675409717
2.1589477662414844
2.186765172314106
2.214817356796571
2.2431043621102704
2.2716262024883447
2.3003828643121795
2.3293743065788446
2.358600461352278
2.3880612342284926
2.4177565049133616
2.447686127731269
2.477849932233305
2.5082477237818797
2.538879284197145
2.5697443723948585
2.6008427250557693
2.6321740573277728
2.6637380635089536
2.695534417776302
2.7275627749023905
2.759822770991666
2.792314024229519
2.8250361356390568
2.8579886897952957
2.8911712556206575
2.924583387106736
2.958224624080624
2.9920944929389655
3.0261925073903306
3.060518169190756
3.0950709688688653
3.129850386430755
3.16485589207543
3.2000869468778452
3.2355430034705805
3.271223506709257
3.307127894313253
3.3432555975080303
3.379606041639042
3.416178646770866
3.45297282827579
3.489987997386897
3.527223561763312
3.564678925999478
3.6023534921499376
3.6402466602173806
3.678357828626664
3.7166863946818256
3.755231754986612
3.7939933058970223
3.832970443892555
3.8721625659633476
3.9115690699909753
3.9511893550725374
3.991022821877629
4.0310688729384125
4.071326912969603
4.111796349129373
4.15247659129726
4.1933670523355655
4.234467148304085
4.275776298698797
4.317293926661624
4.359019459158922
4.400952327196336
4.44309196595868
4.485437814986194
4.52798931831381
4.570745924624558
4.613707087349369
4.656872264800998
4.700240920283497
4.743812522175258
4.787586544026567
4.8315624646410305
4.875739768146076
4.920117944051661
4.964696487313205
5.00947489837689
5.05445268323676
5.099629353454329
5.145004426194827
5.190577424263938
5.236347876118851
5.282315315879424
5.32847928334569
5.374839324014862
5.421394989060355
5.468145835344693
5.515091425414423
5.562231327483977
5.609565115436047
5.65709236878174
5.704812672677828
5.752725617874871
5.80083080070828
5.849127823078946
5.897616292403477
5.9462958216124555
5.995166029089122
6.044226538672605
6.093476979586301
6.142916986422731
6.192546199111888
6.242364263417359
6.292370828692818
6.342565551154994
6.392948091636692
6.4435181160956985
6.49427529556786
6.545219306129599
6.596349828858689
6.647666549766366
6.69916915977411
6.750857354670085
6.802730835032925
6.854789306235583
6.9070324783378405
6.959460066102321
7.012071788902266
7.0648673706988205
7.117846539978727
7.171009029725774
7.224354577361467
7.277882924698236
7.3315938179056745
7.385487007443883
7.439562248049571
7.49381929864681
7.548257922348653
7.602877886380918
7.657678962039369
7.712660924664516
7.767823553577078
7.823166632051415
7.878689947250369
7.93439329020093
7.9902764557531585
8.046339242514895
8.102581452840335
8.159002892765749
8.215603371979798
8.272382703776879
8.329340705021124
8.386477196098118
8.4437920008897
8.501284946728283
8.55895586435107
8.616804587868131
8.6748309547335
8.733034805691052
8.791415984749056
8.84997433913773
8.908709719278459
8.967621978746054
9.026710974231527
9.08597656551254
9.14541861541419
9.205036989775492
9.264831557419837
9.324802190122853
9.384948762569943
9.445271152333953
9.505769239847735
9.566442908353512
9.627292043891572
9.68831653526565
9.749516274003454
9.81089115433382
9.872441073163383
9.934165930035991
9.996065627113712
10.058140069137481
10.120389163413337
10.182812819774677
10.245410950566496
10.308183470601083
10.37113029714994
10.434251349897
10.497546550947682
10.561015824764718
10.624659098163693
10.688476300293551
10.752467362592906
10.81663221878408
10.880970804844816
10.945483058983063
11.010168921609813
11.075028335322324
11.14006124489049
11.205267597208657
11.270647341301727
11.33620042829138
11.401926811375978
11.467826445805237
11.533899288872288
11.600145299877305
11.666564440121428
11.733156672881188
11.799921963387785
11.866860278808838
11.933971588233492
12.0012558626461
12.068713074916678
12.136343199775814
12.204146213799044
12.27212209538798
12.340270824757027
12.408592383915888
12.4770867566451
12.545753928482648
12.614593886714013
12.683606620346872
12.752792120104251
12.822150378404068
12.89168138932659
12.961385148637415
13.03126165373073
13.101310903652418
13.171532899047163
13.241927642172861
13.312495136873556
13.383235388566906
13.454148404231765
13.525234192392928
13.596492763104362
13.66792412794065
13.739528299981098
13.81130529379534
13.883255125433534
13.955377812408855
14.027673373688563
14.100141829679979
14.172783202218314
14.24559751455178
14.318584791332283
14.391745058604739
14.465078343789953
14.538584675676926
14.612264084408075
14.686116601473408
14.760142259695623
14.834341093213357
14.908713137481804
14.983258429249627
15.057977006556603
15.132868908723317
15.207934176330687
15.283172851221943
15.358584976480541
15.434170596433386
15.509929756627372
15.585862503826036
15.661968885999617
15.738248952314523
15.814702753123258
15.89133033995203
15.968131765499983
16.04510708362147
16.122256349316853
16.199579618729658
16.277076949130553
16.354748398912268
16.43259402758289
16.510613895747863
16.588808065114577
16.66717659847141
16.745719559685465
16.82443701369627
16.903329026498366
16.982395665146687
17.061636997731576
17.141053093385
17.220644022268033
17.300409855560773
17.380350665452678
17.46046652513971
17.540757508818377
17.621223691673432
17.701865149863373
17.78268196052874
17.863674201776742
17.94484195267229
18.02618529323072
18.107704304413275
18.189399068120437
18.271269667182732
18.353316185353894
18.43553870730306
18.517937318611658
18.600512105763233
18.683263156134753
18.766190557999597
18.849294400503467
18.932574773678166