0.0004873791887228161
0.0008687113839904875
0.0014683985516001237
0.0023719302278693813
0.003684373411722227
0.005531784966264033
0.008062443639862204
0.011447954645437295
0.015884279947924435
0.021592741330888426
0.028821031850900024
0.0378442572819101
0.04896601296417548
0.0625194845236185
0.07886854454594144
0.09840880183780279
0.12156854694013684
0.14880952773869846
0.18062748298721468
0.21755236062165556
0.2601481511664154
0.30901227526787667
0.36477447708560795
0.42809519121870493
0.4996633683457988
0.5801937620137474
0.6704236939851652
0.7711093254140466
0.8830214652312535
1.006940942953516
1.143653561251535
1.2939446251926396
1.4585930236618723
1.63836482016911
1.8340063037356864
2.0462364684246235
2.2757389434282542
2.5231534962647677
2.789067380151823
3.0740069793305693
3.3784303868343533
3.7027216709777466
4.047187582175931
4.412057291385985
4.797485407491554
5.203558108081811
5.630301800020247
6.077693440709383
6.54567154876697
7.034147012126647
7.543013007282919
8.072153599106434
8.621450832043374
9.19079031219717
9.780065403913445
10.389180229947426
11.018051685842558
11.666610672172643
12.334802725888665
13.022588203343927
13.729942138407752
14.456853872493426
15.203326530600481
15.969376399016339
16.755032245477203
17.56033461139887
18.385335097034226
19.230095654059795
20.094687895204668
20.979192427226074
21.883698210876783
22.80830194988072
23.75310750960192
24.71822536531102
25.703772079381466
26.70986980641175
27.736645825057074
28.78423209527071
29.85276483964575
30.942384147516215
32.05323360060881
33.1854599190533
34.33921262711275
35.51464373446005
36.71190744165708
37.93115985305431
39.17255871235205
40.4362631505799
41.72243344908764
43.03123081662445
44.3628171799888
45.71735498790617
47.09500702774874
48.49593625480793
49.92030563383615
51.36827799264814
52.840015887537675
54.33568148036807
55.8554364271462
57.399441777940424
58.967857888040214
60.56084434018994
62.178559877841366
63.82116234927268