0.050284888077118034
0.052130501370231286
0.05402889226711261
0.05598118157358594
0.057988507857515616
0.060052027726342105
0.06217291605037667
0.06435236624505375
0.06659159050241759
0.06889182005649415
0.07125430548453406
0.07368031689319486
0.07617114422735552
0.07872809752332426
0.0813525071378428
0.08404572405168774
0.0868091200986747
0.0896440882143979
0.09255204272853641
0.09553441957064768
0.0985926765602395
0.10172829364992413
0.10494277313406666
0.10823763994444244
0.11161444186943573
0.11507474976057797
0.11862015783478372
0.1222522838055471
0.12597276919212858
0.12978327949059437
0.1336855044025726
0.13768115800107947
0.14177197899613947
0.14595973086275477
0.15024620204558134
0.15463320613431308
0.1591225820332315
0.16371619410071855
0.16841593228318358
0.1732237123096861
0.1781414757155188
0.18317119005296578
0.18831484891004513
0.19357447205709633
0.19895210544578731
0.20444982134837883
0.2100697183389821
0.21581392129380705
0.22168458148412934
0.2276838764836957
0.2338140101728199
0.24007721267284676
0.24647574030221284
0.2530118754206741
0.25968792636947924
0.26650622730827417
0.2734691380263129
0.28057904379425647
0.287838355059703
0.2952495072986141
0.3028149606269385
0.31053719953499204
0.3184187325361937
0.32646209172842006
0.33466983241493825
0.3430445325854536
0.35158879244395136
0.36030523379218526
0.36919649943488664
0.37826525251298404
0.3875141757882904
0.3969459708286453
0.40656335717915554
0.4163690714439438
0.42636586627828194
0.4365565093454735
0.4469437821376991
0.4575304787782435
0.4683194046561589
0.4793133750037077
0.4905152133700403
0.501927749964917
0.5135538198997815
0.5253962612759177
0.5374579131965179
0.5497416135346065
0.5622501966662071
0.5749864909808378
0.5879533162373493
0.6011534807431393
0.6145897783614582
0.6282649853537567
0.6421818569951399
0.6563431239829105
0.6707514887078342
0.6854096212427788
0.7003201551769483
0.7154856832446937
0.7309087527165086
0.746591860648649
0.7625374489021369
0.7787478990099614
0.795225526914202
0.8119725775162238
0.8289912191609646
0.8462835380559346
0.8638515325647281
0.8816971076210577
0.8998220690707988
0.9182281181777486
0.9369168462347669
0.9558897293874099
0.9751481237185943
0.9946932606429426
1.014526242686652
1.034648039704268
1.055059485615532
1.0757612756449149
1.096753964239481
1.118037963575953
1.1396135427709269
1.1614808278134732
1.183639802226086
1.2060903084317551
1.2288320498925824
1.2518645939313113
1.2751873752432221
1.2987997000659948
1.32270075096385
1.3468895920965074
1.3713651750588576
1.3961263450541446
1.4211718474470887
1.4465003345877143
1.472110372818633
1.4980004496110388
1.5241689807177068
1.5506143173888005
1.577334753394668
1.6043285320457832
1.6315938529084668
1.6591288784010763
1.6869317400374437
1.715000544455211
1.7433333790807364
1.7719283174848148
1.8007834243925958
1.8298967603416165
1.8592663860138914
1.8888903661886869
1.9187667733758071
1.9488936911216956
1.9792692169804071
2.009891465187187
2.0407585690675454
2.071868683091717
2.1032199847966835
2.1348106763292525
2.1666389858642687
2.198703168769001
2.231001508593629
2.263532317856439
2.2962939386993075
2.3292847433913875
2.36250313468211
2.395947546037263
2.4296164417933985
2.4635083171759553
2.497621698260904
2.5319551418528605
2.5665072352691145
2.601276596129492
2.636261872004469
2.671461740097299
2.706874906846077
2.7425001075141395
2.778336105714432
2.8143816929747065
2.850635688221183
2.887096937277217
2.9237643123655737
2.9606367115531094
2.997713058238893
3.0349923006222217
3.072473411156982
3.1101553859984414
3.1480372445181795
3.1861180287184845
3.224396802730032
3.26287265230547
3.301544684275765
3.3404120260599246
3.3794738251649097
3.4187292486924994
3.4581774828506266
3.497817732497354
3.5376492206623844
3.577671188097123
3.6178828928409943
3.6582836097747307
3.6988726302094035
3.7396492614591996
3.7806128264534147
3.821762663340756
3.8630981250868155
3.904618579140926
3.946323407027432
3.988212004025081
4.030283778815018
4.072538153130385
4.114974561449373
4.157592450678591
4.200391279824505
4.24337051971939
4.286529652709901
4.3298681723962975
4.373385583328965
4.417081400759056
4.460955150388506
4.505006368095109
4.54923459970624
4.5936394007399395
4.638220336200981
4.682976980330271
4.727908916408362
4.773015736532161
4.8182970413984565
4.86375244013326
4.909381550069744
4.955183996570627
5.0011594128472066
5.047307439786828
5.093627725751559
5.140119926445009
5.186783704730737
5.233618730478593
5.280624680399631
5.327801237918145
5.375148093004223
5.422664942039456
5.470351487690201
5.5182074387593865
5.566232510058537
5.614426422287258
5.662788901905263
5.711319681015201
5.760018497252441
5.808885093653993
5.857919218570143
5.90712062553784
5.9564890731944375
6.006024325164119
6.055726149966421
6.105594320911475
6.155628616013372
6.20582881790315
6.256194713728632
6.306726095084912
6.357422757903896
6.408284502411592
6.459311133010209
6.510502458218191
6.5618582906051905
6.613378446694251
6.6650627469111745
6.716911015503336
6.7689230804745275
6.821098773524258
6.87343792997825
6.9259403887180575
6.978605992136385
7.031434586065966
7.084426019719488
7.137580145648381
7.190896819658546
7.244375900796695
7.2980172512587504
7.351820736353357
7.405786224470228
7.459913586994004
7.514202698294697
7.568653435648006
7.623265679217937
7.678039311989033
7.732974219737952
7.788070290986548
7.843327416963518
7.898745491559469
7.954324411286825
8.01006407525079
8.065964385097082
8.1220252449865
8.178246561560155
8.234628243892322
8.291170203467585
8.347872354145599
8.4047346121298
8.461756895918016
8.518939126304199
8.576281226314249
8.63378312119771
8.691444738389905
8.749266007492691
8.807246860226071
8.865387230425691
8.923687053996556
8.982146268899614
9.040764815119001
9.099542634642296
9.158479671429122
9.217575872149043
9.276831183159091
9.336245554934026
9.39581893910654
9.455551289167426
9.515442560450552
9.5754927101006
9.635701697063128
9.69606948207043
9.75659602759299
9.817281297859353
9.878125258797414
9.939127878057002
10.000289124949068
10.061608970459583
10.123087387218876
10.1847243494865
10.246519833133474
10.308473815624792
10.370586276007371
10.43285719488933
10.495286554426336
10.557874338308075
10.620620531736154
10.683525121421754
10.7465880955593
10.809809443815425
10.873189157322265
10.936727228647799
11.000423651801917
11.064278422208757
11.128291536698873
11.192462993493482
11.256792792202468
11.321280933792739
11.385927420598648
11.450732256288608
11.515695445869309
11.580816995668838
11.6460969133239
11.711535207766278
11.777131889221975
11.842886969187498
11.908800460429122
11.974872376974318
12.041102734082587
12.107491548259611
12.174038837237394
12.240744619956137
12.307608916569952
12.374631748428737
12.441813138066259
12.509153109198172
12.576651686706624
12.644308896641006
12.712124766191874
12.780099323708093
12.848232598658848
12.916524621646674
12.984975424392943
13.053585039729661
13.122353501586446
13.191280844992132
13.260367106061246
13.329612321986932
13.399016531029158
13.468579772521542
13.538302086846405
13.608183515438624
13.678224100774196
13.748423886366911
13.818782916754556
13.889301237502266
13.95997889518293
14.030815937382386
14.101812412685403
14.17296837067444
14.244283861919094
14.315758937967042
14.387393651349493
14.459188055562215
14.53114220506117
14.603256155271717
14.675529962559557
14.747963684236069
14.820557378559688
14.893311104720867
14.966224922831671
15.039298893934326
15.112533079985093
15.185927543853017
15.259482349310879
15.333197561034812
15.407073244594253
15.481109466451072
15.555306293946664
15.62966379531089
15.704182039639601
15.778861096903833
15.853701037935032
15.928701934429148
16.003863858930007
16.079186884835394
16.15467108639022
16.230316538672
16.306123317604023
16.382091499929516
16.458221163223197
16.534512385883335
16.610965247119708
16.687579826957062
16.76435620622931
16.841294466570808
16.91839469042184
16.99565696100293
17.07308136234025
17.150667979236744
17.22841689728166
17.306328202837648
17.384401983044107
17.462638325811486
17.541037319805504
17.619599054463926
17.69832361997557
17.777211107282177
17.85626160807841
17.935475214796956
18.014852020614615
18.094392119449193
18.17409560594472
18.253962575476812
18.333993124148062
18.414187348782203
18.494545346919523
18.575067216810666
18.65575305742642
18.73660296843427
18.817617050208572
18.898795403820877
18.9801381310429
19.061645334333374
19.1433171168399
19.225153582396977
19.307154835516922
19.38932098139361
19.471652125891293
19.554148375547086
19.63680983756402
19.719636619808547
19.80262883080671
19.88578657974339
19.969109976457204
20.052599131431343
20.136254155803737
20.22007516134558
20.3040622604776
20.388215566249073
20.47253519234875
20.557021253094057
20.641673863424515
20.72649313890696
20.811479195729206
20.896632150693716
20.9819521212181
21.067439225328908
21.15309358166151
21.238915309455486
21.32490452855069
21.411061359382117
21.497385922987387
21.583878340988477
21.670538735597813
21.75736722961603
21.84436394642168
21.931529009976053
22.018862544815256
22.10636467604809
22.194035529355066
22.281875230984785
22.369883907743663
22.458061687009316
22.54640869671071
22.634925065330396
22.723610921911206
22.8124663960364
22.901491617843188
22.990686718006852
23.080051827746075
23.169587078814754
23.259292603502242
23.34916853463311
23.439215005556466
23.52943215015265
23.619820102815506
23.71037899847085
23.80110897255328
23.892010161017833
23.98308270032969
24.074326727459816
24.165742379889824
24.257329795601038
24.349089113078087
24.44102047130582
24.533124009757618
24.62539986840336
24.717848187704934
24.810469108601726
24.90326277252899
24.99622932139612
25.089368897591868
25.18268164398224
25.276167703904395
25.369827221168652
25.4636603400529
25.55766720529861
25.651847962108498
25.746202756147998
25.84073173353659
25.935435040853246
26.03031282512253
26.12536523382193