0.05286273603679297
0.05479343338883717
0.05677914224537089
0.05882103193045855
0.060920290565875106
0.06307812529452476
0.06529576262251996
0.0675744486293191
0.06991544929416628
0.07232005071218678
0.07478955946699999
0.07732530279294623
0.07992862895787765
0.08260090745219519
0.08534352933353422
0.0881579074861785
0.09104547686533136
0.0940076948120121
0.09704604130862216
0.10016201923078775
0.1033571546642422
0.1066329971075163
0.10999111980781133
0.11343311993874099
0.11696061891423484
0.12057526264472511
0.12427872170942741
0.12807269168526283
0.13195889331541497
0.1359390727874863
0.14001500191744626
0.1441884783792562
0.14846132591885475
0.15283539450782047
0.1573125606338161
0.161894727325413
0.16658382448150952
0.17138180892160046
0.17629066456016765
0.18131240256121137
0.18644906143729922
0.19170270716164806
0.19707543327772312
0.20256936091773226
0.20818663896758338
0.21392944398620556
0.21979998035089524
0.22580048016559046
0.23193320330493405
0.2382004373771612
0.2446044976286501
0.2511477268917908
0.2578324954981002
0.26466120110246594
0.27163626856250017
0.2787601497116455
0.2860353231868943
0.2934642941416955
0.3010495939500489
0.3087937799495736
0.31669943498759545
0.32476916710476134
0.3330056090227896
0.3414114176955223
0.3499892737390834
0.35874188086253317
0.3676719651994738
0.3767822746148304
0.38607557790923214
0.3955546640183042
0.40522234104737437
0.4150814353445338
0.4251347903821772
0.43538526559386054
0.44583573517925856
0.4564890866796218
0.467348219556461
0.47841604361085943
0.48969547727978036
0.501189445813839
0.5129008792981844
0.5248327105481431
0.5369878728473519
0.5493692974874216
0.56197991118447
0.5748226332743488
0.5879003727210655
0.601216024937907
0.6147724683696286
0.6285725609111756
0.6426191360333535
0.6569149987288944
0.6714629212017158
0.6862656383361124
0.7013258429216765
0.7166461806370494
0.7322292448388037
0.7480775710962472
0.7641936315580428
0.7805798291253232
0.7972384914630747
0.8141718648867793
0.8313821081593162
0.8488712862215835
0.8666413639385098
0.8846941998662915
0.9030315401443723
0.9216550125493996
0.940566120745544
0.959766238900106
0.9792566066124069
0.9990383243366824
1.019112349285824
1.039479491937855
1.0601404131986338
1.0810956222354395
1.1023454751201975
1.123890174217561
1.1457297684207417
1.1678641542226784
1.1902930775895284
1.2130161367551389
1.2360327856935955
1.2593423384186688
1.282943974016694
1.306836742276847
1.331019569926144
1.3554912673682462
1.380250535819083
1.405295974791134
1.4306260898163934
1.4562393003170417
1.4821339475638706
1.5083083026133592
1.5347605741902597
1.5614889163758099
1.588491436165742
1.6157662007035898
1.6433112442341007
1.6711245747827126
1.699204180368209
1.7275480349529813
1.7561541038882416
1.7850203490784704
1.8141447336574483
1.8435252263030923
1.8731598051724816
1.9030464614674967
1.9331832026164262
1.9635680551211925
1.9941990670986138
2.0250743104905147
2.056191882996917
2.087549909718169
2.1191465446059254
2.1509799716135074
2.1830484056994224
2.2153500935768125
2.2478833143566517
2.280646379979316
2.313637635516198
2.346855459365448
2.3802982633091943
2.4139644924765533
2.4478526252228607
2.4819611729122086
2.5162886796684614
2.5508337220066104
2.5855949084781615
2.620570879215485
2.6557603054779007
2.691161889145017
2.726774362204602
2.7625964861725683
2.7986270515562652
2.834864877279554
2.871308810058472
2.9079577238609335
2.9448105192749514
2.981866122905406
3.0191234868099124
3.0565815878669174
3.09423942722125
3.1320960296643814
3.1701504430855603
3.208401737881365
3.2468490064183846
3.2854913624500917
3.324327940602611
3.3633578958337957
3.4025804029127844
3.44199465590552
3.4815998676891855
3.521395269461302
3.561380110254664
3.601553656493726
3.6419151915287777
3.682464015196799
3.7231994434064
3.7641208077001673
3.805227454865046
3.8465187465403647
3.887994058809972
3.9296527818579237
3.9714943195879244
4.013518089278149
4.0557235212404
4.098110058473566
4.140677156363365
4.183424282347845
4.22635091562929
4.269456546855603
4.31274067786524
4.356202821383106
4.399842500764
4.443659249712843
4.487652612055798
4.531822141473412
4.576167401260435
4.6206879641102265
4.66538341186415
4.710253335318689
4.755297333982173
4.800515015902738
4.845905997434485
4.891469903064831
4.9372063652205
4.98311502407762
5.029195527382119
5.075447530290356
5.12187069519547
5.168464691553239
5.21522919573202
5.262163890867646
5.309268466691894
5.356542619413452
5.40398605155085
5.45159847182137
5.499379594982298
5.547329141725047
5.595446838529686
5.643732417552732
5.69218561651408
5.740806178565183
5.789593852188019
5.838548391090575
5.887669554083479
5.936957104998198
5.986410812564405
6.0360304503362565
6.085815796570623
6.135766634162427
6.18588275052846
6.236163937545327
6.28660999144245
6.337220712736161
6.387995906125688
6.438935380449464
6.490038948574782
6.541306427344424
6.592737637499584
6.644332403602163
6.696090553974569
6.748011920625006
6.800096339190863
6.852343648869459
6.904753692357224
6.957326315786771
7.010061368677613
7.062958703866415
7.116018177456595
7.169239648763214
7.222622980268298
7.276168037551945
7.329874689248013
7.38374280701359
7.4377722654512946
7.491962942079232
7.546314717281601
7.600827474267977
7.655501099023295
7.7103354802701105
7.765330509422809
7.82048608054949
7.875802090337714
7.931278438039272
7.9869150254611165
8.042711756891268
8.0986685390936
8.154785281266129
8.211061894991378
8.267498294219356
8.324094395228101
8.380850116593141
8.437765379153728
8.494840105991374
8.552074222379945
8.609467655783934
8.667020335801853
8.724732194159035
8.782603164671519
8.840633183219357
8.898822187722045
8.957170118117793
9.015676916322311
9.07434252622286
9.133166893649202
9.192149966338098
9.251291693930341
9.310592028688287
9.37005092247798
9.429668331216781
9.489444211893108
9.54937852328396
9.609471225930728
9.669722282121565
9.730131655869544
9.790699312892912
9.851425220605547
9.912309348085051
9.973351666062324
10.034552146908903
10.095910764607178
10.157427494743434
10.21910231448725
10.28093520258294
10.342926139316528
10.405075106519472
10.467382087538267
10.529847067231817
10.5924700319439
10.655250969503161
10.718189869196665
10.781286721762593
10.844541519375076
10.907954255625597
10.97152492552323
11.035253525468077
11.099140053241962
11.163184508002846
11.227386890263224
11.291747201883185
11.3562654460632
11.42094162731521
11.485775751478393
11.550767825680301
11.615917858345313
11.681225859173152
11.746691839132936
11.812315810452128
11.878097786608462
11.944037782307365
12.01013581349746
12.076391897331348
12.142806052174802
12.209378297595453
12.276108654342826
12.342997144354408
12.410043790734186
12.477248617750025
12.544611650820903
12.612132916515158
12.679812442530885
12.747650257702508
12.815646391976832
12.883800876418748
12.952113743189264
13.020585025554315
13.089214757854734
13.15800297552672
13.226949715072436
13.296055014056767
13.365318911106955
13.434741445897707
13.504322659150569
13.574062592623998
13.643961289099707
13.714018792391734
13.78423514732235
13.854610399730635
13.925144596452855
13.995837785322596
14.066690015162573
14.137701335785113
14.20887179797318
14.280201453481856
14.351690355036853
14.423338556316518
14.495146111954805
14.567113077533214
14.639239509576575
14.711525465542481
14.783971003815843
14.856576183715712
14.929341065471563
15.002265710226165
15.075350180037558
15.148594537858942
15.221998847544025
15.295563173837825
15.36928758237358
15.443172139665664
15.517216913105617
15.591421970953707
15.66578738233806
15.740313217253417
15.81499954654314
15.889846441909384
15.96485397589722
16.04002222189686
16.11535125413571
16.190841147674284
16.266491978397642
16.3423038230222
16.418276759080598
16.494410864915128
16.570706219689143
16.647162903358133
16.72378099669457
16.800560581258456
16.87750173940643
16.954604554280305
17.03186910981206
17.109295490708686
17.186883782458274
17.264634071317346
17.34254644431273
17.420620989233726
17.498857794629757
17.577256949806515
17.655818544825227
17.73454267048539
17.813429418341407
17.892478880684717
17.971691150538458
18.051066321661807
18.13060448854625
18.210305746401577
18.290170191163185
18.3701979194834
18.450389028726256
18.530743616968003
18.611261782991885
18.69194362628256
18.772789247021986
18.85379874609417
18.934972225066158
19.016309786203912
19.097811532445398
19.17947756742689
19.261307995446597
19.343302921487133
19.425462451198776
19.507786690900428
19.590275747573312
19.672929728863448
19.755748743071347
19.83873289915089
19.92188230670935
20.005197076003384
20.088677317926777
20.172323144020353
20.256134666460696
20.340111998059882
20.424255252259165
20.50856454313108
20.593039985368645
20.677681694288957
20.762489785827125
20.84746437653401
20.932605583572535
21.017913524712434
21.103388318332268
21.189030083412216
21.274838939531833
21.36081500686597
21.446958406185622
21.53326925885187
21.619747686810275
21.70639381259213
21.793207759313216
21.88018965066251
21.96733961090913
22.054657764890173
22.142144238015437
22.229799156258604
22.31762264615897
22.405614834814763
22.493775849883985
22.58210581957364
22.67060487265287
22.759273138425666
22.848110746755793
22.93711782804075
23.026294513221067
23.11564093377794
23.205157221718974
23.294843509592315
23.384699930468667
23.47472661794873
23.56492370615439
23.655291329724992
23.745829623823315
23.836538724121638
23.92741876680972
24.018469888581613
24.109692226637918
24.20108591868577
24.292651102931273
24.384387918079756
24.47629650333327
24.568376998379684
24.660629543406586
24.75305427908128
24.845651346558633
24.938420887475093
25.031363043946968
25.124477958564963
25.217765774397886
25.31122663497852
25.404860684314787
25.49866806687683
25.592648927597526
25.686803411875328
25.781131665558373
25.875633834957167
25.970310066830532
26.065160508390335
26.160185307292675
26.255384611640242
26.350758569977717