0.07747604940852834
0.08021446412118903
0.08302953765842176
0.08592294422552878
0.0888963884708538
0.09195160601280203
0.09509036392515548
0.09831446132193351
0.1016257297897083
0.1050260339800368
0.10851727209043183
0.1121013764327145
0.11578031389685646
0.11955608655632063
0.12343073208349595
0.12740632438259317
0.13148497401252687
0.13566882877413453
0.13996007415068376
0.1443609338778385
0.1488736704017916
0.15350058539201092
0.15824402018993852
0.16310635632484005
0.16809001595369127
0.17319746231223576
0.17843120018143377
0.18379377626454332
0.189287779621918
0.19491584208532473
0.2006806385843832
0.20658488752190973
0.21263135109961187
0.21882283559909976
0.22516219166662083
0.23165231457880409
0.23829614439768784
0.24509666616484593
0.2520569100507058
0.2591799513869441
0.26646891073673995
0.2739269538649852
0.281557291635264
0.2893631798832484
0.29734791918359854
0.30551485456373817
0.3138673750889163
0.322408913391042
0.3311429450666946
0.34007298796665264
0.3492026013547214
0.3585353849027215
0.3680749775555212
0.37782505618853784
0.3877893341010266
0.39797155925765065
0.4083755123304638
0.41900500443108596
0.42986387458284386
0.44095598690643933
0.4522852273530702
0.4638555001771448
0.475670723865964
0.48773482674147467
0.5000517419389329
0.5126254019345092
0.525459732428952
0.538558645691073
0.5519260331249777
0.5655657572350571
0.5794816428173306
0.5936774673741606
0.6081569507668596
0.622923744063743
0.6379814176026156
0.6533334482801063
0.6689832061124072
0.6849339401293585
0.7011887636940968
0.7177506393509189
0.734622363382452
0.7518065502273118
0.7693056169603177
0.7871217681281921
0.8052569811707408
0.8237129927180838
0.842491286071136
0.8615930802009635
0.881019320507687
0.9007706716415405
0.920847513217202
0.9412499346771487
0.9619777410789471
0.9830304505280477
1.004407302659382
1.0261072663124176
1.0481290502881517
1.0704711163635021
1.0931316942201499
1.1161087980835278
1.139400244606624
1.1630036717481234
1.1869165581692525
1.2111362429133734
1.2356599449065955
1.260484782139765
1.2856077901489213
1.3110259396569401
1.3367361532112796
1.3627353206043449
1.389020313192893
1.4155879967901654
1.4424352434303742
1.4695589417529598
1.496956006202478
1.5246233850508248
1.552558067280767
1.5807570884827098
1.6092175357479386
1.6379365517043083
1.666911337769468
1.696139156696345
1.7256173344549526
1.7553432615894102
1.7853143940759955
1.8155282537506192
1.8459824283371247
1.8766745712314405
1.9076024009308705
1.9387637003154283
1.9701563156711264
2.0017781556147107
2.033627189865106
2.0657014478966964
2.0979990175850363
2.1305180437041096
2.163256726460208
2.1962133199447536
2.2293861306198948
2.262773515749483
2.29637388190341
2.3301856833951655
2.36420742080293
2.398437639488554
2.4328749281428563
2.4675179173662936
2.5023652782720944
2.537415721174174
2.5726679942301107
2.6081208821897537
2.6437732051562417
2.6796238173861204
2.7156716061260746
2.7519154905014203
2.788354420438358
2.8249873755914368
2.8618133643716845
2.89883142295078
2.936040614326418
2.9734400274246604
3.0110287762325783
3.0488059989655185
3.0867708572256833
3.1249225352780066
3.163260239265333
3.2017831965009242
3.240490654782441
3.2793818817184577
3.3184561640888663
3.3577128072349405
3.3971511344574723
3.436770486451398
3.4765702207535814
3.5165497112198896
3.5567083475185286
3.59704553461978
3.6375606923559913
3.6782532549505316
3.7191226705662412
3.7601684009308296
3.80138992087949
3.842786717998917
3.884358292234215
3.9261041555442113
3.9680238315355476
4.010116855132639
4.052382772253594
4.0948211395047505
4.137431523864291
4.180213502408305
4.22316666200992
4.26629059910049
4.30958491936885
4.353049237547826
4.396683177140923
4.44048637021516
4.484458457135827
4.5285990863911
4.572907914359065
4.617384605103287
4.6620288301693815
4.706840268406521
4.75181860579106
4.796963535217022
4.842274756355337
4.88775197547276
4.933394905266779
4.979203264717169
5.0251767789377935
5.0713151790198365
5.117618201898868
5.164085590212229
5.210717092167341
5.257512461418695
5.304471456940635
5.351593842900252
5.398879388553868
5.44632786811249
5.493939060661871
5.5417127500278465
5.589648724686958
5.637746777663065
5.6860067064369835
5.734428312839244
5.783011402980956
5.831755787127082
5.880661279648648
5.929727698925558
5.978954867258467
6.028342610796294
6.077890759461003
6.12759914686842
6.17746761026405
6.227495990443776
6.277684131692288
6.328031881711464
6.378539091567995
6.429205615606745
6.480031311419226
6.531016039761923
6.582159664513849
6.633462052607405
6.684923073986679
6.736542601545257
6.788320511073226
6.840256681224654
6.892350993442743
6.944603331932275
6.997013583603512
7.049581638040042
7.102307387425056
7.1551907265401065
7.208231552691004
7.261429765674926
7.314785267764532
7.368297963621695
7.421967760311409
7.475794567227554
7.529778296080744
7.5839188608468096
7.638216177744703
7.692670165203242
7.747280743819641
7.802047836334326
7.856971367600767
7.912051264559536
7.967287456196978
8.022679873526341
8.07822844956308
8.133933119284883
8.189793819617904
8.24581048940535
8.30198306938291
8.358311502155045
8.414795732169054
8.471435705696694
8.52823137079918
8.585182677325209
8.64228957686775
8.69955202275425
8.756969970026526
8.814543375416179
8.872272197325364
8.93015639580842
8.988195932553621
9.046390770862324
9.104740875628366
9.163246213332103
9.221906752010504
9.280722461240632
9.339693312131836
9.398819277304145
9.458100330867667
9.517536448419118
9.577127607016116
9.636873785162429
9.696774962801378
9.756831121289787
9.817042243401817
9.877408313293605
9.937929316504247
9.998605239942393
10.059436071861805
10.120421802660811
10.181562421698347
10.242857921988234
10.30430829707615
10.365913541804598
10.427673652289569
10.48958862592165
10.551658461350653
10.613883158472312
10.676262718419363
10.738797143553093
10.801486437451924
10.864330604901985
10.927329651878361
10.99048358555801
11.05379241428562
11.117256147573249
11.180874796104158
11.244648371696334
11.308576887324323
11.37266035708858
11.43689879621671
11.50129222104956
11.565840649039115
11.63054409874465
11.69540258980008
11.760416142944377
11.8255847799816
11.890908523787719
11.956387398301809
12.02202142851872
12.087810640480763
12.153755061267908
12.21985471900026
12.286109642821932
12.352519862895324
12.419085410403987
12.485806317528539
12.55268261745784
12.619714344375582
12.686901533451477
12.754244220836545
12.821742443666835
12.88939624003574
12.957205649011385
13.025170710617628
13.09329146583183
13.161567956579393
13.230000225726187
13.29858831707681
13.367332275370996
13.43623214626462
13.505287976344839
13.574499813106758
13.64386770496051
13.713391701222559
13.783071852106772
13.85290820872317
13.922900823077063
13.99304974805602
14.063355037429739
14.133816745844465
14.204434928818271
14.275209642741933
14.346140944858067
14.417228893284104
14.488473546974298
14.559874965747412
14.631433210260521
14.703148342012625
14.775020423342026
14.847049517414423
14.919235688234455
14.991579000625585
15.064079520229491
15.136737313506801
15.20955244773623
15.282524990997079
15.355655012180398
15.42894258097286
15.502387767860853
15.575990644128618
15.649751281840125
15.723669753857452
15.7977461338152
15.871980496132304
15.946372915999975
16.020923469383575
16.095632233015163
16.170499284391756
16.24552470176926
16.320708564164807
16.39605095134386
16.471551943831265
16.54721162289014
16.623030070532913
16.6990073695103
16.77514360331142
16.85143885615695
16.92789321300213
17.004506759529043
17.081279582137334
17.158211767956594
17.23530340482528
17.312554581305726
17.389965386664898
17.467535910879864
17.545266244635183
17.623156479312737
17.701206706998043
17.779417020466862
17.857787513195007
17.93631827934206
18.01500941375773
18.093861011972294
18.17287317020091
18.252045985336327
18.3313795549423
18.410873977256674
18.4905293511862
18.570345776304155
18.650323352848236
18.73046218171225
18.81076236445219
18.891224003276935
18.971847201045378
19.052632061266316
19.133578688095724
19.21468718633487
19.295957661416445
19.377390219422157
19.458984967063017
19.540742011682312
19.62266146125225
19.70474342437285
19.78698801026895
19.86939532878402
19.95196549038188
20.034698606140765
20.117594787753543
20.20065414752104
20.283876798354758
20.367262853768192
20.450812427878553
20.534525635405302
20.618402591658715
20.702443412547947
20.786648214572235
20.871017114822504
20.95555023097267
21.040247681280775
21.125109584589588
21.21013606031744
21.29532722845981
21.380683209581424
21.46620412482576
21.551890095899086
21.637741245074636
21.72375769519141
21.80993956964272
21.896286992384027
21.982800087928105
22.06947898133721
22.156323798227422
22.243334664756006
22.330511707636525
22.417855054112295
22.5053648319801
22.59304116956435
22.68088419572965
22.768894039873317
22.85707083192044
22.945414702328343
23.033925782073922
23.122604202662952
23.211450096116067
23.300463594975458
23.389644832298547
23.478993941655375
23.568511057125257
23.65819631329429
23.748049845262564
23.838071788620947
23.928262279470193
24.018621454407665
24.109149450523745
24.19984640540393
24.290712457127352
24.38174774425336
24.472952405841525
24.564326581421337
24.655870411011694
24.747584035106012
24.839467594678315
24.9315212311739
25.02374508651197
25.11613930307756
25.208704023728224
25.30143939177854
25.39434555101177
25.48742264566918
25.580670820449054
25.674090220502467
25.767680991438134
25.861443279312102
25.955377230626144
26.04948299233333
26.143760711825387
26.238210536933295
26.332832615933516
26.427627097533705
26.522594130875202
26.61773386553277
26.7130464515073
26.808532039232098
26.90419077955915
27.000022823765057
27.096028323545458
27.192207431014513
27.288560298703082
27.385087079547265
27.4817879269063
27.57866299453338
27.675712436600122
27.77293640767284
27.87033506272348
27.96790855712242
28.06565704663363