3.971889227456797e-12
3.971889227456797e-12
3.971889227456797e-12
3.971889227456797e-12
3.971889227456797e-12
3.971889227456797e-12
3.971889227456797e-12
3.971889227456797e-12
3.971889227456797e-12
3.971889227456797e-12
3.971889227456797e-12
3.971889227456797e-12
3.971889227456797e-12
4.5924969192469216e-12
8.688507685061743e-12
3.18992353580124e-11
1.4013321680621012e-10
5.650012426057293e-10
2.0101483137082133e-9
6.3627182993090726e-9
1.817238618792171e-8
4.744856107581397e-8
1.1458739063212993e-7
2.583058580738116e-7
5.480281187214229e-7
1.101698554333525e-6
2.110908068481106e-6
3.874351667819679e-6
6.841262808493058e-6
0.000011665799606474157
0.00001927351452790802
0.00003094043904788432
0.000048385213607012834
0.00007387433659399568
0.00011034022515338887
0.00016151149973070436
0.00023205487013358106
0.00032772740200133
0.000455538057635826
0.0006239173736198459
0.0008428936808816941
0.0011242746592553033
0.00148183278138874
0.0019314933740035892
0.0024915240510697025
0.003182724327576784
0.0040286145577124455
0.005055623105673672
0.006293271156183119
0.007774354505624866
0.009535121815840444
0.011615449099843212
0.014059010026002213
0.01691344214396466
0.020230508822427506
0.024066257076872502
0.028481171366206093
0.03354032354510697
0.039313519142003796
0.04587544034237073
0.05330578568913246
0.061689406940437716
0.07111644314686212
0.08168245221688754
0.09348854001459705
0.10664148716298327
0.12125387346300599
0.13744420000945068
0.15533700878823667
0.17506299962459954
0.19675914436646608
0.22056879777029245
0.24664180508787584
0.2751346056925722
0.3062103325491798
0.3400389070619095
0.3767971288889778
0.4166687603025555
0.4598446047842632
0.5065225794708174
0.5569077811351782
0.6112125455427109
0.6696564998821084
0.7324666082992548
0.7998772103291009
0.8721300524556751
0.9494743126166543
1.032166618129369
1.1204710569642655
1.2146591827713327
1.315010013891101
1.4218100266416527
1.5353531431349767
1.6559407138932507
1.7838814953989772
1.919491622742818
2.0630945772087577
2.2150211486714824
2.3756093924257935
2.5452045796351785
2.7241591406770307
2.9128325998722233
3.111591500052475
3.320809314842174
3.5408663460113505
3.772149602881553
4.015052660127492
4.269975489812306
4.537324263067153
4.817511116235933
5.110953876005416
5.4180757379304465
5.739304892513476
6.075074093478567
6.425820163304699
6.791983432181027
7.1740071078333845
7.57233657566487
7.987418631068727
8.419700648409565