 0.21773022495041E-28
 0.27216278118801E-29
 0.80640824055706E-30
 0.34020347648501E-30
 0.17418417996032E-30
 0.10080103006963E-30
 0.63478199693996E-31
 0.42525434560626E-31
 0.29866971872484E-31
 0.21773022495041E-31
 0.16358394060887E-31
 0.12600128758704E-31
-0.33885284785829E-17
 0.24645361664319E-16
 0.23391585094711E-18
 0.46604136766530E-18
 0.14031129000528E-17
 0.31920287398912E-16
 0.11740578681901E-15
 0.43480027338427E-15
 0.12803463123529E-14
 0.33747939766685E-14
 0.81414926056033E-14
 0.18224939412045E-13
 0.38163781592793E-13
 0.75335787159783E-13
 0.14112052494956E-12
 0.25228337810382E-12
 0.43257259757368E-12
 0.71435789529509E-12
 0.11404807125470E-11
 0.17658295940323E-11
 0.26591173815532E-11
 0.39042243732245E-11
 0.56014633451198E-11
 0.78684106867921E-11
 0.10840541570356E-10
 0.14671378227807E-10
 0.19532371815646E-10
 0.25612357033987E-10
 0.33116677476683E-10
 0.42266131402969E-10
 0.53295435450318E-10
 0.66451714022248E-10
 0.81992561396419E-10
 0.10018428675650E-09
 0.12129965142737E-09
 0.14561606949364E-09
 0.17341361547353E-09
 0.20497277720672E-09
 0.24057279342380E-09
 0.28048976290951E-09
 0.32499499940051E-09
 0.37435352239302E-09
 0.42882268109811E-09
 0.48865093858599E-09
 0.55407688229917E-09
 0.62532831985906E-09
 0.70262159861246E-09
 0.78616107343285E-09
 0.87613871809131E-09
 0.97273385257865E-09
 0.10761130690387E-08
 0.11864311412206E-08
 0.13038275481281E-08
 0.14284307244239E-08
 0.15603594807441E-08
 0.16997175954724E-08
 0.18465984609214E-08
 0.20010844890467E-08
 0.21632475500115E-08
 0.23331494646292E-08
 0.25108424652193E-08
 0.26963696626269E-08
 0.28897655072191E-08
 0.30910562098633E-08
 0.33002601448219E-08
 0.35173882184557E-08
 0.37424441859228E-08
 0.39754249517890E-08
 0.42163207978278E-08
 0.44651155969623E-08
 0.47217869628347E-08
 0.49863063686420E-08
 0.52586391863117E-08
 0.55387449630196E-08
 0.58265769751949E-08
 0.61220826767850E-08
 0.64252034778048E-08
 0.67358746905185E-08
 0.70540255838695E-08
 0.73795791929631E-08
 0.77124524443590E-08
 0.80525559512861E-08
 0.83997941514951E-08
 0.87540652205587E-08
 0.91152611162572E-08
 0.94832675315644E-08
 0.98579643745100E-08
 0.10239225248804E-07
 0.10626918065803E-07
 0.11020905060561E-07
 0.11421043032746E-07
 0.11827183579865E-07
 0.12239173187020E-07
 0.12656853989779E-07
 0.13080063608222E-07
 0.13508635731327E-07
 0.13942400437339E-07
 0.14381184574266E-07
 0.14824812147282E-07
 0.15273104710496E-07
 0.15725881760531E-07
 0.16182961120410E-07
 0.16644159318329E-07
 0.17109291901927E-07
 0.17578173828314E-07
 0.18050619680917E-07
 0.18526443943688E-07
 0.19005461177367E-07
