 0.29275790171954E-06
 0.33516691248607E-06
 0.37830856068501E-06
 0.42203624311156E-06
 0.46628030731172E-06
 0.51103137525655E-06
 0.55632472536208E-06
 0.60222593638379E-06
 0.64881736602592E-06
 0.69618472943230E-06
 0.74440448156945E-06
 0.79353061881801E-06
 0.84355516506761E-06
 0.89434614131888E-06
 0.94560661791955E-06
 0.99679565990393E-06
 0.10470323482350E-05
 0.10951377567626E-05
 0.11398518314854E-05
 0.11800959788523E-05
 0.12151420576508E-05
 0.12446461210400E-05
 0.12685883553250E-05
 0.12871797875589E-05
 0.13007750525624E-05
 0.13098053854952E-05
 0.13147321488461E-05
 0.13160166783853E-05
 0.13141018691603E-05
 0.13094017781060E-05
 0.13022965133059E-05
 0.12931305066257E-05
 0.12822128804829E-05
 0.12698190519456E-05
 0.12561930134529E-05
 0.12415499290713E-05
 0.12260788184677E-05
 0.12099451890911E-05
 0.11932935351277E-05
 0.11762496596198E-05
 0.11589228004464E-05
 0.11414075561693E-05
 0.11237856170868E-05
 0.11061273122419E-05
 0.10884929859674E-05
 0.10709342187363E-05
 0.10534949072274E-05
 0.10362122180260E-05
 0.10191174285271E-05
 0.10022366675662E-05
 0.98559156719327E-06
 0.96919983588751E-06
 0.95307576244336E-06
 0.93723065875122E-06
 0.92167324877338E-06
 0.90641001017602E-06
 0.89144547432003E-06
 0.87678248963819E-06
 0.86242245282330E-06
 0.84836551171956E-06
 0.83461074333674E-06
 0.82115630999283E-06
 0.80799959622472E-06
 0.79513732878511E-06
 0.78256568176225E-06
 0.77028036861150E-06
 0.75827672267065E-06
 0.74654976754054E-06
 0.73509427854559E-06
 0.72390483634260E-06
 0.71297587361729E-06
 0.70230171569619E-06
 0.69187661580144E-06
 0.68169478559017E-06
 0.67175042154345E-06
 0.66203772770256E-06
 0.65255093519174E-06
 0.64328431891437E-06
 0.63423221176426E-06
 0.62538901665303E-06
 0.61674921661976E-06
 0.60830738325719E-06
 0.60005818366199E-06
 0.59199638609158E-06
 0.58411686448920E-06
 0.57641460201952E-06
 0.56888469374075E-06
 0.56152234852416E-06
 0.55432289031900E-06
 0.54728175884945E-06
 0.54039450981951E-06
 0.53365681469341E-06
 0.52706446011054E-06
 0.52061334698735E-06
 0.51429948935186E-06
 0.50811901295154E-06
 0.50206815366996E-06
 0.49614325578347E-06
 0.49034077008532E-06
 0.48465725190137E-06
 0.47908935901836E-06
 0.47363384954325E-06
 0.46828757970968E-06
*********************
