0.003168021164203249
0.005100985002968727
0.007878201560866252
0.011741848905049477
0.0169717733115174
0.023887270748165736
0.03284906681067695
0.04426151971238619
0.0585750150158584
0.07628846617137433
0.09795178452300765
0.12416813872376978
0.15559578977201602
0.19294926789041578
0.23699965417845129
0.2885737451994952
0.3485519121796829
0.41786451423753324
0.4974867799117082
0.5884321215605153
0.691743878573012
0.808485483769381
0.9397290032798967
1.0865419161884637
1.2499719013813966
1.431029342915101
1.6306673484493615
1.849759423795315
2.0890756656067904
2.349259405313884
2.6308073896783415
2.934057251346727
3.2591855605697484
3.606217908209342
3.975049786905652
4.365474657947685
4.777214526431732
5.209948817323776
5.663338788069297
6.1370463474984
6.630747378769712
7.144140379217964
7.676951462168489
8.228936728896718
8.799882850032331
9.389606496924483
9.997953082961773
10.624795130398171
11.270030470575321
11.933580409151883
12.61538793580102
13.315416023133157
14.033646037157206
14.770076267515732
15.524720577194282
16.297607166430492
17.08877744300018
17.898284989923706
18.72619462138353
19.572581517910503
20.43753043249343
21.321134960014717
22.223496862996008
23.14472544763471
24.08493698456889
25.044254169653957
26.02280562046562
27.020725404897465
28.038152598600156
29.075230868485264
30.13210807982476
31.208935924835174
32.305869570929325
33.42306732700365
34.5606903264077
35.718902225390785
36.89786891600183
38.09775825257585
39.31873979102839
40.56098454032292
41.824664726145
43.10995356232431
44.4170250415657
45.74605372526541
47.09721455205049
48.470682652868945
49.866633176459516
51.28524112447853
52.72668119616764
54.19112764250888
55.67875412977393
57.18973361245377
58.72423821551396
60.28243912598419
61.86450649385424
63.470609342279516
65.10091548709894
66.75559146566391
68.4348024749807
70.13871231916387
71.86748336621146
73.6212765140599
75.40025116596449
77.20456521512115