0.0034770614775380126
0.005571043471272777
0.008566813246943875
0.012719053332867011
0.018321424513930654
0.025708456602544807
0.035257667952304006
0.04739192543764376
0.0625819966777764
0.08134918903498731
0.10426791740539758
0.13196799816881688
0.16513643375112613
0.2045184346672138
0.2509174272996729
0.30519381680201835
0.36826231491637296
0.44108769645319035
0.5246789060354919
0.6200814849611026
0.7283683093970676
0.8506286115834515
0.9879551878723113
1.1414295933141172
1.3121050233485327
1.5009865751694933
1.7090087923978654
1.9370109725318911
2.1857117294743995
2.4556856077358002
2.747345648514698
3.0609359570851975
3.396536939302147
3.754083151050762
4.133390731451634
4.534189519331242
4.956154851675962
5.398935364809026
5.862174955955431
6.345528653205987
6.848673099217032
7.371312776443767
7.913183115542755
8.474051467056762
9.053716693961851
9.652007932448992
10.268782896824636
10.903925976127523
11.55734627864909
12.228975718541488
12.91876719725409
13.626692906262933
14.352742760830308
15.09692296469766
15.859254699791734
16.6397729322465
17.438525324562896
18.255571243661244
19.090980854830924
19.94483429229126
20.81722089783884
21.708238520028754
22.61799286702748
23.546596907186537
24.49417031208804
25.460838937434552
26.446734337751593
27.451993311468705
28.47675747325518
29.521172851023902
30.58538950527799
31.66956116884494
32.773844905234576
33.89840078417008
35.04339157299429
36.20898244284534
37.39534068864408
38.602635462110484
39.831037517064885
41.080718966472254
42.35185305127947
43.6446139165754
44.959176406918104
46.29571586021176
47.65440792021922
49.03542835533504
50.43895288752696
51.86515703073204
53.31421593866419
54.78630426189452
56.28159601424083
57.80026444836037
59.342481940593096
60.90841988499822
62.498248596619995
64.11213722395694
65.75025367067319
67.41276452652396
69.09983500753633
70.81162890541677
72.54830854622378
74.31003475825553
76.096966849191
77.90926259242575