164.3239390621678
164.3746425132996
164.45913514585126
164.57739721221193
164.7294009367867
164.91511056514608
165.13448154208172
165.38746121203226
165.67398761686513
165.99398503153236
166.34739195924425
166.73410421085853
167.15404081801523
167.60710246052287
168.09319430220697
168.6122201257594
169.1640886187079
169.74870862953776
170.36599912388837
171.01588288260723
171.69829176011916
172.41316652908384
173.16045610307052
173.9401190291129
174.752123177373
175.59644596912068
176.47306335401336
177.3820028964732
178.32323813065202
179.2967935955032
180.3026915551155
181.34096462283793
182.4116512541316
183.51479853288035
184.6504634560237
185.81870792146802
187.0196030374149
188.2532238522977
189.5196573166945
190.81898901058406
192.15132281608194
193.51675422572498
194.9153933253823
196.34735450310907
197.81275391538998
199.31171160832034
200.84436393859178
202.41082955688057
204.01125253316212
205.64576306792048
207.31450550536297
209.01762001880655
210.75525360392402
212.52755078678007
214.33465929062135
216.17672698364436
218.05390402292429
219.96633871718657
221.91417831316159
223.89757041413426
225.91666233068017
227.9715967395514
230.06251972685007
232.18956820701501
234.35287826017617
236.5525881043081
238.78882395182586
241.06171306535924
243.37137695655937
245.71793201393112
248.10148742191066
250.52216125774814
252.98003754931608
255.4752274194093
258.0078089663197
260.5778674684052
263.1854765054749
265.8307095536944
268.51362744547345
271.2354711163653
273.9927271516228
276.78899432616566
279.62314122412306
282.4951696309972
285.40511391094697
288.35298236561647
291.3387756586317
294.36251301127305
297.4241801387602
300.5237542532783
303.66122680483653
306.836573161744
310.04975711320935
313.300833128759
316.5895086783122
319.9159857962508
323.28013137303645
326.68189574873946
330.12121450610147
333.59802558313135
337.1122692316934
340.66386706748597
344.25275444399716
347.8788420509291
351.5420859208156
355.24237236652516
358.9796840113417
362.75377529377135
366.5647332273316
370.4124106763441
374.2967167486273
378.21756677267143
382.1748773195565
386.168555478441
390.19851345236174
394.26466197898145
398.36690478427
402.505180821055
406.67937692466137
410.88941260430244