0.028680734982576166
0.029800277044091137
0.03095361949505196
0.0321414943797158
0.03336464422291429
0.03462382215367856
0.03591979205542632
0.03725332863969004
0.0386252176233625
0.040036255836186065
0.041487251309996045
0.042979023461924115
0.044512403189599516
0.04608823299986308
0.0477073671692564
0.04937067181613644
0.0510790250883473
0.05283331727728789
0.05463445093868222
0.05648334104040813
0.05838091508748768
0.060328113244595125
0.062325888500766174
0.06437520676509571
0.06647704701295297
0.06863240143592032
0.07084227554667603
0.07310768832012039
0.07542967234021153
0.07780927389467014
0.08024755310940312
0.08274558412252192
0.08530445515273358
0.08792526863401254
0.09060914136169172
0.09335720456966612
0.09617060412290532
0.09905050055791706
0.10199806919805625
0.10501450032990155
0.10810099924396735
0.11125878636465894
0.11448909735043862
0.11779318320938288
0.12117231033157806
0.12462776066549712
0.1281608317384796
0.13177283675528434
0.13546510469043552
0.13923898034569135
0.14309582440192664
0.14703701353655174
0.1510639404205338
0.15517801379522791
0.1593806585052692
0.16367331558235507
0.16805744220242316
0.1725345117879275
0.17710601398400713
0.18177345465898276
0.1865383559404759
0.1914022562346479
0.19636671014974091
0.20143328851742695
0.20660357837183127
0.21187918293141064
0.2172617214505039
0.22275282935387994
0.22835415797608213
0.2340673746290749
0.23989416244138198
0.2458362203367376
0.25189526286255054
0.258073020121389
0.2643712376349434
0.2707916761981835
0.27733611173004047
0.2840063351881349
0.290804152254874
0.2977313832976081
0.3047898630970531
0.31198144064186895
0.31930797892944496
0.3267713546994106
0.33437345823007625
0.34211619301484847
0.3500014754983473
0.3580312348318872
0.3662074124512153
0.37453196187257987
0.3830068482344735
0.39163404800867835
0.40041554858036255
0.4093533478270605
0.4184494537504039
0.427705883987083
0.43712466536821504
0.44670783339753756
0.45645743178185627
0.4663755118780839
0.47646413214449873
0.48672535752249513
0.497161258879154
0.5077739123213468
0.518565398554276
0.5295378021662857
0.5406932109206255
0.5520337149556103
0.5635614060290929
0.5752783766694727
0.5871867192945568
0.599288525312175
0.6115858842050326
0.6240808824720768
0.636775602661094
0.6496721222727168
0.6627725126312893
0.6760788377248288
0.6895931529784552
0.7033175040053574
0.7172539252934619
0.7314044388068323
0.745771052585702
0.7603557592652082
0.7751605345371531
0.790187335615738
0.8054380995107842
0.8209147414127878
0.8366191529073073
0.8525532001992806
0.8687187222428864
0.8851175288783548
0.9017513988535951
0.9186220778473114
0.9357312764830583
0.9530806682330762
0.9706718873402487
0.9885065267245442
1.0065861358609105
1.0249122186428947
1.0434862312395605
1.062309580005778
1.0813836193601183
1.1007096497217042
1.120288915468412
1.140122602988163
1.1602118387355524
1.180557687413469
1.2011611502398611
1.2220231632872407
1.2431445959854026
1.264526249683727
1.2861688564725204
1.308073078015528
1.330239504650053
1.352668654625968
1.3753609735465462
1.3983168339479388
1.4215365351667364
1.4450203033268134
1.468768291596506
1.4927805805907675
1.5170571790617797
1.541598024709716
1.5664029852817114
1.5914718597921034
1.6168043799859475
1.6424002119421723
1.6682589579000273
1.694380158173161
1.720763293289476
1.747407786178276
1.774313004557245
1.8014782633427655
1.8289028272002423
1.8565859131608335
1.8845266932523306
1.9127242971963188
1.941177815131653
1.9698863003505918
1.9988487719806927
2.028064217721691
2.0575315964969842
2.0872498410584486
2.117217860586285
2.1474345431910646
2.1778987583327325
2.2086093592003877
2.2395651849858216
2.2707650630517926
2.302207811068658
2.333892238969534
2.365817150883986
2.397981346939653
2.430383624952163
2.4630227820341175
2.495897616145994
2.5290069274413733
2.56234951964022
2.5959242012223105
2.6297297865778426
2.6637650970639544
2.6980289619327835
2.732520219265977
2.767237716737915
2.8021803123695013
2.8373468751925848
2.8727362858354417
2.908347437062084
2.944179234240072
2.9802305957765545
3.0165004534457016
3.0529877527520077
3.089691453159296
3.126610528332879
3.1637439663338105
3.201090769760506
3.23864995585189
3.2764205565995996
3.3144016187715692
3.3525922039584515
3.390991388568777
3.4295982638143054
3.468411935659016
3.507431524762754
3.5466561664271117
3.586085010455919
3.6257172210956643
3.66555197690529
3.705588470589498
3.7458259089245254
3.786263512559796
3.8269005158822593
3.8677361668446033
3.908769726806504
3.9500004703550213
3.9914276851348016
4.033050671655316
4.0748687431142345
4.116881225212861
4.159087455960141
4.201486785503487
4.244078575903248
4.28686220098066
4.329837046098527
4.373002508003209
4.41635799458805
4.459902924758085
4.503636728201035
4.54755884523352
4.591668726584469
4.635965833247785
4.680449636274816
4.725119616606417
4.7699752648979405
4.815016081350552
4.860241575519715
4.905651266167234
4.951244681092949
4.997021356957859
5.042980839126614
5.089122681522295
5.135446446459091
5.181951704485043
5.2286380342432786
5.275505022318339
5.322552263082652
5.369779358584691
5.417185918355102
5.464771559329001
5.512535905675801
5.560478588671869
5.608599246584718
5.656897524529768
5.7053730743575235
5.75402555452858
5.802854629999809
5.851859972094645
5.9010412584060274
5.950398172673517
5.9999304046722095
6.049637650113934
6.099519610547582
6.149575993233623
6.199806511060072
6.250210882453992
6.300788831257744
6.3515400866632055
6.4024643831052686
6.453561460164907
6.504831062504628
6.556272939759127
6.607886846455843
6.659672541946944
6.711629790304569
6.763758360269811
6.81605802515392
6.86852856276817
6.9211697553492675
6.973981389496416
7.0269632560936195
7.080115150230865
7.133436871155466
7.186928222191507
7.240589010677412
7.2944190479117035
7.348418149076293
7.4025861331865865
7.456922823030417
7.511428045103002
7.56610162956102
7.620943410157822
7.675953224189929
7.731130912454464
7.786476319174676
7.841989291973133
7.897669681809777
7.953517342931668
8.009532132823196
8.06571391284942
8.122062545505022
8.1785778983836
8.235259841478516
8.2921082478009
8.349122993328512
8.406303956992211
8.463651020585344
8.521164068777408
8.578842989041549
8.636687671625412
8.694698009513141
8.752873898395977
8.811215236620239
8.869721925176288
8.928393867637823
8.987230970144013
9.046233141365361
9.105400292467587
9.164732337076622
9.224229191253288
9.283890773465624
9.343717004550896
9.403707807689543
9.463863108378105
9.524182834394107
9.58466691578079
9.645315284803912
9.70612787594952
9.767104625864365
9.828245473359136
9.889550359362406
9.951019226917163
10.01265202113661
10.074448689193382
10.136409180286394
10.19853344562831
10.260821438413767
10.32327311380473
10.385888428905412
10.448667342730511
10.51160981621662
10.574715812148627
10.637985295203775
10.701418231871733
10.765014590474946
10.828774341139221
10.892697455762201
10.95678390801088
11.021033673294923
11.08544672875995
11.15002305324436
11.214762627293464
11.279665433124745
11.344731454611708
11.40996067727533
11.475353088253021
11.540908676303836
11.606627431778195
11.672509346605716
11.738554414277713
11.804762629838635
11.871133989868062
11.937668492463956
12.004366137234344
12.071226925277328
12.138250859172153
12.205437942958477
12.272788182136626
12.340301583638164
12.40797815582578
12.475817908477149
12.543820852764824
12.611987001255487
12.680316367894445
12.748808967986129
12.817464818189139
12.886283936510656
12.95526634227988
13.024412056148028
13.093721100077413
13.163193497323322
13.232829272429797
13.302628451212254
13.372591060756621
13.442717129404686
13.513006686735977
13.58345976357372
13.65407639195753
13.724856605148258
13.795800437607502
13.866907925001712
13.938179104173386
14.00961401314865
14.081212691116269
14.152975178438957
14.224901516611164
14.296991748280677
14.369245917224047
14.441664068346583
14.514246247664362
14.586992502302605
14.659902880490105
14.732977431542333
14.806216205861942
14.879619254924245
14.953186631274853
15.02691838851429
15.10081458130121
15.174875265336643
15.249100497357665
15.323490335135896
15.398044837456416
15.47276406412843
15.547648075967519
15.622696934787452
15.69791070339931
15.773289445596975
15.848833226163446
15.924542110844166
16.000416166361415
16.076455460393326
16.152660061572533
16.229030039479213
16.305565464634753
16.382266408496424
16.459132943444953
16.536165142792605
16.613363080758468
16.690726832478035
16.76825647398741
16.845952082221217
16.923813735008878
17.001841511061073
17.08003548997558
17.15839575221989
17.23692237912961
17.3156154529118
17.39447505662003
17.473501274171504
17.552694190323734
17.63205389067677
17.71158046166661
17.791273990560377
17.871134565453463
17.95116227525586
18.03135720969776
18.111719459315772
18.192249115455027
18.27294627025368
18.353811016654433
18.434843448384065
18.516043659951446
18.597411746650394
18.67894780454713
18.760651930480158
18.842524222048976
18.924564777623132
19.006773696315538
19.089151078000338
19.17169702329318
19.254411633555318
19.337295010882173
19.420347258104844
19.503568478780778
19.586958777191565
19.67051825834253
19.754247027946747
19.838145192433473
19.922212858936966
20.00645013529378
20.090857130038014
20.175433952394886
20.260180712285567
20.345097520310905
20.430184487752317
20.515441726570778
20.60086934939989
20.686467469536417
20.77223620094951
20.8581756582659
20.94428595676719
21.03056721238538
21.117019541708828
21.20364306196213
21.29043789101495
21.377404147373934
21.46454195017417
21.55185141918313
21.63933267479697
21.726985838025385
21.814811030503126
21.902808374470183
21.990977992784405
22.07932000890912
22.167834546905045
22.256521731438365
22.345381687762355
22.43441454173191
22.523620419783317
22.61299944893672
22.702551756796012
22.792277471543244
22.882176721931053
22.972249637283777
23.062496347491386
23.15291698300921
23.243511674848275
23.334280554580896
23.42522375432737
23.516341406762574
23.60763364510045