3.971889227456797e-12
3.971889227456797e-12
3.971889227456797e-12
3.971889227456797e-12
3.971889227456797e-12
3.971889227456797e-12
3.971889227456797e-12
3.971889227456797e-12
3.971889227456797e-12
5.9578338411851955e-12
4.840739995962971e-12
1.625992152490126e-11
8.725744146569151e-11
5.136149257255071e-10
2.468280911787683e-9
9.91296666096366e-9
3.4173141940731414e-8
1.0356353620286195e-7
2.8139333305917274e-7
6.965610123929357e-7
1.591411395417427e-6
3.3916675812099148e-6
6.8027792978897675e-6
0.000012936245364094645
0.000023468141966014444
0.00004083082886987142
0.00006843738002974533
0.00011093689960603125
0.00017449781038614647
0.0002671153502494709
0.0003989387546806358
0.0005826136959299426
0.000833634782348588
0.0011707039935882164
0.0016160903293367548
0.0021959872445948526
0.0029408643948486387
0.003885811122815925
0.005070869754193502
0.006541357133136919
0.008348173682408564
0.010548099527951379
0.01320407782256009
0.016385485699103426
0.020168393479738752
0.024635813144889978
0.029877937004071257
0.03599236762011407
0.043084339949484435
0.05126693674615188
0.060661297741259695
0.07139682344994619
0.08361137357949967
0.0974514603862632
0.11307243651186172
0.13063867697429749
0.15032375434626274
0.1723106061969567
0.19679169352181014
0.22396914856614852
0.25405491074708925
0.2872708486203299
0.3238488665559083
0.36403099413947054
0.40806945698274044
0.4562267272409853
0.5087755527277087
0.5659989634891202
0.6281902548745779
0.6956529467406941
0.7687007181717218
0.847657317644233
0.9328564486776694
1.0246416311123872
1.1233660382183837
1.229392309918448
1.3430919932195946
1.4648470529983326
1.5950461235535442
1.7340877156888297
1.882378162718756
2.0403316329847767
2.2083697632411683
2.3869212587945143
2.5764214563339958
2.7773118445354057
2.9900395370330313
3.215056691153028
3.4528198661113527
3.7037893137394824
3.9684281954320353
4.2472017201770536
4.540576199998913
4.849018022150073
5.172992540593648
5.512962894057676
5.869388762989442
6.242725083466554
6.633420741986977
7.041917280300752
7.4686476437866425
7.914035009396906
8.378491729604926
8.86241842642349
9.36620326484025
9.890221427625354
10.434834804514491
11.000391898706885
11.587227943637236
12.195665213806823
12.826013506086992
13.478570762480114
14.15362380257194
14.851449133122784
15.572313803710898
16.316476280175348
17.084187311535835
17.87569077056312
18.691224452650797
19.53102082214186