3.971889227456797e-12
3.971889227456797e-12
3.971889227456797e-12
3.971889227456797e-12
3.971889227456797e-12
3.971889227456797e-12
3.971889227456797e-12
3.971889227456797e-12
4.096010765814822e-12
9.557358453567918e-12
5.0765709188432184e-11
3.8365967506465497e-10
2.3133772319168682e-9
1.1112849572270686e-8
4.385946267265332e-8
1.474119520586014e-7
4.337082100044545e-7
1.1413676738712112e-6
2.7332960354958995e-6
6.039020125845181e-6
0.00001244871743445046
0.000024163073883216428
0.00004449963204301021
0.00007825313743254082
0.00013210469275740257
0.0002150720015914196
0.0003389918006206543
0.000519024982545843
0.0007741745210044191
0.0011278074382551633
0.0016081725730864795
0.0022489076406354384
0.003089530104275785
0.0041759081165658055
0.005560709085427079
0.0073038246696431
0.00947277221646228
0.012143073461003974
0.01539861202508515
0.01933197181436291
0.024044758629528415
0.029647907318458663
0.0362619769083144
0.04401743571184487
0.05305493809433878
0.06352559426643427
0.07559123355607969
0.08942466138132645
0.10520990921099946
0.1231424763693415
0.1434295617494523
0.16629028312773061
0.1919558811491823
0.22066990473682302
0.25268837448973974
0.2882799203554739
0.3277258898765391
0.3713204236899534
0.41937049468212323
0.47219590800783423
0.5301292593052316
0.5935158488964343
0.6627135503433228
0.7380926319484785
0.8200355303506713
0.908936575533467
1.0052016667002
1.1092478985728178
1.2215031373155019
1.3424055451640706
1.4724030519062912
1.6119527709254156
1.7615203562411796
1.9215792961302793
2.092610137413675
2.275099633631574
2.4695398091666583
2.676426930655104
2.8962603773287787
3.129541402303393
3.3767717792045335
3.6384523317977315
3.915081349403007
4.207152897920219
4.515155044671376
4.83956802550048
5.180862392736693
5.539497192956354
5.915918231624601
6.310556486878341
6.723826735209636
7.1561264471551285
7.607835000633716
8.079313244414084
8.570903425392636
9.082929473206544
9.6156976163285
10.16949728741071
10.744602263676848
11.341271981468694
11.959752962608894
12.600280293373764
13.26307910350903
13.9483660014329
14.656350431584649
15.387235929547325
16.141221259516648
16.91850142623746
17.719268559888764
18.543712676984654
19.392022323793263
20.264385111097322
21.16098815025706
22.082018401152553
23.02766294265211
23.99810917575804
24.993544969091985
26.014158755528996
27.060139588096412
28.131677162234563