0.0027299511217675153
0.004430584441659392
0.006890859250464713
0.010334210335236571
0.015019780164371818
0.02124405773416243
0.029342667313701592
0.03969234898400443
0.05271312244258013
0.06887057571970014
0.08867817320996364
0.11269943549698841
0.14154980929564834
0.175898022735275
0.21646671245046542
0.26403211586777703
0.3194226454492955
0.3835162004728254
0.4572361191490028
0.5415457239134889
0.6374414523100472
0.7459445843685814
0.8680915627898603
1.0049228509090156
1.1574701930423095
1.3267420611670058
1.5137070479863104
1.719275086490508
1.944276741675028
2.189441500541963
2.455376927733762
2.742551488505213
3.0512842818743606
3.381744379559385
3.7339608042374124
4.1078419073268435
4.503200956981711
4.919783904164588
5.357295702774316
5.815422767797734
6.293850520996665
6.792276045515176
7.310416496607234
7.8480141565660375
8.404839014285729
8.980689621043153
9.575392808939563
10.188802702570095
10.82079932576905
11.471287007070268
12.140192716425886
12.827464415849171
13.533069472968611
14.256993164024228
14.999237278441116
15.759818828033456
16.538768858501438
17.336131357687766
18.151962253609867
18.98632849460127
19.839307203899327
20.710984901291443
21.601456785044444
22.51082606778631
23.439203360745935
24.386706101280385
25.35345801923085
26.339588638134416
27.34523280784664
28.370530265485936
29.415625222062683
30.480665972449753
31.565804526660866
32.67119626066331
33.79699958521808
34.9433756313698
36.11048795147431
37.298502234754174
38.507586036510396
39.73790852030255
40.989640212409746
42.262952768096795
43.5580187491874
44.875011412602866
46.21410450953139
47.575472094956794
48.95928834736025
50.36572739839758
51.794963172417546
53.2471692357205
54.72251865546427
56.22118386815141
57.74333655766392
59.28914754278874
60.85878667424037
62.45242274113483
64.07022338691583
65.71235503474838
67.37898282232084
69.07027054609827
70.78638061499836
72.52747403023461
74.29371027396652
76.0852474588021