3.367429412821886
3.679374012046598
4.006671033225318
4.34917567927965
4.706761937358495
5.079320479824803
5.4667567834948985
5.8689894702968575
6.285948860988966
6.717575727729322
7.1638202289650845
7.624641009695051
8.100004450542423
8.589884049920729
9.094259924553858
9.613118414357372
10.146451778627691
10.694257971104332
11.256540482277714
11.833308237914588
12.424575543669917
13.030362066195078
13.650692842157657
14.28559830733069
14.9351143387745
15.59928230402545
16.278149112052915
16.971767261533373
17.680194882847434
18.403495770865916
19.14173940631179
19.895000964053843
20.663361307229167
21.446906966531483
22.245730104468493
23.059928464564255
23.88960530592493
24.73486932364001
25.595834555768725
26.472620277659267
27.365350884572738
28.274155763451585
29.19916915486418
30.140530006040567
31.098381815939124
32.07287247327714
33.064154088353064
34.0723828195281
35.097718695100376
36.14032543133069
37.20037024727121
38.27802367703574
39.37345938005661
40.48685394991254
41.61838672215738
42.76823958161444
43.936596769603455
45.123644691516354
46.32957172462435
47.554568027286116
48.79882534936818
50.0625368440671
51.34589688164905
52.649100865302565
53.97234504935043
55.315826360090576
56.6797422194967
58.06429037201809
59.46966871472237
60.8960751310012
62.34370732808974
63.81276267859645
65.30343806630825
66.815929736462
68.3504331507304
69.90714284711886
71.48625230501585
73.08795381557994
74.71243835770152
76.35989547971992
78.03051318709382
79.7244778362317
81.44197403463863
83.18318454757349
84.94829021135205
86.73746985348355
88.55090021974058
90.38875590832355
92.25120931121144
94.1384305628199
96.05058749603883
97.98784560574576
99.9503680198155
101.93831547775017
103.95184631688184
105.99111646621198
108.05627944790007
110.14748638637325
112.26488602506389
114.40862475072979
116.57884662532338
118.77569342536908
120.99930468877173
123.24981776901116