3.971889227456797e-12
3.971889227456797e-12
3.971889227456797e-12
3.971889227456797e-12
3.971889227456797e-12
3.971889227456797e-12
3.971889227456797e-12
3.971889227456797e-12
3.971889227456797e-12
3.971889227456797e-12
3.971889227456797e-12
3.971889227456797e-12
3.971889227456797e-12
3.971889227456797e-12
3.971889227456797e-12
3.971889227456797e-12
3.971889227456797e-12
3.971889227456797e-12
3.971889227456797e-12
3.971889227456797e-12
5.9578338411851955e-12
5.9578338411851955e-12
5.9578338411851955e-12
4.2201323041728465e-12
4.840739995962971e-12
9.060872300135818e-12
1.539107075639509e-11
3.264396458816055e-11
7.509353070660507e-11
1.8568582138360526e-10
4.2784694272011183e-10
9.487850392087424e-10
2.0324901906126576e-9
4.154099645766378e-9
8.206419630079175e-9
1.563161829773294e-8
2.8830702686725308e-8
5.158367012621157e-8
8.974334763592603e-8
1.5212596396390083e-7
2.5173225728083226e-7
4.073285353356851e-7
6.454470181678708e-7
1.0029998377050674e-6
1.5304498465821132e-6
2.2957272732838954e-6
3.388957015055252e-6
4.928113118702412e-6
7.065690065036662e-6
9.996478983252474e-6
0.000013966585949539989
0.000019283689391014918
0.000026328779624937988
0.00003556926745850247
0.000047573707113349604
0.00006302804323845346
0.00008275359723812296
0.00010772663552901005
0.00013909973892476123
0.00017822492598212742
0.000226678412393071
0.00028628730021855133
0.00035915788690838563
0.00044770571524980715
0.0005546874598183046
0.0006832342923365913
0.0008368870605733711
0.0010196329887239219
0.0012359438935629053
0.0014908159789266576
0.0017898110505182448
0.002139099036719345
0.002545501947970757
0.003016539034794611
0.0035604731531467763
0.004186358322453133
0.004904088349725742
0.005724446482522438
0.006659156048920901
0.007720932071846801
0.008923533748653192
0.010281817749777931
0.011811792413682727
0.013530672605966545
0.015456935486924546
0.01761037683033078
0.020012168170111543
0.02268491461628206
0.025652713361867783
0.02894121281812891
0.03257767251573891
0.03659102362942556
0.04101193022822647
0.04587285124192587
0.051208103135604845
0.057053923349400765
0.06344853456106844
0.07043220964771792
0.07804733764362756
0.08633849045358502
0.0953524905269288
0.10513847955199315
0.11574798805837767
0.12723500616485894
0.13965605536359274
0.15307026154702108
0.1675394291189811
0.1831281164984572
0.1999037128467997
0.21793651621923774
0.23729981313435677
0.2580699596098239
0.28032646382249155
0.30415207029060376
0.32963284580338553
0.35685826707877616
0.38592131019287335
0.416918542021512
0.44995021346435216
0.485120354894714