0.0029233346059724854
0.003073709279697476
0.003230243671194034
0.003393122622132961
0.0035625343356445603
0.003738670368995465
0.0039217257359889105
0.004111898820948504
0.004309391472057626
0.004514408966108909
0.004727160063490082
0.004947856995647696
0.005176715511012087
0.005413954858613341
0.005659797794783853
0.005914470665450905
0.006178203343331173
0.006451229312581609
0.0067337856139377305
0.0070261129210483575
0.007328455520616169
0.007641061342435121
0.007964181994889198
0.008298072725109403
0.008642992495432628
0.0089992039618045
0.009366973522931516
0.009746571287264711
0.010138271130343808
0.010542350725331119
0.010959091500065491
0.0113887787269263
0.011831701481004495
0.01228815268056621
0.012758429104553916
0.013242831436153067
0.013741664229031055
0.01425523595946824
0.014783859056023014
0.015327849875079846
0.015887528768743768
0.016463220079999636
0.01705525214668402
0.017663957357960492
0.018289672142528107
0.018932737012188033
0.019593496569787344
0.020272299525851308
0.020969498734330384
0.021685451191607252
0.02242051809322036
0.0231750648136321
0.023949460958359876
0.024744080374650534
0.02555930117022273
0.02639550575224109
0.027253080809318566
0.028132417409448374
0.029033910928882307
0.029957961141374147
0.030904972232826004
0.031875352808487356
0.03286951590673254
0.03388787905714965
0.0349308642792993
0.03599889810182935
0.03709241161510244
0.03821184048087747
0.03935762492039392
0.04053020980063634
0.04173004462502522
0.04295758355501414
0.04421328544347847
0.045497613857553715
0.04681103710097742
0.04815402823556219
0.04952706512501055
0.05093063041691739
0.052365211617615204
0.053831301096642484
0.05532939606874609
0.056859998690820174
0.05842361602988284
0.06002076012600571
0.06165194798039835
0.06331770160269846
0.06501854801692983
0.06675501929786982
0.06852765258867476
0.07033699012371816
0.07218357925391168
0.0740679724573794
0.07599072736875062
0.0779524067972816
0.07995357875490697
0.08199481646207347
0.0840766983852247
0.08619980823853875
0.0883647350310944
0.09057207302702816
0.09282242183167452
0.09511638637232726
0.09745457691636102
0.09983760910325477
0.1022661039238635
0.10474068779998011
0.10726199251966806
0.10983065530304584
0.11244731883393794
0.11511263118242299
0.11782724593243073
0.12059182209411218
0.12340702418476691
0.12627352218751056
0.1291919915805675
0.13216311335377898
0.1351875739951981
0.13826606552001006
0.14139928545191383
0.14458793684546425
0.14783272827725927
0.15113437384668457
0.15449359318075456
0.15791111145260628
0.1613876593528274
0.16492397308002296
0.16852079437457648
0.17217887049730105
0.17589895421442048
0.17968180378565382
0.18352818299872112
0.18743886109027785
0.1914146127956879
0.1954562183338804
0.199564463344917
0.20374013894249493
0.20798404163239934
0.21229697335408398
0.21667974142779536
0.22113315855581409
0.22565804277379906
0.23025521746419275
0.23492551131141326
0.2396697582823672
0.24448879760088071
0.24938347371915157
0.2543546362890769
0.25940314014599347
0.2645298452576637
0.2697356166958517
0.2750213246000799
0.28038784417638785
0.2858360555958007
0.2913668440140646
0.2969810994912159
0.30267971699456014
0.30846359630818737
0.3143336420200636
0.3202907634514054
0.3263358746515913
0.33246989428843804
0.3386937456608612
0.345008356584559
0.3514146594123684
0.3579135909102677
0.36450609223317276
0.3711931088713167
0.37797559058384433
0.38485449132558125
0.3918307692151339
0.3989053864385716
0.40607930921541724
0.41335350768817897
0.42072895590472514
0.4282066317233311
0.43578751672331184
0.4434725961864036
0.45126285896395424
0.45915929742938405
0.4671629074142637
0.4752746880958599
0.4834956419364399
0.4918267746053234
0.5002690949094984
0.5088236146532398
0.5174913486193671
0.5262733144459915
0.5351705325372729
0.5441840259904361
0.553314820486544
0.562563944199889
0.5719324277150792
0.5814213039417679
0.5910316079592525
0.6007643769916508
0.6106206502575894
0.6206014688860496
0.6307078758103678
0.6409409156639725
0.6513016346661936
0.6617910805305359
0.6724103023462673
0.6831603504506978
0.6940422763578096
0.705057132579522
0.7162059725759189
0.7274898506143704
0.7389098216333722
0.7504669411212779
0.7621622650346278
0.7739968496276058
0.7859717513510042
0.7980880267125867
0.8103467321602911
0.8227489239438326
0.8352956579779225
0.847987989707224
0.8608269739898016
0.8738136649257099
0.8869491157492556
0.900234378669129
0.9136705047200792
0.9272585436282416
0.9409995436569795
0.9548945514643923
0.9689446119346341
0.9831507680441116
0.9975140606841131
1.0120355285291165
1.026716207837574
1.0415571323300246
1.0565593330000573
1.0717238379392993
1.087051672194428
1.1025438575754045
1.1182014124699096
1.1340253517140109
1.1500166863557109
1.1661764235015322
1.1825055661386528
1.199005112936061
1.2156760580480734
1.2325193909449075
1.249536096205772
1.2667271533203956
1.2840935364925432
1.3016362144548266
1.3193561502306388
1.3372543009714315
1.3553316177027617
1.3735890451712502
1.3920275215674185
1.4106479783625918
1.4294513400698432
1.4484385240277713
1.467610440179442
1.4869679908631186
1.5065120705776716
1.5262435657417837
1.5461633545077678
1.566272306495449
1.5865712825924545
1.6070611346995158
1.627742705507918
1.6486168282918459
1.6696843266310948
1.6909460142271235
1.7124026946364417
1.7340551610628288
1.7559041961068582
1.7779505715488084
1.800195048123878
1.8226383752761781
1.845281290958151
1.8681245213752529
1.8911687808056041
1.9144147713429351
1.9378631826946389
1.9615146919731241
1.9853699634951099
2.0094296485481538
2.0336943852158873
2.0581647981862496
2.0828414985271992
2.1077250835395067
2.132816136550463
2.1581152267627
2.183622909064535
2.209339723898026
2.2352661970843344
2.2614028396850827
2.287750147879595
2.314308602814465
2.341078670513566
2.36806080173891
2.395255431916674
2.4226629810279707
2.4502838535395886
2.478118438344043
2.5061671086640014
2.5344302220568755
2.562908120325951
2.5916011295463295
2.6205095600000106
2.6496337062090354
2.678973846941318
2.70853024520804
2.7383031483207456
2.768292787937268
2.7984993800931304
2.8289231253010927
2.859564208616066
2.8904227997213785
2.9214990530517793
2.9527931078875214
2.9843050885055438
3.016035104291551
3.0479832499120483
3.08014960545683
3.1125342366272744
3.1451371948864053
3.1779585176883938
3.210998228655926
3.2442563377825246
3.2777328416644043
3.3114277237293535
3.3453409544442656
3.3794724915940404
3.4138222805051264
3.448390254294384
3.483176334162758
3.5181804296252754
3.553402438808314
3.5888422487061633
3.6244997354904616
3.6603747647688603
3.6964671918789485
3.732776862183534
3.7693036113711464
3.8060472657444904
3.8430076424987303
3.8801845500522707
3.91757778832653
3.9551871490444492
3.993012416030868
4.031053365519105
4.069309766428865
4.10778138067853
4.146467963462691
4.185369263570032
4.224485023630073
4.263814980441726
4.303358865229483
4.343116403934102
4.38308731748978
4.423271322078964
4.463668129430499
4.504277447050491
4.545098978508777
4.586132423682708
4.627377479003268
4.668833837706934
4.710501190071615
4.752379223654108
4.794467623519467
4.83676607245996
4.8792742516972165
4.921991839222482
4.964918512761755
5.008053948181938
5.051397820123245
5.094949802162535
5.138709567051513
5.1826767868662875
5.226851133177791
5.271232277239208
5.315819890140501
5.3606136429658005
5.405613206944828
5.450818253616621
5.496228454950046
5.541843483488406
5.58766301249714
5.633686716069087
5.679914269259022
5.726345348204063
5.772979630225074
5.819816793948927
5.866856519405811
5.914098488121703
5.961542383227226
6.009187889536584
6.057034693644756
6.10508248400221
6.153330950993977
6.201779787026529
6.250428686577305
6.299277346283087
6.34832546499784
6.397572743841121
6.447018886280741
6.496663598157591
6.546506587757755
6.596547565857569
6.646786245767186
6.697222343353166
6.747855577124616
6.798685668219165
6.849712340470115
6.900935320422448
6.95235433738422
7.003969123418113
7.055779413393693
7.107784945013851
7.1599854588131855
7.212380698195364
7.264970409439703
7.3177543417309545
7.370732247153599
7.4239038807198945
7.47726900036901
7.530827366984402
7.584578744397785
7.6385228993906225
7.692659601711751
7.746988624061492
7.801509742113998
7.856222734499623
7.911127382824904
7.966223471648117
8.021510788501116
8.076989123860413
8.132658271162198
8.188518026798743
8.244568190096054
8.300808563321942
8.357238951672366
8.413859163256426
8.470669009105405
8.527668303150447
8.584856862210003
8.642234505986496
8.699801057055629
8.757556340850266
8.815500185645158
8.873632422556318
8.931952885514711
8.990461411252731
9.049157839313375
9.108042011999482
9.167113774389376
9.226372974310921
9.285819462315205
9.345453091684611
9.405273718396575
9.465281201121101
9.525475401195191
9.585856182612048
9.646423412001218
9.707176958618659
9.768116694318934
9.829242493547646
9.890554233319964
9.952051793202868
10.013735055310313
10.075603904258173
10.13765822717789
10.199897913680118
10.262322855842413
10.324932948186671
10.387728087678108
10.45070817368581
10.513873107982475
10.577222794713007
10.640757140386214
10.704476053860885
10.768379446314164
10.832467231235569
10.896739324406155
10.961195643876042
11.025836109962928
11.090660645213354
11.155669174405078
11.220861624511569
11.286237924696039
11.351798006292718
11.417541802796416
11.48346924983038
11.549580285140957
11.615874848573014
11.682352882066096
11.749014329622648
11.815859137294732
11.882887253187628
11.950098627406712
12.017493212074834
12.085070961295445
12.152831831148886
12.220775779670904
12.288902766841241
12.357212754549
12.425705706610392
12.494381588724805
12.563240368474048
12.632282015298284
12.701506500485097
12.770913797163912
12.840503880268137
12.91027672654571
12.980232314522985
13.050370624506963
13.120691638555007
13.191195340480427
13.261881715816857
13.332750751815775
13.403802437438182
13.475036763321716
13.546453721780027
13.618053306796323
13.689835513992216
13.761800340625117
13.833947785567878
13.906277849312268
13.978790533926402
14.051485843075836
14.12436378197839
14.197424357417185
14.270667577711713
14.344093452713873
14.417701993787118
14.491493213809303