0.
0.
0.
0.
0.
0.
7.447292301481494e-13
2.5444915363395105e-11
4.232544458008649e-10
4.133991956552377e-9
2.7303014792614737e-8
1.3421100584653368e-7
5.248840443145704e-7
1.7132772730588715e-6
4.834781045027941e-6
0.000012112814390119823
0.00002749703338935447
0.0000574671408919434
0.00011197801840938146
0.00020551116798302077
0.0003581904819007217
0.0005969215155715212
0.0009565173191547909
0.0014807802545747993
0.0022235199266829957
0.003249494794072301
0.004635271333400761
0.00647000413941236
0.008856143023123287
0.011910077379851575
0.015762730063736085
0.02056011304138604
0.026463857299868748
0.03365172734984905
0.04231812891880056
0.05267461563647416
0.06495039757387341
0.07939285120218036
0.096268027307772
0.11586115017119043
0.13847709868096797
0.16444085740470257
0.19409792387353011
0.2278146569084934
0.26597854983215585
0.3089984124879968
0.3573044460099849
0.41134819611750495
0.47160236609262385
0.5385604818075849
0.612736407183615
0.6946636584921607
0.7848945594222155
0.8839991871119588
0.9925641086813589
1.1111908891446949
1.2404943497551282
1.3811005514258994
1.5336444730215628
1.6987698678615724
1.8771136454927118
2.0693276009121395
2.276049381101123
2.4979107775102944
2.735530523126538
2.9895092899095403
3.260424505003321
3.548825177806783
3.855227015798007
4.180108090380177
4.523905763329061
4.887012580816532
5.269778975531858
5.672510134620278
6.0954697097842745
6.538882561483423
7.002938813070908
7.48779852996525
7.9935966961913065
8.520448193387441
9.068452545185876
9.637698258718476
10.228266661956377
10.84023519315615
11.473680142720596
12.128678878267849
12.805311601926864
13.503662697565375
14.22382172778747
14.965884137827947
15.729951718570582
16.51613287460759
17.32454273673804
18.155303151978433
19.00854258454873
19.884395917733517
20.783004233200753
21.704514575594967
22.649079584604767
23.61685721732594
24.608010406195376
25.622706720142514
26.661118023627104
27.723420136974394
28.80979250064463
29.920417845462733
31.055481870376187
32.21517292891485
33.39968172527429
34.60920102073221
35.843925350886295
37.10405075418767
38.38977451359962
39.70129490205448
41.03881095614685
42.40252224566875
43.792628663639974
45.209330227110506
46.65282689046209
48.12331837129144