0.0021088253446903396
0.002221404032031711
0.0023387976609555404
0.0024611585918913785
0.0025886421677852197
0.00272140672105031
0.0028596136197403606
0.0030034272783481183
0.0031530151257820114
0.0033085477142207375
0.0034701986226708284
0.0036381445620975944
0.003812565368722559
0.003993643987142931
0.004181566508188674
0.0043765221994564035
0.004578703501461621
0.00478830602900405
0.005005528619078548
0.005230573305926682
0.005463645391910121
0.005704953409032963
0.005954709145751989
0.006213127682723659
0.006480427370710485
0.006756829909770571
0.0070425602742882005
0.0073378468034584424
0.00764292117087737
0.00795801842686751
0.008283376982838524
0.008619238678809331
0.008965848722216181
0.00932345576337856
0.009692311909276668
0.010072672678371199
0.010464797089846701
0.01086894764983411
0.01128539033403372
0.011714394654864936
0.012156233650419464
0.012611183909409733
0.01307952557327897
0.013561542352336987
0.0140575215730505
0.014567754164389752
0.015092534673840195
0.01563216129173031
0.016186935882013746
0.016757163971967238
0.017343154777263156
0.017945221256334735
0.018563680044591666
0.0191988515749421
0.0198510600089052
0.020520633309966983
0.021207903219004228
0.02191320532428904
0.022636879024376527
0.023379267579739314
0.024140718139205476
0.024921581713396507
0.025722213250565583
0.02654297162505426
0.027384219633444708
0.028246324091374505
0.029129655760304934
0.03003458942782762
0.030961503900341362
0.03191078204202628
0.03288281077025133
0.033877981110808406
0.03489668817792873
0.03593933122653805
0.03700631365051894
0.038098043010141656
0.03921493107649963
0.04035739379948612
0.041525851388721474
0.04272072828624639
0.04394245319928994
0.04519145914333984
0.04646818344090118
0.04777306774967199
0.04910655806440512
0.050469104768666895
0.05186116264377385
0.053283190873881746
0.05473565308247727
0.05621901735298223
0.057733756226022885
0.05928034676136657
0.06085927050676722
0.062471013568714616
0.06411606657916984
0.06579492477860255
0.06750808797242436
0.06925606058175454
0.07103935164888134
0.07285847488033217
0.07471394864401884
0.07660629597581595
0.07853604462858892
0.08050372706164369
0.08250988047647366
0.08455504682110401
0.0866397728105717
0.08876460994914326
0.09093011452832882
0.09313684765567833
0.09538537528097119
0.09767626815860743
0.10001010193188624
0.10238745710147908
0.10480891904988164
0.10727507803756607
0.1097865292556085
0.1123438727826189
0.11494771361924681
0.1175986617394436
0.12029733201698246
0.12304434428776746
0.12584032337081008
0.12868589901448452
0.1315817059700078
0.13452838395631317
0.13752657766824228
0.14057693678635075
0.1436801160062008
0.14683677498672673
0.15004757839529106
0.1533131958875768
0.15663430213588717
0.16001157677229796
0.16344570446461984
0.16693737482802395
0.17048728250994094
0.17409612710466532
0.1777646132020112
0.1814934503662116
0.18528335311705188
0.18913504093222824
0.19304923824858874
0.19702667442750352
0.20106808376740096
0.205174205475344
0.20934578366529233
0.21358356732396896
0.21788831033419517
0.2222607714238764
0.22670171415123194
0.23121190690839438
0.2357921228733746
0.2404431400153989
0.2451657410688437
0.24996071347936652
0.25482884943071643
0.2597709457661651
0.26478780401556506
0.26988023032360786
0.27504903545156145
0.2802950347133476
0.2856190479777763
0.2910218996399977
0.29650441854876664
0.3020674380086774
0.3077117957154958
0.31343833376522034
0.3192478985523027
0.3251413407957127
0.3311195154290916
0.33718328164121497
0.34333350274392754
0.34957104621211066
0.3558967835651458
0.3623115903782101
0.36881634619402537
0.3754119345097017
0.3820992426796741
0.38887916192190886
0.39575258721637185
0.4027204172681646
0.4097835544660676
0.41694290482060387
0.42419937786908557
0.43155388669013667
0.439007347772248
0.4465606810004962
0.45421480957660965
0.4619706599569075
0.4698291617688901
0.4777912478030471
0.4858578538634148
0.49402991877527186
0.5023083842818703
0.5106941949702107
0.5191882982050094
0.5277916440588185
0.5365051852478544
0.545329877035556
0.5542666771747435
0.563316545818748
0.572480445454137
0.5817593408115955
0.5911541987890947
0.6006659883741917
0.610295680554042
0.6200442482354646
0.6299126661609117
0.6399019108249354
0.6500129603675671
0.660246794524172
0.670604394484696
0.6810867428590351
0.6916948235335514
0.7024296216189416
0.7132921233220201
0.7242833158765826
0.7354041874416267
0.7466557269675492
0.7580389241734314
0.7695547693642083
0.7812042533820129
0.7929883674767176
0.8049081032353086
0.8169644524218939
0.829158406918993
0.8414909586075123
0.8539630992484565
0.8665758203732055
0.8793301131782594
0.8922269684095568
0.9052673762407124
0.9184523261850139
0.9317828069326993
0.9452598062726357
0.958884310944119
0.972657306526901
0.9865797773317154
1.000652706235568
1.0148770746162001
1.0292538621498957
1.0437840467527704
1.05846860439608
1.0733085090075432
1.0883047323174306
1.1034582437297276
1.1187700101942881
1.134240996041505
1.1498721628706012
1.1656644693887674
1.1816188712615963
1.197736320987595
1.214017767731615
1.2304641571838488
1.2470764314076581
1.2638555286838
1.2808023833447264
1.2979179256386693
1.3152030815653044
1.3326587726986308
1.3502859160303273
1.3680854238319802
1.3860582034459363
1.4042051571558452
1.4225271819894298
1.4410251695663137
1.4597000059161829
1.478552571301664
1.497583740055602
1.5167943803817192
1.536185354213119
1.5557575169906024
1.575511717496844
1.5954487976857228
1.61556959248224
1.6358749296283586
1.6563656294403466
1.6770425046773323
1.697906360325705
1.7189579934216213
1.7401981928711525
1.7616277392329487
1.78324740455688
1.8050579521833325
1.8270601365782504
1.8492547030958157
1.8716423878443973
1.8942239174657378
1.9170000089637917
1.9399713695149416
1.9631386962979527
1.9865026762832143
2.0100639860887592
2.033823291776579
2.0577812486828275
2.08193850126453
2.106295682898753
2.1308534157371364
2.1556123105391967
2.180572966502902
2.2057359711103874
2.231101900001477
2.256671316791969
2.282444772938591
2.3084228076248086
2.3346059475987246
2.3609947070598762
2.3875895875402064
2.414391077784904
2.4413996536420624
2.4686157779638767
2.4960399005130576
2.52367245786465
2.5515138733426084
2.5795645569198764
2.6078249051835125
2.63629530125711
2.664976114752889
2.693867701734584
2.7229704046807006
2.7522845524691286
2.781810460353309
2.81154842995193
2.8414987492615924
2.871661692663754
2.9020375209386358
2.9326264813137524
2.963428807460436
2.994444719607532
3.025674424529111
3.0571181156630054
3.088775973148293
3.120648163942593
3.1527348418835053
3.1850361478155875
3.217552209675749
3.25028314264009
3.2832290492173613
3.3163900194295635
3.349766130902803
3.3833574490482623
3.41716402721797
3.4511859068639286
3.4854231177180863
3.519875677950223
3.554543594373122
3.5894268626397987
3.6245254674124303
3.659839382580438
3.695368571472237
3.7311129870623967
3.7670725721826464
3.8032472597481495
3.8396369729804256
3.876241625635734
3.9130611222334566
3.9500953582798912
3.987344220539454
4.024807587210563
4.062485328239166
4.100377305490528
4.138483373034584
4.176803377383631
4.215337157708925
4.254084546113867
4.293045367856184
4.332219441604859
4.371606579669878
4.411206588251721
4.451019267671849
4.491044412610522
4.531281812355914
4.571731251464314
4.612392508241248
4.653265357582502
4.694349569477707
4.735644909655652
4.777151139802859
4.818868017798422
4.86079529789746
4.902932730972653
4.945280064712593
4.987837043793069
5.030603410140206
5.073578903063028
5.116763259492884
5.160156214128674
5.203757499671066
5.247566846947113
5.291583985141244
5.335808641903745
5.380240543590316
5.424879415362479
5.469724981378736
5.5147769649440015
5.560035088652844
5.605499074546249
5.65116864423934
5.697043519077528
5.743123420248835
5.789408068930235
5.835897186405201
5.882590494185217
5.929487714124837
5.97658856855661
6.023892780347921
6.071400073070301
6.119110171056265
6.167022799526546
6.215137684655003
6.263454553678599
6.3119731349886266
6.360693158197856
6.409614354235494
6.458736455420409
6.508059195526547
6.557582309867336
6.607305535356128
6.657228610563298
6.7073512757992795
6.757673273152674
6.80819434655566
6.858914241836494
6.909832706767922
6.960949491121669
7.012264346701698
7.063777027401934
7.115487289240145
7.167394890399273
7.21949959125003
7.2718011544122065
7.3242993447651035
7.376993929480173
7.429884678062976
7.482971362359504
7.53625375659715
7.589731637403563
7.643404783817335
7.697272977329943
7.751336001876821
7.805593643874961
7.860045692216467
7.914691938318194
7.96953217608837
8.024566201971146
8.079793814948216
8.135214816529007
8.190829010792514
8.246636204355143
8.302636206404856
8.358828828689987
8.415213885531298
8.47179119381923
8.52856057300908
8.585521845126074
8.64267483477593
8.700019369126727
8.757555277919213
8.815282393445333
8.873200550572921
8.93130958671443
8.98960934184269
9.048099658469441
9.106780381655131
9.165651358975406
9.22471244054954
9.283963479009145
9.34340432949818
9.403034849656562
9.462854899619677
9.522864342009184
9.583063041919988
9.64345086690895
9.704027686978613
9.764793374585164
9.825747804614835
9.88689085436343
9.948222403541418
10.009742334261636
10.071450531007024
10.133346880641541
10.19543127239342
10.257703597816556
10.32016375082489
10.38281162763196
10.445647126768911
10.508670149054936
10.57188059759927
10.635278377765449
10.698863397176762
10.762635565690314
10.826594795398018
10.89074100059147
10.955074097768525
11.019594005605622
11.084300644948717
11.14919393879715
11.214273812291982
11.279540192698365
11.34499300939536
11.410632193861426
11.476457679651203
11.542469402391532
11.608667299766205
11.675051311496714
11.741621379326615
11.808377447017927
11.875319460321471
11.942447366983073
12.009761116700243
12.077260661134844
12.144945953892973
12.212816950495926
12.280873608383917
12.349115886889516
12.41754374723517
12.486157152511478
12.554956067662419
12.623940459472328
12.693110296564145
12.762465549359215
12.83200619009378
12.901732192786849
12.971643533224785
13.041740188963692
13.112022139303193
13.182489365273547
13.253141849626456
13.323979576825499
13.395002533023678