0.003078529303063958
0.0032359451020844503
0.0033997645358211284
0.0035701781389032715
0.003747379852227537
0.0039315671033887155
0.004122940760506518
0.004321705187707909
0.00452806822762596
0.004742241260481713
0.004964439209173153
0.005194880506879494
0.005433787168306938
0.0056813848063209625
0.005937902587883176
0.006203573335086247
0.006478633482580218
0.0067633230927153344
0.007057885912141463
0.00736256934412899
0.007677624506905949
0.00800330620448945
0.008339872981299163
0.008687587123522656
0.009046714679223078
0.009417525451388357
0.009800293067687506
0.01019529495130206
0.010602812341157881
0.011023130349145198
0.011456537929088214
0.011903327920063527
0.012363797072465649
0.01283824604366276
0.013326979441190993
0.013830305799791956
0.01434853764868661
0.014881991522994433
0.015430987936426707
0.01599585147599123
0.016576910736083788
0.01717449843876193
0.01778895134611515
0.01842061037544969
0.019069820537600115
0.01973693103659893
0.020422295237280855
0.021126270708601215
0.021849219233069216
0.02259150683182047
0.023353503807935425
0.0241355847265799
0.024938128492084585
0.025761518309963843
0.026606141771318335
0.02747239081075785
0.028360661803091963
0.029271355519639258
0.030204877192149926
0.031161636529810403
0.03214204772582183
0.03314652949786366
0.03417550512595073
0.035229402447840764
0.0363086538764114
0.03741369648480753
0.03854497195517916
0.03970292665576085
0.04088801164707777
0.04210068269522676
0.04334140034175671
0.04461062985178579
0.04590884132049769
0.04723650964657966
0.04859411457007953
0.04998214071348999
0.051401077566978065
0.052851419572415466
0.05433366609073457
0.05584832145790725
0.05739589499549524
0.05897690105545794
0.06059185900848506
0.0622412933195866
0.06392573350800161
0.06564571423482798
0.06740177527621219
0.06919446157833516
0.07102432325406098
0.07289191562985482
0.0747977992673801
0.07674253995294818
0.07872670875560715
0.0807508820354581
0.08281564144911639
0.08492157399911202
0.08706927203388964
0.08925933325922777
0.09149236078416373
0.0937689631110639
0.09608975418626538
0.09845535336060522
0.10086638547791922
0.10332348083581941
0.10582727521908282
0.1083784099299371
0.11097753178210264
0.11362529308664282
0.11632235173860077
0.11906937117814934
0.12186702037693774
0.12471597392795554
0.12761691196075764
0.1305705202315765
0.13357749007317712
0.13663851842886618
0.13975430785509876
0.14292556651725813
0.14615300820219201
0.14943735232032265
0.15277932389484833
0.15617965358209912
0.15963907764956756
0.16315833799030666
0.16673818212007507
0.1703793631623185
0.17408263983985342
0.17784877650229805
0.1816785430662457
0.18557271504716405
0.1895320735437558
0.19355740519737097
0.19764950223507705
0.2018091623922071
0.20603718894252138
0.21033439067028
0.21470158183697832
0.2191395821868082
0.22364921691351777
0.22823131664874377
0.23288671739337247
0.23761626057376672
0.24242079294718538
0.24730116661220933
0.2522582389651751
0.25729287266753065
0.2624059356062407
0.26759830091004677
0.2728708468393712
0.27822445680890723
0.2836600193310198
0.28917842796386267
0.29478058130194507
0.3004673828872606
0.30623974122753356
0.31209856969232863
0.3180447864967914
0.32407931465410955
0.3302030819067497
0.3364170206929444
0.34272206811553774
0.3491191658249389
0.355609260014157
0.3621933013427146
0.36887224489841863
0.3756470500904913
0.3825186806531699
0.3894881045202199
0.3965562937916703
0.4037242246695185
0.4109928773732041
0.41836323608747716
0.42583628887514136
0.43341302761313083
0.44109444791059044
0.4488815490495455
0.45677533388709396
0.46477680880191
0.47288698356937786
0.4811068713320509
0.4894374884855838
0.49787985459581957
0.5064349923299019
0.5151039273229686
0.5238876881626368
0.5327873062239208
0.5418038156190871
0.550938253095751
0.5601916579297592
0.5695650718497242
0.5790595388980079
0.5886761053810735
0.5984158197300965
0.6082797324183
0.618268895848004
0.6283843642207945
0.6386271934943286
0.6489984411916848
0.659499166344018
0.6701304293650727
0.6808932919314064
0.6917888168637285
0.7028180680138263
0.7139821101511177
0.7252820088302131
0.7367188302629468
0.7482936412268989
0.7600075088864121
0.7718615007224635
0.7838566843443714
0.795994127404773
0.8082748974453405
0.8207000617617374
0.8332706872610025
0.8459878403468618
0.8588525867485651
0.8718659913854688
0.8850291182437839
0.8983430301949856
0.9118087888793878
0.9254274545194637
0.9392000858015588
0.9531277396983963
0.9672114713242278
0.9814523337539879
0.9958513778817959
1.010409652248675
1.0251282028838002
1.0400080731116152
1.055050303412442
1.0702559312192947
1.0856259907483299
1.1011615128485346
1.1168635247856316
1.1327330500547792
1.1487711082280265
1.164978714739583
1.1813568807065862
1.197906612719338
1.2146289126654233
1.2315247775064144
1.2485951991070823
1.2658411639973293
1.2832636532001578
1.300863641991246
1.3186420997017199
1.3365999895173237
1.354738268223102
1.3730578860426625
1.391559786352573
1.4102449055157886
1.4291141726221155
1.4481685092673975
1.4674088293472263
1.486836038780275
1.5064510353242255
1.5262547083229328
1.5462479384516037
1.566431597521554
1.5868065482037883
1.6073736438034738
1.6281337280408632
1.6490876347892753
1.670236187828466
1.6915802006362268
1.7131204761225183
1.7348578063899134
1.7567929725281786
1.7789267443352468
1.8012598801011226
1.8237931263757752
1.8465272177367822
1.8694628765584642
1.892600812772454
1.9159417236715846
1.9394862936591635
1.9632351940522406
1.9871890828611678
2.0113486045850473
2.035714390004572
2.0602870559890176
2.0850672053016184
2.1100554264079245
2.1352522933098523
2.1606583653627283
2.1862741871179026
2.2121002881458764
2.2381371829299295
2.2643853706714983
2.2908453351974565
2.3175175448213468
2.3444024522345277
2.3715004944102263
2.398812092487361
2.4263376517279673
2.454077561402138
2.4820321947610884
2.510201908964793
2.53858704508087
2.567187928006258
2.596004866501352
2.625038153172625
2.6542880644622007
2.68375486071178
2.7134387861730627
2.7433400690713
2.773458921633223
2.8037955402004857
2.834350105302405
2.8651227817420986
2.8961137187201094
2.9273230499489706
2.958750893793341
2.990397353416215
3.022262516934577
3.0543464575692107
3.086649233859434
3.1191708898230885
3.151911455171892
3.184870945525794
3.2180493626042517
3.251446694477943
3.2850629158053466
3.3188979880729135
3.3529518598336323
3.387224467003428
3.421715733072544
3.456425569427758
3.4913538756187514
3.526500539615781
3.561865438128675
3.597448436886974
3.6332493909292563
3.6692681449249887
3.7055045334477152
3.74195838130547
3.7786295038288635
3.8155177071892044
3.8526227887024747
3.8899445371377723
3.927482733029971
3.9652371489899014
4.003207549991197
4.041393693708898
4.079795330810757
4.118412205240746
4.157244054537542
4.196290610137261
4.235551597656706
4.275026737181454
4.314715743558901
4.354618326681018
4.394734191767839
4.435063039624519
4.475604566938981
4.516358466523448
4.557324427582057
4.598502135968036
4.639891274437159
4.681491522883328
4.7233025585898005
4.765324056448382
4.80755568919439
4.8499971276433556
4.892648040873729
4.935508096950754
4.978576961218435
5.021854299321277
5.0653397755216885
5.109033053382158
5.152933795903152
5.197041665747898
5.241356325369113
5.285877437199035
5.330604663806188
5.375537668031664
5.420676113168981
5.466019663081996
5.511567982339199
5.557320736370862
5.603277591576642
5.649438215450206
5.695802276705582
5.742369445373603
5.7891393929268995
5.836111792379568
5.883286318364619
5.93066264726183
5.978240457262898
6.026019428469138
6.073999242954523
6.122179584883358
6.170560140534731
6.219140598394859
6.267920649240004
6.316899986176433
6.366078304699508
6.415455302753506
6.465030680799023
6.514804141836925
6.564775391479966
6.61494413797352
6.665310092249199
6.71587296796271
6.7666324815173144
6.81758835212142
6.868740301791312
6.92008805538777
6.9716313406556605
7.023369888223195
7.075303431654181
7.12743170742829
7.179754454986735
7.232271416748901
7.284982338111225
7.337886967459614
7.390985056189923
7.4442763587158955
7.497760632464079
7.55143763789877
7.60530713849918
7.65936890079617
7.713622694338739
7.768068291729778
7.822705468596393
7.877534003599968
7.9325536784407555
7.987764277832678
8.04316558953051
8.098757404286193
8.154539515874145
8.210511721074395
8.26667381964936
8.323025614358993
8.379566910933598
8.436297518072593
8.49321724742961
8.550325913607413
8.607623334127105
8.66510932945135
8.72278372292318
8.78064634080868
8.838697012227495
8.896935569179512
8.955361846512206
9.013975681903283
9.072776915861898
9.131765391693301
9.19094095548877
9.250303456125739
9.309852745227829
9.369588677160513
9.429511109007146
9.489619900565252
9.549914914323681
9.610396015431583
9.671063071696413
9.73191595356607
9.792954534106917
9.85417868897176
9.91558829641885
9.977183237258362
10.038963394845844
10.100928655067426
10.16307890632469
10.225414039509344
10.287933947984227
10.35063852757289
10.41352767653316
10.476601295541862
10.53985928768366
10.60330155842374
10.666928015585105
10.730738569354774
10.794733132231531
10.85891161903685
10.923273946882734
10.987820035152744
11.052549805493543
11.11746318178996
11.182560090146108
11.247840458876466
11.313304218480168
11.378951301625873
11.444781643129295
11.51079517995419
11.576991851163962
11.6433715979461
11.709934363554346
11.776680093310556
11.843608734597131
11.91072023681828
11.978014551407728
12.045491631784154
12.113151433368063
12.1809939135355
12.249019031612955
12.317226748877482
12.385617028512778
12.454189835609158
12.522945137146198
12.591882901980194
12.661003100823175
12.730305706223431
12.799790692564386
12.869458036035558
12.939307714631687
13.009339708118478
13.07955399803571
13.149950567680595
13.220529402076503
13.291290487981898
13.362233813858325
13.433359369866785
13.504667147844307
13.576157141302435
13.647829345409242
13.719683756960656
13.791720374385667
13.863939197733927
13.936340228645454
14.008923470348275
14.081688927650239
14.154636606911707
14.227766516048277
14.301078664501508
14.374573063252553
14.448249724769546
14.522108663035771
14.596149893516152
14.67037343313975