-0.30200473942596E-05
-0.59462175031328E-05
-0.95010427636084E-05
-0.16457164571002E-04
-0.28009419547745E-04
-0.46781826723751E-04
-0.76666466520386E-04
-0.12371740666564E-03
-0.19908902687827E-03
-0.32801318592415E-03
-0.56311975673168E-03
-0.92609938949420E-03
-0.10051491161668E-02
 0.58584102045144E-03
 0.46184230269094E-02
 0.78330347090749E-02
 0.52635086658036E-02
-0.24858027425141E-02
-0.89399048209408E-02
-0.92343695425879E-02
-0.45956435127491E-02
 0.52712305878809E-03
 0.31904760194291E-02
 0.33432373037767E-02
 0.23165238912802E-02
 0.12180512118315E-02
 0.47536111159815E-03
 0.85814865981452E-04
-0.78411441965310E-04
-0.12771981865216E-03
-0.12757691429963E-03
-0.11019803642080E-03
-0.89479164707117E-04
-0.70600828445402E-04
-0.55002026857778E-04
-0.42669237467155E-04
-0.33119262357704E-04
-0.25791502007033E-04
-0.20185013487914E-04
-0.15885169001076E-04
-0.12581653357699E-04
-0.10029417368406E-04
-0.80501911507314E-05
-0.64980640916191E-05
-0.52833474405862E-05
-0.43198532637082E-05
-0.35520077301147E-05
-0.29390562287918E-05
-0.24444354603444E-05
-0.20447447207217E-05
-0.17160730158967E-05
-0.14502953824156E-05
-0.12320712660235E-05
-0.10486528273020E-05
-0.89890301480674E-06
-0.77173034780924E-06
-0.66300374013489E-06
-0.57805306425675E-06
-0.49979063438535E-06
-0.43631188007357E-06
-0.38121429969146E-06
-0.33484721857204E-06
-0.29466618264076E-06
-0.25880480696166E-06
-0.22760899826830E-06
-0.20213889545800E-06
-0.18112659332334E-06
-0.16296196202958E-06
-0.14560386563150E-06
-0.12814395692573E-06
-0.11445056088424E-06
-0.10506346745605E-06
-0.94396176121895E-07
-0.87275748842919E-07
-0.75693627976976E-07
-0.68715362613266E-07
-0.90324002653548E-07
-0.53831520999498E-07
-0.52339993997453E-07
-0.47020965525215E-07
-0.47129047053648E-07
-0.36388667559505E-07
-0.33895890539815E-07
-0.28151967251167E-07
-0.31362456841780E-07
-0.30772694904741E-07
-0.23270920844380E-07
-0.22612039325685E-07
-0.20898517488180E-07
-0.19622251311960E-07
-0.20919555565218E-07
-0.16171058115814E-07
-0.16767055329239E-07
-0.13138036936514E-07
-0.14280694968967E-07
-0.12495468385523E-07
-0.10837448684421E-07
-0.96461024848755E-08
-0.71562777322622E-08
-0.10487658953952E-07
-0.63024295905242E-08
-0.40423169923943E-08
-0.89020931815648E-08
-0.74710351384163E-08
