0.
0.
0.
1.9859446137283985e-12
4.964861534320996e-13
5.957833841185196e-11
1.7828817769746696e-9
2.386360696471387e-8
1.858837952372863e-7
9.879306140976347e-7
3.966010334914007e-6
0.000012875539753871426
0.0000354497335763237
0.00008565352991426758
0.0001862615356803082
0.00037155495228174224
0.0006899501920189781
0.0012064215646879091
0.0020046375305217985
0.0031887916455515517
0.0048851449157008
0.007243331250775173
0.010437489848591584
0.014667292898973963
0.020158932740841923
0.027166122703078426
0.035971152382745876
0.046886022995099544
0.0602536721650851
0.07644928180902102
0.09588164696256297
0.1189945696645865
0.14626822909513018
0.1782204693621733
0.2154079348602137
0.2584269869945895
0.30791431465303376
0.36454716632585976
0.42904311800153905
0.5021592896137438
0.5846909179535869
0.6774691728611261
0.7813578207598445
0.8972496401151211
1.0260602726951336
1.16872151432831
1.326172284918302
1.4993474620465184
1.6891642685590416
1.8965061952386844
2.1222048414156927
2.367020646020021
2.6316241700348537
2.9165801627322256
3.2223368016029283
3.5492220027560264
3.897447567470177
4.267120453130726
4.658259348687293
5.0708138427916
5.504683897353219
5.9597376574736165
6.435826546660065
6.932797258499772
7.4505007560534136
7.988798664641258
8.547567546762965
9.126701542743596
9.726113800896611
10.345737042143426
10.985523526226803
11.645444618968664
12.325490105547084
13.025667352523111
13.746000390002822
14.486528962341154
15.247307579404659
16.02840458884702
16.82990128174189
17.651891084978015
18.49447851826932
19.357778892331652
20.241917121021416
21.147027272020203
22.07325187785648
23.02074132998558
23.989653306761554
24.980152232644603
25.99240876616722
27.0265993142806
28.08290557089274
29.161514077882348
30.262615805802717
31.386405754374884
32.53308257018245
33.70284818030814
34.89590744129153
36.11246780224393
37.35273898135964
38.616932653951466
39.9052621584728
41.21794220250032
42.555188591611774
43.91721796343836
45.30424753358039
46.71649485207443
48.15417757028633
49.617513218174274
51.10671899188697
52.62201155169614
54.1636068303402
55.7317198517847
57.32656456054495
58.94835366161562
60.59729847113938
62.273608777929724
63.977492715936194
65.70915664780091
67.46880505958312
69.25664046676083