0.
0.
0.
1.9859446137283985e-12
1.4894584602962989e-12
1.325618029663706e-10
3.5364708708968456e-9
4.3450233960686915e-8
3.1665998575283836e-7
1.595675590867717e-6
6.132628990550191e-6
0.000019199507060662047
0.00005126269853058079
0.00012064571078833902
0.00025645056317075116
0.0005014993522377111
0.0009151008916936308
0.0015755186681007981
0.0025820893253265583
0.004056994161148062
0.0061467419609736946
0.00902342703132274
0.012885849384917514
0.017960573601419408
0.02450299488336639
0.032798464824872545
0.0431635119762907
0.05594717323066648
0.07153243296494052
0.09033774882977601
0.11281862590036476
0.13946918734562405
0.1708236638332848
0.207457757630811
0.24998974465596296
0.2990812713483685
0.3554377260576739
0.4198080935526209
0.4929841821067941
0.57579910795242
0.6691247941289683
0.7738686825902386
0.8909687200124571
1.0213870751384666
1.1661017555273536
1.3260958711774171
1.5023441223232297
1.6957962603271646
1.9073576024448013
2.1378673120690035
2.3880759852827964
2.6586249820068746
2.9500305045534136
3.262675254310687
3.596809389241685
3.9525606965191162
4.32995209699113
4.728923472278046
5.149354452341398
5.591085737248243
6.053937246930367
6.5377225196364765
7.042259431955473
7.567377712972782
8.112923873476856
8.67876416644901
9.264786113847963
9.87089902931592
10.497033863592762
11.143142612130376
11.809197455190791
12.495189748376262
13.20112894344115
13.927041491945605
14.67296976523386
15.438971011123797
16.225116358742792
17.031489902007685
17.858187688902117
18.705317139328116
19.57299601672729
20.461351822979363
21.370521089545196
22.30064873580187
23.251887466061387
24.224397201928227
25.21834454682277
26.233902279745546
27.271248875643273
28.33056805045927
29.412048326864056
30.515882622190254
31.642267853577106
32.791404560578485
33.96349654350783
35.158750516527014
36.37737577440298
37.61958387224129
38.88558831654189
40.17560427217237
41.48984827206183
42.82853794611969
44.19189175644859
45.58012874368501
46.99346828342477
48.43212985269035
49.896332806311676
51.38629616327818
52.90223840303885
54.444377271813686
56.0129295990096
57.608111123828884
59.23013633216303
60.87921830454833
62.55556857101742
64.25939698575078
65.99091160039994
67.75031855745945
69.53782199106935
71.35362393956973