0.
0.
0.
1.9859446137283985e-12
0.
1.241215383580249e-13
5.213104611037046e-12
1.4484983526381505e-10
1.9919024475695838e-9
1.6647677210731733e-8
9.686978576075203e-8
4.2848356209035013e-7
1.5326245800556843e-6
4.634048714278423e-6
0.0000122378330789571
0.000028931573902639646
0.00006239981671839584
0.00012461352572629923
0.00023313994434555305
0.0004125132480136735
0.0006956092677997662
0.0011249764106580657
0.0017540885936224377
0.0026484969241182656
0.003886873148402953
0.005561944922996767
0.007781332310317574
0.010668300589712593
0.014362446911461968
0.019020339449841956
0.024816126450757255
0.03194213101780855
0.04060944341779115
0.051048519451764904
0.06350978838410323
0.07826426981536783
0.09560419386078817
0.11584362464092426
0.13931900552164328
0.16638981175795273
0.19743895277811238
0.2328732402545198
0.2731236963826374
0.31864574708547605
0.36991926875838715
0.4274484593947863
0.49176153487589175
0.5634102008638644
0.6429689014669535
0.7310338236521974
0.8282216297136668
0.9351678976665933
1.0525252396787916
1.1809610630664324
1.3211557929561542
1.4737954718292792
1.6395767849195326
1.819194283786074
2.0133399368618363
2.2226968834246152
2.4479334503247667
2.689696661159702
2.9486054185866015
3.2252436430797617
3.520153753285061
3.8338309441792715
4.166718740677095
4.519206246362829
4.891627371564119
5.28426212749798
5.697339853009651
6.13104404518067
6.585518331052788
7.060873069328263
7.557192096458756
8.074539216915142
8.612964149022398
9.172507752145433
9.753206460682676
10.35509592546917
10.978213914003796
11.622602549740702
12.288309982824185
12.975391585537098
13.68391075949103
14.413939431894486
15.165558307001291
15.938856928115875
16.733933595088068
17.55089517368352
18.389856833899383
19.250941696521767
20.1342804747726
21.040011150470175
21.968278456921738
22.91923353145215
23.893033483535792
24.889840980705532
25.909823840217417
26.953154628876387
28.020010272509467
29.11057167641796
30.225023357460998
31.363553088329294
32.52635155430452
33.71361202267463
34.925530024901164
36.16230305152157
37.424130259814284
38.71121219412887
40.02375051887273
41.361947764098375
42.72600708362811
44.11613202568738
45.532526318697684
46.97539365627722
48.444937521331354
49.94136099590179
51.46486659694757
53.015656121938136