0.07969669605726319
0.08250798242579664
0.08539793200648702
0.0883682690971105
0.09142074971135115
0.09455716210817924
0.09777932737795313
0.10108909993232701
0.10448836813317473
0.10797905476139688
0.11156311762399913
0.11524255010208896
0.11901938168596352
0.12289567856406634
0.12687354413337515
0.13095511959679879
0.135142584462394
0.13943815711742769
0.14384409538841314
0.14836269703412086
0.15299630027954939
0.15774728438750504
0.1626180700874418
0.16761112016032192
0.1727289398744068
0.17797407749589286
0.18334912474456178
0.18885671720921532
0.19449953486389668
0.20028030237273306
0.20620178958021582
0.21226681181207097
0.21847823023173624
0.2248389521783441
0.23135193140131144
0.23802016836145834
0.2448467103777199
0.2518346518469653
0.25898713429389475
0.2663073465183718
0.2737985245207021
0.2814639515003921
0.28930695771713316
0.29733092025608765
0.3055392627725707
0.31393545511509335
0.3225230127791037
0.33130549637773243
0.34028651084319494
0.3494697045800343
0.3588587684206384
0.3684574344042564
0.3782694743867134
0.38829869839133163
0.3985489527656016
0.4090241180158817
0.41972810644189
0.4306648593172836
0.4418383438078448
0.4532525494798182
0.4649114843617824
0.47681917049489314
0.48897963903790187
0.5013969247469746
0.5140750599116101
0.5270180675181494
0.540229953833142
0.5537147001744596
0.5674762538573751
0.5815185184247081
0.5958453428550774
0.6104605100845136
0.625367724440519
0.6405705984334255
0.6560726385060005
0.6718772301832987
0.6879876223829543
0.7044069113164934
0.7211380238030549
0.7381837005353252
0.7555464792460505
0.7732286781370666
0.7912323799888882
0.8095594170088191
0.8282113570281412
0.8471894912061388
0.8664948241727377
0.88612806342021
0.9060896186313043
0.9263795938105607
0.9469977898244577
0.9679437068332023
0.9892165503070243
1.0108152398568029
1.0327384208299988
1.0549844783839244
1.0775515537166227
1.1004375620797568
1.123640212256878
1.1471570269702491
1.1709853639328496
1.1951224370434939
1.2195653374740871
1.2443110541882823
1.2693564937461868
1.2946984991159765
1.3203338672619156
1.3462593655212032
1.3724717465168013
1.3989677617607845
1.4257441737381924
1.4527977666689866
1.4801253559433982
1.5077237962084469
1.535589988339846
1.5637208852815503
1.592113496856457
1.6207648937039145
1.6496722102986061
1.6788326473619828
1.708243473509481
1.7379020263801517
1.7678057132662062
1.7979520112946044
1.8283384672335505
1.8589626970190931
1.889822385001707
1.9209152829350762
1.9522392088786096
1.9837920458407938
2.015571740399086
2.047576301179796
2.0798037972956456
2.1122523567192792
2.1449201646385307
2.1778054617890965
2.2109065428081895
2.244221754528736
2.2777494943562377
2.3114882086612756
2.345436391144951
2.3795925812819063
2.413955362799837
2.4485233621540354
2.4832952471030985
2.518269725273834
2.5534455427897167
2.5888214829412983
2.624396364901675
2.6601690424860167
2.696138402935795
2.7323033657681774
2.7686628816473906
2.805215931320875
2.8419615245733105
2.87889869921354
2.9160265201255315
2.9533440783379676
2.9908504901326776
3.0285448961834835
3.0664264607258267
3.104494370791185
3.1427478353889913
3.181186084841088
3.219808370016027
3.2586139616960477
3.297602149897137
3.33677224325823
3.3761235684245743
3.415655469486451
3.455367307407967
3.4952584594917204
3.535328318876604
3.5755762940270457
3.6160018082687917
3.656604299318241
3.6973832188533553
3.7383380320784885
3.779468217321738
3.8207732656428433
3.8622526804487824
3.903905977129102
3.945732682712847
3.987732335522508
4.0299044848462175
4.072248690631913
4.114764523170084
4.157451562817105
4.200309399713975
4.243337633494631
4.286535873044287
4.329903736239396
4.373440849701022
4.417146848568938
4.461021376256733
4.505064084259305
4.549274631914045
4.593652686204603
4.638197921578305
4.682910019729563
4.7277886694390086
4.772833566383346
4.818044412958348
4.863420918121721
4.908962797231376
4.954669771879847
5.000541569752794
5.04657792448217
5.092778575496153
5.13914326789838
5.185671752312545
5.232363784782728
5.279219126621226
5.326237544306769
5.373418809360898
5.420762698237495
5.46826899220611
5.515937477261972
5.56376794400373
5.6117601875453245
5.659914007419426
5.708229207473663
5.756705595800623
5.8053429846162095
5.85414119021496
5.9031000328462975
5.952219336661528
6.001498929629318
6.050938643454266
6.1005383135061555
6.1502977787425035
6.2002168816546925
6.25029546817984
6.300533387650785
6.350930492723468
6.401486639317484
6.4522016865565
6.5030754967106645
6.554107935133927
6.605298870209793
6.656648173309498
6.708155718715178
6.759821383593303
6.811645047932744
6.8636265944941295
6.915765908775464
6.968062878942249
7.020517395813208
7.07312935279661
7.125898645847949
7.178825173439902
7.2319088365105735
7.285149538438296
7.338547184986772
7.392101684277885
7.445812946760429
7.49968088515549
7.553705414448129
7.607886451829296
7.662223916684041
7.716717730543965
7.771367817063525
7.826174101986638
7.881136513122728
7.936254980312468
7.991529435402582
8.046959812210474
8.102546046516157
8.158288076010617
8.214185840293089
8.270239280834678
8.326448340952307
8.382812965792699
8.439333102306675
8.496008699218887
8.552839707022466
8.609826077936205
8.666967765898724
8.724264726545261
8.781716917182852
8.839324296772194
8.897086825917736
8.955004466829926
9.013077183326349
9.07130494079844
9.129687706204425
9.188225448049335
9.246918136363277
9.305765742692756
9.364768240080064
9.423925603045156
9.483237807577218
9.542704831114184
9.602326652526097
9.66210325211189
9.722034611570091
9.782120713997706
9.842361543865517
9.902757087014729
9.963307330642332
10.024012263281234
10.084871874790702
10.145886156356497
10.20705510126389
10.268378701698685
10.329856953501446
10.391489852993336
10.453277397763292
10.51521958663787
10.577316419688689
10.63956789821083
10.70197402471304
10.764534802916856
10.827250237734011
10.89012033526732
10.953145102794146
11.016324548762329
11.07965868277726
11.14314751559668
11.206791059118753
11.270589326370285
11.334542331510065
11.39865008980219
11.46291261763157
11.527329932470796
11.59190205289031
11.656628998547488
11.721510790167775
11.786547449552868
11.851738999559005
11.917085464106641
11.982586868151651
12.048243237700355
12.114054599786545
12.180020982470253
12.246142414833779
12.312418926973738
12.378850549988536
12.445437315979973
12.512179258046672
12.579076410268929
12.646128807716297
12.713336486426092
12.780699483409752
12.848217836645482
12.915891585066984
12.983720768556244
13.05170542795223
13.119845605028292
13.188141342496639
13.256592683997038
13.325199674103393
13.393962358299424
13.462880782992062
13.53195499549433
13.601185044025952
13.670570977705424
13.740112846552112
13.809810701467141
13.879664594247297
13.949674577565293
14.019840704967905
14.090163030880817
14.160641610592474
14.231276500251989
14.302067756875951
14.373015438327096
14.444119603318633
14.515380311418348
14.586797623022667
14.658371599373654
14.730102302545232
14.80198979543947
14.874034141780362
14.946235406119177
15.018593653820306
15.09110895106299
15.163781364830662
15.236610962922477
15.30959781392688
15.382741987240221
15.456043553046284
15.529502582323843
15.603119146834262
15.676893319123604
15.750825172517905
15.824914781117974
15.89916221980137
15.973567564203787
16.048130890737916
16.122852276570992
16.19773179962974
16.27276953859915
16.347965572911047
16.423319982751046
16.49883284904304
16.574504253456276
16.650334278395654
16.72632300700809
16.80247052316325
16.878776911462126
16.955242257235298
17.03186664653002
17.108650166116185
17.1855929034754
17.26269494680458
17.339956385011856
17.41737730771001
17.494957805213087
17.57269796854141
17.65059788940465
17.7286576602144
17.80687737406889
17.885257124756706
17.963797006750482
18.042497115207247
18.121357545962113
18.200378395524414
18.279559761083547
18.35890174049433
18.43840443228009
18.51806793563318
18.59789235040156
18.677877777096985
18.75802431688894
18.838332071597666
18.918801143694065
18.999431636298556
19.08022365317625
19.16117729873769
19.242292678026807
19.323569896731478
19.40500906116999
19.486610278291298
19.568373655676503
19.650299301530545
19.732387324684794
19.814637834585536
19.897050941303995
19.979626755519096
20.06236538853299
20.14526695224756
20.228331559175146
20.31155932243713
20.394950355752552
20.478504773441074
20.562222690420374
20.646104222202418
20.73014948488814
20.81435859516966
20.898731670327187
20.983268828221192
21.0679701872949
21.15283586657293
21.23786598565109
21.323060664704236
21.408420024475934
21.493944186274263
21.579633271980608
21.665487404037275
21.75150670544287
21.83769129976262
21.924041311109132
22.010556864154413
22.097238084120594
22.1840850967737
22.27109802843358
22.35827700595568
22.445622156739216
22.533133608724693
22.620811490384483
22.708655930725797
22.796667059288573
22.884845006138534
22.97318990186966
23.061701877597237
23.15038106496147
23.23922759611592
23.328241603738576
23.41742322101172
23.506772581633737
23.596289819814263
23.685975070265886
23.775828468207106
23.86585014935613
23.956040249933746
24.046398906653245
24.13692625672789
24.227622437858113
24.31848758823711
24.409521846542155
24.500725351940176
24.592098244075107
24.683640663076062
24.775352749545814
24.867234644566363
24.959286489687155
25.051508426934756
25.143900598795973
25.236463148233998
25.329196218666546
25.422099953974442
25.515174498500233
25.60841999704187
25.701836594845762
25.795424437619914
25.889183671512974
25.983114443123398
26.077216899498474
26.171491188121394
26.26593745691785
26.360555854251437
26.455346528922778
26.550309630159475
26.645445307627526
26.740753711417923
26.836234992045156
26.93188930044897
27.02771678799259
27.123717606455067
27.21989190803597
27.316239845344462
27.41276157140801
27.509457239654974
27.606327003930662
27.703371018481274
27.80058943795269
27.897982417398286
27.995550112264894
28.09329267839753
28.191210272032567