1.9859446137283985e-12
3.971889227456797e-12
1.9859446137283985e-12
2.4700186133246955e-11
2.477465905626177e-9
6.534080495166161e-8
7.190698327664716e-7
4.546276664914698e-6
0.000019765329243122476
0.0000658905596009816
0.00018064115876099236
0.00042693365048303967
0.0008990366759495402
0.001727454533598505
0.0030825481811063123
0.005177181170712617
0.0082687957716071
0.012661307296463847
0.018707209900791427
0.026810063822292576
0.03742763086593449
0.05107580070656238
0.06833239547222301
0.08984365882178949
0.1163284864201892
0.14858501956260736
0.18749645535669765
0.23403735044479695
0.2892754013438177
0.3543815931081595
0.43062566831254634
0.519378188571142
0.6221042383759504
0.740350718764383
0.8757228133573794
1.0298444236286897
1.2042967815245815
1.4005320494708426
1.61976757340355
1.8628818652532502
2.130346798179768
2.4222260425242723
2.738242343820162
3.0778853409465072
3.4405217773684584
3.825482586688256
4.232119742376048
4.659837390717472
5.10810530641482
5.576461797484689
6.0645110322532485
6.571917833667018
7.098401644973101
7.643730544598459
8.207715717266343
8.790206528991037
9.391086230674745
10.01026824666953
10.647692984799907
11.303325097249491
11.977151125179413
12.669177466760681
13.379428616647816
14.107945632646897
14.854784792481087
15.620016409820602
16.403723783909776
17.20600237188194
18.02695839420617
18.866709174608616
19.725381342502207
20.603110747734867
21.50004176334362
22.416326741248614
23.352125504729965
24.30760487274163
25.282938211840005
26.278305012256943
27.29389048505727
28.329885177889864
29.38648460710137
30.463888904429442
31.562302476660626
32.68193367693454
33.82299448652135
34.98570020617267
36.17026915615263
37.37692238433014
38.60588338176438
39.85737780526443
41.13163320666634
42.42887876843104
43.74934504543525
45.09326371279292
46.460867319609775
47.85238904867183
49.26806248208294
50.708121372910625
52.17279942297893
53.66233006690767
55.17694626260701
56.71688028841948
58.28236354711764
59.87362637701977
61.490897870455065
63.13440569987406
64.80437595184362
66.50103296923282
68.22459920184784
69.97529506579198
71.75333881183721
73.55894640324055
75.39233140184565
77.25370486875855
79.14327526022093
81.06124836337509
83.00782720555206
84.98321200092893
86.98760009712225
89.02118593427434