0.0244681653929369
0.03558216367864234
0.05028128413291003
0.06933865787720779
0.09363734132754958
0.12418477565652367
0.16212904952021234
0.2087766035437893
0.26561075785170013
0.3343099161645452
0.4167631162300997
0.5150779109778599
0.6315697400007744
0.7687106719623291
0.9289988075791957
1.1147026716551383
1.3274851769574127
1.5680562202550128
1.836104633236365
2.130581660803469
2.450117204032501
2.793333415887619
3.1589981665321587
3.5460693002621135
3.95368746099648
4.381151414471729
4.827890961159637
5.293442839281921
5.7774308955016735
6.279550291374621
6.799555082105618
7.337248473950962
7.892475163254089
8.465115279442472
9.055079562119797
9.662305489595028
10.28675414395129
10.928407649090438
11.587267057024555
12.26335058671805
12.956692141877644
13.667340050579709
14.3953559823102
15.140814007706782
15.90379977356515
16.684409771551316
17.48275068343849
18.298938789161443
19.133099426741584
19.985366495245117
20.855881993623115
21.74479558970867
22.652264214596514
23.578451678571135
24.523528305444483
25.487670582620357
26.471060824791323
27.473886849414757
28.496341662483538
29.538623153314518
30.60093379732016
31.68348036583843
32.78647364231352
33.91012814414789
35.05466184975398
36.220295930323644
37.40725448600043
38.615764286133505
39.84605451341166
41.098356511709184
42.372903537519804
43.669930514935054
44.9896737941167
46.332370913324425
47.698260364518184
49.08758136267333
50.50057361891129
51.93747711763323
53.39853189782078
54.88397783876553
56.39405445043157
57.92900066874657
59.4890546560949
61.07445360731207
62.68543356151387
64.32222922006368
65.98507377102739
67.67419872045885
69.3898337308353
71.13220646699865
72.90154244995189
74.69806491879353
76.52199470115782
78.37355009242576
80.2529467440232
82.16039756106895
84.09611260961091
86.06029903371831
88.05316098258018
90.07489954785132
92.12571271135624
94.20579530330455
96.31533897110752
98.4545321588707