0.0034803563376424743
0.005579289149552467
0.008585142969221454
0.012756384972383612
0.01839235199444566
0.025835660654375956
0.03547482049612603
0.04774698140795942
0.06314066381979296
0.08219824467304136
0.10551791139090211
0.13375475828635325
0.16762069479438355
0.20788286900110658
0.2553603864427352
0.3109192213229648
0.375465363151915
0.449936400322165
0.5352918843246031
0.6325029197392993
0.7425414583917525
0.866369729432648
1.004930110684579
1.1591355596789739
1.3298605086649191
1.5179319305123649
1.7241201551374914
1.9491290156598537
2.193585086772452
2.458026182259507
2.7428898866187383
3.0485035841581216
3.3750779673549056
3.7227060335940014
4.091368901686846
4.4809484892591875
4.891245636847047
5.322001222027779
5.7729175419010375
6.243677715770387
6.733961734364908
7.243458672848224
7.771875248605721
8.31894127500345
8.884412689609345
9.468072808272316
10.0697323552391
10.689228697756436
11.326424599699797
11.981206715068698
12.653483970148459
13.343185930643582
14.050261213097938
14.774675974871485
15.516412500084888
16.27546788821329
17.051852845352897
17.845590574137553
18.656715756109026
19.485273619370282
20.33131908403004
21.19491597808789
22.076136316800326
22.975059639172628
23.891772395691934
24.82636738212037
25.77894321462617
26.749603842195054
27.73845809262228
28.745619248861928
29.77120465300157
30.81533533531254
31.878135666268133
32.95973302964556
34.060257515057295
35.179841628471344
36.31862001951996
37.47672922445025
38.65430742381525
39.85149421406183
41.06843039232484
42.30525775378739
43.56211890107086
44.83915706522847
46.136515937885996
47.454339514224586
48.79277194647836
50.151957407728126
51.532039965707554
52.9331634664953
54.35547142786656
55.79910694222036
57.26421258888322
58.75093035576421
60.259401570197134
61.78976683890297
63.34216599703182
64.91673806616154
66.51362122121611
68.13295276625477
69.7748691190593
71.4395058044608
73.12699745638156
74.8374778285102