3.971889227456797e-12
3.971889227456797e-12
3.971889227456797e-12
3.971889227456797e-12
3.971889227456797e-12
3.971889227456797e-12
3.971889227456797e-12
3.971889227456797e-12
3.971889227456797e-12
3.971889227456797e-12
3.971889227456797e-12
3.971889227456797e-12
3.971889227456797e-12
3.971889227456797e-12
3.971889227456797e-12
3.971889227456797e-12
3.971889227456797e-12
3.971889227456797e-12
3.971889227456797e-12
3.971889227456797e-12
3.971889227456797e-12
5.9578338411851955e-12
5.9578338411851955e-12
5.9578338411851955e-12
6.08195537954322e-12
6.206076917901245e-12
6.950806148049394e-12
9.060872300135818e-12
1.6880529216691386e-11
2.9913290744284e-11
6.62809014831853e-11
1.4993881833649408e-10
3.325216012611487e-10
7.135747240202852e-10
1.4763015772303482e-9
2.945900591389363e-9
5.679305109109788e-9
1.0601965320389056e-8
1.9206070359367342e-8
3.383987561024012e-8
5.808130853771581e-8
9.732829072344657e-8
1.5946055390855324e-7
2.5582144136203735e-7
4.0244410455822013e-7
6.215582145308703e-7
9.435626254823285e-7
1.4094102460215181e-6
2.0734691647446365e-6
3.0070226293737736e-6
4.302450577262657e-6
6.078057218509548e-6
8.483789563472471e-6
0.000011707787192226834
0.000015983910598231448
0.000021600288569824482
0.000028908921846010844
0.00003833651346541314
0.0000503964435158063
0.00006570204703568343
0.00008498119457136675
0.0001090922616541327
0.00013904141346915758
0.00017600146648860787
0.00022133204407176818
0.0002766013198278876
0.0003436092051331251
0.0004244120114596134
0.0005213486885515743
0.0006370684540038783
0.0007745600201606822
0.0009371822018661803
0.0011286960672943205
0.0013532984326424166
0.0016156569206320225
0.0019209462555085698
0.0022748860389350824
0.0026837798132744854
0.003154555436215965
0.0036948067580568783
0.004312836506066617
0.005017700416768425
0.005819252531240025
0.006728191647226982
0.007756108915656658
0.00891553649988077
0.010219997312044659
0.011684055857365415
0.013323370013789915
0.015154743853032556
0.017196181536009044
0.019466942047083515
0.021987595007304225
0.02478007742810808
0.027867751417409804
0.03127546285867976
0.03502960106450006
0.039158159416886815
0.043690796979732355
0.04865890116603223
0.05409565139957397
0.06003608385350438
0.06651715726726466
0.07357781987863352
0.08125907755677023
0.08960406303671224
0.09865810651064534
0.108468807417319
0.11908610760225999
0.13056236587969056
0.14295243405299876
0.1563137343695573
0.17070633868978508
0.18619304916056142
0.2028394806892719
0.22071414517491836
0.23988853759174303
0.26043722407381587
0.2824379319279743
0.30597164186940706