-0.37097072127841E-30
-0.37097072127841E-30
-0.37097072127841E-30
-0.37097072127841E-30
-0.37097072127841E-30
-0.37097072127841E-30
-0.37097072127841E-30
-0.37097072127841E-30
-0.37097072127841E-30
-0.37097072127841E-30
-0.37097072127841E-30
-0.37097072127841E-30
-0.71987649716321E-15
-0.52624123957589E-15
-0.10524824791518E-14
-0.39448053240870E-15
-0.74194144255683E-30
 0.38437864421223E-15
-0.20649961207824E-16
-0.78771625832277E-16
 0.18648970613161E-15
 0.14551283881045E-16
-0.33288715430229E-15
-0.75042547063209E-15
-0.23364727718977E-15
 0.74683089060874E-15
 0.10171191254504E-14
 0.30613330108818E-14
 0.66001156060533E-14
 0.13009472379575E-13
 0.23783311407623E-13
 0.41587438050606E-13
 0.67454649388437E-13
 0.11566179913158E-12
 0.18210191594719E-12
 0.28366731091132E-12
 0.42060519914749E-12
 0.62303835466726E-12
 0.89879683152700E-12
 0.12738365438604E-11
 0.17736734694990E-11
 0.24298295805857E-11
 0.32706783705018E-11
 0.43463953325599E-11
 0.56960913507760E-11
 0.73786142819373E-11
 0.94382168168015E-11
 0.11952115444875E-10
 0.14980608330690E-10
 0.18594030485669E-10
 0.22876375088612E-10
 0.27903571099762E-10
 0.33771583054566E-10
 0.40567490084463E-10
 0.48391898419377E-10
 0.57337002694684E-10
 0.67511058827168E-10
 0.79018655756466E-10
 0.91969009421484E-10
 0.10647495152692E-09
 0.12264387532593E-09
 0.14059701516874E-09
 0.16044367835773E-09
 0.18231291222444E-09
 0.20631174938247E-09
 0.23255943418043E-09
 0.26118871089371E-09
 0.29231692035248E-09
 0.32607015490140E-09
 0.36256353157121E-09
 0.40192869899205E-09
 0.44429722011587E-09
 0.48978769112930E-09
 0.53853757042368E-09
 0.59067254392863E-09
 0.64632813596959E-09
 0.70563616875146E-09
 0.76873612102759E-09
 0.83576492620292E-09
 0.90685375036982E-09
 0.98214920895412E-09
 0.10617848249805E-08
 0.11458996958272E-08
 0.12346317047751E-08
 0.13281214303962E-08
 0.14264988101941E-08
 0.15298944136004E-08
 0.16384388441998E-08
 0.17522475141025E-08
 0.18714371947859E-08
 0.19961127467701E-08
 0.21263685969656E-08
 0.22622959813488E-08
 0.24039609008509E-08
 0.25514253822971E-08
 0.27047366893028E-08
 0.28639209802528E-08
 0.30289935379572E-08
 0.31999389752726E-08
 0.33767452674214E-08
 0.35593585151672E-08
 0.37477197340546E-08
 0.39417412022402E-08
 0.41413230036575E-08
 0.43463313555247E-08
 0.45549582419284E-08
 0.47720537329550E-08
 0.49924185895694E-08
 0.52175300669427E-08
 0.54471610087784E-08
 0.56810925631499E-08
 0.59190753881973E-08
 0.61608456329029E-08
 0.64061410320594E-08
 0.66546755358597E-08
 0.69061688037970E-08
 0.71603319022677E-08
 0.74168634732769E-08
 0.76754812526569E-08
 0.79358835153771E-08
