-0.29015196543106E-05
-0.26537892468051E-05
-0.24117673519229E-05
-0.21799027471103E-05
-0.19614666303259E-05
-0.17583217913637E-05
-0.15714669878734E-05
-0.14007645007407E-05
-0.12609692417782E-05
-0.11179925560742E-05
-0.99660646765170E-06
-0.86801539053723E-06
-0.77231674577590E-06
-0.68449168808200E-06
-0.60635388061421E-06
-0.53752295668504E-06
-0.47641449900536E-06
-0.42261025166333E-06
-0.37222518552865E-06
-0.33278850046635E-06
-0.29572543354737E-06
-0.26265156857204E-06
-0.23388976354856E-06
-0.20816793947067E-06
-0.18547719762260E-06
-0.17522357127750E-06
-0.14774600302490E-06
-0.13168304286092E-06
-0.11782549502074E-06
-0.10546110789560E-06
-0.94265645884653E-07
-0.84500593536823E-07
-0.75487270928876E-07
-0.67671051527297E-07
-0.60573431872006E-07
-0.54457039062747E-07
-0.48811025685041E-07
-0.43749133901875E-07
-0.39165040085736E-07
-0.35084174542924E-07
-0.31530317506248E-07
-0.28418536091668E-07
-0.25492411660082E-07
-0.22896084499852E-07
-0.20596503786377E-07
-0.18378060430988E-07
-0.16492341974924E-07
-0.14794808723597E-07
-0.13172358166823E-07
-0.11961440381185E-07
-0.10359764085637E-07
-0.93012127494446E-08
-0.83228106724614E-08
-0.75794429134140E-08
-0.63306981694667E-08
-0.56151337377626E-08
-0.50455700925211E-08
-0.45335225965504E-08
-0.37286976106971E-08
-0.24616996270933E-08
-0.26067310200912E-08
-0.28643351130754E-08
-0.24595534565972E-08
-0.14755838971336E-08
-0.12543494731737E-08
-0.93260000088782E-09
-0.58141417737127E-09
-0.61786020537716E-09
 0.91619228393957E-09
-0.24781025508833E-09
 0.15725778960531E-08
 0.16020908881309E-09
 0.33601406045845E-09
 0.55794076177109E-09
 0.67612886057584E-07
 0.74530330652242E-09
 0.61133539174859E-09
 0.11264800850621E-08
 0.11221238259495E-08
 0.85211581077431E-09
 0.11581184946796E-08
 0.11076902868670E-08
 0.10044884150661E-08
 0.11759651793629E-08
 0.13121558318925E-08
 0.98371880585918E-09
 0.12027277792169E-08
 0.13779053074090E-08
 0.14152434043143E-08
 0.17082546186294E-08
 0.11170615448126E-08
 0.13761658302739E-08
 0.11419917811633E-08
 0.14598242439956E-08
 0.14367278502530E-08
 0.11947962473343E-08
 0.14282994293209E-08
 0.15091107716431E-08
 0.12627727678725E-08
 0.15359726180097E-08
 0.12449333184006E-08
 0.12644569786189E-08
 0.15644488177557E-08
 0.10784013008444E-08
