0.012960938081090199
0.013518151491169444
0.014093973997898385
0.014688846389876059
0.015303215711302918
0.015937535297727828
0.01659226480683021
0.017267870305180993
0.017964824250617364
0.018683605623315114
0.01942469989873012
0.020188599137958854
0.02097580203962117
0.021786813964312247
0.022622147020370582
0.023482320097018426
0.024367858918975274
0.025279296123040848
0.026217171271624345
0.027182030956261802
0.028174428829267087
0.0291949256360035
0.030244089351913948
0.031322495166509264
0.03243072555486223
0.03356937037653243
0.03473902690634838
0.035940299904660335
0.03717380166127932
0.03844015209527083
0.03973997878536461
0.04107391702978125
0.04244260994515703
0.043846708519047345
0.04528687161203678
0.0467637661255514
0.0482780670037206
0.04983045728662524
0.0514216282063677
0.05305227925757293
0.054723118220599186
0.05643486127697103
0.058188233025391035
0.059983966571976126
0.061822803605475256
0.0637054944186183
0.0656327980182118
0.06760548215256995
0.06962432340746046
0.07169010720635278
0.07380362795390266
0.0759656890347109
0.0781771028648338
0.0804386910286892
0.08275128424579194
0.08511572244944687
0.08753285489982363
0.09000354016211118
0.09252864617726718
0.09510905038167104
0.0977456396302928
0.10043931036884958
0.10319096859632101
0.10600152995630258
0.10887191975748571
0.11180307302479589
0.11479593452111388
0.11785145883056126
0.12097061032995254
0.1241543632740666
0.12740370179750854
0.13071961996051049
0.13410312175898548
0.1375552211716937
0.14107694214832667
0.14466931865816302
0.1483333946951574
0.15207022427607872
0.15588087149400648
0.15976641045316695
0.16372792536773395
0.16776651046501406
0.1718832700514793
0.17607931848148836
0.1803557801711884
0.18471378951026454
0.18915449096868436
0.19367903896922514
0.1982885979263239
0.20298434218078937
0.20776745600911128
0.21263913353074138
0.21760057874744013
0.22265300543392555
0.22779763710733927
0.2330357070029188
0.2383684579905879
0.24379714250594475
0.2493230225433115
0.25494736950778113
0.2606714642114939
0.26649659673958603
0.27242406641444283
0.27845518168473393
0.28459126002772966
0.29083362787880007
0.29718362048929553
0.303642581871189
0.31021186463621386
0.3168928299134479
0.3236868472120345
0.3305952943055013
0.3376195570758638
0.3447610293922342
0.3520211130012225
0.35940121730041436
0.36690275926364985
0.374527163233865
0.3822758607601199
0.39015029047087063
0.39815189783764204
0.4062821350317914
0.41454246073522283
0.4229343399219338
0.4314592436878442
0.4401186490240265
0.4489140386001133
0.45784690058258387
0.4669187283386099
0.4761310203139199
0.48548527966676486
0.494983014121703
0.504625735654207
0.514414960304854
0.5243522078059683
0.5344390014087194
0.5446768675498563
0.5550673355800055
0.5656119374565937
0.5763122074310617
0.5871696817743083
0.5981858984075518
0.6093623966172235
0.6207007166745349
0.6322023995065558
0.6438689863608378
0.6557020183923378
0.6677030363282898
0.6798735800499155
0.6922151882361954
0.7047293979131835
0.7174177440589282
0.730281759171778
0.7433229728407965
0.7565429112629302
0.7699430968110645
0.7835250475456066
0.7972902767283004
0.8112402923186667
0.8253765964531875
0.8397006849483251
0.8542140467377537
0.8689181632994153
0.8838145081468691
0.8989045462001196
0.9141897331832548
0.9296715150934544
0.945351327483939
0.9612305948870542
0.9773107301435171
0.9935931337653006
1.0100791932311195
1.0267702823027696
1.043667760354498
1.0607729716005954
1.0780872444566674
1.0956118907051635
1.1133482048357972
1.131297463231059
1.1494609234227298
1.1678398233469016
1.1864353805121168
1.2052487912552583
1.2242812299305403
1.2435338481568343
1.263007773974264
1.2827041110981106
1.3026239381186009
1.322768307696352
1.343138245824344
1.3637347510372666
1.3845587936593418
1.4056113150629466
1.426893226956651
1.4484054106777264
1.4701487164624343
1.4921239628486294
1.5143319359970626
1.5367733891015571
1.5594490418113447
1.582359579709136
1.605505653768833
1.6288878799253241
1.6525068386502362
1.6763630745695166
1.7004570961455578
1.7247893753870012
1.7493603476100512
1.7741704112912675
1.799219927927928
1.8245092219599561
1.8500385807921398
1.875808254818706
1.9018184575289487
1.92806936567107
1.9545611194962018
1.981293822999203
2.0082675442906504
2.0354823159652327
2.0629381355724177
2.090634966099039
2.1185727365233733
2.146751342451138
2.1751706467169876
2.203830480116454
2.2327306421464597
2.2618709017797087
2.291250998275203
2.3208706420364176
2.3507295155043533
2.380827274046871
2.411163546921003
2.441737938205977
2.4725500278027646
2.5035993724026033
2.5348855064854288
2.5664079433474787
2.5981661761139994
2.630159678732466
2.6623879070066407
2.6948502996061743
2.7275462790656646
2.760475252778741
2.79363661398496
2.8270297427517264
2.8606540068975113
2.894508762966951
2.9285933571207976
2.9629071260524333
2.9974493978461694
3.032219492841631
3.0672167244604047
3.1024404000096015
3.137889821447439
3.173564286142492
3.2094630876056405
3.2455855161772003
3.2819308596896137
3.318498404122561
3.3552874342120234
3.392297234036635
3.4295270875787125
3.466976279255865
3.504644094447148
3.542529819935433
3.580632744397559
3.618952158823621
3.657487356919988
3.6962376355082323
3.7352022948654686
3.7743806390746277
3.813771976335627
3.8533756192667385
3.8931908851827446
3.9332170963325073
3.9734535801598714
4.0138996695073486
4.054554702840031
4.095418024391684
4.1364889843832
4.177766939143368
4.2192512512626585
4.260941289724797
4.3028364300076705
4.344936054206582
4.3872395510978
4.42974631624034
4.472455752043235
4.5153672678096015
4.558480279790011
4.601794211251129
4.645308492455732
4.6890225607430125
4.732935860507852
4.777047843225026
4.821357967450815
4.8658656988357905
4.910570510085591
4.955471880973586
5.000569298320267
5.0458622559616
5.091350254722464
5.13703280240982
5.182909413734395
5.228979610316513
5.275242920622048
5.321698879920104
5.368347030246762
5.4151869203571765
5.462218105652714
5.509440148157866
5.556852616448011
5.604455085602743
5.652247137135621
5.700228358956436
5.748398345287303
5.796756696625052
5.845303019663159
5.894036927232784
5.942958038245181
5.992065977622067
6.041360376241502
6.090840870867265
6.140507104075001
6.19035872420357
6.240395385286647
6.29061674698037
6.341022474507724
6.391612238581095
6.442385715368505
6.493342586386127
6.544482538471721
6.59580526369601
6.6473104593175005
6.698997828302181
6.750867076907245
6.8029179181346535
6.855150069341415
6.907563252748989
6.960157195394379
7.0129316290679435
7.065886290249602
7.119020920061795
7.1723352641921485
7.225829072850536
7.279502100709621
7.333354106850116
7.38738485470208
7.441594111996628
7.4959816506884875
7.550547246948667
7.605290681065534
7.660211737417387
7.715310204411137
7.770585874438492
7.826038543834129
7.881668012786576
7.9374740853488825
7.993456569346031
8.049615276343527
8.10595002159639
8.162460624009311
8.21914690608576
8.276008693888636
8.3330458169915
8.390258108428789
8.447645404677571
8.505207545581472
8.562944374336755
8.62085573743822
8.6789414846396
8.737201468923647
8.795635546442313
8.85424357650731
8.913025421526312
8.971980946979373
9.031110021370276
9.090412516212252
9.149888305973866
9.20953726804513
9.269359282703997
9.329354233102695
9.389522005188924
9.44986248772459
9.510375572215299
9.571061152906529
9.631919126715832
9.692949393245645
9.754151854717113
9.815526415964639
9.877072984387352
9.938791469931722
10.000681785061284
10.062743844720885
10.124977566322658
10.18738286970581
10.249959677117138
10.31270791317912
10.375627504864845
10.438718381484122
10.501980474636548
10.565413718199727
10.629018048311883
10.692793403336125
10.756739723827048
10.820856952533715
10.88514503435535
10.949603916330284
11.014233547604931
11.079033879419509
11.144004865077385
11.209146459931048
11.274458621361262
11.33994130874689
11.405594483460195
11.471418108830958
11.537412150137667
11.603576574576241
11.669911351252084
11.736416451166063
11.803091847167083
11.869937513968488
11.93695342811354
12.004139567949608
12.071495913626432
12.139022447070799
12.206719151966931
12.274586013739611
12.342623019555539
12.410830158273443
12.479207420455118
12.547754798343096
12.616472285832952
12.685359878477787
12.75441757345557
12.82364536956158
12.893043267186801
12.962611268322016
13.032349376519706
13.102257596889215
13.172335936087798
13.24258440230636
13.313003005240903
13.383591756093894
13.454350667558993
13.525279753802812
13.596379030453742
13.667648514592768
13.739088224735847
13.810698180820246
13.882478404199217
13.954428917621133
14.026549745229373
14.098840912533515
14.171302446411959
14.243934375095401
14.316736728150588
14.389709536480801
14.462852832300047
14.536166649133555
14.609651021800024
14.68330598640554
14.757131580328558
14.8311278422137
14.905294811956857
14.979632530697735
15.054141040808082
15.128820385887074
15.203670610739362
15.278691761378413
15.353883885010005
15.429247030022175
15.504781245980999
15.580486583613583
15.656363094799875
15.732410832577383
15.808629851108773
15.885020205695527
15.961581952748901
16.03831514979823
16.11521985547208
16.19229612949376
16.26954403267165
16.346963626888414
16.42455497509563
16.502318141308496
16.580253190593
16.65836018905418
16.73663920384053
16.81509030312246
16.89371355609351
16.97250903296166
17.051476804935064
17.130616944221554
17.209929524019074
17.289414618508985
17.36907230284688
17.44890265315563
17.528905746518188
17.609081660971125
17.689430475501542
17.76995227002944
17.850647125411676
17.93151512342735
18.012556346777764
18.09377087907641
18.17515880483912
18.256720209482378
18.33845517931657
18.420363801533604
18.50244616420776
18.584702356285288
18.667132467581023
18.749736588765124
18.83251481136904
18.91546722776675
18.99859393117353
19.081895015647312
19.165370576067843
19.249020708143505
19.332845508401878
19.41684507417374
19.50101950360931
19.58536889564984
19.669893350034926
19.75459296729185
19.83946784873469
19.924518096453536
20.0097438133084
20.095145102931337
20.180722069711045