0.01571924401413314
0.016379129238763838
0.01706048905979206
0.01776381902017166
0.01848962163786635
0.019238406419503064
0.020010689951601275
0.02080699592229427
0.0216278552195093
0.02247380596870051
0.023345393591682567
0.024243170878497
0.025167698063871105
0.02611954285427642
0.027099280537900398
0.028107494001651086
0.029144773847086615
0.030211718443290993
0.0313089339724267
0.032437034517364495
0.033596642139011146
0.03478838692831633
0.03601290709787436
0.03727084904522614
0.03856286741914008
0.03988962518154875
0.041251793744703176
0.042650052954540545
0.044085091230196806
0.045557605626191607
0.04706830186321037
0.048617894479532624
0.0502071068490296
0.05183667128170268
0.053507329077055674
0.05521983063642477
0.05697493549152656
0.05877341242212518
0.060616039512259426
0.06250360422322618
0.06443690346941867
0.06641674368771049
0.06844394092508527
0.07051932090169052
0.07264371907513256
0.07481798074672454
0.07704296107191266
0.07931952517595746
0.08164854821624282
0.0840309154327934
0.0864675222371457
0.0889592742530599
0.09150708738267668
0.094111887902339
0.09677461247624546
0.09949620824246659
0.10227763286060747
0.10511985458603242
0.10802385227296804
0.11099061550110718
0.11402114454780576
0.11711645048502158
0.12027755520537994
0.12350549145680353
0.12680130291859892
0.1301660441740257
0.13360078081555152
0.1371065894115876
0.1406845575736384
0.144335783982243
0.14806137838263103
0.15186246163945996
0.1557401656939935
0.1596956336533447
0.16373001971985102
0.16784448925983753
0.17204021876513925
0.17631839585794196
0.18068021929475397
0.18512689894294726
0.18965965576164273
0.19427972180369613
0.19898834016505645
0.2037867649660236
0.20867626132766534
0.21365810530181273
0.21873358388359626
0.2239039948988679
0.229170647001346
0.2345348595952878
0.23999796276523652
0.24556129721669132
0.25122621420870916
0.2569940754574627
0.2628662530656148
0.2688441294251314
0.27492909713275504
0.2811225588684895
0.2874259273080944
0.2938406249869237
0.300368084219495
0.3070097469241059
0.3137670645188198
0.32064149779126305
0.3276345167454583
0.33474760042594465
0.3419822367977521
0.34933992257399654
0.35682216301753383
0.3644304718080253
0.3721663708150439
0.3800313899220696
0.3880270668383213
0.39615494689507325
0.40441658279170256
0.41281353442080176
0.4213473686275073
0.4300196589422658
0.4388319853940311
0.4477859341877966
0.456883097512455
0.46612507322193014
0.4755134645792385
0.4850498799603349
0.4947359325627996
0.5045732401080705
0.5145634245083008
0.5247081115549388
0.5350089305958867
0.545467514157179
0.5560854976290786
0.5668645188615651
0.5778062178261033
0.5889122362002086
0.6001842169773332
0.6116238040679386
0.623232641835903
0.6350123747223078
0.6469646467412562
0.659091101073748
0.6713933795189376
0.6838731220681495
0.6965319663737615
0.7093715472377007
0.722393496066301
0.735599440328637
0.7489910029900335
0.7625698019283216
0.776337449328746
0.7902955510886789
0.8044457061634984
0.8187895059107313
0.8333285334488407
0.8480643629445203
0.862998558931515
0.8781326755562109
0.8934682558618259
0.9090068310202215
0.9247499195491926
0.9406990265123798
0.9568556427278708
0.9732212439059279
0.9897972898028513
1.006585223375836
1.0235864698897923
1.0408024359949999
1.058234508851678
1.0758840551907576
1.0937524203587659
1.1118409273905152
1.1301508760457954
1.1486835418352674
1.1674401750564118
1.1864219998185541
1.2056302130733516
1.2250659836221929
1.244730451164434
1.264624725316094
1.2847498846683931
1.3051069758369809
1.3256970125382246
1.3465209746838662
1.367579807486479
1.3888744206124615
1.4104056873507962
1.4321744438024113
1.4541814881422783
1.4764275798951632
1.498913439266983
1.5216397465073181
1.5446071413562028
1.5678162225171042
1.591267547216788
1.6149616307727557
1.638898946316948
1.6630799244843262
1.6875049532467952
1.7121743777954146
1.737088500476598
1.7622475808233933
1.7876518356681843
1.8133014393309832
1.8391965238440904
1.8653371793057167
1.8917234542872272
1.9183553563134899
1.9452328524070253
1.9723558697165589
1.999724296227739
2.0273379814921046
2.055196737448148
2.0833003393332357
2.1116485265842364
2.1402410038220494
2.1690774419109857
2.198157479006723
2.2274807216766286
2.2570467460367123
2.28685509895213
2.3169052992052914
2.347196838742163
2.377729183884318
2.4085017765792096
2.4395140356600056
2.47076535808755
2.5022551202092003
2.5339826789934685
2.565947373271233
2.5981485249676473
2.630585440284272
2.663257410910005
2.6961637151699502
2.729303619168827
2.7626763779117844
2.7962812363835163
2.83011743059957
2.86418418863246
2.898480731617422
2.933006274677494
2.9677600278700655
3.0027411970626794
3.0379489847899666
3.073382591057458
3.1090412141271497
3.1449240512685606
3.1810302994433894
3.2173591560036963
3.253909819297618
3.2906814893147964
3.327673368205832
3.364884660847156
3.4023145753635866
3.439962323544504
3.4778271213429477
3.5159081892634925
3.554204752751619
3.5927160425454763
3.6314412950273898
3.670379752499787
3.709530663493763
3.7488932830260104
3.7884668728169024
3.8282507015357568
3.868244044963683
3.9084461862019815
3.948856415807687
3.989474031950331
4.030298340532217
4.071328655291068
4.112564297906527
4.154004598082442
4.195648893600617
4.237496530389077
4.279546862571962
4.321799252490759
4.364253070739296
4.406907696173427
4.449762515923074
4.492816925372114
4.536070328177625
4.579522136231774
4.623171769652014
4.667018656734541
4.711062233939642
4.755301945836715
4.799737245072737
4.844367592305616
4.889192456175265
4.934211313230624
4.979423647859651
5.024828952258791
5.07042672633554
5.116216477660531
5.162197721385868
5.2083699801788415
5.2547327841444735
5.301285670767683
5.348028184797975
5.394959878206493
5.442080310101741
5.489389046634879
5.536885660934187
5.584569733023145
5.632440849724364
5.680498604603974
5.728742597870226
5.777172436292432
5.825787733137171
5.874588108065019
5.923573187065262
5.972742602376208
6.022095992379807
6.07163300156591
6.121353280405906
6.171256485311765
6.221342278532396
6.271610328094074
6.322060307703116
6.372691896696618
6.42350477994278
6.4744986477771045
6.525673195927556
6.577028125450638
6.628563142632587
6.680277958948049
6.732172290968593
6.784245860313812
6.836498393557361
6.888929622176568
6.941539282485773
6.9943271161657155
7.047292867793257
7.100436288374884
7.1537571328931895
7.2072551608532605
7.26093013619306
7.314781827260214
7.368810006713964
7.423014451493631
7.47739494274998
7.531951265789489
7.586683210011049
7.641590568873689
7.6966731398177615
7.75193072421765
7.807363127336591
7.862970158266968
7.918751629889359
7.974707358806741
8.030837165311734
8.087140873327133
8.143618310358633
8.200269307454974
8.257093699155938
8.314091323452136
8.371262021733497
8.428605638747307
8.486122022560368
8.543811024508088
8.601672499160491
8.6597063042769
8.717912300769699
8.776290352657412
8.834840327024239
8.893562094003183
8.952455526710876
9.011520501222511
9.070756896531257
9.130164594528273
9.189743479941509
9.249493440327779
9.309414366007951
9.369506150068698
9.429768688299935
9.490201879181168
9.550805623835066
9.611579826008604
9.672524392035326
9.733639230811637
9.79492425375435
9.856379374781088
9.918004510282708
9.979799579092168
10.041764502450379
10.103899203988087
10.166203609700435
10.228677647901522
10.29132124922429
10.354134346577448
10.41711687512462
10.480268772261386
10.54358997759641
10.607080432896336
10.670740082119295
10.73456887133063
10.798566748721642
10.862733664571476
10.927069571219691
10.991574423060193
11.05624817650323
11.121090789967221
11.186102223842498
11.25128244049206
11.31663140421297
11.382149081224059
11.447835439645083
11.513690449476734
11.579714082582521
11.645906312678967
11.712267115286322
11.778796467755882
11.845494349216487
11.912360740573028
11.979395624479029
12.046598985328187
12.113970809236271
12.181511084026457
12.24921979920142
12.317096945938347
12.385142517072575
12.453356507072376
12.52173891204257
12.590289729683558
12.659008959296905
12.727896601764002
12.796952659528797
12.866177136586272
12.93557003847013
13.005131372228373
13.074861146427738
13.144759371123067
13.214826057853069
13.285061219623943
13.35546487089796
13.426037027579804
13.496777707001684
13.56768692791526
13.638764710474023
13.710011076227953
13.781426048103294
13.853009650400184
13.924761908771819
13.996682850217859
14.068772503069912
14.14103089698645
14.213458062933066
14.28605403317875
14.358818841278524
14.431752522074913
14.50485511166991
14.578126647424096
14.651567167952056
14.725176713100526
14.798955323945421
14.872903042780408
14.947019913104874
15.021305979617468
15.095761288204683
15.170385885932161
15.245179821036638
15.320143142910666
15.395275902101996
15.470578150299058
15.54604994032177
15.62169132611646
15.697502362744556
15.77348310637391
15.849633614266628
15.925953944785402
16.002444157361488
16.07910431250798
16.155934471799842
16.232934697869165
16.310105054398502
16.38744560610891
16.464956418755637
16.54263755912042
16.62048909500154
16.698511095209003
16.776703629554966
16.855066768841954
16.93360058486882
17.012305150410622
17.091180539213806
17.170226825994195
17.24944408642559
17.32883239713753
17.408391835699142
17.488122480619538
17.568024411341344
17.648097708231763
17.728342452574893
17.808758726568477
17.889346613312515
17.970106196809603
18.051037561946835
18.13214079450783
18.2134159811478
18.294863209398983
18.37648256765702
18.458274145184784
18.540238032095008
18.622374319348047
18.704683098752263
18.787164462951974
18.869818505415783
18.952645320448006
19.035645003165964
19.11881764950071
19.2021633561943
19.285682220790264
19.369374341626983
19.453239817840835
19.537278749341958
19.62149123683425
19.70587738178757
19.790437286445666
19.875171053815517
19.960078787665207
20.04516059251302
20.13041657362854
20.21584683702397
20.30145148945079
20.387230638390555
20.473184392061356
20.55931285939499
20.64561615004749
20.732094374386374
20.818747643487505
20.90557606913114
20.992579763797085