0.000318081828508628
0.0003387377891195646
0.00036050336252236356
0.0003834250817576337
0.0004075508433410828
0.0004329299052775728
0.00045961294241932615
0.00048765204187342854
0.0005171006819011677
0.0005480138531847763
0.0005804479580407427
0.0006144609169160907
0.0006501121567209557
0.000687462604746628
0.0007265747353352528
0.000767512596193595
0.0008103417809621798
0.0008551294806016098
0.0009019445084651152
0.0009508572835421465
0.0010019398724114544
0.001055265977325422
0.0011109109914441498
0.0011689519865474222
0.0012294677388519893
0.0012925387218125162
0.0013582471619762759
0.001426677019620189
0.0014979140091067565
0.001572045624453096
0.0016491611673824101
0.0017293516845184875
0.0018127101034229093
0.0018993311342907898
0.001989311362545446
0.0020827491819368866
0.0021797449010380917
0.0022804006760952632
0.0023848205823977066
0.002493110579896165
0.002605378551556377
0.002721734302862588
0.002842289603522387
0.0029671581512232194
0.003096455622025731
0.0032302996619235015
0.0033688098967727697
0.0035121079682876788
0.003660317518028598
0.003813564205647989
0.003971975728998094
0.004135681820531412
0.004304814263188258
0.004479506918944711
0.004659895691824402
0.004846118611556425
0.005038315762950188
0.005236629356644684
0.005441203707511346
0.005652185248307417
0.005869722560333968
0.006093966358665438
0.006325069514367383
0.006563187060826683
0.006808476182704719
0.0070610962847007085
0.007321208916085805
0.007588977874965199
0.007864569140259505
0.00814815090062509
0.008439893588463365
0.008739969867632763
0.009048554657652426
0.009365825119552364
0.009691960676725866
0.010027143049062917
0.010371556206404639
0.01072538642836985
0.011088822295045968
0.011462054698656424
0.0118452768351204
0.012238684244019969
0.012642474791595438
0.013056848688742972
0.01348200850566094
0.013918159179669569
0.014365508013224997
0.014824264686083187
0.015294641284840855
0.015776852276497576
0.016271114550284748
0.016777647405005196
0.0172966725780776
0.017828414224559972
0.01837309895935097
0.018930955850239094
0.019502216416413223
0.020087114671905156
0.0206858870868637
0.021298772641423405
0.021926012806962217
0.022567851566209173
0.023224535425656542
0.023896313409229642
0.024583437095399164
0.025286160588012627
0.026004740570038987
0.026739436276261908
0.027490509526171977
0.028258224704231366
0.029042848810143056
0.029844651447307545
0.030663904818478582
0.03150088375877951
0.03235586573955101
0.03322913086797877
0.03412096189193419
0.03503164424987126
0.03596146603123181
0.036910718005738134
0.03787969363431574
0.038868689079767774
0.039878003231226984
0.040907937653514116
0.04195879669512365
0.04303088740332468
0.04412451957902263
0.045240005801583556
0.046377661389859985
0.04753780445990745
0.048720755897429455
0.049926839406557316
0.051156381468641744
0.052409711406299596
0.053687161340467804
0.0549890662389349
0.05631576391174855
0.05766759502846839
0.059044903093217624
0.060448034513198155
0.06187733854233933
0.06333316734087632
0.06481587596256565
0.06632582237144147
0.0678633674297759
0.06942887494574167
0.07102271162885243
0.0726452471608362
0.07429685414089778
0.07597790814281458
0.07768878770153162
0.07942987432135346
0.08120155248972166
0.08300420966740932
0.0848382363333288
0.08670402595275671
0.08860197500153753
0.09053248297824763
0.09249595239575487
0.09449278881200085
0.09652340080765898
0.09858820001058645
0.10068760110339563
0.10282202181215898
0.1049918829374395
0.10719760834051319
0.10943962495143696
0.11171836278580506
0.11403425493308163
0.11638773757757721
0.11877924999460109
0.12120923453333238
0.12367813667900501
0.12618640499879072
0.12873449116438915
0.13132284997350085
0.13395193930923968
0.13662222020417927
0.13933415679231825
0.14208821632596058
0.1448848691695096
0.1477245888419175
0.1506078519652991
0.1535351382873978
0.15650693068468852
0.15952371516287445
0.1625859808534113
0.1656942200156177
0.16884892803071713
0.1720506033983626
0.17529974775215187
0.17859686584709114
0.18194246555450608
0.18533705785571158
0.18878115684921093
0.19227527974957853
0.1958199468694625
0.19941568163435489
0.20306301057340695
0.20676246327114559
0.21051457244827673
0.21431987389379067
0.21817890645317062
0.22209221207270402
0.2260603357428832
0.2300838255238502
0.23416323250232676
0.23829911084213154
0.2424920177146723
0.24674251331731573
0.2510511608711533
0.2554185265972942
0.25984517971065896
0.26433169242072435
0.26887863989391464
0.2734866002783017
0.27815615465718346
0.2828878870546695
0.2876823844328262
0.2925402366437658
0.2974620364611735
0.3024483795290448
0.3074998643646648
0.3126170923403624
0.3178006676735801
0.3230511973947271
0.32836929136132864
0.33375556218702884
0.339210625305265
0.3447350988710873
0.3503296037787841
0.35599476366225447
0.36173120484002214
0.36753955631461505
0.3734204497560571
0.3793745194635146
0.3854024023688958
0.391504737990926
0.3976821684339062
0.40393533835432444
0.41026489493181156
0.4166714878719956
0.4231557693662868
0.4297183940413599
0.43636001898844706
0.4430813037031385
0.4498829100703643
0.45676550233460483
0.46372974707866615
0.47077631318929847
0.47790587184465944
0.4851190964667761
0.49241666272179285
0.499799248459276
0.5072675337112209
0.5148222006410381
0.5224639335349887
0.5301934187537768
0.5380113447157939
0.5459184018670807
0.5539152826295686
0.5620026814019485
0.5701812944914045
0.5784518201180814
0.5868149583612168
0.5952714111233932
0.6038218821167617
0.6124670768083029
0.6212077023885498
0.6300444677725796
0.6389780834927734
0.6480092617320803
0.6571387162682872
0.6663671624134473
0.6756953170225687
0.6851238984043707
0.6946536263271181
0.7042852219694686
0.7140194078767822
0.7238569079189198
0.7337984472641775
0.7438447523421751
0.7539965507835314
0.7642545714077025
0.7746195441617876
0.7850922001045191
0.795673271330051
0.8063634909782612
0.8171635931373162
0.8280743128425543
0.8390963860124379
0.8502305494281988
0.8614775406710317
0.8728380981048419
0.8843129607812924
0.8959028684757984
0.9076085615593104
0.9194307810354266
0.9313702684201188
0.9434277657598542
0.9556040155453309
0.9678997606986937
0.9803157444877656
0.9928527105218282
1.0055114026833545
1.018292565083201
1.0311969420341704
1.0442252779468728
1.0573783173616251
1.0706568048462999
1.0840614849630592
1.0975931022220589
1.1112524010277032
1.1250401256376843
1.1389570201186716
1.1530038282585577
1.1671812935741535
1.1814901592133806
1.195931167935164
1.2105050620337174
1.2252125833169465
1.2400544730153436
1.2550314717659756
1.2701443195489346
1.2853937556093886
1.300780518450135
1.316305345747322
1.3319689742865248
1.3477721399405298
1.363715577594612
1.3798000210944041
1.3960262031885535
1.412394855477583
1.4289067083505884
1.4455624909355917
1.462362931036362
1.4793087550843802
1.4964006880517065
1.5136394534350928
1.5310257731741854
1.5485603675796604
1.5662439552997098
1.58407725323688
1.6020609765119531
1.6201958383572015
1.6384825501310352
1.6569218211652075
1.6755143587779724
1.694260868163988
1.7131620523517435
1.7322186121290861
1.751431246000896
1.770800650078245
1.790327518068715
1.8100125411808257
1.8298564080498085
1.849859804688455
1.8700234144136372
1.8903479177828812
1.9108339925227487
1.931482313450517
1.9522935524304876
1.973268378288219
1.9944074567376662
2.0157114503084466
2.037181018316919
2.0588168167303946
2.0806194981421897
2.1025897116955377
2.1247281030029104
2.1470353140606235
2.169511983216812
2.1921587450644373
2.214976230380966
2.237965066060969
2.261125875039046
2.2844592762182026
2.3079658843888025
2.331646310179662
2.355501159957017
2.3795310357680433
2.4037365352760713
2.4281182516652553
2.4526767735877004
2.47741268508328
2.5023265655103755
2.5274189894761183
2.552690526765396
2.578141742246144
2.6037731958545782
2.629585442469084
2.65557903186293
2.6817545086444374
2.708112412172953
2.7346532765006346
2.7613776303028184
2.788285996814594
2.8153788937482638
2.8426568332597046
2.870120321863842
2.89776986036961
2.9256059438355164
2.95362906148859
2.981839696688884
3.0102383268383686
3.0388254233710024
3.067601451647849
3.096566870926421
3.1257221343261707
3.1550676887406155
3.184603974814001
3.2143314268879295
3.2442504729477393
3.27436153495304
3.304665027342297
3.3351613591486067
3.365850932532332
3.3967341431033216
3.427811379883921
3.459083025286136
3.4905494550474603
3.5222110382632716
3.554068137292128
3.5861211077861745
3.618370298640258
3.650816051990682
3.683458703185543
3.7162985807755464
3.7493360065087926
3.782571295304214
3.8160047552757796
3.84963668769464
3.883467387010596
3.9174971408496204
3.951726230014723
3.9861549284883133
4.020783503450194
4.0556122152904726
4.090641317607697
4.125871057251804
4.1613016743311935
4.196933402224147
4.2327664676361705
4.268801090575423
4.305037484442327
4.341475856034659
4.378116405573868
4.41495932675633
4.452004806798286
4.489253026465377
4.526704160142161
4.564358375844144
4.602215835302559
4.640276693997382
4.678541101221503
4.71700920013534
4.7556811278317515
4.7945570153777455
4.833636987910049
4.872921164668999
4.912409659094605
4.9521025788770725
4.992000026030901
5.0321020969738255
5.072408882597939
5.11292046834466
5.153636934293357
5.194558355222664
5.235684800703699
5.2770163351757695
5.318553018045306
5.360294903740348
5.40224204182846
5.444394477079909
5.486752249564229
5.529315394744185
5.5720839435509895
5.615057922480743
5.658237353695098
5.701622255090889
5.745212640413461
5.789008519319719
5.8330098975192515
5.87721677681207
5.921629155207017
5.966247027022429
6.01107038296061
6.056099210209485
6.101333492532346
6.146773210378434
6.1924183409316065
6.238268858251329
6.284324733328536
6.330585934204292
6.377052426035445
6.4237241712010045
6.470601129384559
6.517683257670341
6.564970510623288
6.61246284038375
6.66016019675077
6.708062527268227
6.756169777307255
6.804481890166031
6.852998807137176
6.901720467586825
6.950646809055156
6.999777767324913
7.049113276505929
7.098653269107489
7.148397676120128
7.198346427094572
7.248499450217202
7.298856672378942
7.3494180192523375
7.400183415362311
7.451152784157523
7.502326048088203
7.553703128654923
7.605283946499461
7.6570684214509726
7.70905647260381
7.761248018379961
7.813642976585026
7.866241264475493
7.919042798800313
7.972047495909888
8.025255271746504
8.078666041948475
8.132279721890853
8.186096226736195