 0.00000000000000E+00
 0.00000000000000E+00
 0.00000000000000E+00
 0.00000000000000E+00
 0.14701512467970E-14
 0.55642801840440E-15
 0.31005260252808E-16
-0.12191147494546E-14
-0.88859853861230E-14
-0.69569476148897E-13
-0.37045737718855E-12
-0.14713833899353E-11
-0.46819698607533E-11
-0.12527819274499E-10
-0.29201342898050E-10
-0.60845991334375E-10
-0.11573411992394E-09
-0.20394541376122E-09
-0.33724858568411E-09
-0.52841068215073E-09
-0.79075792358683E-09
-0.11376178864018E-08
-0.15819353748424E-08
-0.21356063610996E-08
-0.28100518005967E-08
-0.36150133056413E-08
-0.45595660338128E-08
-0.56518002508487E-08
-0.68991029094324E-08
-0.83083749208969E-08
-0.98863502807186E-08
-0.11642252232498E-07
-0.13576556359126E-07
-0.15700067508846E-07
-0.18024290913944E-07
-0.20561365720368E-07
-0.23316082332177E-07
-0.26291647392718E-07
-0.29512200389488E-07
-0.32989409122718E-07
-0.36720952595045E-07
-0.40726766302456E-07
-0.45023753252466E-07
-0.49628209186692E-07
-0.54582696626202E-07
-0.59830953863679E-07
-0.65387184124661E-07
-0.71331911650555E-07
-0.77624421364160E-07
-0.84200003209839E-07
-0.91221371693951E-07
-0.98523970461015E-07
-0.10612963664907E-06
-0.11395849335822E-06
-0.12217043120463E-06
-0.13063931001741E-06
-0.13931756059221E-06
-0.14812173519859E-06
-0.15732194443282E-06
-0.16643033160929E-06
-0.17558424605810E-06
-0.18473410816119E-06
-0.19269541440250E-06
-0.20200097850820E-06
-0.21029324519280E-06
-0.21757939413146E-06
-0.22435534073450E-06
-0.23000569651141E-06
-0.23439598310441E-06
-0.23689289039555E-06
-0.23866807399467E-06
-0.23835215248249E-06
-0.23576425273957E-06
-0.23141370741378E-06
-0.22501994211650E-06
-0.21727788511538E-06
-0.20754101622608E-06
-0.19644053741084E-06
-0.18522175423586E-06
-0.17301479987328E-06
-0.16060890956589E-06
-0.14831611253280E-06
-0.13640138387270E-06
-0.12506655058108E-06
-0.11445511405039E-06
-0.10465421890001E-06
-0.95702980265908E-07
-0.87602200806785E-07
-0.80324272675644E-07
-0.73822061086168E-07
-0.68037206466570E-07
-0.62904785779851E-07
-0.58363520547128E-07
-0.54334118054857E-07
-0.50772540437174E-07
-0.47616016943609E-07
-0.44814116187218E-07
-0.42321803613777E-07
-0.40099504368791E-07
-0.38112329116662E-07
-0.36329542397306E-07
-0.34724326595724E-07
-0.33273640270858E-07
-0.31957583421796E-07
-0.30759235202450E-07
-0.29663963100428E-07
-0.28658986221874E-07
-0.27733194495911E-07
-0.25608721504598E-07
-0.26082497263105E-07
-0.25342391953653E-07
-0.24650680636243E-07
-0.24001971335769E-07
-0.23391704313690E-07
-0.22815826086011E-07
-0.22270827981313E-07
-0.21753650557344E-07
-0.21261605039022E-07
-0.20792332613226E-07
-0.20343757397769E-07
