7.943778454913594e-12
7.943778454913594e-12
7.943778454913594e-12
7.943778454913594e-12
7.943778454913594e-12
7.943778454913594e-12
8.067899993271618e-12
1.3281004604308664e-11
1.1444005836609896e-10
1.2023653420741872e-9
8.838694746474953e-9
4.769792124637524e-8
2.0197118782386992e-7
7.057718235114079e-7
2.112953591433246e-6
5.574712232989322e-6
0.000013245952433633281
0.000028829108717929714
0.00005825052268623008
0.0001104525953609813
0.00019827600733437158
0.00033940174241085856
0.0005573220758795243
0.0008823119762352742
0.0013523770128028914
0.0020141598456173203
0.0029237932629840647
0.004147693587453034
0.005763293448917387
0.007859716743513389
0.010538401717785138
0.013913679752879268
0.018113318272401983
0.023279035943493905
0.02956699726367574
0.03714829209348902
0.046209403293080396
0.05695266308172349
0.06959669610950957
0.0843768440025332
0.10154556401781448
0.12137279132303909
0.14414625297961492
0.17017172002321432
0.19977318310816294
0.23329293761571704
0.27109156423289016
0.31354779294851187
0.3610582402283527
0.41403701177047075
0.47291516631319885
0.5381400391782217
0.6101744272519395
0.6894956404343972
0.7765944269925236
0.8719737824004815
0.9761476528255324
1.089639544625348
1.2129810513757457
1.346710308288937
1.4913703820783966
1.647507601316891
1.8156698288764137
1.9964046750500684
2.190257645324332
2.3977702152857723
2.6194778231448184
2.8559077714225576
3.1075770328929013
3.3749899633854406
3.658635935026891
3.958986919322172
4.276495067460498
4.611590356380688
4.9646783880104
5.336138444852706
5.726321912296833
6.135551174262409
6.564119071818185
7.012288984665828
7.48029555578307
7.968346034858633
8.476622173261962
9.005282567810006
9.554465327371009
10.124290926950787
10.714865118407593
11.32628175907995
11.958625624988784
12.611974659276122
13.286402414072201
13.981979862845686
14.698777060993203
15.436864504771101
16.196314231010792
16.977200682793494
17.77960136877143
18.603597344157663
19.44927354046017
20.316718968850008
21.206026819586416
22.11729447727592
23.0506234690053
24.00611935986428
24.983891608170897
25.98405339059854
27.00672140568559
28.05201566272379
29.12005926165851
30.210978168715087
31.324900991412157
32.46195875603298
33.622284689914736
34.80601401050961
36.01328372271275
37.244232425640206
38.499000129821724
39.77772808547486
41.08055862244035
42.40763500217385