0.004742859362407887
0.007476260076175525
0.011332625969699464
0.016613274567942454
0.023663458210864022
0.032874752553351635
0.0446877689461564
0.05959514362895991
0.07814468392353381
0.10094248453570216
0.1286557677561409
0.162015156081682
0.20181605856874243
0.24891884822224153
0.3042475304006225
0.36878664881344175
0.4435762413225882
0.5297047267897558
0.628299656887737
0.7405162777796015
0.8675237953823463
1.0104891195794874
1.1705577089550112
1.3488310412658053
1.5463403663086839
1.7640169938570962
2.0026606259006448
2.2629090905167764
2.5452146573770293
2.8498327399073413
3.17682712097511
3.5260919454527135
3.8973862850145378
4.29037433750497
4.704664362438077
5.13984160624109
5.5954932109307105
6.071225246091209
6.56667316625677
7.081507343639121
7.615435201935277
8.168201165149503
8.739585302462528
9.329401268808352
9.937493928873849
10.563736903257656
11.20803017611031
11.870297839127112
12.550486006735118
13.248560913216377
13.964507188535997
14.69832630217272
15.450035160815123
16.219664844467985
17.007259465883344
17.812875138898626
18.636579042761085
19.478448570655285
20.33857055217153
21.21704054063536
22.113962157435036
23.029446486493743
23.963611512978204
24.91658160113565
25.888487006826452
26.879463420975924
27.889651540655976
28.91919666495159
29.968248313198334
31.036959863491056
32.12548820963912
33.23399343502193
34.36263850203176
35.511588955913766
36.68101264205665
37.8710794358884
39.08196098465071
40.31383046047824
41.56686232423225
42.84123209970146
44.13711615780867
45.45469151051518
46.79413561420265
48.15562618235478
49.53934100737084
50.945457791426044
52.37415398626067
53.8256066418975
55.29999226419212
56.79748668125269
58.31826491869076
59.8625010837272
61.43036825816472
63.02203840025575
64.63768225547757
66.27746927625107
67.94156755062417
69.63014373995124
71.34336302557382
73.08138906453634
74.84438395433814
76.63250820671409
78.44592073047902
80.28477882337684