0.004855419931728304
0.0076443487238445325
0.011574978624843633
0.016952491397809116
0.02412642182203098
0.03349309330277032
0.04549838376099015
0.0606407691246305
0.07947451840356037
0.10261284566071903
0.13073076535661193
0.16456735154438806
0.20492707554304995
0.25267989370242805
0.3087597817293862
0.37416146095978126
0.4499351293222047
0.5371790791042333
0.6370301342578674
0.7506518452744891
0.8792203197593722
1.0239074390038612
1.1858610532682676
1.3661816655286734
1.5658952917784015
1.7859228740172302
2.0270480070914605
2.289886692976895
2.5748646314076002
2.882207929405819
3.2119510241533926
3.5639613753512873
3.937976030044314
4.333642750083595
4.750558863930719
5.188303434730919
5.646461125095221
6.124638186026044
6.6224720251264895
7.139636052798947
7.675841321543579
8.230836137283633
8.804404484819937
9.396363832847976
10.006562679660533
10.634878058916913
11.281213131098891
11.945494926370458
12.627672267591176
13.327713880121156
14.045606682723824
14.781354247309851
15.534975412307437
16.306503033779187
17.095982858815216
17.90347250674841
18.729040545147534
19.57276564892716
20.43473583231044
21.315047744706085
22.21380602266201
23.13112269118928
24.06711660858697
25.021912949759443
25.995642723682437
26.988442321247934
28.000453090312828
29.031820935144093
30.082695937871414
31.153231999897336
32.24358650149469
33.35391997806349
34.48439581172997
35.6351799371874
36.8064405608023
37.99834789216862
39.21107388742225
40.44479200372237
41.69967696439849
42.97590453437101
44.2736513054596
45.59309449136561
46.93441173202749
48.29778090722125
49.68337995925172
51.09138672463333
52.52197877464646
53.97533326480863
55.45162679311506
56.95103526713132
58.473733779889145
60.01989649459978
61.589696538225446
63.183305903902074
64.80089536227094
66.44263438171959
68.10869105757938
69.79923205028953
71.51442253255831
73.25442614554532
75.01940496404362
76.80951947071595
78.62492853933277
80.46578942704531