112.42359573926639
112.47935318428281
112.5490358661205
112.6465657811621
112.77191692256174
112.925055573719
113.1059400694856
113.31452075781657
113.55073899814984
113.81452719219588
114.10580761567098
114.42449219580847
114.7704825281059
115.14366604622444
115.54392060916595
115.97111219960868
116.42509669626251
116.90572076698191
117.4128241308015
117.9462396109239
118.50580082875939
119.09133400795304
119.70266987487071
120.3396390155529
121.00208170097929
121.68983491937644
122.4027481537432
123.14067698344654
123.90348571254154
124.6910475136521
125.50324554749605
126.33997247381458
127.20113118706475
128.08663507841877
128.99640684678212
129.93038034496556
130.88849829225654
131.87071306082686
132.876986896852
133.90729059077518
134.9616036039293
136.0399124757761
137.14221520531507
138.2685128906306
139.41881597512457
140.59314076789028
141.79151135025887
143.0139535906633
144.2605102493547
145.53121260074917
146.82610768395477
148.14524433317695
149.48867672820643
150.85646081313388
152.24865670260505
153.66532939692536
155.10654399932014
156.5723148245429
158.06287783496686
159.5781417680358
161.11823700060617
162.6832397078668
164.27322862759968
165.88828221704264
167.5284806338724
169.19390281505395
170.88463577118594
172.60075549350972
174.34234526508604
176.10948644601447
177.9022610971206
179.72074997191513
181.56503417266867
183.4351931203492
185.33130725155073
187.2534546823798
189.2017128238056
191.17615890087353
193.17686801245392
195.20391584146174
197.25737366607638
199.33731492332242
201.44381188097273
203.57693065426537
205.73674036267812
207.9233068550497
210.13669648916525
212.37697160436375
214.64419419438514
216.93842464675922
219.2597228103648
221.60814376360636
223.98374653739077
226.38658360398884
228.81670795545773
231.2741716957838
233.75902492841746
236.2713162216631
238.8110835995663
241.37840155641203
243.97328701869256
246.59579326850118
249.24596291455512
251.92383007138724
254.62945783287373
257.36286282705765
260.1240919232169
262.9131827189591
265.7301736968304
268.5751008266902
271.4479991426059
274.3489052538677
277.2778534237161
280.23487884472405
283.2200216692147
286.2333052853535
289.27477191047853
292.3444545753462
295.442387429225
298.5686056571943