0.021726300792494463
0.03157235784634574
0.044518995204815684
0.06117856454457301
0.08222973466541343
0.10842604833627116
0.1406083902171101
0.1797229795493959
0.22684751111798782
0.28322985955285834
0.35034706045299924
0.4299985731513741
0.5244600329302003
0.6367458309667112
0.7710499952046438
0.9332812678940393
1.1303509703156271
1.3655682262280882
1.6360940290140413
1.9373861818247042
2.265941138460337
2.619365568107988
2.9960129843012617
3.394717365749811
3.814630112012581
4.255120599933541
4.71571364824291
5.196048764910712
5.695852686367793
6.214920316771607
6.753101151437946
7.310289386057771
7.886416566811031
8.481446031154352
9.09536863509695
9.728199420201697
10.379974977049283
11.050751331485635
11.740602227634795
12.449617715042553
13.177902971033136
13.925577306391679
14.692773315042809
15.479636137566812
16.286322815324517
17.113001717147615
17.95985202445668
18.827063263760653
19.714834877721817
20.623375827835083
21.552904223093314
22.50364697014757
23.47583944128593
24.469725157229508
25.485555482247744
26.523589329528377
27.58409287505372
28.667339278493518
29.773608409800445
30.903186580436845
32.05636627820766
33.23344590483451
34.43472951549902
35.66052655963861
36.911151622353394
38.18692416585009
39.48816827040412
40.81521237434853
42.16838901266913
43.54803455383149
44.95448893448837
46.38809539179269
47.84920019304026
49.33815236249513
50.85530340519634
52.40100702766434
53.97561885546691
55.579496147623196
57.21299750791561
58.87648259320126
60.570311818886424
62.294846061791745
64.05044636064699
65.83747361456301
67.65628827984814
69.50725006558908
71.39071762847676
73.3070482674183
75.25659761847992
77.23971935079838
79.25676486409836
81.3080829885163
83.39401968742851
85.51491776405256
87.67111657256335
89.86295173449787
92.09075486122742
94.3548532833113
96.65556978744661
98.99322236180792
101.36812395052077
103.78058221794281
106.2308993234561
108.719371707368