0.005232527409766297
0.00820612682910789
0.012383270756060766
0.018081817415299295
0.025665360347820448
0.03554582410211821
0.048186409424675676
0.06410481679424807
0.08387659994019267
0.10813843022130237
0.13759099237583425
0.17300118653180818
0.2152032882704876
0.26509872060630074
0.32365412315814784
0.39189746048761953
0.4709119837646424
0.5618279298073279
0.665811881731617
0.7840537001700547
0.9177508418751698
1.0680897247203978
1.2362236371869166
1.4232466757320037
1.6301635694023813
1.8578562968615326
2.1070502330977945
2.3782847913030656
2.671895023791038
2.988009934676348
3.326569698274409
3.6873588400125485
4.070048357951714
4.47423871016141
4.899497443324712
5.345388344241759
5.811491726661846
6.297417085757875
6.802809953846842
7.327354715655365
7.870774825433448
8.432831471213351
9.01332140033702
9.612074365794568
10.228950474820785
10.863837602388829
11.516648956242665
12.187320833129432
12.875810577874688
13.582094741091854
14.306167422855369
15.048038785923389
15.807733720869717
16.5852906458608
17.380760424971395
18.19420539038999
19.025698455489948
19.875322307303865
20.743168668434837
21.629337619696784
22.53393697603499
23.457081709229467
24.398893411887407
25.35949979786504
26.339034235060502
27.337635307037157
28.35544640040949
29.392615315420215
30.44929389742602
31.525637687366984
32.6218055895811
33.73795955550808
34.8742642820858
36.03088692376751
37.20799681730091
38.40576521847519
39.62436505021551
40.863970661476515
42.12475759646579
43.406902373845284
44.71058227558357
46.03597514520125
47.383259195227545
48.752612823687336
50.144214439518905
51.5582422968215
52.99487433787018
54.45428804488103
55.93666030047646
57.442167256876154
58.970984213808215
60.52328550516019
62.09924439440651
63.699032978814756
65.32282210250628
66.97078127835663
68.64307861879787
70.33988077554079
72.06135288824292
73.80765854213334
75.57895973462449
77.37541685089806
79.1971886484812
81.04443225079186