0.00746757787771238
0.011499906729886501
0.01707879205646824
0.024590717410966984
0.034475708973513604
0.04723092567190099
0.06341465477095037
0.08365052419856377
0.10863164818201841
0.13912433880703812
0.17597095185904765
0.22009139716979845
0.2724828417735107
0.33421717069844603
0.406435840680396
0.49034184955165383
0.5871886148867584
0.6982655651727447
0.8248801516256493
0.9683357731574115
1.1299048372931277
1.3107960643522074
1.5121155899118854
1.7348229661491934
1.9796861147923464
2.247243001406347
2.5377801470634087
2.851336282160563
3.1877326992980026
3.546623351238599
3.9275525409419054
4.330008624819815
4.753466711297188
5.197418408297691
5.66139004350292
6.144952143499142
6.647722982245257
7.169368469884597
7.709599976105695
8.268171142377344
8.84487432004634
9.439537001837298
10.052018441141028
10.682206549290107
11.330015100588588
11.995381241696156
12.678263285078966
13.378638759002545
14.09650268449373
14.831866050582919
15.58475446147511
16.355206932064082
17.14327481116215
17.949020814596736
18.772518152874277
19.613849740341188
20.473107474681814
21.350391577372804
22.24580998699255
23.159477798626884
24.091516743559403
25.04205470433395
26.011225260991612
26.999167264956373
28.006024437470902
29.03194499002248
30.077081264554746
31.141589391533316
32.22562896429398
33.329362728261074
34.45295628385775
35.59657780214156
36.76039775226903
37.944588640095716
39.14932475729419
40.37478194049033
41.621137339977636
42.88856919768662
44.17725663409753
45.487379444513365
46.81911790016156
48.17265256702529
49.54816412058454
50.9458331781218
52.365840135525964
53.80836501291715
55.27358730847771
56.761685860504286
58.27283871772029
59.807223017877114
61.365014874702105
62.94638927324052
64.55151997364287
66.1805794234534
67.83373867846127
69.51116733214448
71.21303345378449
72.93950353525726
74.69074244656495
76.46691340011797
78.26817792380295
80.09469584281904
81.9466252703497
83.82412260697434