0.008826504830515879
0.013478997181475532
0.019871819730281466
0.02842937780196602
0.03963420013510398
0.054031150695118886
0.07223203966071899
0.09492036935315967
0.12285584564456165
0.1568781959180609
0.19790976923455755
0.24695636552503927
0.305105754071431
0.3735233998347135
0.45344500365216384
0.5461655469009942
0.6530245599292674
0.7753872458216462
0.9146208508289251
1.0720653304532932
1.2489971473058794
1.4465854583336382
1.665841737856957
1.9075675509849632
2.172310013912954
2.460337595465929
2.7716464615888987
3.105998560370377
3.462981755065301
3.842076477258979
4.2427152479950285
4.664327820645076
5.106370911916965
5.568345086480983
6.0498024480695
6.550348448201352
7.0696402858580205
7.607383564237231
8.163328214751566
8.737264285928248
9.32901790769449
9.938447579983157
10.565440839145724
11.209911304201013
11.871796078909703
12.551053474543277
13.247661014976462
13.961613686824517
14.692922400488333
15.441612631755651
16.207723217580355
16.991305283450195
17.79242128307038
18.6111441340601
19.44755643587738
20.301749758386187
21.173823991265447
22.063886746019023
22.97205280360546
23.898443601864805
24.843186757691527
25.806415619830187
26.78826884863071
27.78889001983976
28.80842724973445
29.847032839481766
30.90486293682741
31.982077213520817
33.078838557120136
34.19531277602856
35.331668316769914
36.488075992695336
37.664708723386525
38.86174128419856
40.07935006542565
41.31771284070003
42.577008544270136
43.85741705691437
45.15911900024411
46.48229553990186
47.8271281930118
49.19379865331412
50.58248861139954
51.993379592534616
53.426652798593935
54.8824889585495
56.36106818696726
57.86256985050665
59.3871724425122
60.935053465708584
62.50638932310069
64.10135521712533
65.72012505712075
67.36287137518418
69.02976525046334
70.72097624196257
72.43667232989682
74.17701986564356
75.94218353034321
77.73232630215621
79.54760943222828
81.38819242935145
83.25423305334718
85.14588731714781