1.9859446137283985e-12
1.9859446137283985e-12
1.9859446137283985e-12
1.9859446137283985e-12
1.9859446137283985e-12
1.9859446137283985e-12
1.9859446137283985e-12
1.9859446137283985e-12
1.9859446137283985e-12
1.9859446137283985e-12
1.9859446137283985e-12
1.9859446137283985e-12
0.
1.9859446137283985e-12
0.
2.482430767160498e-13
1.241215383580249e-12
8.936750761777794e-12
3.115450612786425e-11
1.2176322912922244e-10
4.220132304172847e-10
1.2979389266098664e-9
3.677845303086636e-9
9.561702707410449e-9
2.3147301566849707e-8
5.2558024202322066e-8
1.1272023033061017e-7
2.2971061394535146e-7
4.471186733732706e-7
8.35009775802089e-7
1.5020323444965817e-6
2.6114312749483002e-6
4.401446192610867e-6
7.210974822170883e-6
0.000011510668039458917
0.000017940367285727515
0.000027352938833651566
0.000040865055384073646
0.00005991484307327901
0.00008632675496035537
0.0001223833137728499
0.00017090380347262993
0.00023532947534068397
0.0003198150719723471
0.0004293260419968168
0.0005697412121724671
0.0007479601371264581
0.0009720147010017618
0.001251184365919109
0.0015961144276555649
0.0020189367754751423
0.002533392507700536
0.003154955925406294
0.0039009593942180335
0.0047907185893989596
0.005845657712884927
0.007089434348256962
0.008548063606607445
0.010250041274096759
0.01222646580083537
0.014511158889302603
0.017140784623220235
0.020154966995506493
0.023596405744949974
0.02751099062634562
0.03194791392555215
0.036959781370278603
0.04260272141885062
0.04893649295227724
0.05602459146556423
0.06393435371954789
0.07273706098506658
0.08250804069167392
0.0933267667451485
0.10527695828851963
0.1184466768655245
0.1329284219828978
0.1488192249246575
0.1662207406328253
0.1852393375735307
0.2059861852991706
0.22857733957207751
0.25313382479053015
0.27978171342616553
0.30865220228983775
0.3398816853269142
0.3736118226469726
0.40998960565943315
0.4491674179463604
0.4913030917258474
0.5365599597844678
0.5851069025770547
0.637118390565303
0.6927745215383843
0.7522610530396996
0.8157694298377063
0.8834968065192648
0.9556460653312413
1.0324258294239035
1.114050471717046
1.2007401196209537
1.2927206559289581
1.3902237162401803
1.4934866831707476
1.6027526779580916
1.7182705496233976
1.8402948624010738
1.9690858816224068
2.1049095587848594
2.248037515976926
2.3987470302900826
2.5573210185533255
2.7240480227088004
2.89922219620473
3.0831432916337778
3.2761166497253282
3.478453189810722
3.690469401606529
3.9124873382463705
4.144834609985222