3.971889227456797e-12
3.971889227456797e-12
3.971889227456797e-12
3.971889227456797e-12
3.971889227456797e-12
3.971889227456797e-12
3.971889227456797e-12
3.971889227456797e-12
3.971889227456797e-12
3.971889227456797e-12
3.971889227456797e-12
3.971889227456797e-12
3.971889227456797e-12
3.971889227456797e-12
3.971889227456797e-12
3.971889227456797e-12
3.971889227456797e-12
3.971889227456797e-12
3.971889227456797e-12
3.971889227456797e-12
3.971889227456797e-12
5.9578338411851955e-12
3.971889227456797e-12
5.9578338411851955e-12
5.9578338411851955e-12
5.9578338411851955e-12
4.096010765814822e-12
4.2201323041728465e-12
6.702563071333345e-12
7.943778454913594e-12
1.340512614266669e-11
1.998356767564201e-11
3.822943381427167e-11
8.328555223823471e-11
1.7960386600406203e-10
3.7906717814540804e-10
7.704223885882606e-10
1.5077043264349284e-9
2.8777578668308072e-9
5.318607918641367e-9
9.56468162433104e-9
1.6765220307556782e-8
2.8673440697625692e-8
4.7934124533870564e-8
7.844803940226905e-8
1.258496825365837e-7
1.9815196808859348e-7
3.065510311828074e-7
4.664910665940377e-7
6.989220522955819e-7
1.0319293411363256e-6
1.5026707015683571e-6
2.1597764558341973e-6
3.0661008821075814e-6
4.302143872941374e-6
5.96991620409358e-6
8.197564178925021e-6
0.000011144578885242686
0.000015007920600245392
0.00002002880699745659
0.000026500555517882427
0.00003477729992916449
0.00004528375409815166
0.00005852600857879264
0.00007510352981361365
0.00009572232545704898
0.00012120925385111213
0.00015252776362943192
0.00019079482563278603
0.00023729930426211505
0.00029352163943085964
0.000361155004942997
0.00044212790357788347
0.0005386281664861821
0.0006531284720816631
0.000788413351536669
0.0009476076190687181
0.0011342063894933421
0.0013521064875517308
0.001605639374624186
0.001899605590843435
0.002239310606111527
0.0026306021312825062
0.003079908885290732
0.003594280750702723
0.004181430356046089
0.004849776007339581
0.005608486006557216
0.006467524262818216
0.007437697288525078
0.008530702424428997
0.009759177362013602
0.011136750969154846
0.0126780952838887
0.01439897879668452
0.016316320894496045
0.01844824760697141
0.020814148408565134
0.023434734308907502
0.026332097161675144
0.029529770064117524
0.03305278904546152
0.036927755914735266
0.04118290238493379
0.04584815536889196
0.05095520361318765
0.05653756553900268
0.06263065850988501
0.06927186934196757
0.07650062635515582
0.08435847266503449
0.09288914120626945
0.10213863111749906
0.11215528582036009
0.12298987276211491
0.13469566489324927
0.1473285239408607
0.16094698563286508
0.17561234682796523
0.1913887547915568