3.971889227456797e-12
3.971889227456797e-12
3.971889227456797e-12
3.971889227456797e-12
3.971889227456797e-12
3.971889227456797e-12
3.971889227456797e-12
3.971889227456797e-12
3.971889227456797e-12
3.971889227456797e-12
3.971889227456797e-12
3.971889227456797e-12
3.971889227456797e-12
3.971889227456797e-12
3.971889227456797e-12
3.971889227456797e-12
3.971889227456797e-12
3.971889227456797e-12
3.971889227456797e-12
3.971889227456797e-12
3.971889227456797e-12
5.9578338411851955e-12
3.971889227456797e-12
5.9578338411851955e-12
5.9578338411851955e-12
5.9578338411851955e-12
4.096010765814822e-12
4.2201323041728465e-12
6.82668460969137e-12
8.564386146703719e-12
1.5142827679679038e-11
2.432782151817288e-11
4.840739995962971e-11
1.0823398144819772e-10
2.2863187365548188e-10
4.797297457537662e-10
9.693892145761746e-10
1.887764476887201e-9
3.5801616523988704e-9
6.578938019128752e-9
1.1764363527111958e-8
2.05069882028978e-8
3.4887957880135283e-8
5.802706742545336e-8
9.450179505195763e-8
1.5089045817108505e-7
2.3650055857968885e-7
3.6428566826388925e-7
5.520120477381004e-7
8.237041654807483e-7
1.2114023830389582e-6
1.757344763429813e-6
2.516585414992014e-6
3.5600146166572106e-6
4.978105178342259e-6
6.885079449234978e-6
9.423943066782258e-6
0.000012772132238442279
0.000017147997478483712
0.000022818212174367235
0.000030106057575309394
0.000039400725453339466
0.00005116766152345543
0.00006596007213083748
0.0000844314869641098
0.00010734966563249829
0.00013561164541641175
0.00017026019072255593
0.00021250149480124797
0.0002637243020347374
0.00032552045315484285
0.00039970677705515834
0.0004883485184831753
0.0005937841449709392
0.0007186516934933881
0.0008659165447726275
0.0010389007167057116
0.0012413136087732087
0.0014772842175362379
0.0017513948703881657
0.002068716356914822
0.0024348445245165034
0.0028559383291067767
0.003338759263312105
0.0038907121804181823
0.004519887496313582
0.005235104787304224
0.006045957628150263
0.00696285980350778
0.00799709281693706
0.009160854627100498
0.010467309664646545
0.011930640072063188
0.013566098146144977
0.015390060003553733
0.01742008047108645
0.019674949042395456
0.022174747170752823
0.024940906592147663
0.0279962689039969
0.031365146325368964
0.03507338357169481
0.03914842099837335
0.043619358939170925
0.04851702327181031
0.053874032182697956
0.05972486433434877
0.0661059282726609
0.07305563316142208
0.08061446101297715
0.08882504027119953
0.09773222090527027
0.1073831511352828
0.11782735564407909
0.12911681555670054
0.1413060501430183
0.15445220035041143
0.16861511418858674
0.18385743418139466
0.20024468682643487