0.006409163730716053
0.00992051755453429
0.014787431051098797
0.02134155255391315
0.02995388880803299
0.04103541864408044
0.05503822143343019
0.07245729387030934
0.09383324369689341
0.1197560874388446
0.15087044704420777
0.18788254657207812
0.2315695706155074
0.28279218356900016
0.3425113580589559
0.41181116285479696
0.4919298467315714
0.5843023556818129
0.6906178541566671
0.812893936849354
0.953558475209845
1.1154925343705269
1.301896051287657
1.5157482551678945
1.7589032019383173
2.0315697048264343
2.3327285185470767
2.660905889087551
3.0146644832761704
3.392777406465579
3.7942487723763536
4.218284958993166
4.664257580620017
5.131670613637917
5.62013406866586
6.129343625240225
6.659065022339761
7.209122071158363
7.779387384907506
8.36977514234661
8.980235379868418
9.610749440465364
10.261326305453057
10.931999605690407
11.622825160345597
12.333878928731567
13.065255288155672
13.817065571147847
14.589436810522098
15.382510652168639
16.196442404101195
17.031400196908848
17.88756423579592
18.765126128395583
19.664288275515307
20.58526331447981
21.528273606538416
22.493550761362126
23.48133519286228
24.49187570144836
25.525429078733904
26.582259731200246
27.662639319956583
28.76684641405861
29.89516615526044
31.04788993232194
32.225315063279425
33.4277444842268
34.65548644341876
35.9088541995599
37.18816572338175
38.49374340163107
39.82591374276596
41.18500708373543
42.57135729728409
43.985301499343414
45.427179756126435
46.89733479062279
48.396111688271056
49.92385760163933
51.48092145402821
53.06765364196393
54.684405736637075
56.33153018435047
58.009380006180486
59.71830849703301
61.45866892440813
63.23081422716264
65.03509671470272
66.87186776699633
68.74147753591673
70.64427464843821
72.58060591221727
74.55081602420938
76.55524728288769
78.59423930478707
80.66812874598108
82.77724902922114
84.92193007742105
87.10249805419255
89.31927511210627
91.57257914939484
93.86272357572913
96.19001708773878