0.3274395900023122
0.34182174880621263
0.35716241887500416
0.37351626509459546
0.39084551518196897
0.40903467317360465
0.42795244815590405
0.4474886703348741
0.4675595669652267
0.48810245058590157
0.5090698062123058
0.5304248597809665
0.5521385301537619
0.5741873582677196
0.5965520838639958
0.6192166482785545
0.6421674808881721
0.6653929779280701
0.6888831143662223
0.7126291497968736
0.7366234019142643
0.7608590694996766
0.7853300922905762
0.8100310386512409
0.8349570146060712
0.860103589406634
0.8854667340727591
0.9110427702348541
0.9368283271925686
0.962820305672298
0.9890158469756586
1.0154123066067626
1.042007231546931
1.0687983406487032
1.0957835075363564
1.1229607457504212
1.1503281956334945
1.1778841128671205
1.2056268582742116
1.233554888819494
1.2616667495851734
1.2899610665960892
1.3184365404208773
1.3470919403906374
1.3759260994360967
1.4049379093872523
1.434126316739833
1.4634903188138622
1.4930289602523137
1.5227413298514192
1.5526265576352487
1.5826838122054665
1.6129122983104116
1.6433112546004833
1.6738799515488576
1.704617689617839
1.7355237974388678
1.7665976302454838
1.7978385683488671
1.829246015776969
1.860819398968877
1.89255816558598
1.9244617834055475
1.956529739280468
1.9887615381627841
2.021156702235215
2.0537147700168594
2.0864352956379557
2.119317848028869
2.152362010295638
2.1855673790220376
2.218933563689437
2.2524601860702163
2.2861468797234603
2.3199932894599966
2.353999070870607
2.3881638898752207
2.4224874222919626
2.456969353433014
2.491609377725049
2.5264071983497782
2.5613625268837494
2.5964750830038055
2.631744594148977
2.667170795251514
2.7027534284448236
2.7384922428030665
2.77438699409316
2.81043744453746
2.846643362580906
2.8830045226723207
2.919520705076242
2.9561916956518615
2.9930172856888126
3.0299972716991426
3.0671314552897146
3.1044196429454933
3.1418616459214337
3.1794572800616367
3.2172063656690204
3.255108727375119
3.29316419398741
3.331372598389896
3.3697337774032166
3.408247571680763
3.446913825587654
3.485732387107153
3.524703107727716
3.56382584235598
3.603100449205679
3.6425267897277576
3.682104728507357
3.7218341331961615
3.761714874410129
3.8017468256685434
3.841929863319789
3.882263866461793
3.9227487168776025
3.963384298965754
4.004170499677591
4.04510720846439
4.086194317192708
4.12743172012291
4.168819313813968
4.2103569971105514
4.252044671053537
4.293882238855058
4.335869605842033
4.378006679408624
4.420293368972047
4.462729585935343
4.505315243629406
4.548050257292382
4.5909345440131935
4.63396802270746
4.6771506140626355
4.7204822405283275
4.763962826255849
4.807592297080596
4.851370580487538
4.895297605567531
4.9393733030109805
4.983597605054357
5.027970445470006
5.072491759522338
5.117161483953059
5.161979556953866
5.20694591813429
5.252060508511653
5.297323270464021
5.342734147731694
5.388293085383937
5.434000029788829
5.479854928614744
5.5258577307905075
5.5720083865005625
5.61830684713221
5.664753065317322
5.71134699485364
5.75808859073271
5.8049778090851385
5.852014607195614
5.899198943467661
5.946530777421022
5.994010069661757
6.041636781889186
6.089410876852698
6.137332318363541
6.18540107127335
6.23361710145528
6.281980375795319
6.330490862189431
6.379148529505825
6.427953347609651
6.476905287321799
6.526004320423609
6.575250419635028
6.624643558619081
6.674183711960391
6.72387085515923
6.77370496461786
6.823686017644504
6.873813992425546
6.924088868034344
6.974510624408389
7.025079242355636
7.0757947035315425
7.126656990446266
7.1776660864439386
7.228821975704648
7.2801246432311615
7.33157407485029
7.383170257196625
7.434913177710556
7.486802824634921
7.538839187003331
7.591022254640924
7.6433520181509556
7.6958284689151695
7.748451599086106
7.8012214015791566
7.854137870076038
7.907200999010519
7.960410783568423
8.013767219683032
8.067270304029996
8.120920034018408
8.174716407797485
8.22865942424033
8.282749082946157
8.33698538423979
8.391368329159754
8.445897919460133
8.50057415760499
8.555397046768363
8.610366590826438
8.665482794353718
8.720745662624127
8.776155201611633
8.831711417972627
8.887414319057587
8.943263912907229
8.999260208236748
9.055403214448475
9.111692941620829
9.168129400512292
9.224712602550365
9.28144255983702
9.338319285140267
9.39534279189974
9.45251309422098
9.509830206865638
9.567294145261899
9.624904925500134
9.682662564323469
9.740567079132006
9.798618487982575
9.856816809582151
9.915162063290346
9.973654269114556
10.032293447711337
10.091079620387147
10.150012809088407
10.209093036411073
10.268320325584861
10.327694700494856
10.387216185652575
10.446884806217454
10.506700587987163
10.566663557387427
10.626773741489524
10.687031167997134
10.747435865245093
10.807987862202872
10.868687188473706
10.929533874290003
10.990527950514336
11.05166944863969
11.11295840078971
11.174394839710143
11.235978798779378
11.297710312000142
11.359589414002713
11.421616140039594
11.483790525988242
11.54611260835218
11.608582424254422
11.671200011445167
11.733965408291999
11.79687865378683
11.859939787539323
11.923148849783352
11.9865058813698
12.050010923768786
12.113664019069802
12.177465209981081
12.241414539825511
12.30551205254919
12.36975779270716
12.434151805479285
12.49869413665326
12.563384832637999
12.628223940452607
12.693211507736416
12.758347582739445
12.823632214323373
12.88906545196876
12.95464734576522
13.020377946412435
13.086257306213106
13.152285475157187
13.218462506735472
13.284788454095441
13.351263370997732
13.41788731181552
13.484660331524344
13.551582485715018
13.618653830582572
13.68587442293843
13.753244320192895
13.820763580370556
13.888432262102455
13.956250424624477
14.024218127779715
14.092335432019203
14.160602398400066
14.22901908858216
14.297585564831424
14.36630189001964
14.435168127621074
14.504184341717316
14.573350596989343
14.642666958719248
14.712133492799433
14.781750265718827
14.851517344565993
14.921434797035324
14.991502691421225
15.061721096614127
15.132090082108562
15.202609717998072
15.273280074971364
15.34410122431963
15.415073237927237
15.486196188281289
15.557470148459705
15.62889519214277
15.700471393600962
15.772198827702534
15.844077569908787
15.916107696278795
15.988289283458226
16.06062240869164
16.133107149814904
16.205743585250868
16.278531794022374
16.351471855730672
16.42456385057454
16.49780785934394
16.5712039634106
16.64475224473879
16.71845278587517
16.7923056699592
16.866310980712726
16.94046880244182
17.014779220038296
17.08924231897708
17.163858185317974
17.238626905698798
17.313548567340998
17.388623258047282
17.46385106620187
17.53923208076428
17.614766391273058
17.690454087849872
17.766295261181153
17.842290002542025
17.91843840377498
17.994740557299806
18.071196556108102
18.14780649376517
18.224570464407513
18.30148856274136
18.378560884043015
18.455787524158644
18.533168579502497
18.610704147054342
18.688394324361287
18.766239209536817
18.844238901253462
18.922393498752598
19.000703101837
19.079167810868864
19.157787726768557
19.236562951021693
19.31549358566847
19.394579733303285
19.473821497083293
19.55321898071279
19.63277228846044
19.712481525137953
19.792346796112717
19.872368207303232
19.952545865179335
20.032879876750677
20.113370349588305
20.19401739179761
20.274821112035326
20.355781619497883
20.436899023928078
20.518173435608766
20.599604965360374
20.681193724549093
20.76293982507409
20.844843379370605
20.926904500412455
21.00912330170705
21.091499897290177
21.174034401738062
21.256726930151586
21.33957759815828
21.422586521921502
21.50575381812406
21.58907960397815
21.672563997217267
21.756207116101184
21.84000907940764
21.923970006432693
22.008090016999187
22.092369231437985
22.176807770600895
22.26140575585271
22.34616330907334
22.431080552651583
22.51615760948762
22.60139460299153
22.68679165708079
22.772348896177938
22.858066445209683
22.943944429609036
23.029982975306854
23.116182208737804
23.20254225683093
23.289063247019083
23.37574530722726
23.46258856586999
23.54959315186561
23.636759194615173
23.724086824013852
23.81157617044226
23.899227364769807
23.987040538349724
24.075015823023904
24.16315335110641
24.251453255404677
24.3399156691921
24.428540726230608
24.517328560752315
24.606279307464458
24.695393101548675
24.784670078654916
24.874110374906028
24.963714126890814
25.05348147166527
25.143412546747495
25.233507490121912
25.3237664402358
25.41418953599059
25.504776916750444
25.595528722334052
25.686445093015262
25.777526169523448
25.868772093037425
25.96018300518359
26.05175904804015
26.143500364130897
26.235407096422495
26.327479388328573
26.41971738369966
26.512121226830892
26.604691062450467
26.69742703572597
26.79032929225569
26.883397978076562
26.97663323965299
27.070035223880463
27.16360407807796
27.257339949997032
27.3512429878064
27.44531334010251
27.53955115589835
27.633956584628564
27.72852977614248
27.82327088070833
27.918180049005194
28.013257432121133
28.10850318156175
28.203917449234062
28.299500387452444
28.395252148938773
28.49117288681434
28.587262754606193
28.68352190623423
28.779950496019126
28.87654867867788
28.9733166093196
29.07025444344424
29.167362336947093
29.26464044610226
29.362088927579048
29.459707938429066
29.557497636082484
29.655458178355616
29.753589723440996
29.851892429908354
29.9503664567055
30.049011963148754
30.14782910893053
30.246818054111515
30.345978959118174
30.445311984748837
30.544817292157084
30.644495042868105
30.744345398761332
30.84436852207665
30.94456457541017
31.04493372171448
31.14547612429331
31.246191946802153
31.34708135324664
31.448144507977098
31.54938157569014
31.65079272142696
31.752378110572177
31.85413790884468
31.95607228230469
32.05818139735003
32.16046542070796
32.262924519440354
32.36555886094199
32.46836861292911
32.57135394345224
32.67451502088062
32.77785201390808
32.88136509154931
32.98505442313737
33.088920178324805
33.19296252707086
33.297181639659115
33.40157768667737
33.50615083902188