0.05803252641011526
0.060133365144614356
0.06229370286327454
0.06451480832367641
0.06679797119030832
0.06914450235343471
0.07155573426596183
0.074033021195777
0.07657773962380619
0.07919128849958045
0.08187508959225147
0.08463058780089552
0.08745925145302574
0.09036257266168976
0.09334206764446208
0.09639927697404548
0.09953576595758637
0.10275312492960173
0.10605296956513766
0.10943694118461189
0.11290670705865632
0.11646396072636463
0.12011042224080463
0.12384783854684434
0.1276779836752779
0.1316026591048883
0.13562369399145144
0.13974294543633525
0.1439622987665179
0.14828366780566907
0.15270899505263694
0.1572402520104942
0.1618794393133905
0.166628587021589
0.171489754803553
0.17646503207136235
0.18155653823776924
0.18676642284131262
0.19209686569675363
0.19755007702875438
0.2031282976004679
0.20883379878317046
0.21466888266735004
0.2206358821034185
0.2267371607322453
0.2329751130357992
0.23935216425808276
0.24587077044857483
0.25253341834518417
0.2593426253203803
0.2663009391965012
0.2734109381707833
0.28067523057431804
0.2880964546354756
0.2956772782671612
0.3034203987023938
0.3113285421688597
0.31940446347322926
0.3276509455690902
0.3360707990314165
0.34466686149479486
0.3534419970169291
0.36239909539212384
0.37154107139513654
0.38087086390028646
0.39039143496990647
0.40010576884585525
0.4100168708139294
0.42012776598598317
0.4304414979868464
0.4409611274705756
0.45168973057067274
0.4626303971561775
0.47378622898759337
0.4851603376656555
0.496755842431276
0.5085758678221296
0.5206235410519515
0.5329019892459781
0.5454143364497421
0.5581637003615734
0.5711531888838816
0.5843858963538333
0.5978648995440325
0.6115932533625774
0.6255739862824092
0.6398100954367737
0.6543045414517933
0.6690602428992275
0.6840800705811719
0.6993668413116941
0.714923311592344
0.730752170895938
0.7468560347471552
0.7632374375098351
0.7798988250499048
0.796842547204802
0.8140708501493784
0.8315858687408294
0.8493896188634974
0.8674839898846407
0.885870737329649
0.9045514757533719
0.9235276720862102
0.9428006393451268
0.962371531010196
0.9822413359698776
1.0024108743182625
1.0228807939517828
1.0436515680855416
1.064723493791408
1.086096691529211
1.107771105822084
1.1297465069416641
1.1520224937309869
1.1745984974562267
1.1974737866766056
1.220647473041489
1.2441185180264613
1.2678857403242694
1.291947824022194
1.3163033272643712
1.3409506913595803
1.3658882502333494
1.3911142400427798
1.416626808914751
1.4424240266000934
1.4685038940840713
1.4948643529153576
1.5215032942904883
1.5484185677734013
1.575607989571489
1.6030693504493376
1.6308004230458173
1.6587989688046558
1.6870627442968178
1.7155895070825162
1.7443770210484395
1.7734230612566824
1.8027254182602037
1.8322819020138976
1.8620903452917812
1.8921486067247473
1.922454573416921
1.9530061631943694
1.9838013265363104
2.0148380481821118
2.0461143484426376
2.0776282842568934
2.1093779500293497
2.141361478221631
2.1735770397822236
2.206022844392857
2.2386971405488096
2.2715982155505947
2.30472439531728
2.3380740441415955
2.3716455643417738
2.4054373958318416
2.439448015629104
2.473675937319305
2.5081197104461994
2.542777919887716
2.5776491851885566
2.6127321598859696
2.648025530777182
2.683528017228415
2.7192383704187395
2.7551553726117253
2.791277836430823
2.827604604103588
2.8641345467378017
2.9008665635881634
2.9377995813340263
2.974932553380096
3.012264459136155
3.0497943033477974
3.0875211154027156
3.125443948671737
3.163561879868606
3.2018740084064157
3.2403794557660732
3.279077364917401
3.3179668996970384
3.357047244268263
3.39631760253005
3.4357771975827283
3.475425271204684
3.51526108332981
3.555283911545431
3.5954930506091025
3.6358878119894826
3.676467523380397
3.7172315282727433
3.758179185533224
3.7993098689614784
3.8406229669071696
3.882117881868948
3.9237940301045833
3.9656508412804476
4.007687758089345
4.049904235929282
4.09229974255221
4.134873757738073
4.1776257729867465
4.220555291203882
4.263661826408849
4.306944903459185
4.350404057751092
4.394038834960641
4.4378487907849795
4.481833490685897
4.525992509651884
4.57032543194095
4.614831850879177
4.659511368613467
4.704363595907241
4.749388151926823
4.7945846640393714
4.83995276761689
4.885492105840988
4.931202329518926
4.977083096918665
5.023134073569026
5.069354932107893
5.115745352104591
5.162305019929439
5.209033628566321
5.255930877481246
5.30299647247042
5.350230125516643
5.397631554670638
5.445200483894299
5.492936642949837
5.540839767255687
5.588909597785093
5.637145880935284
5.685548368422102
5.734116817153637
5.782850989131928
5.831750651362849
5.88081557571449
5.93004553885509
5.979440322140215
6.028999711521279
6.0787234974500945
6.128611474802912
6.178663442770568
6.2288792048040005
6.2792585685103575
6.329801345580757
6.3805073517154405
6.431376406543598
6.482408333552858
6.533602960021892
6.5849601169448295
6.636479638958764
6.688161364300563
6.740005134713404
6.792010795400972
6.844178194970116
6.896507185363204
6.948997621807976
7.001649362740592
7.054462269783658
7.1074362076721265
7.1605710442010455
7.21386665018298
7.267322899393151
7.320939668527115
7.374716837139189
7.4286542876291835
7.482751905148556
7.537009577607362
7.591427195594331
7.646004652354885
7.700741843751798
7.755638668205741
7.810695026687957
7.8659108226496395
7.921285962010634
7.976820353109667
8.032513906679398
8.088366535805083
8.144378155884613
8.200548684613743
8.25687804194711
8.31336615005381
8.370012933307333
8.426818318246221
8.483782233535967
8.540904609968635
8.59818538039683
8.6556244797404
8.7132218449466
8.770977414954087
8.828891130683118
8.886962935010974
8.945192772732865
9.00358059055125
9.06212633705176
9.12082996267639
9.179691419698793
9.238710662210385
9.297887646096635
9.357222329012608
9.416714670366591
9.476364632045824
9.536172175428774
9.596137265781643
9.656259869329963
9.716539953949347
9.776977489146605
9.837572446067082
9.898324797442141
9.959234517604818
10.020301582445617
10.08152596941774
10.142907657510758
10.204446627232132
10.266142860603722
10.327996341137723
10.390007053823867
10.45217498511156
10.514500122906394
10.5769824565477
10.639621976793508
10.70241867581287
10.765372547173806
10.828483585819603
10.891751788068197
10.955177151599756
11.018759675433223
11.082499359925325
11.14639620675009
11.210450218901201
11.274661400664579
11.339029757615636
11.403555296610353
11.468238025768386
11.533077954467737
11.59807509332738
11.663229454213454
11.728541050205639
11.794009895605097
11.859636005919572
11.92541939785483
11.991360089300134
12.057458099328251
12.123713448175085
12.190126157242544
12.256696249082761
12.32342374738918
12.390308676993548
12.457351063848693
12.524550935030854
12.591908318721334
12.659423244209709
12.727095741874729
12.794925843180334
12.862913580675285
12.931058987977533
12.999362099766756
13.067822951780773
13.136441580806975
13.205218024676489
13.274152322253382
13.343244513433048
13.412494639130909
13.481902741279319
13.551468862818496
13.621193047688827
13.69107534082914
13.761115788166387
13.83131443661094
13.901671334049011
13.972186529341045
14.042860072306944
14.113692013730292
14.184682405345441
14.255831299834538
14.327138750818335
14.398604812859544
14.470229541447814
14.542012992996511
14.613955224834765
14.686056295215794
14.758316263295178
14.83073518912937
14.903313133676695
14.976050158789645
15.048946327203339
15.122001702540123
15.195216349298386
15.268590332849717
15.342123719433436
15.415816576153494
15.489668970967427
15.563680972694796
15.63785265099521
15.71218407637852
15.786675320190902
15.861326454615858
15.936137552666887
16.01110868818166
16.086239935824494
16.161531371069604
16.23698307021214
16.312595110349324
16.388367569388027
16.464300526033345
16.540394059784752
16.61664825093448
16.693063180562945
16.769638930532146
16.846375583489277
16.923273222853197
17.000331932811328
17.077551798320886
17.154932905107657
17.23247533965022
17.310179189185785
17.388044541703735
17.4660714859429
17.5442601113835
17.62261050824674
17.70112276749522
17.77979698082062
17.858633240641854
17.9376316401099
18.01679227309378
18.096115234182925
18.175600618680825
18.255248522604926
18.33505904267334
18.415032276317124
18.495168321662547
18.575467277539154
18.655929243462506
18.736554319646217
18.817342606986827
18.898294207063916
18.979409222141836
19.060687755157932
19.14212990972241
19.22373579011983
19.305505501300534
19.38743914887805
19.46953683912164
19.551798678967476
19.634224775996906
19.716815238450234
19.79957017520502
19.88248969579182
19.965573910380776
20.048822929774452
20.1322368654181
20.215815829386145
20.299559934376347
20.38346929372198
20.467544021366113
20.55178423188435
20.636190040459738
20.72076156289097
20.805498915589403
20.890402215568262
20.975471580450076
21.060707128458752
21.146108978411743
21.23167724972241
21.31741206240287
21.403313537047254
21.489381794837783
21.57561695754376
21.662019147512414
21.748588487665646
21.835325101503887
21.922229113099522
22.009300647091685
22.096539828688343
22.18394678365676
22.271521638326604
22.35926451958757
22.447175554879703
22.5352548721959
22.62350260008213
22.71191886762517
22.800503804458046
22.889257540753103
22.978180207220866
23.067271935111055
23.156532856197792
23.24596310279216
23.33556280772592
23.425332104360347
23.515271126574664
23.605380008768673
23.69565888585578
23.78610789326388
23.87672716693224
23.967516843307802
24.058477059338323
24.149607952481826
24.240909660690093
24.33238232241313
24.42402607659383
24.51584106267293
24.607827420575376
24.699985290713286
24.79231481398148
24.88481613175738
24.97748938589886
25.070334718734728
25.163352273074885
25.256542192190583
25.349904619828717
25.44343970019791
25.537147577972114
25.631028398283295
25.72508230672341
25.8193094493361
25.913709972623995
26.008284023532973
26.103031749462204
26.19795329825124
26.29304881818547
26.388318457987822
26.4837623668216
26.57938069428082
26.67517359039726
26.77114120562497