0.11392250794556699
0.11786982404713044
0.1219285789414358
0.1261014045694769
0.1303909911659281
0.13480008860139442
0.13933150766061547
0.1439881214418114
0.14877286670389814
0.1536887452645925
0.15873882542706505
0.16392624339145026
0.1692542046869608
0.17472598566643507
0.18034493495818674
0.18611447493932737
0.19203810325799317
0.19811939428134656
0.20436200065640484
0.21076965474761555
0.21734617013872728
0.2240954431366462
0.23102145416035597
0.23812826919413282
0.24542004118701588
0.2529010113049452
0.26057551024458825
0.26844795934186944
0.27652287168881573
0.2848048529891263
0.29329860235701866
0.30200891285082765
0.31094067181657314
0.32009886089081546
0.3294885556984191
0.3391149251434464
0.34898323015801247
0.3590988219314433
0.3694671394149364
0.3800937060293607
0.39098412551239864
0.4021440762684093
0.4135793051355414
0.42529561887856704
0.4372988747658228
0.44959496817542594
0.46218981881418414
0.4750893540282134
0.4882994892506926
0.5018261054184463
0.5156750228530493
0.5298519715375659
0.5443625575296343
0.5592122253542535
0.574406216573628
0.5899495246574448
0.6058468466052629
0.6221025320668605
0.6387205309615804
0.6557043409067768
0.6730569561108951
0.6907808195482036
0.7088777805354153
0.7273490597132795
0.746195223458057
0.7654161693769261
0.7850111240561692
0.8049786537245782
0.8253166876910767
0.8460225537107936
0.8670930239655154
0.8885243694701271
0.9103124207929945
0.932452632483357
0.9549401488739901
0.9777698690295379
1.0009365090244942
1.0244346600598861
1.048258841421715
1.0724035475843343
1.0968632893002652
1.1216326285637443
1.1467062077976544
1.1720787735480789
1.1977451953006306
1.2237004798723425
1.2499397819776403
1.2764584114851059
1.3032518379270623
1.3303156926857262
1.3576457692697503
1.385238022094606
1.4130885640179005
1.4411936629897104
1.4695497379499916
1.4981533542503565
1.5270012186652573
1.556090174223937
1.5854171948833817
1.6149793801754553
1.6447739498742646
1.6747982387017568
1.7050496911944242
1.735525856676133
1.766224384412916
1.7971430189052906
1.8282795954229865
1.8596320356569673
1.8911983436358337
1.9229766017663443
1.9549649671120057
1.9871616678178743
2.0195649997349467
2.052173323202559
2.0849850600190747
2.117998690512244
2.1512127508555734
2.1846258304296247
2.2182365693901027
2.2520436563156263
2.2860458260405685
2.3202418575204127
2.3546305718913616
2.3892108305839366
2.423981533536747
2.4589416175271777
2.4940900545700972
2.529425850414623
2.564948043090533
2.60065570158178
2.6365479244947885
2.672623838854977
2.7088825989472105
2.745323385209632
2.7819454031643547
2.8187478824380165
2.8557300758153583
2.8928912583048323
2.9302307263319385
2.9677477968629264
3.005441806673967
3.0433121115771313
3.081358085719723
3.1195791209273054
3.1579746260392767
3.19654402629509
3.235286762763294
3.2742022917751674
3.313290084377465
3.352549625841766
3.391980415167618
3.4315819646071466
3.471353799232249
3.511295456490234
3.551406485815822
3.591686448227375
3.6321349159371565
3.672751472023401
3.7135357100625446
3.7544872337927266
3.795605656827199
3.8368906023142286
3.8783417026649003
3.919958599270989
3.9617409422282934
4.0036883900814395
4.045800609582716
4.088077275437621
4.13051807008691
4.173122683470262
4.215890812838738
4.258822162520806
4.3019164437501916
4.345173374458961
4.388592679102013
4.4321740884680505
4.47591733953596
4.519822175283301
4.563888344550885
4.608115601863919
4.6525037073143345
4.6970524263922355
4.741761529872446
4.7866307936683
4.831659998705033
4.876848930796409
4.922197380532761
4.967705143153888
5.013372018453862
5.059197810651311
5.105182328307378
5.151325384220349
5.197626795308469
5.244086382537344
5.290703970832799
5.337479388962592
5.384412469491114
5.431503048661467
5.47875096634222
5.5261560659165685
5.57371819425999
5.621437201609919
5.669312941530495
5.717345270832381
5.765534049511324
5.813879140683605
5.862380410515924
5.911037728171394
5.959850965749967
6.008819998234445
6.057944703428167
6.107224961904988
6.156660656960251
6.206251674557667
6.255997903275438
6.305899234263447
6.355955561202409
6.40616678025026
6.456532789992875
6.507053491423842
6.557728787877679
6.60855858501134
6.659542790741542
6.710681315235815
6.7619740708479705
6.813420972096497
6.865021935635893
6.9167768802003105
6.968685726603435
7.020748397663765
7.072964818219253
7.125334915058796
7.177858616919007
7.230535854443871
7.2833665601434205
7.336350668404403
7.3894881154196606
7.442778839188496
7.496222779494589
7.549819877858324
7.603570077535057
7.65747332348061
7.71152956233203
7.765738742381774
7.820100813565419
7.874615727430261
7.929283437119178
7.984103897347793
8.03907706438635
8.094202896046928
8.149481351658876
8.204912392048067
8.260495979523508
8.316232077857348
8.37212065227421
8.428161669423629
8.48435509737484
8.540700905605615
8.597199064957568
8.653849547662105
8.710652327291767
8.767607378770029
8.824714678341392
8.88197420356543
8.939385933303873
8.996949847700996
9.054665928184496
9.11253415743147
9.170554519381216
9.228726999203817
9.287051583303368
9.345528259293038
9.404157015992084
9.462937843416169
9.521870732761101
9.580955676400114
9.640192667864113
9.699581701839952
9.759122774158017
9.818815881780557
9.87866102279883
9.938658196415732
9.998807402942553
10.059108643788575
10.11956192145261
10.180167239516184
10.24092460263249
10.301834016518816
10.362895487956541
10.424109024765198
10.485474635820097
10.546992331022041
10.608662121302167
10.670484018614742
10.73245803592389
10.79458418720818
10.85686248743493
10.919292952577836
10.981875600430591
11.044610447273223
11.107497512832992
11.170536816993794
11.23372838059464
11.297072225440585
11.360568374283105
11.424216850819732
11.488017679691819
11.551970886472004
11.616076497663956
11.680334540695931
11.744745043917536
11.809308036590547
11.874023548885189
11.938891611876029
12.003912257541248
12.069085518747855
12.134411429260632
12.199890023721405
12.265521337657605
12.331305407477183
12.397242270455202
12.463331964735326
12.529574529324986
12.595970004093756
12.662518429764175
12.729219847913484
12.796074300962824
12.863081832179473
12.930242485669899
12.997556306374163
13.065023340066304
13.132643633351975
13.200417233656152
13.268344189227856
13.336424549130967
13.404658363249558
13.473045682269529
13.541586557693497
13.610281041818336
13.679129187746714
13.74813104938201
13.817286681407582
13.886596139313452
13.95605947936652
14.025676758621609
14.09544803491501
14.165373366857043
14.23545281383626
14.305686436013378
14.376074294314696
14.44661645043408
14.517312966830234
14.588163906717387
14.659169334067656
14.730329313611293
14.80164391082489
14.873113191936971
14.94473722391756
15.016516074483148
15.088449812088252
15.160538505927901
15.23278222592683
15.305181042746687
15.377735027773742
15.450444253121738
15.52330879163376
15.59632871686634
15.669504103100634
15.742835025329882
15.81632155926512
15.889963781327483
15.96376176864175
16.037715599044784
16.11182535107412
16.186091103969567
16.260512937666014
16.335090932801005
16.40982517070047
16.48471573338242
16.559762703555368
16.634966164611743
16.710326200633205
16.785842896374042
16.861516337276782
16.937346609455844
17.013333799703574
17.089477995480358
17.165779284918816
17.242237756818728
17.318853500644288
17.39562660652623
17.472557165251136
17.54964526826618
17.62689100767202
17.70429447622754
17.781855767340275
17.859574975067297
17.93745219411321
18.015487519825083
18.09368104819814
18.17203287585901
18.250543100078268
18.32921181876323
18.408039130450515
18.487025134309505
18.56616993013988
18.645473618366502
18.724936300041072
18.804558076836255
18.884339051041728
18.964279325572242
19.044379003951242
19.12463819032117
19.205056989436134
19.28563550665273
19.3663738479427
19.447272119877173
19.528330429633478
19.60954888498734
19.690927594312633
19.77246666658334
19.854166211363292
19.936026338808237
20.01804715966698
20.100228785273448
20.182571327547652
20.26507489899435
20.347739612694593
20.4305655823169
20.513552922096526
20.59670174685099
20.68001217196764
20.763484313405534
20.847118287689355
20.93091421191412
21.014872203733393
21.098992381365242
21.183274863590633
21.26771976974336
21.352327219715395
21.437097333951304
21.52203023344513
21.60712603974302
21.692384874934636
21.777806861659386
21.86339212309325
21.949140782957716
22.03505296551062
22.12112879554536
22.207368398390187
22.293771899904836
22.38033942648178
22.467071105038013
22.553967063015456
22.6410274283813
22.72825232962666
22.815641895757008
22.903196256298138
22.99091554128709
23.078799881279373
23.16684940733752
23.25506425103322
23.343444544443706
23.431990420152996
23.52070201124607
23.609579451308107
23.698622874418795
23.787832415160636
23.877208208605047
23.9667503903167
24.05645909634646
24.146334463236705
24.236376628013886
24.326585728187542
24.416961901745328
24.507505287158466
24.598216023372835
24.689094249806953
24.780140106351134
24.87135373337169
24.962735271701025
25.054284862631892
25.14600264792871
25.237888769812304
25.32994337096671
25.422166594529997
25.514558584098754
25.607119483721355
25.699849437898365
25.792748591578913
25.885817090157104
25.979055079477614
26.07246270581792
26.166040115907307
26.259787456904892
26.353704876410916
26.447792522458066
26.5420505435101
26.636479088459737
26.73107830663363
26.82584834778082
26.92078936206453
27.015901500086763
27.111184912856512
27.206639751802676
27.302266168772192
27.398064316018374
27.494034346212697
27.59017641243128
27.686490668156488
27.78297726727755
27.879636364083375
27.976468113266137
28.073472669912103
28.170650189508322
28.268000827928486
28.36552474144322
28.46322208671625
28.561093020790246
28.659137701098352
28.75735628545528
28.855748932058024
28.95431579948314
29.053057046680422
29.15197283297613
29.251063318074095
29.35032866203996
29.449769025314716
29.549384568701786
29.649175453369143
29.749141840848683