0.0006439570155587504
0.0006829733337529997
0.0007239234866155285
0.0007668809428019848
0.0008119210020089505
0.0008591208579035611
0.0009085596102874168
0.000960318276515764
0.0010144798093709964
0.0010711291361609405
0.001130353144196634
0.0011922406977969786
0.001256882701838966
0.0013243720758162774
0.0013948037918204734
0.001468274864735393
0.0015448844090848184
0.0016247336077538465
0.0017079257787662777
0.001794566351453279
0.0018847628842027656
0.0019786251110049764
0.002076264938101194
0.0021777964269790923
0.002283335871824577
0.002393001749500807
0.0025069147924075344
0.0026251979467762717
0.002747976446150238
0.0028753777586327093
0.003007531647210083
0.0031445701672694493
0.0032866276906781686
0.0034338409014396175
0.0035863488005339287
0.0037442927590420117
0.003907816491583539
0.004077066070094442
0.004252189984522341
0.004433339069718956
0.004620666596545321
0.004814328244316801
0.005014482112718757
0.005221288742907212
0.005434911133024037
0.005655514740182903
0.0058832674905231214
0.006118339789759974
0.0063609045388240285
0.006611137159306054
0.006869215569998051
0.007135320230459908
0.0074096341200428645
0.007692342781704414
0.007983634322256546
0.008283699413979325
0.008592731294124408
0.008910925824369259
0.00923848142118496
0.009575599164318452
0.00992248271896831
0.010279338411250656
0.010646375195058696
0.011023804678252369
0.01141184114760678
0.011810701567819222
0.012220605563759796
0.012641775497178527
0.013074436401789794
0.013518816065440795
0.01397514498058704
0.01444365639195504
0.014924586295673444
0.01541817345503647
0.015924659390698325
0.016444288438762052
0.016977307696414336
0.017523967099501422
0.018084519379334862
0.018659220113581315
0.019248327708264932
0.019852103442202878
0.020470811426045208
0.021104718676375436
0.02175409507723286
0.02241921341809374
0.023100349404669884
0.023797781653819655
0.02451179172333716
0.02524266410512553
0.025990686260943967
0.026756148616946356
0.0275393445758452
0.028340570535033364
0.0291601258966379
0.029998313098178096
0.030855437568874662
0.031731807796427154
0.032627735338184874
0.03354353479557786
0.034479523845892
0.035436023268582785
0.03641335694837834
0.037411851861377854
0.03843183812755492
0.039473649017336056
0.04053762091424006
0.04162409340139076
0.04273340921621263
0.043865914303678935
0.04502195778292305
0.04620189200321725
0.047406072534043026
0.04863485818519872
0.04988861100183472
0.05116769632117695
0.052472482715182775
0.05380334205669771
0.05516064952069673
0.05654478359818577
0.0579561260729911
0.059395062090398486
0.060861980125626304
0.062357272007532785
0.06388133294418505
0.0654345615101987
0.06701735967851292
0.06863013281567393
0.07027328971298934
0.07194724256654476
0.07365240701046827
0.07538920213728637
0.07715805049097316
0.07895937805106282
0.08079361431667988
0.08266119223715523
0.08456254828612679
0.08649812240071982
0.08846835806756323
0.090473702285429
0.09251460557205884
0.09459152200338658
0.09670490918809328
0.09885522829367277
0.10104294407311774
0.10326852480943742
0.10553244239968788
0.1078351723137637
0.11017719362604891
0.11255898898339364
0.11498104466419602
0.11744385055171601
0.11994790011806371
0.12249369050549902
0.1250817224425254
0.12771250030979855
0.13038653211344006
0.1331043295004287
0.1358664077657993
0.13867328582620503
0.1415254862711794
0.14442353532887886
0.14736796287452308
0.15035930244255868
0.15339809121995693
0.15648487003467015
0.1596201833803322
0.16280457939900536
0.1660386098870141
0.16932283028278125
0.17265779969053516
0.17604408082569611
0.17948224008301927
0.1829728474891801
0.18651647667807417
0.19011370495784288
0.19376511322311943
0.19747128601311778
0.2012328114694313
0.20505028135415457
0.20892429101463267
0.2128554394117611
0.21684432906723408
0.22089156609035476
0.22499776016587128
0.22916352453200736
0.23338947595315546
0.23767623475500324
0.24202442477401606
0.2464346733723316
0.25090761137768497
0.2554438731536616
0.2600440964881119
0.26470892265955626
0.26943899636010565
0.274234965731581
0.2790974823200846
0.28402720103566065
0.28902478022217587
0.29409088152351615
0.2992261699449028
0.30443131381031885
0.3097069847390501
0.3150538576360035
0.3204726106346114
0.32596392514077044
0.3315284857407435
0.337166980231197
0.34288009956160864
0.34866853781639373
0.35453299220162426
0.3604741630058066
0.3664927536039773
0.3725894703790103
0.37876502272633317
0.3850201230231454
0.3913554866115377
0.3977718317436299
0.40426987956469124
0.41085035405877424
0.41751398208260065
0.4242614932644018
0.4310936199970924
0.4380110974093497
0.4450146633224196
0.4521050582362151
0.45928302527184767
0.4665493101293019
0.4739046610880564
0.48134982893633416
0.48888556695794594
0.49651263086563674
0.5042317787782477
0.5120437712035871
0.5199493709593652
0.5279493431641332
0.5360444551676509
0.5442354765446809
0.5525231790239908
0.5609083364563306
0.569391724783401
0.5779741219587894
0.5866563079652214
0.595439064689075
0.6043231759562517
0.6133094274316371
0.622398606592912
0.6315915026709744
0.6408889066475802
0.6502916111250163
0.6598004103768661
0.6694161002077521
0.6791394779699685
0.6889713424795745
0.6989124939748141
0.7089637340772658
0.7191258657124047
0.7293996930852751
0.7397860216139608
0.7502856578842814
0.7608994095974123
0.7716280855003772
0.7824724953503007
0.7934334498519756
0.8045117605964222
0.8157082400250176
0.8270237013568846
0.8384589585214932
0.8500148261260174
0.8616921193957562
0.8734916540928341
0.8854142464831856
0.8974607132445797
0.9096318714650075
0.9219285385091268
0.9343515320139184
0.9469016698161983
0.9595797698525766
0.9723866501542439
0.9853231287422125
0.9983900235933082
1.0115881525359065
1.0249183332401288
1.0383813831047664
1.0519781192191753
1.0657093582852049
1.079575916558983
1.0935786097716047
1.1077182530767502
1.1219956609659127
1.1364116472212296
1.1509670248180492
1.1656626058726742
1.1804992015814186
1.1954776221112562
1.210598676580334
1.225863172934968
1.2412719179145157
1.2568257169448804
1.2725253741095919
1.2883716920182358
1.3043654717726934
1.3205075128662316
1.3367986131336047
1.353239568640587
1.3698311736245183
1.3865742204199554
1.4034694993581336
1.4205177987060222
1.4377199045714975
1.4550766008399143
1.472588669057682
1.4902568883936615
1.5080820355111964
1.5260648845112657
1.544206206842246
1.5625067712040919
1.5809673434716267
1.599588686594502
1.6183715605288056
1.6373167221222502
1.6564249250456573
1.6756969196988738
1.695133453105144
1.7147352688394921
1.7345031069234662
1.7544377037265868
1.774539791885295
1.7948101002123438
1.8152493535910463
1.835858272873993
1.856637574806965
1.8775879719131285
1.8987101724143423
1.920004880110635
1.9414727942982855
1.9631146096862884
1.9849310162560976
2.0069226992140874
2.029090338835531
2.051434610418056
2.073956184160626
2.0966557250406583
2.1195338927638816
2.142591341618615
2.1658287204097366
2.1892466723403956
2.2128458349043987
2.236626839817818
2.26059031289599
2.2847368739593024
2.3090671367393623
2.3335817087788286
2.3582811913486226
2.383166179308043
2.4082372610672835
2.433495018456604
2.4589400266398234
2.4845728540312777
2.510394062182251
2.536404205719785
2.562603832235089
2.5889934822027425
2.61557368890448
2.6423449783212085
2.6693078690822394
2.6964628723477464
2.7238104917545254
2.751351223343754
2.779085555457475
2.8070139686949047
2.8351369358284058
2.8634549217271474
2.8919683833037375
2.9206777694560078
2.9495835209827352
2.978686070563286
3.0079858426522375
3.0374832534736673
3.067178710947798
3.097072614658974
3.127165355785781
3.1574573171083684
3.18794887291598
3.2186403890369912
3.2495322227388654
3.2806247227742054
3.3119182293076443
3.343413073910385
3.375109579569136
3.407008060649248
3.4391088228944664
3.47141216341973
3.5039183707384804
3.5366277247310087
3.56954049667797
3.6026569492682015
3.6359773366111363
3.6695019042646067
3.7032308896461803
3.7371645205165223
3.771303017305306
3.8056465916603597
3.8401954468024018
3.874949777641718
3.9099097707833743
3.9450756045858015
3.980447449232909
4.016025466775296
4.051809811210801
4.08780062853689
4.123998056835669
4.160402226340918
4.197013259515664
4.233831271135466
4.270856368390691
4.308088650921642
4.345528210975818
4.383175133456819
4.421029496028984
4.4590913692439855
4.497360816591852
4.535837894659596
4.574522653186563
4.613415135222695
4.652515377200395
4.691823409063735
4.731339254382529
4.771062930477437
4.810994448510712
4.8511338136505255
4.891481025134648
4.932036076442477
4.972798955405759
5.013769644302792
5.054948120027857
5.096334354192742
5.1379283132477696
5.179729958637811
5.221739246891281
5.263956129775173
5.306380554421654
5.349012463434072
5.391851795045574
5.434898483227104
5.4781524578067975
5.52161364462973
5.565281965655355
5.609157339088448
5.653239679512287
5.697528898012162
5.74202490228869
5.78672759679671
5.831636882856495
5.876752658776761
5.922074819973939
5.96760325908898
6.0133378661156955
6.059278528495089
6.105425131261946
6.151777557112721
6.198335686567279
6.245099398039262
6.292068567967914
6.339243070911912
6.3866227796675314
6.434207565351436
6.481997297535346
6.529991844303142
6.578191072388007
6.626594847248775
6.67520303316512
6.724015493346171
6.773032089994802
6.822252684425054
6.8716771371317655
6.921305307873982
6.971137055774377
7.0211722393888865
7.07141071679198
7.121852345650385
7.172496983299674
7.223344486827923
7.274394713132182
7.325647519011819
7.377102761207988
7.428760296497591
7.480619981741809
7.532681673961441
7.5849452303873015
7.63741050853221
7.690077366239767
7.742945661744682
7.7960152537303635
7.849286001382044
7.902757764427241
7.956430403208869
8.010303778706213
8.064377752610268
8.11865218734398
8.173126946126402
8.227801892995922
8.282676892875164
8.337751811587506
8.393026515909696
8.448500873605385
8.504174753450297
8.5600480252963
8.616120560063449
8.672392229810859
8.728862907725542
8.785532468197868
8.842400786819326
8.899467740413193
8.95673320706444
9.014197066150887
9.071859198355614
9.12971948569328
9.187777811529982
9.246034060615887
9.304488119087235
9.363139874495998
9.421989215825509
9.481036033501274
9.540280219422124
9.599721666949785
9.659360270955546
9.719195927808968
9.77922853539452
9.839457993131925
9.899884201984236