0.0007006086446791093
0.0007426949084201167
0.0007868464696602696
0.0008331408054361753
0.0008816573413684725
0.0009324774175284071
0.0009856843810325002
0.0010413635530262192
0.00109960226033497
0.0011604898511034102
0.001224117732031911
0.0012905793450417088
0.0013599702334316835
0.0014323880320727584
0.0015079324723727614
0.001586705423733018
0.0016688109103047597
0.0017543550927432586
0.0018434463285308931
0.001936195154103648
0.002032714320349874
0.0021331187836735365
0.0022375257568840474
0.00234605470001127
0.002458827322415586
0.002575967616424831
0.0026976018956878533
0.0028238587277765147
0.0029548690539629757
0.003090766097866247
0.0032316854797681195
0.003377765133203498
0.0035291454073606656
0.0036859689887605933
0.0038483810006782943
0.004016528943440362
0.004190562774979851
0.00437063484840314
0.004556899991303596
0.00474951547137991
0.004948641032555462
0.005154438900936157
0.005367073782948602
0.005586712913499259
0.005813525997761448
0.006047685324498312
0.006289365670489225
0.0065387443872907585
0.006796001376908851
0.007061319127794058
0.007334882671274892
0.0076168796792414695
0.007907500397492254
0.00820693768669415
0.008515387045096759
0.008833046600836832
0.00916011712732935
0.009496802063623449
0.009843307506831009
0.010199842244770616
0.010566617739955894
0.010943848179616468
0.011331750444667596
0.01173054414545716
0.012140451625985801
0.012561697970857733
0.012994511034449294
0.0134391214302345
0.013895762536991119
0.014364670548076922
0.014846084442881734
0.015340246006935112
0.01584739987125289
0.01636779347187354
0.016901677116014955
0.0174493039557607
0.0180109300163597
0.018586814201811724
0.019177218305665954
0.019782407016234082
0.02040264796276354
0.021038211681179936
0.021689371649213467
0.022356404298314578
0.023039589020977122
0.0237392081863777
0.02445554715365664
0.02518889426211241
0.025939540888794004
0.02670778140940267
0.02749391326097327
0.028298236903148366
0.029121055865840902
0.029962676754943778
0.0308234092600254
0.03170356615482615
0.03260346334963769
0.033523419844881504
0.03446375780818836
0.035424802524004984
0.03640688246881171
0.03741032925650898
0.03843547772766076
0.039482665876386935
0.040552234944571566
0.04164452937482083
0.04275989686222167
0.043898688341184974
0.045061258012752244
0.04624796333317647
0.04745916508876738
0.04869522732117029
0.04995651740779687
0.0512434060294294
0.05255626723823939
0.05389547841397268
0.05526142029572453
0.05665447700552272
0.058075036042121525
0.05952348831153552
0.06100022813721762
0.06250565324193731
0.06404016481890229
0.06560416745852676
0.06719806925083167
0.06882228173716153
0.07047721993835986
0.07216330238319313
0.07388095107496205
0.0756305915535623
0.07741265288232768
0.07922756764678889
0.08107577198396618
0.08295770560371829
0.08487381174902359
0.08682453725183467
0.08881033253990514
0.09083165162959048
0.09288895213366778
0.09498269527858857
0.09711334591763578
0.09928137253303368
0.10148724723532743
0.1037314457839871
0.10601444759919935
0.10833673573878073
0.11069879696433453
0.11310112166863959
0.1155442039603013
0.11802854159449168
0.1205546360510219
0.12312299248543837
0.12573411975769477
0.12838853044866036
0.13108674082573807
0.13382927087749463
0.1366166442921875
0.13944938852255617
0.14232803469819258
0.14525311768921526
0.14822517607325308
0.15124475219403077
0.15431239206356082
0.15742864547708033
0.16059406592504868
0.16380921063001164
0.16707464053592702
0.17039092031486705
0.17375861834542142
0.17717830674707885
0.18065056134721075
0.18417596166580433
0.18775509094612053
0.19138853613297288
0.19507688785100608
0.19882074044553216
0.2026206919151323
0.20647734394281145
0.21039130189438474
0.2143631747852129
0.21839357527970574
0.22248311970410672
0.22663242798765929
0.23084212369959511
0.235112834037715
0.23944518975118512
0.24383982523002876
0.2482973784055808
0.2528184907729538
0.257403807377881
0.26205397680864834
0.26676965115364526
0.2715514859983854
0.27640014043419525
0.2813162769889544
0.2863005616639595
0.2913536638808003
0.2964762564577767
0.3016690156280202
0.306932620972965
0.3122677554314087
0.3176751052558219
0.32315536003543405
0.328709212605998
0.33433735907349654
0.3400404987694589
0.34581933424947126
0.3516745712317367
0.35760691859260657
0.3636170883511897
0.36970579561076683
0.375873758540669
0.3821216983831041
0.3884503393589488
0.39486040869083494
0.40135263655337694
0.4079277560229026
0.41458650310413914
0.4213296165966584
0.4281578381750596
0.4350719122825967
0.44207258611057476
0.44916060955912723
0.4563367352405673
0.46360171837127795
0.47095631681440997
0.47840129097425427
0.48593740379450445
0.49356542071456583
0.5012861096220169
0.5091002408234409
0.5170085869798824
0.525011923099152
0.5331110264688007
0.5413066766221103
0.549599655291548
0.5579907463723989
0.5664807358691455
0.5750704118527696
0.5837605644228956
0.5925519856571485
0.6014454695557961
0.610441812006995
0.6195418107269632
0.6287462652279581
0.6380559767584486
0.6474717482514815
0.6569943842790041
0.6666246910109046
0.676363476127382
0.686211548838185
0.6961697197359004
0.7062388008422502
0.716419605466966
0.7267129482096502
0.737119644907645
0.7476405125282954
0.7582763691691969
0.7690280339812406
0.7798963271154887
0.7908820696508121
0.8019860835617426
0.8132091916410212
0.8245522174576451
0.8360159852785468
0.8476013200319783
0.859309047216158
0.8711399928697291
0.8830949835135472
0.8951748460399637
0.9073804077115843
0.9197124960619724
0.9321719388452548
0.9447595639694698
0.9574761994302848
0.9703226732515431
0.983299813403964
0.9964084477832972
1.0096494040730448
1.0230235097396203
1.0365315919424845
1.0501744774506119
1.0639529926012823
1.0778679632141885
1.0919202145173363
1.1061105710931753
1.1204398567847629
1.1349088946526942
1.1495185068774187
1.1642695147010274
1.179162738324355
1.194198996889232
1.2093791083444316
1.2247038894063256
1.2401741554734862
1.2557907205239156
1.2715543970874892
1.2874659961313928
1.3035263269861452
1.31973619726492
1.3360964127888235
1.3526077775078302
1.3692710934059538
1.3860871604349652
1.403056776408146
1.4201807369476604
1.4374598353657702
1.4548948625881286
1.4724866071063654
1.4902358548194596
1.5081433889951381
1.52620999017939
1.5444364360809106
1.5628235015176049
1.5813719582764532
1.6000825750682084
1.6189561174047626
1.6379933475230615
1.6571950242824551
1.6765619030707386
1.6960947357012544
1.7157942703441302
1.7356612513899925
1.755696419387534
1.7759005109152957
1.7962742585089317
1.8168183905429225
1.8375336311495212
1.8584207000953792
1.8794803126940391
1.9007131797133405
1.9221200072442233
1.9437014966376742
1.965458344367076
1.987391241942563
2.009500875816814
2.031787927247772
2.054253072243413
2.0768969814057225
2.0997203198739727
2.1227237471920373
2.145907917210832
2.1692734779893876
2.192821071686744
2.2165513344648824
2.240464896384716
2.2645623812864333
2.288844406720364
2.313311583821121
2.337964517207431
2.362803804892646
2.3878300381874307
2.4130438015892937
2.438445672688753
2.464036222096352
2.4898160132866387
2.515785602589352
2.541945539032658
2.568296364277489
2.594838612525569
2.621572810423344
2.648499477007369
2.6756191235654136
2.702932253616235
2.7304393627868166
2.7581409387506826
2.786037461153921
2.814129401555357
2.8424172233160836
2.870901381577246
2.8995823231835818
2.92846048659157
2.957536301858386
2.9868101905563798
3.0162825657259122
3.0459538318366266
3.075824384722164
3.1058946115626567
3.136164890819447
3.166635592228504
3.197307076746183
3.2281796965363196
3.2592537949391964
3.2905297064493264
3.322007756705772
3.353688262483082
3.3855715316747874
3.417657863292528
3.4499475474677936
3.4824408654645826
3.51513808967481
3.5480394836296023
3.5811453020391406
3.6144557907925368
3.6479711869886153
3.6816917189608613
3.715617606336628
3.749749060436061
3.7840862827753186
3.8186294674264945
3.8533787995372184
3.8883344557578843
3.9234966043162474
3.9588654050599965
3.994441009554066
4.0302235611055846
4.066213194882908
4.102410037970107
4.138814209449509
4.175425820494916
4.212244974455008
4.249271766940979
4.286506285924218
4.323948611846279
4.361598817697951
4.399456969140397
4.437523124594397
4.475797335375891
4.514279645778891
4.552970093211147
4.591868708283885
4.630975514964353
4.670290530666431
4.709813766392872
4.749545226841305
4.789484910548088
4.829632809985002
4.869988911728302
4.910553196556029
4.951325639579708
4.992306210397627
5.033494873198737
5.074891586918544
5.116496305349206
5.158308977292823
5.200329546675751
5.242557952703263
5.284994129977331
5.32763800862982
5.3704895144626095
5.413548569077682
5.456815090003599
5.500288990847053
5.543970181382234
5.587858567740494
5.631954052483942
5.676256534767426
5.720765910452977
5.765482072239139
5.810404909791419
5.855534309853385
5.90087015638505
5.946412330669873
5.992160711448309
6.038115175023193
6.084275595390185
6.130641844333847
6.177213791574351
6.223991304829538
6.270974249976283
6.318162491140846
6.365555890777448
6.413154309815601
6.460957607739546
6.508965642699093
6.557178271598988
6.605595350200694
6.654216733228145
6.703042274445437
6.752071826756758
6.801305242286436
6.8507423724890435
6.900383068212194
6.950227179784428
7.000274557113264
7.0505250497395675
7.100978506937588
7.15163477778559
7.202493711221951
7.253555156145454
7.304818961464441
7.356284976181337
7.407953049439816
7.459823030604118
7.511894769322472
7.564168115577367
7.616642919755928
7.669319032701425
7.722196305762431
7.775274590870139
7.828553740560966
7.882033608046669
7.935714047261518
7.989594912900028
8.043676060477404
8.097957346350896
8.152438627796618
8.207119763019493
8.262000611207856
8.317081032570691
8.372360888367426
8.42784004096217
8.483518353826817
8.539395691607819
8.595471920130667
8.65174690645461
8.70822051887379
8.764892626969981
8.821763101625757
8.878831815051536
8.936098640826925
8.993563453878373
9.051226130569164
9.109086548655092
9.167144587345923
9.225400127311827
9.2838530506927
9.342503241138132
9.40135058379809
9.460394965357924
9.51963627403837
9.579074399615035
9.638709233447189
9.698540668457666
9.75856859916562
9.818792921697588
9.879213533794426
9.939830334810816
10.000643225733645
10.061652109193663
10.122856889463991