0.01218559520267988
0.01831678227940092
0.02663555471138509
0.03765280934885016
0.051948766011842826
0.07017871489090617
0.09307904835115163
0.12147311266936757
0.1562762864686229
0.19849958990512073
0.24925107033436641
0.30973420663086004
0.381242629308332
0.4651505403223058
0.5628982794732607
0.6759724265817425
0.8058795530342409
0.954112221711356
1.1221053098548257
1.3111809064755757
1.5224822236796356
1.7569024756697336
2.015022890439636
2.2970799669497333
2.6029780988745865
2.9323477473133246
3.284631240713588
3.659171159446288
4.055282674878921
4.472302949947422
4.909619553897663
5.366683482157702
5.843012432099558
6.338188630297512
6.851854022777911
7.383704487812101
7.933483983893093
8.500979065204831
9.086013955723272
9.688446222498813
10.308163023115505
10.945077871550843
11.599127857018091
12.270271251192716
12.958485444671092
13.6637651607671
14.386120902107129
15.12557759250522
15.88217338261252
16.65595859319626
17.44699477424514
18.25535386192775
19.081117418385396
19.92437594197122
20.785228237626427
21.663780838767845
22.560147473561088
23.474448569558692
24.406810791698778
25.357366609454026
26.326253889581082
27.313615511478712
28.31959900264955
29.34435619209082
30.388042879884793
31.45081852136346
32.53284592462819
33.63429096028544
34.75532228248061
35.896111060470815
37.05683072003156
38.23765669420881
39.4387661828965
40.66033792092977
41.90255195433253
43.165589424513314
44.4496323602141
45.75486347705343
47.0814659845868
48.429623400792586
49.799519373972466
51.191337512035844
52.605261219193046
54.04147354008735
55.5001570114038
56.981493521028405
58.485664174815454
60.012849171042426
61.563227682639855
63.136977747271686
64.73427616535402
66.35529840610592
68.00021852170123
69.66920906961096
71.36244104319786
73.08008381064823
74.82230506228949
76.58927076633672
78.38114513314648
80.19809058796933
82.04026775225951
83.90783543354925
85.80095062389013
87.71976850684938