0.
0.
0.
0.
0.
1.9859446137283985e-12
0.
1.241215383580249e-13
6.82668460969137e-12
7.596238147511124e-11
7.082374978708901e-10
4.695766039160798e-9
2.3767909258639832e-8
9.677458454083143e-8
3.3076019251030997e-7
9.798896484781866e-7
2.5789795746230563e-6
6.1470450866227836e-6
0.000013472430302112099
0.000027484758389818555
0.00005271323607597262
0.0000958228982847851
0.00016621844303851583
0.000276696683771145
0.00044413628142196855
0.0006902001885606665
0.0010420430686759927
0.0015330034047003438
0.0022032738281762354
0.003100540690484967
0.004280586929226325
0.00580785724956154
0.007755984797221339
0.010208281566675878
0.013258195392311165
0.017009737854577746
0.02157788747068632
0.02708897297546387
0.03368104104978103
0.04150421221572848
0.050721028038941414
0.061506791573126815
0.07404990205118508
0.08855218334691994
0.10522920485168104
0.12431059196091676
0.14604032232485545
0.17067700403888217
0.19849412390510948
0.22978027833679243
0.2648393491376375
0.30399064879202115
0.34756900994122786
0.39592481911149224
0.4494239880689823
0.508447857690895
0.5733930299556589
0.6446711247250423
0.722708459297964
0.8079456341081894
0.9008370508274226
1.0018563360670554
1.1114657670154897
1.2301752773955363
1.3584818638090883
1.4968984955892586
1.6459470730203427
1.8061572381059012
1.9780650529275843
2.1622115330636356
2.359141023240482
2.569399403116053
2.793532114523454
3.032082007163428
3.2855870088305443
3.5545866760690106
3.8395744003830505
4.141085103019246
4.459602193022612
4.795600178384884
5.1495332481254215
5.521833174268204
5.912907837067438
6.323139876472107
6.752886270330688
7.202478354973244
7.672222465369989
8.162401114969196
8.673274632894787
9.205083153945878
9.758048846897388
10.332378267365913
10.928264731959219
11.54589062675155
12.185429582853299
12.847048471932974
13.53090919304243
14.237170237767629
14.965988033265019
15.717518071578612
16.491915839971263
17.289337570377583
18.109940827914308
18.953884958548326
19.82133141530547
20.71244398253254
21.627388907794604
22.566334968936328
23.529453479938063
24.516918243817667
25.528905477624978
26.565593689180684
27.627163549906363
28.713797740011657
29.82568078355376
30.96299887569175
32.12593970387587
33.314692270313515
34.52944671239836
35.77039412749151