 0.11449165053098E-18
-0.20239510152125E-32
-0.10246252014513E-31
 0.63009194630646E-16
-0.79060586531740E-31
-0.14838117908815E-15
 0.17236558095042E-15
-0.12207425881073E-14
 0.34318639731327E-14
 0.37268258987754E-13
 0.22071775235995E-12
 0.87391544315511E-12
 0.28007115315997E-11
 0.76487674797513E-11
 0.18244039668783E-10
 0.38853022113534E-10
 0.75418503486505E-10
 0.13583480214130E-09
 0.23031283847439E-09
 0.37137932864823E-09
 0.57390312515141E-09
 0.86109956571793E-09
 0.12510751260902E-08
 0.17299169246714E-08
 0.24187697667125E-08
 0.33402570431969E-08
 0.45826028588151E-08
 0.62343322971493E-08
 0.84672978067254E-08
 0.11392376984730E-07
 0.15290403481757E-07
 0.20409404717807E-07
 0.27068182293887E-07
 0.35641666060380E-07
 0.46550975221287E-07
 0.60261161231602E-07
 0.77264284308217E-07
 0.98064850799629E-07
 0.12315971055942E-06
 0.15299881242106E-06
 0.18797671983969E-06
 0.22837048580295E-06
 0.27431225750529E-06
 0.32577175594307E-06
 0.38248608731901E-06
 0.44391919572231E-06
 0.50920740709035E-06
 0.57708875262665E-06
 0.64576439710116E-06
 0.71270059661269E-06
 0.77432650966442E-06
 0.82560388306928E-06
 0.85921232828765E-06
 0.86462437427003E-06
 0.82665594288957E-06
 0.72371368950213E-06
 0.52564946645705E-06
 0.19148180161014E-06
-0.33264784354068E-06
-0.11143991191852E-05
-0.22340744395143E-05
-0.37794029054600E-05
-0.58343143915713E-05
-0.84590430765311E-05
-0.11660043618949E-04
-0.15349634229231E-04
-0.19298802138475E-04
-0.23092750947762E-04
-0.26104707814851E-04
-0.27509558880630E-04
-0.26359216505005E-04
-0.21733547327401E-04
-0.12960524319477E-04
 0.12867248103965E-06
 0.16973590850302E-04
 0.36167796673016E-04
 0.55521362010707E-04
 0.72335582896210E-04
 0.83859482486928E-04
 0.87835772678809E-04
 0.83002424726921E-04
 0.69414377267539E-04
 0.48494245235121E-04
 0.22791927855160E-04
-0.44862507891781E-05
-0.30060779731742E-04
-0.51136053885157E-04
-0.65806897998481E-04
-0.73257059961237E-04
-0.73720405261824E-04
-0.68270564573632E-04
-0.58502892775513E-04
-0.46197887095891E-04
-0.33031977564436E-04
-0.20377875610028E-04
-0.92055947369893E-05
-0.71532359518782E-07
 0.68283854248825E-05
 0.11572363711181E-04
 0.14416687562524E-04
 0.15709474972712E-04
 0.15822750984134E-04
 0.15105967829794E-04
 0.13859682078379E-04
 0.12324501553690E-04
 0.10680551206774E-04
 0.90543012379976E-05
 0.75272882580963E-05
 0.61465395228172E-05
 0.49336617970391E-05
 0.38926051993360E-05
 0.30159541368211E-05
 0.22900712030425E-05
 0.16976226686467E-05
 0.12208516250415E-05
 0.84194223797420E-06
 0.54486402262236E-06
 0.31509271073535E-06
 0.14006431616081E-06
 0.90498909870226E-08
