23.97148828074825
24.013405855140757
24.083237360455534
24.180934501338125
24.306430225099817
24.45963509609052
24.64043565049457
24.848691444458183
25.084231725201146
25.346853867613227
25.636322861028738
25.95237527421558
26.29472247973682
26.663052442849366
27.05705652738272
27.47639487219148
27.920737005324142
28.389754252821017
28.883122332939067
29.400526567141224
29.941663199423193
30.506243055402262
31.09398869964014
31.70465345240986
32.33798725057555
32.99371124555113
33.67181022331852
34.371918309347265
35.09392012857096
35.83771186745895
36.60313265506158
37.390096827729664
38.19851686516311
39.02833350652565
39.8795000351391
40.75199185223556
41.64580180684404
42.56094130075314
43.497436976553786
44.45533898679947
45.434707390335596
46.435617213587804
47.45816595050712
48.50246232228257
49.56862788559138
50.65679688610034
51.76713582611559
52.899788540931496
54.05495186560449
55.23280052272769
56.433540494656675
57.65738330159625
58.9045537741555
60.17528578592372
61.46982028049941
62.78837805072122
64.13132533519487
65.49883028520202
66.89149224147982
68.30874557139458
69.75173425820925
71.22049425323667
72.71531769773267
74.23653353053803
75.78445983064233
77.35942750125963
78.96178280399997
80.59185395102512
82.2499948249676
83.93655130337291
85.65189498823725
87.39637310806454
89.17035264496889
90.97420437088297
92.80829768048463
94.67300759378705
96.56870171988517
98.49578612844834
100.45461852005663
102.44558248013804
104.46906545633533
106.52545172050141
108.61512388151601
110.73846703819481
112.89585984213393
115.08769279364829
117.3143399769104
119.57617937246451
121.87358869844525
124.20694310105571
126.57660186683043
128.9829532670777
131.42633984875079
133.90712307874963
136.4256572656819
138.98228273059138
141.57732765544998
144.21117796076467
146.88410321694093
149.59643827073145
152.34849743466864
155.14057958017932
157.97297797589172
160.8459758264291
163.75984651257062
166.7148531879453
169.71124839056793
172.74927367025367
175.8291592328772
178.95112360231417
182.1153733008376
185.32210254860968
188.57149298288104
191.8637133974457
195.1989195028952
198.57725370826338
201.9988449247695
205.46380839249352
208.9722455311663
212.5242438164814