11.974499344999437
12.342143266448995
12.728101575844434
13.132089877541969
13.5538417986885
13.993109248137044
14.449662318551562
14.923288938148875
15.413794356869994
15.921000532869819
16.4447454691852
16.98488253714807
17.541279812335567
18.113819440229687
18.702397041946163
19.30692116534783
19.92731278297832
20.563504835182222
21.21544181601566
21.883079396675686
22.56638408219562
23.265332896033478
23.979913087586027
24.710121857933437
25.455966099547577
26.217462144684536
26.99463553006816
27.787520742857946
28.59616099968132
29.420608003173065
30.260921707146444
31.11717007874121
31.989428858560334
32.87778131850554
33.7823180172282
34.70313655331257
35.64034131638561
36.594043236454716
37.564359531872434
38.55141345628061
39.55533404500151
40.57625586125756
41.614318742666775
42.66966754836633
43.742451907173326
44.832825967087544
45.94094814648668
47.06698088725698
48.21109041014393
49.37344647255108
50.55422212895353
51.75359349416682
52.97173950958653
54.20884171256517
55.46508400907501
56.74065244974342
58.03573500942891
59.35052137040326
60.68520270928734
62.03997148783286
63.415021247663304
64.8105464090949
66.2267420741551
67.66380383390971
69.12192758024854
70.60130932224371
72.10214500723815
73.62463034677849
75.16896064759517
76.73533064772515
78.32393435797802
79.9349649088577
81.56861440329403
83.2250737748258
84.90453265223945
86.60717922999604
88.33320014510483
90.0827803604233
91.85610305457588
93.65334951860841
95.47469905953533
97.32032891090516
99.19041415047762
101.08512762515292
103.00463988322089
104.94911911402406
106.91873109510229
108.91363914687406
110.93400409490279
112.97998423976713
115.05173533456082
117.14941057002278
119.2731605672779
121.42313337817554
123.59947449318577
125.80232685680438
128.03183089040022
130.2881245224563
132.57134322609227
134.88162006382103
137.21908573939913
139.5838686567104
141.97609498554147
144.3958887341537