9.454503770512584
9.810877525771406
10.184852570783722
10.576161332208676
10.984556476805501
11.409810576981327
11.851715490935794
12.310081563163056
12.784736726245296
13.275525564221898
13.782308381266454
14.304960306072292
14.843370451916432
15.39744114418138
15.96708722094987
16.55223540756387
17.152823762732233
17.76880119146448
18.40012701823001
19.046770614077364
19.708711069224705
20.385936904542913
21.07844581458252
21.78624443570699
22.50934813346385
23.247780802838854
24.001574685447313
24.7707701744915
25.555415646863665
26.355567277560876
27.171288859984735
28.00265162228293
28.849734039962577
29.71262164421619
30.59140682562416
31.48618863316789
32.39707256867572
33.324170376970834
34.26759983204717
35.22748451974084
36.20395361735005
37.1971416707109
38.20718836922576
39.234238319350524
40.278440817016765
41.33994961943491
42.41892271673644
43.515522103800855
44.629913552708935
45.76226638608706
46.91275325170479
48.081549898567765
49.2688349547955
50.47478970748867
51.69959788483018
52.9434454405841
54.20652034122289
55.48901235581219
56.79111284885726
58.11301457624906
59.454911484485955
60.81699851331049
62.19947140193262
63.60252649898367
65.02636057637054
66.4711706471908
67.93715378786099
69.42450696464688
70.93342686473795
72.46410973208788
74.0167512081187
75.59154617764472
77.18868861979684
78.80837146474867
80.4507864558171
82.11612401747699
83.80457312933957
85.51632120629644
87.25155398497952
89.01045541671421
90.79320756709517
92.59999052235685
94.43098230265487
96.28635878238826
98.16629361767718
100.07095818109876
102.00052150376779
103.9551502248411
105.93500854850849
107.94025820851736
109.97105844027125
112.02756596052309
114.10993495466592
116.21831707163096
118.35286142635964
120.51371460982503
122.70102070657593
124.91492131971908
127.15555560331585
129.42306030208363
131.71756979834655
134.03921616613178
136.38812923232393
138.76443664476835