0.037975593617040705
0.05424099205298117
0.07550703892863365
0.10283742108660432
0.1374759204091309
0.18086007896569123
0.23466180127429456
0.30082279461820494
0.3815931719360194
0.479564260901291
0.5976734639987986
0.7391229953030272
0.907092643251364
1.1041173822532093
1.3312954421556833
1.5880017874621049
1.8724695001557106
2.1826301088884272
2.516610291268381
2.8728769797731593
3.25022071604415
3.6476957277339
4.064560649412323
4.500230775424685
4.954242034852706
5.4262243500138325
5.915881969476706
6.422978860114282
6.947327752346123
7.4887818345245565
8.047228384070378
8.622583827927386
9.214789868452762
9.823810411039972
10.449629100453691
11.09224732315906
11.751682569082455
12.427967072497273
13.121146671428052
13.83127983723725
14.558436841559338
15.302699029321195
16.06415817823451
16.84291592703873
17.639083351167002
18.452780031195648
19.284134538352408
20.133283109226582
21.00036972557283
21.885545662292337
22.788969144398333
23.710805018215687
24.651224434552212
25.610404542092287
26.58852818949996
27.58578363504293
28.602364262764567
29.638468304368384
30.69429856613751
31.77006216034446
32.86597024067519
33.98223774128539
35.11908311919168
36.2767280997016
37.45539742473368
38.655318603692166
39.87672166760144
41.11983892446099
42.384904718390715
43.67215519061175
44.981828043095
46.314162304790784
47.669398100556336
49.047776422899396
50.44953890672046
51.87492760719135
53.32418478103355
54.79755267139337
56.29527329660173
57.817588243067206
59.36473846264079
60.93696407472308
62.534504173480705
64.15759664049452
65.80647796319043
67.48138305941914
69.18254510853423
70.9101953893447
72.66456312528497
74.44587533716242
76.25435670384509
78.09022943119999
79.95371312961721
81.84502470042949
83.76437823151464
85.71198490234222
87.68805289871756
89.69278733744235
91.72639020108997
93.78906028305434
95.88099314303714
98.00238107304968
100.15341307404928
102.33427484323794