0.07677799619893337
0.10729892061859043
0.14691833183412942
0.19779052453831028
0.2625885484342732
0.3446734028224984
0.44831486606621895
0.578863138862239
0.7422543640498162
0.9423794587245954
1.17791337036482
1.4442567711719454
1.73715281039123
2.0536054607389977
2.391599625443412
2.7497367712908782
3.1270256552401494
3.522739118405176
3.936333090767554
4.367386812550014
4.815579213744679
5.280655284206173
5.762415678464954
6.260706325720756
6.775406834834823
7.306426936657224
7.853699336194268
8.41717816426356
8.99683747486327
9.592666417211182
10.20467007436456
10.832865380799568
11.477282626344527
12.13796860616401
12.814970232783843
13.508353359835857
14.21819132822944
14.944566903685029
15.687571885805008
16.44730675536101
17.223880350426068
18.017409564383183
18.828019060564827
19.655840999380555
20.50101477479766
21.363686757845507
22.244010045278234
23.142144212149017
24.058255067202875
24.992514410438154
25.945100097810318
26.91619427386427
27.905986188360483
28.914668903714134
29.942440584286224
30.989503955006644
32.05606606506017
33.142338052299685
34.24853490817116
35.37487524319915
36.52158105303312
37.68887748508587
38.876992605861545
40.086157168991086
41.31660438406964
42.56856968639001
43.84229050767416
45.13800604790802
46.455957048444375
47.7963855665033
49.159534751271764
50.54564862176128
51.95497184668277
53.38774952652824
54.844226978145976
56.32464952208045
57.82926227294723
59.3583099331859
60.912036590447165
62.49068551915516
64.09449898625886
65.72371806189298
67.37858243510628
69.05933023510968
70.76619785844008
72.499419802395
74.25922850515819
76.04585419297999
77.85952473478773
79.7004655046182
81.56889925216649
83.46504598188763
85.3891228408601
87.34134401579843
89.32192063965097
91.33106070664762
93.36896900024556
95.4358470271286
97.53189296448102
99.65730161645867
101.81226438136126
103.9969692294064
106.21160069115078
108.45633985656758