0.002537243614631381
0.0026698916578632107
0.0028080766884482685
0.0029519687240979085
0.0031017409928029522
0.0032575699358126067
0.0034196352252597213
0.00358811978588206
0.0037632097937810817
0.003945094712541312
0.00413396730849729
0.004330023644527493
0.004533463109967625
0.0047444884569782285
0.0049633057702590305
0.005190124509870872
0.0054251575358117725
0.005668621116581316
0.0059207349109347855
0.00618172203143339
0.0064518090429548074
0.006731225958224807
0.007020206271702431
0.00731898699557524
0.0076278086199162995
0.007946915175737923
0.008276554237970583
0.008616976923352853
0.008968437937349343
0.009331195564220981
0.009705511686015602
0.010091651821045633
0.010489885102911541
0.010900484332632899
0.011323725967477426
0.011759890159686918
0.012209260769634132
0.012672125350928197
0.013148775213344236
0.013639505424561068
0.014144614791294734
0.014664405942956411
0.015199185300125545
0.01574926310917976
0.01631495343981242
0.016896574259753813
0.017494447383757175
0.01810889853491475
0.018740257355208106
0.019388857407742335
0.020055036232848978
0.0207391353288472
0.021441500188907857
0.022162480334690482
0.022902429304427572
0.023661704692147012
0.024440668173241115
0.025239685525194917
0.0260591266283309
0.026899365487654387
0.027760780308691807
0.02864375342823087
0.029548671416348465
0.030475925051710498
0.03142590936489028
0.03239902363166598
0.03339567145171368
0.034416260696228086
0.035461203596545296
0.036530916720559706
0.03762582102113145
0.03874634184154768
0.039892908961819976
0.041065956588630416
0.04226592340870393
0.04349325258545693
0.04474839179797155
0.046031793265944025
0.047343913749808814
0.04868521461168232
0.05005616180034412
0.051457225884998084
0.05288888208642684
0.054351610289900425
0.05584589509432843
0.057372225763231956
0.058931096344396826
0.06052300561786662
0.06214845713702691
0.06380795926968952
0.06550202519511358
0.06723117292436145
0.06899592535193332
0.07079681025055405
0.07263436027998586
0.07450911303506332
0.07642161105140294
0.0783724018207943
0.08036203783836615
0.0823910765566615
0.08446008048741725
0.08656961715551516
0.08872025913187394
0.09091258407304412
0.09314717473200664
0.09542461891609551
0.09774550960292752
0.10011044487151462
0.10252002795774634
0.10497486724843191
0.10747557632077097
0.11002277391517087
0.11261708398452298
0.11525913569010668
0.11794956340456822
0.12068900673029077
0.1234781105239705
0.12631752486608255
0.12920790511487407
0.13214991185746025
0.13514421098628315
0.13819147363593395
0.14129237624508945
0.1444476005012781
0.14765783340467845
0.1509237672251731
0.15424609950495513
0.15762553311574834
0.16106277616546777
0.16455854206958942
0.1681135495244644
0.17172852250185738
0.17540419022275702
0.1791412871949848
0.18294055318439872
0.18680273319131047
0.19072857748126723
0.19471884151616448
0.19877428599135818
0.20289567682275625
0.20708378508649541
0.21133938706374913
0.21566326418239037
0.22005620301935014
0.2245189952589124
0.22905243771815906
0.23365733226778057
0.23833448588184852
0.24308471052064487
0.24790882319334345
0.25280764588912247
0.2577820055406727
0.2628327340446777
0.2679606681702119
0.27316664956829817
0.27845152472350027
0.28381614493977314
0.28926136626412785
0.29478804949743065
0.30039706013184536
0.3060892683090044
0.3118655487802901
0.31772678088933354
0.3236738485001479
0.3297076399463632
0.335829048046741
0.34203896996280747
0.34833830722715275
0.35472796565530473
0.3612088553354272
0.3677818904969989
0.37444798955040853
0.3812080749623368
0.3880630732331658
0.39501391482523757
0.40206153412499634
0.4092068693377337
0.4164508624702117
0.4237944592579274
0.43123860908356537
0.4387842649164258
0.44643238324465484
0.4541839240396212
0.4620398506193826
0.4700011296403697
0.4780687309815807
0.4862436277059795
0.4945267959583436
0.5029192148936461
0.5114218665984867
0.5200357360398294
0.5287618109238769
0.5376010816886222
0.5465545413563933
0.5556231854855691
0.5648080120680559
0.5741100214600264
0.5835302162667363
0.5930696012722703
0.6027291833612218
0.6125099713760778
0.6224129760861877
0.6324392100420453
0.6425896875068969
0.652865424357942
0.6632674379614656
0.6737967471004759
0.68445437187789
0.69524133358062
0.7061586545833793
0.717207358279795
0.7283884689235322
0.7397030115612685
0.751152011897526
0.7627364961766311
0.7744574910988086
0.7863160236815379
0.7983131211560359
0.8104498108389151
0.8227271200141437
0.8351460758380934
0.8477077051632861
0.8604130344795606
0.8732630897349654
0.8862588962288894
0.8994014785042012
0.9126918601668997
0.9261310638174755
0.93972011085877
0.9534600213886113
0.9673518140593078
0.9813965059467002
0.9955951123871901
1.0099486468553558
1.0244581208060703
1.0391245435434282
1.0539489220505758
1.0689322608436191
1.0840755618563163
1.0993798242144235
1.1148460441567543
1.1304752148141184
1.1462683260753954
1.1622263644410715
1.1783503128255126
1.1946411504055374
1.2110998524514869
1.2277273901584203
1.2445247304760672
1.261492835907131
1.2786326643691412
1.2959451689867987
1.3134312979151017
1.331091994173892
1.3489281954245609
1.3669408338184958
1.3851308358018384
1.4034991218986426
1.4220466065409538
1.4407741978668622
1.4596827975313418
1.478773300468806
1.4980465947611659
1.5175035613663774
1.537145073958324
1.556971998705507
1.5769851940666202
1.5971855105960475
1.6175737906829633
1.638150868434655
1.658917569379751
1.6798747103038825
1.7010230990236572
1.7223635341737937
1.7438968050091448
1.7656236911773082
1.7875449625122126
1.8096613788310536
1.8319736897265162
1.8544826343457121
1.8771889411883598
1.9000933279048384
1.9231965010875387
1.9464991560856746
1.97000197677392
1.9937056353875762
2.0176107923191355
2.041718095915964
2.066028182314599
2.0905416752433967
2.115259185837465
2.140181312497291
2.165308640683566
2.1906417427771796
2.216181177900606
2.2419274917946517
2.2678812166506446
2.294042870971416
2.320412959454256
2.3469919728478006
2.3737803878531047
2.4007786669863678
2.427987258516745
2.455406596338753
2.483037099894072
2.510879174110479
2.5389332093360624
2.5671995812545707
2.5956786508574865
2.6243707644213123
2.6532762534446395
2.6823954346537344
2.7117286100010496
2.7412760666437497
2.771038076979832
2.801014898663517
2.8312067746288294
2.861613933151912
2.8922365879014134
2.9230749380080012
2.9541291681276594
2.985399448538507
3.0168859352419544
3.048588770071435
3.080508080796668
3.1126439812575843
3.1449965715161263
3.177565937980621
3.2103521535704864
3.243355277899062
3.276575357414118
3.3100124256195325
3.3436665032151787
3.377537598350629
3.4116257067955718
3.4459308121472234
3.4804528860839024
3.5151918885699587
3.5501477680698814
3.5853204618167736
3.620709896048929
3.6563159862347394
3.692138637346506
3.728177744104341
3.764433191248735
3.800904853781976
3.837592597257723
3.8744962780107577
3.9116157434747323
3.948950832405591
3.986501375192616
4.024267194099352
4.062248103546098
4.100443910391675
4.13885441420574
4.177479407514053
4.216318676100337
4.255371999250807
4.294639150049691
4.334119895611721
4.373813997366113
4.413721211308667
4.453841288265642
4.494173974139893
4.53471901017227
4.57547613318291
4.616445075808187
4.657625566763845
4.699017331063458
4.740620090705313
4.782433563103146
4.82445746399902
4.866691505889475
4.909135398703218
4.9517888499968725
4.994651565159154
5.037723247625479
5.081003599060917
5.12449231955556
5.168189107806855
5.212093661306907
5.256205676519349
5.300524849047649
5.345050873793373
5.389783445135656
5.434722257072331
5.47986700338067
5.525217377758503
5.570773073969201
5.616533785981803
5.66249920810705
5.708669035102899
5.755042962333887
5.801620685860622
5.848401902572475
5.89538631028799
5.94257360786349
5.989963495298208
6.037555673841658
6.085349846055687
6.133345715940463
6.181542989005968
6.229941372348088
6.278540574738966
6.3273403066954
6.376340280550955
6.425540210532669
6.474939812818523
6.524538805592798
6.574336909121046
6.624333845792785
6.674529340183191
6.724923119096041
6.775514911619197
6.8263044491576235
6.877291465482906
6.928475696777448
6.9798568816607744
7.031434761225785
7.083209079079332
7.13517958136693
7.187346016799186
7.2397081366809735
7.292265694928682
7.345018448103856
7.397966155428584
7.451108578794313
7.504445482793126
7.557976634728294
7.611701804616631
7.665620765217418
7.719733292031284
7.774039163320811
7.828538160097747
7.883230066158012
7.93811466805141
7.993191755128423
8.048461119505086
8.10392255608533
8.159575862555883
8.21542083938554
8.271457289829378
8.327685019914846
8.384103838454685
8.440713557036494
8.49751399000561
8.554504954479244
8.61168627033036
8.669057760187416
8.726619249413893
8.784370566116229
8.842311541127442
8.9004420079967
8.95876180297741
9.017270765035901
9.075968735808358
9.134855559619064
9.193931083460049
9.253195156966505
9.312647632428222
9.37228836475357
9.43211721147573
9.492134032723996
9.552338691219827
9.612731052268884
9.673310983724056
9.734078355996127
9.795033042030566
9.856174917290028
9.917503859739087
9.979019749835045
10.04072247050833
10.102611907149086
10.16468794758967
10.226950482094605
10.289399403337608
10.352034606391298
10.414855988709437
10.477863450116137
10.54105689277719
10.604436221192614
10.668001342192936
10.731752164890903
10.795688600709289
10.859810563315484
10.924117968649664
10.988610734885947
11.053288782410915
11.11815203382759
11.183200413926018
11.248433849665512
11.313852270169074
11.379455606695217
11.445243792636973
11.51121676349111
11.577374456850185
11.643716812387906
11.710243771834794
11.776955278968881
11.843851279614098
11.910931721585898
11.978196554722176
12.04564573083225
12.113279203703312
12.181096929070891
12.249098864614135
12.317284969934212
12.38565520654265
12.454209537845436
12.522947929126898
12.591870347533177
12.660976762067778
12.73026714356735
12.79974146467861
12.869399699873107
12.939241825399193
13.009267819291452
13.07947766134327
13.14987133310311
13.220448817849322
13.291210100589137
13.362155168029636
13.433284008585813
13.504596612330673
13.57609297103049
13.647773078092676
13.719636928559813
13.791684519123194
13.863915848065846
13.936330915286113
14.008929722263277