0.002858740031376857
0.0030061703858188567
0.0031596579136581727
0.00331938503954689
0.0034855375029268962
0.0036583044433013802
0.003837878343014801
0.004024455070198942
0.0042182339349999655
0.004419417627145281
0.00462821231635787
0.004844827588930176
0.005069476533616215
0.0053023757091117275
0.005543745170119703
0.005793808504586845
0.00605279282786985
0.0063209288092974285
0.006598450666212461
0.006885596212875889
0.007182606852522935
0.007489727610131192
0.007807207117153669
0.008135297688225903
0.008474255251657903
0.008824339459654069
0.009185813626128303
0.00955894477089128
0.00994400366855433
0.010341264813030684
0.010751006460357395
0.011173510679461056
0.011609063274581836
0.012057953906416098
0.012520476056493523
0.012996927048898373
0.01348760806715003
0.01399282419677667
0.014512884418985078
0.015048101618107929
0.015598792654090777
0.0161652783138364
0.016747883377733957
0.017346936624623843
0.01796277085401544
0.01859572289676158
0.01924613363951048
0.019914348051515998
0.02060071520226289
0.02130558828368456
0.022029324621085766
0.022772285712737386
0.02353483721858136
0.0243173490260151
0.02512019524467838
0.025943754222961524
0.026788408605846015
0.027654545284635297
0.028542555532123107
0.029452834891628834
0.030385783311917634
0.03134180511455645
0.03232130902904042
0.03332470821625186
0.034352420298497624
0.0354048673637293
0.03648247600886161
0.03758567733890353
0.038714907045527235
0.03987060536610802
0.041053217147150385
0.042263191830014035
0.04350098353990907
0.0447670510366197
0.04606185780809191
0.04738587203567939
0.04873956663311774
0.050123419296048945
0.05153791252274967
0.05298353358620391
0.054460774631166074
0.055970132636055596
0.05751210947836905
0.059087211947464656
0.060695951743693397
0.06233884553499849
0.06401641496349378
0.0657291866612272
0.06747769229064442
0.06926246855774565
0.07108405722735268
0.07294300515513218
0.07483986428784395
0.07677519172217455
0.07874954970362019
0.08076350563654058
0.08281763210836263
0.08491250691763193
0.087048713112118
0.08922683896101118
0.09144747799426904
0.09371122904792083
0.09601869621901128
0.09837048894032187
0.10076722198843863
0.10320951546054144
0.1056979948112682
0.10823329088995116
0.11081603991628923
0.11344688350082795
0.11612646869435986
0.1188554479391448
0.12163447911781375
0.12446422556975288
0.12734535607111996
0.13027854485073198
0.13326447161526173
0.13630382154241122
0.13939728527247136
0.1425455589279331
0.14574934414886223
0.14900934801544738
0.1523262831264449
0.15570086756454896
0.15913382489452974
0.16262588417924506
0.16617777994761704
0.16979025222442126
0.17346404651489575
0.17719991378301964
0.18099861045287854
0.1848608984245521
0.1887875450238448
0.19277932301345677
0.1968370105924875
0.2009613913665224
0.2051532543280217
0.20941339385743737
0.21374260971167006
0.21814170696697302
0.22261149606388408
0.22715279270755626
0.2317664179327972
0.2364531979969524
0.2412139644226031
0.24604955393190578
0.2509608084305807
0.2559485749823428
0.26101370578308425
0.2661570581166874
0.2713794943310692
0.2766818817998279
0.2820650928831442
0.28753000490941183
0.2930775001211204
0.2987084656188764
0.30442379337679437
0.31022438010919057
0.31611112732743035
0.3220849412086077
0.3281467326180113
0.3342974169980356
0.3405379143684292
0.3468691492488429
0.3532920506016097
0.3598075518035693
0.36641659055980363
0.3731201088520021
0.3799190529262978
0.3868143731417152
0.39380702400206924
0.400897964032961
0.40808815573783863
0.4153785655183112
0.42277016364907644
0.4302639241407661
0.43786082473150584
0.4455618467759508
0.45336797518992694
0.46128019837074535
0.46929950812757
0.4774268995734319
0.48566337108836505
0.49400992422470186
0.5024675636138576
0.5110372968690194
0.5197201345467923
0.5285170900234507
0.5374291794179822
0.5464574215003626
0.555602837592258
0.5648664514983862
0.5742492894078394
0.5837523797607782
0.5933767532074712
0.603123442463942
0.6129934822466808
0.6229879091631695
0.6331077615696384
0.6433540795507102
0.6537279047046697
0.6642302801512837
0.6748622503385433
0.6856248609580134
0.6965191588589409
0.7075461918962046
0.7187070088316401
0.7300026592330037
0.7414341933353292
0.7530026619194131
0.7647091162116479
0.7765546077388003
0.7885401882321891
0.8006669094732787
0.8129358231576409
0.8253479808203587
0.8379044336427685
0.8506062323504323
0.8634544270913751
0.8764500672449366
0.8895942013532571
0.9028878769424179
0.9163321403712612
0.9299280367095033
0.9436766095803475
0.9575789010248205
0.9716359513275046
0.9858487988894379
1.000218480058192
1.0147460289871175
1.0294324774419636
1.0442788546869337
1.0592861872920492
1.0744554989675712
1.0897878104201435
1.1052841391460067
1.1209454992902437
1.1367729014707757
1.1527673525734379
1.168929855602784
1.185261409493672
1.2017630089147775
1.2184356440955695
1.2352803006445963
1.2522979593302872
1.2694895959111534
1.2868561809434
1.3043986795633415
1.3221180513122652
1.3400152499039526
1.3580912230423443
1.3763469122184775
1.3947832524773849
1.413401172226825
1.4322015930229224
1.4511854293492328
1.470353588403502
1.4897069698763559
1.509246465734338
1.5289729599956208
1.5488873285059657
1.568990438729704
1.5892831494929283
1.6097663107937104
1.6304407635502596
1.65130733937167
1.6723668603606907
1.6936201388392942
1.7150679771610036
1.7367111674645117
1.7585504914423187
1.7805867201289807
1.8028206136588243
1.8252529210556847
1.8478843799971996
1.8707157166087662
1.893747645229449
1.9169808682133849
1.9404160756896083
1.9640539453792198
1.9878951423800353
2.0119403189518557
2.0361901143389742
2.0606451545475
2.085306052187478
2.1101734062675908
2.135247802030076
2.16052981076616
2.1860199896586687
2.211718881617322
2.2376270151470377
2.263744904160012
2.290073047898021
2.316611930755546
2.3433620221767533
2.3703237765581826
2.3974976331350515
2.424884015880967
2.4524833334451164
2.480295979068241
2.5083223305317444
2.5365627500863215
2.565017584442031
2.593687164710826
2.6225718064116426
2.6516718094408605
2.6809874581007245
2.710519021109524
2.7402667516203367
2.770230887259379
2.8004116502056933
2.8308092472152295
2.8614238697263454
2.8922556939383774
2.9233048808969113
2.954571576622621
2.9860559122146615
3.01775800400222
3.0496779536693857
3.0818158484147657
3.1141717611103634
3.146745750497194
3.1795378613357173
3.2125481246203234
3.245776557781896
3.2792231648839265
3.312887936859709
3.3467708517144095
3.3808718747975153
3.4151909590047786
3.4497280450499184
3.4844830617200646
3.519455926119282
3.554646543954051
3.5900548097899527
3.625680607332676
3.661523809709157
3.6975842797403953
3.733861870240464
3.770356424294294
3.807067775553703
3.8439957485175382
3.88114015884769
3.9185008136344632
3.9560775117194185
3.9938700439663273
4.031878193564528
4.070101736321477
4.108540440959403
4.147194069386632
4.186062377010006
4.225145112999259
4.2644420205981906
4.303952837362978
4.343677295485887
4.383615122030359
4.42376603923771
4.46412976474919
4.504706011916285
4.545494490023637
4.586494904552434
4.6277069574470175
4.669130347331109
4.7107647697703205
4.752609917489248
4.794665480609908
4.836931147344331
4.87940660237379
4.922091529777815
4.964985611457728
5.00808852777984
5.051399957771188
5.094919579317143
5.13864706934051
5.182582103989081
5.226724358800468
5.271073508892129
5.315629229106716
5.360391194188953
5.405359078917198
5.450532558278954
5.495911307604176
5.541495002690262
5.587283319951987
5.6332759365592855
5.679472530533315
5.725872780894038
5.7724763677486015
5.819282972430594
5.866292277578247
5.913503967247135
5.960917727023127
6.008533244087304
6.056350207305073
6.104368307344087
6.1525872367173156
6.201006689881843
6.249626363304404
6.298445955526302
6.347465167242224
6.396683701344059
6.446101263002813
6.495717559702125
6.545532301301817
6.595545200096356
6.645755970841042
6.696164330808482
6.7467699998404775
6.79757270035522
6.848572157419653
6.899768098753324
6.951160254781875
7.0027483586451185
7.054532146251765
7.106511356263421
7.1586857301547795
7.21105501221884
7.263618949584655
7.316377292231974
7.36932979301297
7.422476207664276
7.475816294806609
7.5293498159696055
7.5830765355981375
7.6369962210589035
7.6911086426329724
7.745413573542349
7.7999107899251525
7.854600070878431
7.909481198413362
7.964553957481436
8.019818135976694
8.075273524712513
8.130919917440727
8.18675711082903
8.24278490446781
8.299003100859588
8.355411505416175
8.412009926436697
8.468798175131052
8.525776065571755
8.582943414714414
8.640300042379362
8.697845771224975
8.755580426768514
8.813503837341951
8.87161583410499
8.929916251016401
8.98840492482558
9.047081695069444
9.105946404034944
9.164998896774959
9.224239021067081
9.283666627418713
9.343281569039746
9.403083701832154
9.463072884370362
9.523248977905237
9.583611846303748
9.644161356088448
9.704897376384224
9.765819778902154
9.826928437947707
9.888223230383632
9.949704035612571
10.011370735569496
10.073223214714384
10.135261359974375
10.197485060780762
10.259894209014005
10.322488698997892
10.385268427483041
10.448233293626783
10.511383198985346
10.574718047479848
10.6382377453989
10.701942201358268
10.765831326308566
10.829905033489336
10.894163238450021
10.958605858989769
11.023232815174431
11.088044029298462
11.153039425881696
11.218218931639173
11.283582475476686
11.349129988466688
11.414861403835019
11.480776656933845
11.546875685242277
11.613158428334973
11.67962482788114
11.746274827602953
11.813108373282141
11.880125412743718
11.947325895815895
12.014709774342991
12.082277002152043
12.15002753504027
12.21796133075682
12.286078349007251
12.35437855139593
12.422861901452352
12.491528364601344
12.560377908132784
12.62941050121091
12.698626114840309
12.768024721859591
12.837606296925124
12.907370816499864
12.97731825882915
13.047448603936122
13.117761833602716
13.188257931349932
13.2589368824371
13.329798673833071
13.400843294217589
13.472070733950506
13.543480985073396
13.615074041279893
13.686849897923757
13.758808551979397
13.830950002051816
13.903274248348914
13.975781292673062
14.048471138410045
14.121343790511323
14.19439925548744
14.267637541388796
14.341058657796207
14.414662615811356