 0.13637061637409E-05
 0.18125642317956E-05
 0.24149661489355E-05
 0.32244485475585E-05
 0.43097230623171E-05
 0.57548290664677E-05
 0.76507682234392E-05
 0.10057559786505E-04
 0.12876556491496E-04
 0.15522844855922E-04
 0.16486522489135E-04
 0.13897118976440E-04
 0.82380741491746E-05
 0.27842468258770E-05
-0.44681935411607E-06
-0.17754898617988E-05
-0.20964235931493E-05
-0.20000048408733E-05
-0.17673024261499E-05
-0.15136340795572E-05
-0.12806559601741E-05
-0.10799241857091E-05
-0.91153636983179E-06
-0.77176424502604E-06
-0.65605883449505E-06
-0.56015119578919E-06
-0.48038440230911E-06
-0.41374709638132E-06
-0.35780417629573E-06
-0.31060095053194E-06
-0.27057119919909E-06
-0.23646104787055E-06
-0.20725084877369E-06
-0.18213108790974E-06
-0.16043504925836E-06
-0.14162088110303E-06
-0.12524379659298E-06
-0.11093719062294E-06
-0.98397332741569E-07
-0.87371191365298E-07
-0.77647257371542E-07
-0.69047620903353E-07
-0.61422320633533E-07
-0.54644105744076E-07
-0.48604862561066E-07
-0.43212206259422E-07
-0.38386977931000E-07
-0.34061073814591E-07
-0.30175792896480E-07
-0.26680262048361E-07
-0.23530402100314E-07
-0.20687731851776E-07
-0.18118777974732E-07
-0.15794111568180E-07
-0.13687994981203E-07
-0.11777796034798E-07
-0.10043485423930E-07
-0.84674056155733E-08
-0.70339475729265E-08
-0.57292273904978E-08
-0.45408518992248E-08
-0.34579021987317E-08
-0.24705529306343E-08
-0.15699558768741E-08
-0.74833407219210E-09
 0.14769359054851E-11
 0.68570371602305E-09
 0.13101021550404E-08
 0.18798025841948E-08
 0.23994702460355E-08
 0.28732741065903E-08
 0.33050181017245E-08
 0.36981804140356E-08
 0.48120534453480E-08
 0.43809351524875E-08
 0.46759767306183E-08
 0.49433354850308E-08
 0.51877135081305E-08
 0.54034736160691E-08
 0.56000175083410E-08
 0.57764736636504E-08
 0.59343141837899E-08
 0.60749920411610E-08
 0.61997365781212E-08
 0.63097185667206E-08
 0.64060542614093E-08
 0.64897280594150E-08
 0.65616531174325E-08
 0.66226832784615E-08
 0.66736106244534E-08
 0.67151647530906E-08
 0.67480192373127E-08
 0.67728074821319E-08
 0.67901158252339E-08
 0.68004791404446E-08
 0.68044006340542E-08
 0.68023602828340E-08
 0.67948109006802E-08
 0.67821351902570E-08
 0.67647202063691E-08
 0.67429490685767E-08
 0.67171221504993E-08
 0.66875725476415E-08
 0.66545917793383E-08
