9.840539936454922
9.876556846804187
9.912759643230412
9.949147155258062
9.985718118056639
10.022473327170848
10.059411789843864
10.096533086518324
10.133838490113105
10.171325771676957
10.208996395021106
10.246848441889876
10.284883035930358
10.323098969360295
10.361496256175633
10.400075751990075
10.438833706203857
10.47777349014067
10.516893671837506
10.5561938791595
10.595673285267422
10.635333433447897
10.675172121354501
10.715189666014004
10.755386723394704
10.795759758444815
10.836315384755974
10.877047356331415
10.917956895998662
10.959044021156949
11.000308322823322
11.04174945664529
11.083368734532277
11.125163845374132
11.167135492349905
11.209283351440813
11.251607312793837
11.294106356685747
11.33678221001243
11.379632887908262
11.422658664447004
11.465859246655155
11.509234311641707
11.552784589567617
11.596508735120743
11.64040717272165
11.684483327169682
11.728725414071944
11.773145022636612
11.817737810189664
11.862503605588847
11.907441959143314
11.952554167970437
11.997838415086413
12.043294808826511
12.088923726315155
12.134724476447099
12.180697075240223
12.226841262940919
12.273156355018529
12.319644134990455
12.366302106338013
12.413131203148144
12.460131141057778
12.507301428033998
12.554640210499617
12.602154065474357
12.649835415875748
12.69768683957421
12.74570829406619
12.793897534906716
12.842258491579138
12.890789465487405
12.939488433107988
12.988356410840764
13.037393368394863
13.086599152868812
13.13597355829235
13.185516314841262
13.235227256825834
13.285107274595676
13.33515404740471
13.385370025129602
13.435752690432015
13.486304178032611
13.537022764804329
13.587899897542384
13.638961824092956
13.690181613035813
13.741569440977479
13.793123856858843
13.844844307951805
13.896732665678503
13.948787050950429
14.001007638283957
14.053394957457368
14.10594824148793
14.15866733339342
14.211552351023647
14.264604159527819
14.31782135116128
14.37120425134464
14.424752437480798
14.478466399387479
14.532345570471705
14.586389908846305
14.64059966664929
14.694974337558495
14.749513960951354
14.80421840934313
14.85908805333269
14.91412213158048
14.969320725479948
15.024683976636517
15.08021162989453
15.135903629021968
15.191761667980062
15.24778048781358
15.303965102345783
15.360313659518484
15.416826030930933
15.47350268463279
15.530342105510044
15.58734681927216
15.64451432020404
15.701845647179999
15.75934032341619
15.816998405299538
15.874819989311824
15.932804756067853
15.990952314649444
16.04926337567028
16.10773756159
16.16637561440778
16.225175937922625
16.284139236431418
16.34326533495606
16.40255376008434
16.46200627033236
16.52162061358878
16.58139756650751
16.641337276255857
16.701438829112995
16.76170429545051
16.82213067796983
16.882720748078505
16.943472532864064
17.0043872156274
17.06546399943476
17.126702544049515
17.188103803361702
17.24966679803811
17.311391895798973
17.373279444149972
17.435321905137698
17.497539429793616
17.559913314489986
17.622448618060638
17.685145536640317
17.747977022070994
17.811025603627293
17.874208431853404
17.937553129106494
18.001059331971984
18.064727500839993
18.12855705890271
18.192548445681336
18.25669978525308
18.32101652273711
18.385492755746046
18.450130043652038
18.514929669526357
18.579891785730307
18.64501432803036
18.710298741247144
18.77574447284643
18.841352197026875
18.907120946705074
18.973051511098518
19.03914374876277
19.105396379815726
19.171811820226168
19.238387933384548
19.30512598772089
19.372025463160238
19.439086411062224
19.506308739160236
19.573692406886387
19.641237661392104
19.708943906590033
19.77681301465362
19.844842386470525
19.9130341776219
19.981386707800002
20.049900523382263
20.118577020930857
20.187414274614223
20.256413016803062
20.325571895282454
20.394896471605147
20.464379317516098
20.534023811157244
20.60383092576879
20.673798807531274
20.743930043347685
20.814221155104388
20.884674865228714
20.955290008117636
21.02606690103797
21.097004640588608
21.168105557227264
21.23936741749695
21.31079223239088
21.382377883473257
21.454125819888244
21.526035380148837
21.598106888225416
21.670338671812605
21.74273594633993
21.815283914097794
21.888006372275473
21.960895561466014
22.033939506352773
22.1071452817439
22.18051351521813
22.254044696226906
22.327737300304772
22.40159195157827
22.47560960697133
22.549790069571966
22.624132091061192
22.69863745043404
22.773305313256166
22.848135055097302
22.923128085425915
22.99828332088153
23.073601851302772
23.149083048248634
23.22472667540189
23.300533797872415
23.376503689664773
23.452636803065435
23.528932162197233
23.605391507923073
23.681989518061336
23.758798799442793
23.835751892409036
23.91286033113424
23.990135666943697
24.067574929153594
24.145177339777568
24.222943496269686
24.300873528894012
24.378966979958452
24.457221343424948
24.53563569151975
24.61423017819205
24.692979291246523
24.771893498214194
24.850971139712726
24.930212284331677
25.009618394774247
25.089188351524356
25.16892341205793
25.24882231911849
25.328886608464806
25.40911449105347
25.489508943591403
25.57006652640219
25.650787319540868
25.731676767369343
25.81273091680404
25.89394847580689
25.975332487141575
26.05688161776337
26.13859619637454
26.22047570624036
26.302520969462588
26.384731418157877
26.46710816330721
26.54965145385545
26.63235990971495
26.71523465040724
26.798275207032557
26.8814823923046
26.96485566627606
27.048394930669854
27.132101697678923
27.215973561092433
27.30001329636467
27.384219883935376
27.46859313537962
27.55313055384557
27.63784070784008
27.72271543814
27.807854708830764
27.89297112041677
27.978372382136815
28.06405921887992
28.149598760245418
28.23547887998058
28.321461230554018
28.407742082675185
28.49412688565369
28.580678068293594
28.66739870286313
28.754288400677694
28.84134561076034
28.928571812575505
29.015966508575307
29.10353014419533
29.191264541849186
29.27916711083254
29.36723941899963
29.45547987790942
29.543890353121157
29.63247162392051
29.72122080742401
29.81014050415873
29.899231036570956
29.988491133761016
30.077920864260385
30.16752182443973
30.257294521534757
30.347233705091313
30.437347976310118
30.527631776844117
30.618086224716826
30.708709695415745
30.79950764244917
30.89047690806264