 0.64340353002462E-32
 0.25736141200985E-31
 0.57906317702215E-31
 0.10294456480394E-30
 0.16085088250615E-30
 0.23162527080886E-30
 0.31526772971206E-30
 0.41177825921575E-30
 0.52115685931994E-30
 0.64340353002462E-30
 0.77851827132979E-30
 0.92650108323545E-30
 0.10873519657416E-29
 0.12610709188482E-29
 0.14476579425554E-29
 0.16471130368630E-29
 0.18594362017711E-29
 0.20846274372798E-29
 0.23226867433889E-29
-0.41257815091215E-15
 0.28374095674086E-29
 0.93174644428760E-15
 0.68072093476604E-29
 0.59411253731351E-15
 0.10489401419583E-13
 0.15549344695645E-13
 0.12816043945341E-13
 0.62192476201621E-14
 0.27018727610951E-15
 0.76293445336489E-14
 0.28109918004312E-13
-0.66775622145561E-14
 0.34196816828145E-13
 0.61171166321915E-14
 0.23072202801611E-13
 0.25445247539157E-13
-0.84642482355856E-14
 0.74342872086240E-14
 0.53312045527927E-14
 0.45894815019272E-14
 0.12818334905861E-15
 0.18367775586167E-13
 0.26994724739410E-13
 0.15683055837379E-13
 0.17134695637658E-12
 0.57996467899475E-13
-0.68557427162696E-13
 0.88442359572416E-13
 0.16465491492666E-12
 0.24068108747896E-12
 0.27977301807667E-12
 0.34409774585099E-12
 0.41694537771674E-12
 0.72563681541282E-12
 0.91981892277076E-12
 0.12272544393904E-11
 0.15040909029082E-11
 0.18382224338450E-11
 0.22075582117960E-11
 0.26308325183821E-11
 0.34295182226444E-11
 0.43457130730445E-11
 0.48889859005094E-11
 0.62968979360732E-11
 0.68988842010429E-11
 0.84400159989293E-11
 0.98760510038841E-11
 0.11709222999203E-10
 0.13349637946858E-10
 0.16090751090909E-10
 0.18516357777929E-10
 0.21619357977414E-10
 0.24414206257403E-10
 0.28019346276586E-10
 0.32060890525866E-10
 0.36895837734348E-10
 0.41635849923888E-10
 0.46471462572157E-10
 0.52553283363175E-10
 0.59069493169055E-10
 0.66144837708562E-10
 0.73725240532414E-10
 0.81937271236581E-10
 0.90873600592956E-10
 0.10070238884523E-09
 0.11206819257302E-09
 0.12265865887009E-09
 0.13584404178242E-09
 0.14849176158438E-09
 0.16330129668360E-09
 0.17903130830794E-09
 0.19538419423862E-09
 0.21265462927721E-09
 0.23203623736688E-09
 0.25205034368627E-09
 0.27384829447204E-09
 0.29761824531950E-09
 0.32147819947582E-09
 0.34660805429514E-09
 0.37478155896772E-09
 0.40441166398833E-09
 0.43593971209077E-09
 0.46943627435147E-09
 0.50441141858454E-09
 0.54219962479498E-09
 0.58156445159503E-09
 0.62281921344092E-09
 0.66672933872723E-09
 0.71290678708269E-09
 0.76245873969848E-09
 0.81352650072777E-09
 0.86771666613751E-09
 0.92427726914189E-09
 0.98398048623169E-09
 0.10461839432725E-08
 0.11111839509322E-08
 0.11801046096842E-08
 0.12515104402397E-08
 0.13272172296834E-08
 0.14047143143943E-08
