0.0006058647572691474
0.000642800060205606
0.0006815792124257084
0.0007222728976701466
0.0007649535653084953
0.0008096955265334049
0.000856574937231829
0.0009056698208233868
0.0009570601135647258
0.0010108276299196114
0.0010670561475821818
0.0011258313519946189
0.0011872409241010776
0.0012513744921885273
0.001318323703132517
0.001388182224134874
0.0014610457284497296
0.0015370119568236791
0.0016161806981328224
0.001698653821654364
0.0017845352955607216
0.0018739311885331066
0.001966949692972252
0.002063701155904675
0.002164298044352768
0.002268855018318263
0.002377488912164001
0.0024903187437989257
0.002607465759734203
0.0027290534002050656
0.0028552073731472538
0.0029860556065343428
0.003121728304853042
0.003262357931726181
0.003408079248266265
0.00355902932983188
0.003715347506945845
0.003877175498105253
0.004044657322524034
0.004217939345809677
0.0043971703045393
0.004582501294716339
0.00477408580019439
0.004972079697269697
0.00517664125008866
0.0053879311691090795
0.0056061125672852525
0.005831350996559703
0.006063814476162895
0.006303673460341634
0.006551100882794573
0.006806272168339642
0.007069365224225537
0.007340560456515764
0.007620040795409433
0.007907991672527018
0.00820460108408822
0.008510059543373407
0.008824560144522108
0.009148298523186462
0.009481472906428088
0.009824284102912481
0.010176935514824683
0.010539633172623306
0.010912585689984421
0.011296004328220635
0.011690103004721349
0.01209509825013084
0.01251120928021462
0.012938657980468369
0.013377668914930564
0.013828469326803094
0.014291289182017906
0.014766361156204253
0.015253920629723833
0.015754205734712846
0.016267457364391114
0.016793919131357245
0.017333837445164587
0.017887461475333023
0.018455043197522166
0.019036837381243343
0.019633101598548093
0.020244096260023412
0.020870084594559957
0.021511332695897598
0.02216810949246391
0.022840686793174997
0.023529339281105316
0.02423434454004967
0.024955983041986936
0.025694538185185387
0.026450296284521196
0.027223546591089654
0.028014581313802307
0.028823695617152773
0.02965118763176707
0.030497358481462122
0.031362512287093504
0.03224695615948055
0.033151000247689584
0.03407495772624944
0.035019144809549554
0.03598388078212561
0.03696948797060807
0.037976291798211534
0.03900462077976989
0.0400548065286871
0.041127183773693614
0.04222209037398922
0.04333986731266456
0.044480858762733826
0.045645412011420604
0.04683387756094457
0.04804660907502509
0.04928396343200527
0.050546300718645854
0.05183398423446947
0.053147380520060385
0.054486859378537485
0.05585279382813985
0.05724556021716335
0.0586655381187055
0.0601131104249979
0.06158866333449757
0.06309258635263165
0.06462527231314637
0.06618711738207886
0.067778521096359
0.0693998863186292
0.07105161930240812
0.07273412967086601
0.07444783045592288
0.07619313806957648
0.07797047234957902
0.07978025654714915
0.08162291734074943
0.0834988848565664
0.08540859266999998
0.08735247781683453
0.0893309807895151
0.0913445455721497
0.09339361962114645
0.09547865390170517
0.09760010286361377
0.09975842446694143
0.10195408021977141
0.10418753510211475
0.10645925766657263
0.10876971999588698
0.11111939770219563
0.11350876995595267
0.1159383194993336
0.11840853260428222
0.12091989914834889
0.1234729125470443
0.12606806980870122
0.12870587152553764
0.1313868218647202
0.1341114285907059
0.13688020304947876
0.1396936601925052
0.14255231854868264
0.14545670027299518
0.1484073310874316
0.15140474034925236
0.1544494609721723
0.1575420295244168
0.16068298613289975
0.16387287454975294
0.16711224211893713
0.17040163977065673
0.1737416220507766
0.17713274709376342
0.1805755766214447
0.1840706759257556
0.18761861391826376
0.1912199630635157
0.19487529940907453
0.19858520255858528
0.2023502556946135
0.2061710455411605
0.21004816239159066
0.21398220005687266
0.21797375589127285
0.22202343077472986
0.2261318291028007
0.23029955877288338
0.23452723118471344
0.23881546121727712
0.243164867219006
0.24757607100492204
0.25204969783032394
0.2565863764035716
0.2611867388385475
0.26585142065962164
0.2705810607830334
0.2753763015055962
0.2802377884842179
0.28516617071057937
0.2901621005157276
0.29522623354028626
0.3003592286970951
0.3055617481859804
0.310834457459001
0.31617802518867333
0.32159312326375084
0.32708042676626203
0.33264061393625965
0.3382743661699588
0.34398236796723386
0.34976530693571417
0.3556238737500722
0.3615587621445765
0.36757066886009154
0.37366029363452047
0.37982833918145625
0.38607551114475314
0.39240251809356164
0.3988100714648606
0.40529888556531873
0.4118696775092339
0.41852316722449123
0.4252600773795791
0.4320811333909128
0.43898706336685556
0.44597859808351475
0.45305647094465085
0.4602214179557357
0.4674741776817515
0.4748154912231111
0.48224610216414765
0.48976675655983337
0.49737820286552703
0.5050811919344914
0.5128764769449096
0.5207648134042299
0.5287469590755608
0.536823673936836
0.544995720165795
0.5532638620884729
0.5616288661238422
0.5700915007654427
0.578652536520438
0.5873127458604634
0.5960729032201362
0.6049337849034682
0.6138961690623924
0.622960835663127
0.632128566399289
0.6414001447162231
0.6507763556735983
0.6602579859871136
0.6698458239207598
0.6795406592669603
0.6893432832903443
0.6992544886702783
0.7092750694751725
0.7194058210784514
0.7296475401537124
0.7400010245688505
0.7504670733858098
0.7610464867776703
0.7717400659907911
0.7825486132757987
0.7934729318537017
0.8045138258524648
0.8156721002506575
0.826948560838232
0.8383440141261623
0.8498592673357701
0.8614951283174253
0.8732524054917113
0.8851319077923312
0.897134444638302
0.9092608258223718
0.9215118615055565
0.9338883621127547
0.946391138333244
0.9590210009769476
0.9717787609945435
0.9846652293601676
0.9976812170467154
1.0108275349429274
1.0241049937923223
1.0375144041491335
1.0510565762834796
1.064732320137551
1.0785424452764558
1.092487760777009
1.1065690752099815
1.1207871965415483
1.1351429320812818
1.149637088421207
1.1642704713340233
1.1790438857666492
1.1939581356967384
1.2090140241144334
1.224212352938708
1.2395539229565469
1.2550395337116105
1.27066998348698
1.2864460691889807
1.3023685863068426
1.3184383288063275
1.3346560890804533
1.3510226578648432
1.36753882416288
1.3842053751596903
1.4010230961708816
1.417992770533689
1.4351151795380863
1.452391102369815
1.4698213159983027
1.487406595111995
1.5051477120373051
1.5230454366493695
1.5411005363046508
1.559313775743626
1.5776859169913648
1.5962177193222804
1.6149099391217319
1.6337633298351366
1.6527786418627135
1.6719566224755777
1.6912980157390334
1.7108035624062012
1.7304739998436698
1.7503100619266134
1.7703124789766063
1.790481977624841
1.8108192807664523
1.8313251074324228
1.8520001727365836
1.8728451877354806
1.8938608593715283
1.9150478903562087
1.9364069790946086
1.9579388195665084
1.9796441012634545
2.001523509050983
2.023577723125178
2.045807418861491
2.068213266756157
2.090795932317461
2.1135560759720287
2.1364943529533664
2.1596114132323487
2.182907901394591
2.206384456561257
2.2300417122774747
2.25388029643836
2.277900831164522
2.302103932725356
2.326490211450049
2.3510602716058178
2.375814711334975
2.4007541225355284
2.4258790907911756
2.451190195252517
2.4766880085740057
2.502373096810676
2.5282460193183507
2.554307328693814
2.5805575706505666
2.606997283980098
2.6336270004093976
2.6604472445866785
2.6874585339310677
2.7146613786050504
2.742056281421751
2.7696437377482437
2.797424235471045
2.8253982548981824
2.853566268679758
2.8819287417776605
2.910486131369373
2.9392388867934827
2.9681874495048732
2.997332252986846
3.026673722728407
3.0562122761625776
3.0859483225972597
3.1158822632106418
3.1460144909629504
3.176345390595331
3.2068753385667965
3.237604703039206
3.268533843836928
3.2996631124305784
3.3309928518920886
3.36252339691047
3.394255073751227
3.4261882002443147
3.45832308579469
3.49066003135811
3.523199329446963
3.5559412641470267
3.588886111098973
3.622034137529896
3.6553856026507483
3.6889407561291483
3.7226998404144283
3.756663089234644
3.7908307280175957
3.8252029739067157
3.8597800358184124
3.894562114477321
3.9295494024539126
3.964742084216252
4.000140336201244
4.035744326834865
4.071554216632703
4.107570158228006
4.143792296470236
4.180220768469011
4.216855703685453
4.253697223993135
4.290745443784824
4.32800047002561
4.36546240236113
4.403131333180383
4.441007347747544
4.479090524261414
4.517380933969992
4.555878641263187
4.594583703770754
4.633496172485916
4.672616091844433
4.711943499850086
4.7514784281887446
4.791220902321336
4.831170941617647
4.871328559459717
4.911693763352679
4.952266555067748
4.9930469307332
5.034034880968178
5.075230390994275
5.116633440782246
5.158244005140135
5.200062053851424
5.242087551812307
5.284320459133472
5.326760731278746
5.369408319181397
5.412263169368499
5.455325224095114
5.498594421457734
5.542070695516048
5.585753976431334
5.629644190570724
5.673741260643115
5.718045105817458
5.762555641836454
5.807272781154824
5.852196433029916
5.897326503663954
5.942662896326415
5.988205511435584
6.033954246714816
6.079908997267385
6.126069655740447
6.172436112366626
6.219008255141622
6.265785969887896
6.31276914038623
6.359957648458273
6.407351374097987
6.454950195551448
6.502753989431671
6.550762630802757
6.598975993290857
6.647393949184838
6.696016369496109
6.744843124102349
6.793874081797289
6.843109110388511
6.892548076797493
6.942190847135202
6.992037286774701
7.042087260459879
7.092340632365034
7.142797266166984
7.193457025148213
7.244319772238079
7.295385370109753
7.346653681250348
7.39812456801156
7.449797892696058
7.501673517607999
7.553751305130236
7.6060311177850055
7.658512818277131
7.711196269579166
7.764081334969621
7.817167878098256
7.87045576302803
7.923944854301137
7.977635016987784
8.031526116731618
8.085618019786097
8.139910593088587
8.194403704280843
8.249097221760026
8.303991014721646
8.359084953203379
8.414378908117207
8.469872751286546
8.525566355493893
8.581459594505654
8.637552343107158
8.693844477131929
8.750335873506142
8.807026410269586
8.863915966602354
8.921004422855383
8.978291660575389
9.035777562541124
9.093462012768954
9.15134489655407
9.209426100485256
9.267705512456685
9.32618302171297
9.384858518846805
9.443731895819084
9.502803045993144
9.562071864129065
9.621538246425118
9.681202090507472
9.74106329545502