0.003033378722812078
0.00489547237568878
0.007576218680038821
0.011312171755119881
0.01637696566332008
0.02308305038702622
0.03178361208005152
0.04287470753124138
0.05679758889100645
0.07404114100178402
0.09514430467620374
0.12069831554790006
0.1513485546339093
0.18779578536963987
0.23079654705553054
0.28116248707746455
0.3397584449102282
0.40749914571584106
0.4853444143857179
0.5742928714741408
0.6753741069535916
0.7896393332374653
0.9181504843365398
1.061967653954986
1.2221346702048337
1.3996625362851733
1.5955105082456091
1.8105648475216
2.0456158861637226
2.3013349961544947
2.5782541691247762
2.8767517185467644
3.1970474909352626
3.539209544006718
3.903171820752436
4.288759894961914
4.695720444706782
5.123750168352726
5.572521034616567
6.041700330697371
6.530965282416044
7.040012862432098
7.568565747084278
8.116375418259295
8.683223275268722
9.268920435960856
9.873306726007604
10.496249205166128
11.137640464581084
11.79739684631427
12.475456678726589
13.171778582386619
13.886339875717534
14.619135093333226
15.370174619842468
16.139483435958482
16.927099970417654
17.733075049562924
18.557470935892983
19.400360446933693
20.261826146194487
21.14195959863381
22.04086068367405
22.958636959593772
23.89540307375305
24.851280213776693
25.826395595392764
26.820881983167933
27.834877240820852
28.868523908263732
29.921968802836084
30.99536264257078
32.088859689574385
33.202617411901954
34.336796162475224
35.491558873826044
36.66707076761114
37.86349907795265
39.081012787861084
40.31978237804557
41.57997958810295
42.86177718567401
44.16534875498633
45.49086848472983
46.83851097468359
48.20845104907568
49.600863580377826
51.01592332287153
52.45380475584464
53.91468193633135
55.398728361325254
56.90611683943049
58.43701937190872
59.99160704308701
61.57004992014909
63.17251696224856
64.79917593900858
66.45019335834397
68.12573440365074
69.8259628803271
71.55104117165033
73.30113020398454
75.07638942130758
76.87697676903726