0.0026048312747453273
0.004238126861060398
0.006606150596113723
0.009926728379845763
0.014452806149550619
0.020474051259099825
0.028318588483365582
0.03835491739549013
0.050994008733123035
0.06669152920177862
0.08595009801135413
0.1093214368724289
0.13740824131525808
0.17086557734814412
0.21040159698645444
0.2567773712932648
0.3108056598168308
0.37334847128634574
0.44531331539518676
0.5276480944345261
0.6213346243828736
0.7273807978826956
0.8468113943092695
0.9806575001443857
1.1299444301137904
1.2956779589911456
1.4788286331860592
1.6803140048699614
1.9009789165264666
2.1415745350571713
2.4027376809541385
2.6849729217903597
2.988640490312
3.313952853425161
3.660981454084003
4.029673076896301
4.419873256505728
4.831352989396278
5.263835054212755
5.717017226493728
6.190590964829033
6.684255295456996
7.197726351672803
7.730743368473557
8.283071993766185
8.854505686073402
9.444865818509562
10.054000954899895
10.681785631237396
11.328118871437846
11.992922589303687
12.67613997356601
13.377733915281059
14.097685511248685
14.83599266064085
15.592668761245882
16.36774150529467
17.16125177088927
17.973252602952382
18.803808276745773
19.652993436526724
20.520892302341533
21.407597938071984
22.313211574567084
23.237841982184744
24.181604887626946
25.14462243055055
26.127022655930073
27.128939038598816
28.150510036865008
29.191878672474594
30.253192134500914
31.334601405078928
32.43626090518531
33.558328158823514
34.70096347431505
35.86432964142261
37.04859164333761
38.253916382615216
39.48047242028845
40.72842972808263
41.99795944932229
43.28923367954112
44.60242524728836
45.93770751389709
47.29525418047954
48.67523910575657
50.07783613395911
51.50321893268371
52.95156084055579
54.423034724638384
55.917812847487596
57.436066743812965
58.97796710670104
60.54368368338075
62.13338518050015
63.74723917890672
65.38541205790885
67.04806892903046
68.73537357922831
70.4474884235699
72.1845744673568
73.94679127767655
75.73429696435949