3.971889227456797e-12
3.971889227456797e-12
3.971889227456797e-12
3.971889227456797e-12
3.971889227456797e-12
3.971889227456797e-12
3.971889227456797e-12
3.971889227456797e-12
3.971889227456797e-12
3.971889227456797e-12
3.971889227456797e-12
3.971889227456797e-12
7.943778454913594e-12
7.943778454913594e-12
1.1915667682370391e-11
7.943778454913594e-12
7.943778454913594e-12
7.943778454913594e-12
1.6011678448185214e-11
1.241215383580249e-11
1.0302087683716067e-11
2.1348904597580284e-11
4.480787534724699e-11
1.200255275922101e-10
3.14027492045803e-10
8.185815454711742e-10
2.0408063336826454e-9
4.784512939086786e-9
1.0625176048062005e-8
2.2472825127412197e-8
4.540924420059162e-8
8.806274200655837e-8
1.6447568466590923e-7
2.9680426326170514e-7
5.189955944133274e-7
8.816090973124573e-7
1.4581910035685289e-6
2.3532290583590174e-6
3.712197304164141e-6
5.733714902542873e-6
8.684261611356054e-6
0.00001291559377429956
0.00001888500952035048
0.00002717885787961828
0.000038539193759585645
0.00005389394990513871
0.00007439046560148063
0.00010143268589917748
0.00013672178262177362
0.0001823004445302024
0.0002406004754503158
0.00031449389622732017
0.0004073472984162741
0.0005230792477629049
0.0006662207682568862
0.0008419784446530881
0.0010563002502053242
0.0013159436437141833
0.0016285458773035828
0.0020026961928306464
0.002448009835931395
0.0029752034499255717
0.0035961719184680707
0.004324066200924424
0.005173372153395429
0.006159990159262443
0.007301315184848953
0.008616317527307961
0.010125623671115719
0.011851597484037864
0.013818421497374085
0.016052178233244858
0.01858093150134426
0.02143480754575399
0.02464607618244827
0.028249231688059154
0.0322810735336141
0.03678078689957129
0.041790023026766404
0.04735297930732466
0.05351647910747039
0.060330051428109745
0.06784601024964822
0.07611953365214817
0.0852087425881943
0.09517477930312986
0.10608188548532836
0.11799747984302408
0.13099223528060205
0.14514015549784723
0.16051865078960248
0.17720861330736007
0.1952944912438502
0.2148643621490272
0.2360100050619362
0.25882697144579997
0.2834146547215252
0.30987635829065
0.33831936190548856
0.3688549862782397
0.4015986558521036
0.43666995939989933
0.47419270878307695
0.5142949952635493
0.557109243766898
0.6027722647612046
0.6514253037848956
0.7032140887768917
0.7582888749359935
0.8168044875508799
0.8789203623845406
0.9448005842997813
1.01461392367549
1.08853387125587
1.1667386712787249
1.249411353349747
1.3367397632229208
1.4289165926276728
1.5261394088392155
1.6286106838603889