3.971889227456797e-12
3.971889227456797e-12
3.971889227456797e-12
3.971889227456797e-12
3.971889227456797e-12
3.971889227456797e-12
3.971889227456797e-12
3.971889227456797e-12
3.971889227456797e-12
3.971889227456797e-12
3.971889227456797e-12
3.971889227456797e-12
3.971889227456797e-12
7.943778454913594e-12
1.1915667682370391e-11
7.943778454913594e-12
7.943778454913594e-12
7.943778454913594e-12
1.5887556909827188e-11
1.2039789220728415e-11
8.440264608345693e-12
9.929723068641992e-12
1.9362959983851884e-11
4.083598611979019e-11
8.849865684927175e-11
2.2441174135130903e-10
5.770410318264577e-10
1.4087794603635827e-9
3.2588109895899437e-9
7.165908774023852e-9
1.5012375942864756e-8
3.0133234110254425e-8
5.8138528566898866e-8
1.0816223919902678e-7
1.9466167042996583e-7
3.397936339504687e-7
5.766931191544402e-7
9.536605332354456e-7
1.539644521900599e-6
2.4309645160095733e-6
3.7597985347321354e-6
5.704291643632026e-6
8.500764921544469e-6
0.000012458044919814987
0.0000179741810958147
0.000025555646546073527
0.00003583916763359585
0.000049616347466883026
0.00006786109527045208
0.00009175999333980267
0.00012274553579641706
0.00016253233570934995
0.00021315630753421418
0.0002770166177107151
0.0003569205513716069
0.0004561309620208623
0.0005784165019066661
0.0007281042015186434
0.0009101344510850988
0.001130118236737999
0.0013943963184353024
0.0017101004320573348
0.0020852161160058616
0.0025286471953221796
0.0030502816318868646
0.003661058614717805
0.00437303681341117
0.005199463585084045
0.006154844996423194
0.007255016561418626
0.008517214605290317
0.00996014810466927
0.011604070952398368
0.013470854578437915
0.015584060746527266
0.01796901470409638
0.02065287834148646
0.023664723629326975
0.027035606016938524
0.030798638045962435
0.03498906289348934
0.03964432809106796
0.04480415926493868
0.050510633836299994
0.056808254938167026
0.06374402520723967
0.07136752070361586
0.07973096489219338
0.08888930254997097
0.09890027371790912
0.10982448763653095
0.12172549662740616
0.1346698698076913
0.14872726673863773
0.16397051081183034
0.1804756623643452
0.19832209150482807
0.21759255043514267
0.23837324533213272
0.2607539075906541
0.28482786440057106
0.3106921086044683
0.338447367539924
0.3681981710809518
0.40005291860107395
0.43412394478591204
0.47052758428846914
0.5093842352050083
0.5508184211916767
0.5949588523848457
0.6419384848980261
0.6918945791036323
0.744968756651687
0.8013070561750708
0.8610599879378771
0.9243825874227765
0.99143446789835
1.0623798723107045
1.1373877245068187
1.2166316800839092