142.38335666944843
142.43926138334038
142.53242148470926
142.6628139014257
142.8304072885047
143.0351599193049
143.27702105410793
143.5559286370859
143.87181469953987
144.22459393321833
144.6141748288615
145.0404522806948
145.5033187540358
146.0026491096798
146.53831710282526
147.11019476647053
147.71815122246744
148.3620554831899
149.04178988625011
149.75723043660128
150.5082697346935
151.29480815197923
152.11675889753104
152.97404505800114
153.86660648419027
154.79439367075565
155.7573737445924
156.7555263795549
157.78883551460703
158.85734990719433
159.96105574219885
161.1000054941155
162.2742536843522
163.48386961750052
164.72893594893867
166.00955015236656
167.32656823651703
168.6778779281875
170.06585268682215
171.4898970404787
172.95018001861303
174.4468631235215
175.98014699831978
177.550226594835
179.15731321105542
180.8016267548895
182.4834031728356
184.20288489115381
185.96031215384133
187.7559803787389
189.59013340013718
191.46306136273006
193.37505191692037
195.3264095757746
197.31743526050926
199.34844194643992
201.41974856655528
203.53168301730554
205.684573901068
207.87875811361752
210.11457471517397
212.39236479118708
214.71248070361037
217.07526318761762
219.4810648434109
221.93023214570755
224.42311155386278
226.9600584947045
229.54140060266525
232.16749584251656
234.83866345773396
237.5552319049835
240.3175298217574
243.12586124630275
245.98052744285607
248.88181730065847
251.8299845114806
254.82534560605401
257.86809763604913
260.95966996733705
264.0966748150424
267.28289415990446
270.5172892411246
273.79999417884375
277.1311186305163
280.5107402220925
283.9389138945714
287.4156587808788
290.9409610344776
294.51477466804124
298.1370204859249
301.80758026727625
305.52630792010257
309.29300631566076
313.107479630049
316.96946095989006
320.87866262231086
324.83477950519193
328.8374634298999
332.8863645951309
336.98109751163196
341.1212818072805
345.30650107214035
349.5363580078063
353.81076131597644
358.12838465224587
362.48977767458814
366.89424356743547
371.3414741554365
375.8311019781168
380.36282560177926
384.93634318398585
389.5514736091721
394.2079042138862
398.9054521772121
403.6439317946984
408.42317985468725
413.24305444472907
418.10343364867197
423.0042141915308