167.19322055082753
167.25085544413952
167.34689955398272
167.4813317554537
167.65412238035705
167.86523296498655
168.11461607057052
168.4022151779286
168.72796444299863
169.09178932797525
169.493607044485
169.9333290876198
170.41086208037268
170.9261130894412
171.4792816442097
172.0693968781903
172.69725819477213
173.36249396755093
174.06503876887942
174.80483531105682
175.58183799873905
176.39601106577356
177.2473401212712
178.13580775246209
179.06141952775224
180.024180949017
181.0241482064169
182.0613346802634
183.1358008353591
184.2476123463144
185.39684676955483
186.58359299124317
187.80795348330716
189.0700372464069
190.36998199430744
191.70791249886952
193.08398357741967
194.49835343126801
195.95119496871695
197.44269032026588
198.97303562125472
200.54243420337195
202.1511022867162
203.79926528587103
205.48714722287113
207.21503525973537
208.9831433502401
210.79175181401797
212.64113541685649
214.53157503451183
216.4633658000451
218.43680368775952
220.45219819475992
222.50986150448645
224.61011241672014
226.75328105421025
228.93969524513508
231.1696789953111
233.44360772322204
235.76178745257693
238.1245721238512
240.5323161245864
242.9853490305969
245.48403929299482
248.02870829717986
250.61970518227247
253.2573558877993
255.942000705362
258.6739877726989
261.4535303520718
264.2810389828713
267.1567599764927
270.08097189694337
273.0539367322811
276.07589571760843
279.1470669163176
282.26766583772
285.43785853679276
288.6577882623147
291.9275891432279
295.24735554959267
298.6171307095219
302.03696151984235
305.5068216983137
309.02661883475565
312.5964153382619
316.2159359401429
319.88506124284316
323.6035753306994
327.37122976089574
331.18774445611547
335.05276904330634
338.9659815185503
342.9269577094971
346.9352860257344
350.9905302482824
355.09222895000323
359.2399136387369
363.43402505435245
367.67161569338856
371.9542413817748
376.28245175370597
380.6519681668444
385.066162083687
389.52303063677266
394.02262243352556
398.5644797025206
403.14831895647006
407.7738681399061
412.4408911991729
417.1491467922607
421.89854174618233
426.68881656484217
431.51986802493496
436.3915739958504
441.3038333734855
446.256562236188
451.249692361686
456.2831698395823
461.3569537864396