0.059839870456313726
0.0843512860103383
0.11624469392517853
0.1571492098323667
0.2089690942889186
0.2739099548416525
0.35449224902775717
0.4535401058142842
0.5741221570770326
0.7193949772572245
0.8922594297104348
1.094759778624869
1.3274295664600042
1.5891761707600447
1.8779335423424575
2.1914738855648928
2.5278510184766123
2.8855051730069965
3.2632224331486346
3.6600619546118347
4.075290103312814
4.508329453800324
4.958721227329593
5.42609798898978
5.910163760161933
6.410679407137906
6.927451784906717
7.460325572974839
8.009177061074427
8.57390936287283
9.154448687216602
9.750741401572682
10.362751689415688
10.99045967059278
11.633859864740108
12.292959928501675
12.967779602589948
13.658349823430878
14.36471196409416
15.086917177240986
15.825025818852057
16.579106936182175
17.34923780696476
18.13550351965165
18.937996586653128
19.756816584277978
20.592069814304924
21.443868983300884
22.31233289650867
23.197586163879194
24.099758916268524
25.018986530284668
25.955409360570922
26.909172478584786
27.880425417120826
28.86932192003226
29.876019696655856
30.90068018067199
31.943468293080638
33.00455220916121
34.08410312924788
35.18229505326392
36.29930455894916
37.43531058378564
38.59049421060447
39.76503845694051
40.95912806812293
42.17294931431881
43.40668979140984
44.66053822597589
45.93468428440306
47.22931838628329
48.54463152221514
49.88081507616266
51.23806065252169
52.61655990804114
54.01650438878693
55.438085373064894
56.88149371506563
58.34691970569884
59.834552923623235
61.344582103830405
62.877195007643266
64.4325782997542
66.01091743167822
67.61239653182199
69.23719830229301
70.8855039226352
72.55749296062731
74.25334329028315
75.97323101719998
77.71733041135501
79.48581384748469
81.27885175312572
83.09661256443505
84.93926268982685
86.80696648153857
88.69988621513498
90.61818207702193
92.56201215998784
94.5315324667897
96.52689692177975
98.54825739059328
100.59576370785098