                  NaN
 0.10322607696903E-08
 0.15816661794141E-08
 0.22994436175867E-08
-0.97894575549828E-09
 0.27100223171601E-08
 0.11615040577850E-08
 0.30922359364866E-08
 0.43576639355539E-08
-0.10881616419728E-07
-0.48909438689092E-07
 0.64699229322254E-08
 0.76036407179922E-08
 0.47460319516495E-08
 0.88231288994186E-08
 0.54846070595253E-08
 0.85934573088163E-08
 0.83326214125614E-08
 0.10776015428736E-07
 0.80482576900626E-08
 0.17311903318537E-07
 0.76799058901994E-08
 0.99548808573326E-08
 0.84962803074940E-08
 0.15153836732219E-06
-0.11787139908596E-06
 0.25759296304771E-07
-0.12021891789074E-06
 0.31149055392866E-07
-0.37096892127497E-06
 0.19867059997180E-07
 0.17931960727264E-07
-0.19813519378079E-08
 0.41795465413906E-08
 0.10972542142703E-07
-0.19322492700740E-07
 0.69179063036800E-07
 0.16494303657507E-07
 0.56326569774266E-07
-0.89274592237008E-08
 0.29516140826027E-08
 0.10183491069312E-06
 0.72473386337570E-07
-0.27000139555458E-07
 0.93926927169656E-07
-0.10360710487238E-07
 0.12370264029673E-06
 0.15983763846167E-06
 0.21925156108400E-08
 0.20661758657571E-07
 0.39166035059848E-07
 0.27311547205699E-07
 0.86261334308405E-08
 0.45528974526748E-08
 0.39436767449468E-08
-0.48418118260568E-08
 0.42041228707450E-08
 0.13355274824472E-08
 0.69723045788625E-09
-0.54734933069481E-06
 0.40287677645416E-06
-0.26974683772679E-06
-0.13025279159558E-05
 0.10622363331971E-05
 0.10038088792730E-06
 0.32510872935669E-06
-0.58243617718241E-06
 0.47571818924791E-06
-0.95359965032802E-06
 0.26142136635773E-05
-0.70488975643879E-07
-0.56762455368260E-07
 0.66740304322577E-06
-0.11437852243776E-07
-0.24231070697631E-07
 0.39207253386422E-08
 0.32321290519303E-08
-0.80041719361809E-08
 0.47197721648334E-07
-0.14222095188383E-07
-0.17121182962219E-07
-0.14788150293353E-06
-0.23891225564122E-08
 0.26784226780954E-07
 0.13758511885355E-07
-0.67868668680626E-07
                  NaN
-0.99507058023463E-07
-0.12711172735918E-08
-0.31963001514216E-07
                  NaN
-0.49647369368689E-07
 0.10324758478986E-07
-0.28019502230175E-07
 0.36527907515604E-07
 0.59203516607075E-07
-0.10820864251453E-06
 0.25759611685858E-07
-0.21470194800613E-07
 0.83197759248872E-07
 0.80657489232743E-08
-0.29787080463699E-07
 0.21346878291893E-06
 0.35913835903500E-07
 0.26742358901180E-05
 0.27759618758642E-07
-0.18781991066329E-07
 0.78865820694390E-07
 0.91321920352134E-08
 0.66032037790019E-08
-0.58390208861088E-07
 0.84004599314465E-08
 0.33396285913346E-08
-0.14591908423026E-07
-0.37834150806915E-08
-0.42234349004117E-09
-0.41945716040950E-09
-0.41634094414974E-09
-0.41302408097639E-09
-0.40950884419925E-09
