0.010962279258673421
0.016562624958193235
0.024192006087035877
0.03433074867318369
0.04752442455662671
0.06438904211709451
0.08561657791276409
0.1119804596958446
0.1443404915218307
0.18364661273864072
0.2309408214764994
0.2873565795551662
0.35411505683925165
0.43251765618774773
0.5239343470036519
0.6297873582275576
0.7515296526422806
0.8906172665445536
1.0484741188892603
1.2264476290272148
1.425754237481368
1.6474168577384447
1.8922020305331715
2.1605713535913
2.4526643876901626
2.768323265047742
3.107154122720653
3.468607135559038
3.85205422432161
4.256850662380685
4.682376473688062
5.128060074380178
5.593389047607509
6.0779127606754235
6.581240373593917
7.1030365711074985
7.643016428076229
8.200940174122572
8.776608257242598
9.369856873313207
9.980554010010536
10.608595990673017
11.253904474939784
11.91642386251225
12.596119045635506
13.292973459445612
14.006987385061345
14.738176466241576
15.486570406255343
16.252211816778686
17.035155195209036
17.835466010667435
18.653219882195085
19.48850183543485
20.341405626301196
21.212033122125106
22.100493732225534
23.006903881230933
23.931386519505445
24.874070665978355
25.835090979367234
26.81458735444012
27.812704540479185
28.82959177949909
29.86540246227308
30.92029380030841
31.994426512389445
33.0879645244122
34.201074681452006
35.33392647117993
36.48669175784407
37.65954452623593
38.85266063504115
40.066217579197016
41.30039426086531
42.55537076872083
43.83132816535033
45.12844828256245
46.44691352445477
47.78690667820187
49.14861073241808
50.53220870313949
51.9378834673692
53.36581760420882
54.81619324362468
56.289191922864894
57.784994450623024
59.303780778961844
60.84572988311671
62.411019649240245
63.99982677014238
65.6123266491541
67.24869331213303
68.90909932774107
70.5937157360184
72.30271198535553
74.03625587788954
75.79451352340388
77.57764930175207
79.38582583384915
81.21920396126723
83.07794273441783
84.96219940937195
86.87212945327545