0.01211988680695163
0.018222756562439057
0.026504802754358688
0.03747530179422167
0.0517126337780945
0.06987000009487013
0.09268142882906813
0.12096760772021622
0.1556409557798304
0.19770924267522502
0.2482770059005823
0.3085440122541167
0.379800063950581
0.4634155368139315
0.5608271027973343
0.6735180365572812
0.8029922393829417
0.950740608508787
1.1181978540089221
1.3066880075515002
1.5173589559949376
1.7511116907856805
2.0085380618001025
2.289886907718203
2.595074901581172
2.9237429736835017
3.27534106400077
3.6492163609860038
4.044686129493938
4.461087832806825
4.8978082197901
5.354296854272988
5.8300697311479395
6.3247073108842224
6.837849825874681
7.369191551651811
7.918474979044168
8.485485334495436
9.070045648812641
9.67201242023636
10.291271849853933
10.927736595212929
11.581342977567168
12.252048578536312
12.939830167151944
13.644681905351673
14.366613787371234
15.105650275342942
15.861829099529215
16.63520019689425
17.425824766164155
18.233774421266784
19.059130428075512
19.901983012008653
20.762430726085505
21.64057987081403
22.536543958696196
23.45044321731369
24.38240412598361
25.332558981690024
26.301045490774786
27.28800638335594
28.293589047951517
29.317945184107675
30.361230471333904
31.423604252659885
32.505229231607764
33.60627118143709
34.72689866574522
35.86728276961837
37.02759684069234
38.208016239544826
39.408718098981474
40.62988109182766
41.87168520693221
43.13431153310503
44.417942050842555
45.722759431666304
47.04894684497174
48.39668777234034
49.76616582926003
51.15756459424028
52.57106744535415
54.00685740421405
55.46511698744114
56.94602806568828
58.449771730272026
59.97652816750389
61.52647654079619
63.09979488062447
64.6966599824355
66.31724731258177
67.96173092236877
69.63028337029087
71.32307565252665
73.04027714176904
74.78205553444711
76.54857680637991
78.34000517693222
80.15650308168502
81.99823115365764
83.86534821309179
85.75801126580808
87.676375510138