7.943778454913594e-12
7.943778454913594e-12
7.943778454913594e-12
7.943778454913594e-12
7.943778454913594e-12
7.943778454913594e-12
1.1915667682370391e-11
8.067899993271618e-12
1.2039789220728415e-11
7.509353070660507e-11
6.18001139484606e-10
4.12815824424955e-9
2.105883256243758e-8
8.645052734482599e-8
2.9767534821790173e-7
8.87719973010438e-7
2.350013069300161e-6
5.6303155791352584e-6
0.000012397083867465827
0.000025396520872075464
0.00004889207892760397
0.00008918216226177405
0.0001551848024947991
0.0002590750516591701
0.000416958406336691
0.0006495649326615597
0.0009829482730235527
0.0014491772833031137
0.0020870096929634318
0.002942540694081233
0.004069821749152141
0.005531447669086584
0.007399112229622881
0.009754133829641718
0.012687954348909807
0.016302614415532223
0.020711208605062034
0.026038323417125902
0.032420460057463296
0.04000644283614126
0.04895781200974086
0.059449198943920006
0.07166867882499649
0.08581809521331885
0.1021133486578664
0.12078464075903672
0.14207666416222903
0.1662487284537
0.1935748125296751
0.22434353430672105
0.258858030262662
0.29743573856087724
0.34040808198220374
0.38812004902666014
0.44092967386157766
0.499207418747315
0.5633354646920995
0.6337069184249965
0.7107249461294755
0.7948018456387586
0.8863580702610052
0.9858212182654056
1.0936250020791174
1.2102082112238859
1.3360136821455055
1.4714872867757025
1.6170769499998157
1.7732317040908485
1.94040078561481
2.1190327776589104
2.3095747973841014
2.512471725961153
2.7281654749771076
2.9570942807914293
3.199692015900273
3.4563875042582497
3.727603826256768
4.01375759851216
4.315258214106822
4.6325070304907845
4.965896495721814
5.31580920818518
5.68261691168632
6.066679435552319
6.468343598693842
6.8879421063378015
7.325792477549375
7.782196049629313
8.257437110576006
8.751782211996929
9.26547971131204
9.798759583112258
10.351833526403816
10.924895377442706
11.518121819714848
12.131673364715684
12.765695562281394
13.42032038809132
14.095667750360075
14.791847056798499
15.50895878685074
16.247096021242374
17.006345890116435
17.786790911218635
18.58851019926688
19.41158053665246
20.256077302976557
21.122075266891063
22.009649247750897
22.91887465770228
23.84982793620235
24.802586889809042
25.777230950002778
26.773841361254284
27.79250131078982
28.833296010374482
29.896312739444074
30.98164085774576
32.089371794626636
33.21959902102494