7.943778454913594e-12
7.943778454913594e-12
7.943778454913594e-12
7.943778454913594e-12
7.943778454913594e-12
7.943778454913594e-12
1.2039789220728415e-11
1.874235229206176e-11
1.391402444993459e-10
1.4527184849423235e-9
1.0480822698951622e-8
5.576768306272223e-8
2.3332391604849194e-7
8.069764298777756e-7
2.394449945369256e-6
6.268219110809421e-6
0.000014791484536584356
0.000031996339981723726
0.00006429716474338121
0.0001213198405563199
0.00021681930479827474
0.0003696535902903279
0.0006047830860973926
0.0009542664975646264
0.0014582308941208909
0.002165799114879464
0.0031359646093878646
0.00443840978383889
0.0061542685459616475
0.008376837635876405
0.011212244008863993
0.014780076056193846
0.019213986477833917
0.024662273566701406
0.03128844486405553
0.03927176459307405
0.048807782670559414
0.06010883911874881
0.07340453442748335
0.08894215257952552
0.10698702089044214
0.1278227887644789
0.15175160637930632
0.17909418462431073
0.2101897189007681
0.24539566172386282
0.285087332992228
0.3296573606379567
0.37951494979538436
0.4350849835126162
0.49680696374867184
0.5651338060274889
0.6405305060016013
0.7234726996866063
0.8144451419433515
0.9139401294300082
1.022455894496796
1.1404949956472574
1.268562728060179
1.4071655742261049
1.5568097105224492
1.717999580554452
1.8912365401290328
2.077017573270974
2.275834072316969
2.4881706700805233
2.714504106955199
2.955302112273971
3.2110222772340205
3.4821108962896994
3.769001756532112
4.072114859805374
4.391855070662484
4.728610695416624
5.082752012313624
5.454629789876169
5.844573848426632
6.252891735640267
6.67986759893417
7.125761342000849
7.590808148231422
8.075218438256487
8.579178304124635
9.10285043029729
9.646375476772127
10.209873866456435
10.793447892441657
11.397184044094747
12.02115544516317
12.665424301725563
13.330044270823407
14.015062678616815
14.720522537077514
15.446464328260427
16.192927542420865
16.959951970599597
17.74757876286461
18.55585127041092
19.384815693962466
20.234521562714153
21.105022068040938
21.996374275119837
22.908639233810046
23.84188200779073
24.796171638699704
25.771581059637224
26.768186970261358
27.786069683711773
28.825312953885152
29.886003790013273
30.968232264315706
32.07209131727173
33.19767656428938
34.345086106647855
35.514420349116435
36.70578182603118
37.91927503723401
39.1550062949583
40.41308358248766
41.693616425120716